64
0
128
1
0
1732328765
4
0
129
1
0
1733377341
4
0
130
1
0
1734819133
4
0
131
1
0
1735867709
4
0
132
1
0
1749105981
4
0
133
1
0
1750154557
4
0
134
1
0
1751596349
4
0
135
1
0
1752644925
4
0
136
1
0
1765883197
4
0
137
1
0
1766931773
4
0
138
1
0
1768373565
4
0
139
1
0
1769422141
4
0
140
1
0
1782660413
4
0
141
1
0
1783708989
4
0
142
1
0
1785150781
4
0
143
1
0
1786199357
4
0
144
1
0
1799437629
4
0
145
1
0
1800486205
4
0
146
1
0
1801927997
4
0
147
1
0
1802976573
4
0
148
1
0
1816214845
4
0
149
1
0
1817263421
4
0
150
1
0
1818705213
4
0
151
1
0
1819753789
4
0
152
1
0
1832992061
4
0
153
1
0
1834040637
4
0
154
1
0
1835482429
4
0
155
1
0
1836531005
4
0
156
1
0
1849769277
4
0
157
1
0
1850817853
4
0
158
1
0
1852259645
4
0
159
1
0
1853308221
4
0
160
1
0
1866546493
4
0
161
1
0
1867595069
4
0
162
1
0
1869036861
4
0
163
1
0
1870085437
4
0
164
1
0
1883323709
4
0
165
1
0
1884372285
4
0
166
1
0
1885814077
4
0
167
1
0
1886862653
4
0
168
1
0
1900100925
4
0
169
1
0
1901149501
4
0
170
1
0
1902591293
4
0
171
1
0
1903639869
4
0
172
1
0
1916878141
4
0
173
1
0
1917926717
4
0
174
1
0
1919368509
4
0
175
1
0
1920417085
4
0
176
1
0
1933655357
4
0
177
1
0
1934703933
4
0
178
1
0
1936145725
4
0
179
1
0
1937194301
4
0
180
1
0
1950432573
4
0
181
1
0
1951481149
4
0
182
1
0
1952922941
4
0
183
1
0
1953971517
4
0
184
1
0
1967209789
4
0
185
1
0
1968258365
4
0
186
1
0
1969700157
4
0
187
1
0
1970748733
4
0
188
1
0
1983987005
4
0
189
1
0
1985035581
4
0
190
1
0
1986477373
4
0
191
1
0
1987525949
4
