64
0
0
0
0
0
0
0
9
1
0
1129397565
4
0
2317
2
0
1129394237
4
0
599141
3
0
1129534060
4
0
154867166
4
0
4851629512651652413
8
0
44338308979
5
0
4858341958154931517
8
0
11448033025655
6
0
4858658845189354803
8
0
2956737003403218
7
0
20870014207333748823481072957
12
0
763591053406519359
8
0
20871397456530055954281281597
12
0
197113844391293627032
9
0
20872308559813501893841875289
12
0
50879585614134552828461
10
0
89657204440659075426568554350281571645
16
0
13141757964286271353011124
11
0
89661705868888156191777364068466643261
16
0
3391712999347961191165733110
12
0
89672737678122337732297729577715329586
16
0
796070643204282881382610150851
13
0
384809739497457023025379114737905302572537167165
20
0
205670502752601786657070153776450
14
0
384850968453385743947770901436710648096042076477
20
0
58304105721656561489453210861516209
15
0
385232950385502642843993732416730352930506037112
20
0
15048824080377847726232177010555874402
16
0
1647556287105591653262928616936967904277766241130809605437
24
0
3883980056420516097548381057763301054764
17
0
1647665505140787287260320280481417194413366771430685112125
24
0
1002019095644722317951533268984254786720572
18
0
1647841065113740915561777714932788429784006632464271691064
24
0
258492922368632158252824864755500357810536672
19
0
7077887782271498574287386256965041022509060949555562074108713844029
28
0
66702352865190555225267064749854889479011314723
20
0
7078228308813624911253642257940221572823797788405107548829218196797
28
0
17211012593741836772692791555503863299216110061109
21
0
7079116807507957074730737653865339949543847041323706157320761334065
28
0
4439177257975450222163075976269804448584146663106291
22
1
118773485652288762363644722637218893746901434649230246390139771293303076669
61
1
0
1144916373216114875473957511512520525952096839522550542
23
1
118705328485807083792023571979502431795440649323334606247464282669688780596
61
1
0
270847113175337951013650696189251486341793082369390131782
24
1
119203249951332414151787584418698176893292905743027095332207467557768476528
71
1
0
76194782507792204823325457319875121233144430876367778044060
25
1
120610125597853574652001794175637119998000894172051179814433733718471362390
384101858621
5
0
19648252377819831912479998166636523651356367898835861289744970
26
1
120617923131393557074514725800019677899894016838190458759670389509242896966
487301279549
5
0
5068010913577273109497402173262073495842833176258853829036522454
27
1
120630672765147670868451041113944705164967420795880259206898463532396334200
245657007703
5
0
1306742343779432652191400639881514224316984107548067495842151165812
28
1
120638462400301639206360468056201964892542924472474660653735467023718565737
1479876496079364111677
9
0
337020640450677234906183835562411343996685087600492264448882972899618
29
1
120651193182737734184394885893656812323703223189220485293482860252906209875
1923526297492441483581
9
0
86915795943543124566131940885598032864332776010865317137816706978018027
30
1
120659090627207555443573049734255371330136028993599788833866762947219704875
891021202026974825586
9
1
22407001295207659146699551232773836538920686806369735703030064199434865085
0
0
1
120664695874832974819423117518169644454437353209561669645917258411709450102
5651593072500738060210018532669
13
1
22563585578601738357228517653221592461930719351372856806596359397236025172
254
1
1
120679360401543001919766271714908786414258695482329973550786507489694990946
7081693136960406162526033687613
13
1
22727044752885486647904191514853770201854213331460808384664886621449012714
9890
2
1
120687238288805494302959450850347915565066379662107838500962723398746262860
9064921465832903860810760675689
13
1
22890503927580604800808057361633761141869155235331731117932306330303816577
5151105
3
1
120699988547975105493862330233275268705789379682644149534096848887875913527
19546595206488491929961829661420744162621
17
1
23047034290669979847925026362897612566599782847881871636049039822168129815
1972378852
4
1
120707777559326465171504457200527505013920207140937288386971203073211515499
27383868978092665709382437790143256416573
17
1
23210520425311771428570422257664463589886946373404112811609668452868857773
676570090184
5
1
120720498864195111283963707335934866629732832740742598818664739463513591125
35800384915198216206918530945875899150921
17
1
23367077853660099042207156146855642381051227461212061802446771019566628164
217142065673384
6
1
120728297977454859017245708073801042278352350564479239176655011965281392705
70530731510654571296574689372389751235294187830589
21
1
23530537027943841031261167429454559676534577883542265345040753092484455386
66555560905966354
7
1
120741048243084298392225334420585990357550241940152680314895827570364338808
105646064904729707403738496406460595490936583637309
21
1
23687121310926550404177277351180201275406117216739830205736609758934956401
1471139392018965759
8
1
120748837351639817434686350363041258520816953981595292315982107554477532004
131999390969715660526834284046979880307922809082927
21
1
23850580591343729402404817906706441982055540168958609116555816478597388039
1113804893529182823792
9
1
120754119185097027401953345913228464792472988924848361686770524340573591630
717752277318080577702592864459925968419611576721803363564861
25
1
24007137913969996146197949889112183691749728847087468517685067560611657117
473855370175299061519852
10
1
120769195904656526225730368731429127479823673777800973333823899993822483001
272426122831935455226573639954007503372423292459790010513213
25
1
24163695342318329987800408197344967873188177489087385995004586632793379636
168410724582779018943375473
11
1
120816373390015813313589625096236982084857810339738342847569561313042391921
511122651826012193377312763145199564283856670910623671281784
25
1
24334083222895529740321130610317802296380438664823352049401042386468598218
55481185752403726706512450715
12
1
120831253596324838435302476752347016570702317213273373573458016731622037601
2843156743883348252300687583353608017020162961144010707261921741454653
29
1
24490640651655233444344091129436044529443448161125273222756153480819806049
17369403067899521620320317876796
13
1
120839015745380004814704647062362992057435050258516920046650390172182926151
1326247960880470593170141078900523649551080063202371606379538179323709
29
1
26414045039469659996108297058026944821389885271078709612862479945541562103
44540422646295844122636018371157
14
1
120962094010877235122939124101927937634004170781027330416498428962044994355
1947158933892857277141068658465143437174126472318972101137085971525718
29
1
24810684214233976474775616598895263580408109943684964641728142327557901454
218903630813472141197436982161699067
15
2
120859563020490447846887435258318336643872510152439659961663981802395818090
159495725348762192037375314078836356077223074597697778464500898050856135543
15677
2
1
24967241537268418036014002896045785356246963552331042544171240662341413412
109159678278814816329340570547555924725
16
2
120872205446008679880946948741651567661259183949696158730551720294253482836
203721280930152739940986834084046455957781560611243985078411885926016625526
21821
2
1
25130700712376519241868657161301759465898061635284786746726068250736920762
41204728578257052820129999430933756402589
17
2
120880075434439578145152319005543350726006058840042853265926540423450092612
76557386552868670713634529556210627219730525323937750530942984999213476716
30052
2
1
25294159886660261279962150145688326184140082587542355084336013964299576913
14029366730889460678818320458448832963894111
18
2
120892833598490930299599757042825300192418584735287885551234586019103403635
143793364002356487347305168030944110367240061002895626258559002832560794483
77388204948797
6
1
25450744274955262296820112751803614716746766066896894835811420262908576999
4482729447433157895310974514255621866617678597
19
2
120900622707082931881673457629399834359551269703699132474641905142878988643
188019512598074437554664140714521015742395583568183960617822962087069035369
98244985574717
6
1
25607301597579922078049429772974724253374740704570726193894054127973163646
1381437802668737842457360999299410215330834309081
20
2
120906228586519844956712156925775367217634465180983118806217368862838649929
87358324158619304036405104503968856184938243809727487282004998612906486617
134519101730650
6
1
25777662624343891664679366414974190467453692600660188092102970884827086868
36448597768786590357879296941050504141960921090903
21
2
120921250859565182276285259242949987249257391967037148470963513906517077557
129817033728757631851028006687048469183211588260353734169198431744625290086
336880370511266830564669
10
1
25934246907328207951024773996364512999008793863519914349939769733098380971
24282889922894689568973079751744780744970405039321860
22
2
120926856844315542031126490160871843010635291214882466444367524686779279728
171752826593784048093473874538296060953688586285115728942050799099631971158
473793903622766951092541
10
1
26090804335263552462766646042260588876965545623868606479111769095590231105
10044144342878087817644257195748831943181469733157278133
23
2
120941520634283469187423734333575653322845308767177987521097332806003553366
203644961001347883933825855948548953419915507261979430750039519015765158754
228189919176977961994033
10
1
28014208828391871319511009224408653312677565219857777026920612026867866327
3526678500907191287423462144877632095144265823527028817230
24
2
120542107234976285848942064617674871269031615070706116497204541895328952134
83548455304312294384566459101553082341802552833566907538930811926863031107
1547824714473555300617227440962877
14
1
28177667897774704080959049615532223352058035249316791640625090328128452718
1153683354765511872209016504815391144787642888634438661773732
25
2
120472016956033449367987673580233397090587486083746700012075515313094289785
145442480974007107919152816074239078296672018121007545094298326836991896393
2135784626137030619812428096033085
14
1
26574306967636498092451381555970540085970649759307985855117953253319349764
359561524348187665049142340558372702470327744964094257141124492
26
2
120969938496342907941135608229055371889636538230456839164242799121637864553
187896336700750609769182715266181367552200323142030532837496529225539529551
1080946756549427321788848916214349
14
1
26730864395986432644132000285331414783019657010677521872724752014967256219
3175403930214549134761316895529124575543951094180196665508987695
27
2
120982580290022704969999860911331190519884886615280378139197530247804120911
89048250729454045053107182380255954621038424561496507563860430666987875142
6732577538525132761824714907409398837493053
18
1
26894323570268580249344847750804513834869412024997843400551344607423550001
4916218734982630028387328858478897264710529216310897448368176021519
28
2
120990450278324558545011551178143138525420388014412631245197313668653017391
129735258939188739439730558828299117657908248382781395054631424467424455500
9606627695435697146775960449305271506909245
18
1
27050907853664266422342970594395478295765305005163717480291242678637392072
2335960667007740850602901684726763764892935181210971464180101215706587
29
2
120478433185905807217126595616994822802964277147123683589383867879786953078
172193534412068844036559389718609351842126505511147484872375410874112489848
3769457229142696336853547945064188533420898
18
1
27214367133670069281335617922082797901990250078003478246273997782920269406
873822550492141698487474049258030206882546480853693667282422494344741092
30
2
120493367200781168611281254530195581632130823275678911140489378225523602530
205295552345213049365035647591658127999455865323899400573115630739153434932
30778085303176892978774188839707978905214451418479933
22
2
27377799242696465715378498062911712085677622746097336681981066482087144692
292540780514177247695841061897542375527052583573897365377837857400693295436
0
0
2
120499080296239132613535314945314075886097915038915530828469226763452709452
83437052899949485148673760177900605448307224999014185619167199226411170091
41625487245597709395045562064671672258251820868400957
22
2
27534356671044793279974627817057684547309259959394443956063583624961411723
363149808208020690036397466212926984639386820572633603919524901347182391259
21
1
2
120513717231693229749027711961732687883477213909751755295352890608079485232
145360734544297924228035273887353832090993094777299453378145335716487379248
16151655225030462075869957699111223164025702201258838
22
