64
0
192
1
0
2000764221
4
0
193
1
0
2001812797
4
0
194
1
0
2003254589
4
0
195
1
0
2004303165
4
0
196
1
0
2017541437
4
0
197
1
0
2018590013
4
0
198
1
0
2020031805
4
0
199
1
0
2021080381
4
0
200
1
0
2034318653
4
0
201
1
0
2035367229
4
0
202
1
0
2036809021
4
0
203
1
0
2037857597
4
0
204
1
0
2051095869
4
0
205
1
0
2052144445
4
0
206
1
0
2053586237
4
0
207
1
0
2054634813
4
0
208
1
0
809581885
4
0
209
1
0
810630461
4
0
210
1
0
812072253
4
0
211
1
0
813120829
4
0
212
1
0
826359101
4
0
213
1
0
827407677
4
0
214
1
0
828849469
4
0
215
1
0
829898045
4
0
216
1
0
843136317
4
0
217
1
0
844184893
4
0
218
1
0
845626685
4
0
219
1
0
846675261
4
0
220
1
0
859913533
4
0
221
1
0
860962109
4
0
222
1
0
862403901
4
0
223
1
0
863452477
4
0
224
1
0
876690749
4
0
225
1
0
877739325
4
0
226
1
0
879181117
4
0
227
1
0
880229693
4
0
228
1
0
893467965
4
0
229
1
0
894516541
4
0
230
1
0
895958333
4
0
231
1
0
897006909
4
0
232
1
0
910245181
4
0
233
1
0
911293757
4
0
234
1
0
912735549
4
0
235
1
0
913784125
4
0
236
1
0
927022397
4
0
237
1
0
928070973
4
0
238
1
0
929512765
4
0
239
1
0
930561341
4
0
240
1
0
943799613
4
0
241
1
0
944848189
4
0
242
1
0
946289981
4
0
243
1
0
947338557
4
0
244
1
0
960576829
4
0
245
1
0
961625405
4
0
246
1
0
963067197
4
0
247
1
0
964115773
4
0
248
1
0
725695805
4
0
249
1
0
726744381
4
0
250
1
0
728186173
4
0
251
1
0
729234749
4
0
252
1
0
792804669
4
0
253
1
0
793853245
4
0
254
1
0
795295037
4
0
255
1
0
796343613
4
