64
0
0
0
0
0
0
0
0
1
0
1094794557
4
0
0
2
0
1094795581
4
0
0
3
0
1094795585
4
0
0
4
0
4702111234474982717
8
0
0
5
0
4702111234474983741
8
0
0
6
0
4702111234474983745
8
0
0
7
0
20195413974224242916001398077
12
0
0
8
0
20195413974224242916001399101
12
0
0
9
0
20195413974224242916001399105
12
0
0
10
0
86738642548474510294585684247313464637
16
0
0
11
0
86738642548474510294585684247313465661
16
0
0
12
0
86738642548474510294585684247313465665
16
0
0
13
0
372539633045132116404860839711993710892688686397
20
0
0
14
0
372539633045132116404860839711993710892688687421
20
0
0
15
0
372539633045132116404860839711993710892688687425
20
0
0
16
0
1600045540392683331958142401994111047241776878000636247357
24
0
0
17
0
1600045540392683331958142401994111047241776878000636248381
24
0
0
18
0
1600045540392683331958142401994111047241776878000636248385
24
0
0
19
0
6872143268097221908444533257475592132495742695941714554006802611517
28
0
0
20
0
6872143268097221908444533257475592132495742695941714554006802612541
28
0
0
21
0
6872143268097221908444533257475592132495742695941714554006802612545
28
0
0
22
1
115295431991813000957906158479851623934781694290236468482915792900036051261
61
1
0
0
23
1
115295431991813000957906158479851623934781694290236468482915792900036051265
61
1
0
0
24
1
115295431991813000957906158479851623934781694290236468482915792900036051265
65
1
0
0
25
1
115295431991813000957906158479851623934781694290236468482915792900036051265
280267668797
5
0
0
26
1
115295431991813000957906158479851623934781694290236468482915792900036051265
280267669821
5
0
0
27
1
115295431991813000957906158479851623934781694290236468482915792900036051265
280267669825
5
0
0
28
1
115295431991813000957906158479851623934781694290236468482915792900036051265
1203740476025595837757
9
0
0
29
1
115295431991813000957906158479851623934781694290236468482915792900036051265
1203740476025595838781
9
0
0
30
1
115295431991813000957906158479851623934781694290236468482915792900036051265
1203740476025595838785
9
1
0
0
0
1
115295431991813000957906158479851623934781694290236468482915792900036051265
5170025977401406186496358169917
13
1
0
0
1
1
115295431991813000957906158479851623934781694290236468482915792900036051265
5170025977401406186496358170941
13
1
0
0
2
1
115295431991813000957906158479851623934781694290236468482915792900036051265
5170025977401406186496358170945
13
1
0
0
3
1
115295431991813000957906158479851623934781694290236468482915792900036051265
22205092492409474635413935167312247209277
17
1
0
0
4
1
115295431991813000957906158479851623934781694290236468482915792900036051265
22205092492409474635413935167312247210301
17
1
0
0
5
1
115295431991813000957906158479851623934781694290236468482915792900036051265
22205092492409474635413935167312247210305
17
1
0
0
6
1
115295431991813000957906158479851623934781694290236468482915792900036051265
95370146059553821799644374966270389988528303979837
21
1
0
0
7
1
115295431991813000957906158479851623934781694290236468482915792900036051265
95370146059553821799644374966270389988528303980861
21
1
0
0
8
1
115295431991813000957906158479851623934781694290236468482915792900036051265
95370146059553821799644374966270389988528303980865
21
1
0
0
9
1
115295431991813000957906158479851623934781694290236468482915792900036051265
409611658340526932981284454910492428093894880768162879585597
25
1
0
0
10
1
115295431991813000957906158479851623934781694290236468482915792900036051265
409611658340526932981284454910492428093894880768162879586621
25
1
0
0
11
1
115295431991813000957906158479851623934781694290236468482915792900036051265
409611658340526932981284454910492428093894880768162879586625
25
1
0
0
12
1
115295431991813000957906158479851623934781694290236468482915792900036051265
1759268676632888808561800513913751585918910130161078925825741468810557
29
1
0
0
13
1
115295431991813000957906158479851623934781694290236468482915792900036051265
1759268676632888808561800513913751585918910130161078925825741468811581
29
1
0
0
14
1
115295431991813000957906158479851623934781694290236468482915792900036051265
1759268676632888808561800513913751585918910130161078925825741468811585
29
1
0
0
15
2
115295431991813000957906158479851623934781694290236468482915792900036051265
115295431991813000957906158479851623934781694290236468482915792900036051265
15677
2
1
0
0
16
2
115295431991813000957906158479851623934781694290236468482915792900036051265
115295431991813000957906158479851623934781694290236468482915792900036051265
16701
2
1
0
0
17
2
115295431991813000957906158479851623934781694290236468482915792900036051265
115295431991813000957906158479851623934781694290236468482915792900036051265
16705
2
1
0
0
18
2
115295431991813000957906158479851623934781694290236468482915792900036051265
115295431991813000957906158479851623934781694290236468482915792900036051265
71748523474237
6
1
0
0
19
2
115295431991813000957906158479851623934781694290236468482915792900036051265
115295431991813000957906158479851623934781694290236468482915792900036051265
71748523475261
6
1
0
0
20
2
115295431991813000957906158479851623934781694290236468482915792900036051265
115295431991813000957906158479851623934781694290236468482915792900036051265
71748523475265
6
1
0
0
21
2
115295431991813000957906158479851623934781694290236468482915792900036051265
115295431991813000957906158479851623934781694290236468482915792900036051265
308157561862552534727997
10
1
0
0
22
2
115295431991813000957906158479851623934781694290236468482915792900036051265
115295431991813000957906158479851623934781694290236468482915792900036051265
308157561862552534729021
10
1
0
0
23
2
115295431991813000957906158479851623934781694290236468482915792900036051265
115295431991813000957906158479851623934781694290236468482915792900036051265
308157561862552534729025
10
1
0
0
24
2
115295431991813000957906158479851623934781694290236468482915792900036051265
115295431991813000957906158479851623934781694290236468482915792900036051265
1323526650214759983743067691760957
14
1
0
0
25
2
115295431991813000957906158479851623934781694290236468482915792900036051265
115295431991813000957906158479851623934781694290236468482915792900036051265
1323526650214759983743067691761981
14
1
0
0
26
2
115295431991813000957906158479851623934781694290236468482915792900036051265
115295431991813000957906158479851623934781694290236468482915792900036051265
1323526650214759983743067691761985
14
1
0
0
27
2
115295431991813000957906158479851623934781694290236468482915792900036051265
115295431991813000957906158479851623934781694290236468482915792900036051265
5684503678056825506665967402831935285837117
18
1
0
0
28
2
115295431991813000957906158479851623934781694290236468482915792900036051265
115295431991813000957906158479851623934781694290236468482915792900036051265
5684503678056825506665967402831935285838141
18
1
0
0
29
2
115295431991813000957906158479851623934781694290236468482915792900036051265
115295431991813000957906158479851623934781694290236468482915792900036051265
5684503678056825506665967402831935285838145
18
1
0
0
30
2
115295431991813000957906158479851623934781694290236468482915792900036051265
115295431991813000957906158479851623934781694290236468482915792900036051265
24414757391245778380708959991365219837063245819100477
22
2
0
0
0
0
2
115295431991813000957906158479851623934781694290236468482915792900036051265
115295431991813000957906158479851623934781694290236468482915792900036051265
24414757391245778380708959991365219837063245819101501
22
2
0
0
0
1
2
115295431991813000957906158479851623934781694290236468482915792900036051265
115295431991813000957906158479851623934781694290236468482915792900036051265
24414757391245778380708959991365219837063245819101505
22
