46
2
0
0
0
2
2
115295431991813000957906158479851623934781694290236468482915792900036051265
115295431991813000957906158479851623934781694290236468482915792900036051265
104860584535174894843208820457086061592037089476649697174175037
26
2
0
0
0
3
2
115295431991813000957906158479851623934781694290236468482915792900036051265
115295431991813000957906158479851623934781694290236468482915792900036051265
104860584535174894843208820457086061592037089476649697174176061
26
2
0
0
0
4
2
115295431991813000957906158479851623934781694290236468482915792900036051265
115295431991813000957906158479851623934781694290236468482915792900036051265
104860584535174894843208820457086061592037089476649697174176065
26
2
0
0
0
5
2
115295431991813000957906158479851623934781694290236468482915792900036051265
115295431991813000957906158479851623934781694290236468482915792900036051265
450372781218019534991820931561920405995240993321236205011389816015764797
30
2
0
0
0
6
2
115295431991813000957906158479851623934781694290236468482915792900036051265
115295431991813000957906158479851623934781694290236468482915792900036051265
450372781218019534991820931561920405995240993321236205011389816015765821
30
2
0
0
0
7
2
115295431991813000957906158479851623934781694290236468482915792900036051265
115295431991813000957906158479851623934781694290236468482915792900036051265
450372781218019534991820931561920405995240993321236205011389816015765825
30
2
0
0
0
8
3
115295431991813000957906158479851623934781694290236468482915792900036051265
115295431991813000957906158479851623934781694290236468482915792900036051265
115295431991813000957906158479851623934781694290236468482915792900036051265
4275517
3
2
0
0
0
9
3
115295431991813000957906158479851623934781694290236468482915792900036051265
115295431991813000957906158479851623934781694290236468482915792900036051265
115295431991813000957906158479851623934781694290236468482915792900036051265
4276541
3
2
0
0
0
10
3
115295431991813000957906158479851623934781694290236468482915792900036051265
115295431991813000957906158479851623934781694290236468482915792900036051265
115295431991813000957906158479851623934781694290236468482915792900036051265
4276545
3
2
0
0
0
11
3
115295431991813000957906158479851623934781694290236468482915792900036051265
115295431991813000957906158479851623934781694290236468482915792900036051265
115295431991813000957906158479851623934781694290236468482915792900036051265
18367622009666877
7
2
0
0
0
12
3
115295431991813000957906158479851623934781694290236468482915792900036051265
115295431991813000957906158479851623934781694290236468482915792900036051265
115295431991813000957906158479851623934781694290236468482915792900036051265
18367622009667901
7
2
0
0
0
13
3
115295431991813000957906158479851623934781694290236468482915792900036051265
115295431991813000957906158479851623934781694290236468482915792900036051265
115295431991813000957906158479851623934781694290236468482915792900036051265
18367622009667905
7
2
0
0
0
14
3
115295431991813000957906158479851623934781694290236468482915792900036051265
115295431991813000957906158479851623934781694290236468482915792900036051265
115295431991813000957906158479851623934781694290236468482915792900036051265
78888335836813448890629437
11
2
0
0
0
15
3
115295431991813000957906158479851623934781694290236468482915792900036051265
115295431991813000957906158479851623934781694290236468482915792900036051265
115295431991813000957906158479851623934781694290236468482915792900036051265
78888335836813448890630461
11
2
0
0
0
16
3
115295431991813000957906158479851623934781694290236468482915792900036051265
115295431991813000957906158479851623934781694290236468482915792900036051265
115295431991813000957906158479851623934781694290236468482915792900036051265
78888335836813448890630465
11
2
0
0
0
17
3
115295431991813000957906158479851623934781694290236468482915792900036051265
115295431991813000957906158479851623934781694290236468482915792900036051265
115295431991813000957906158479851623934781694290236468482915792900036051265
338822822454978555838225329091067197
15
2
0
0
0
18
3
115295431991813000957906158479851623934781694290236468482915792900036051265
115295431991813000957906158479851623934781694290236468482915792900036051265
115295431991813000957906158479851623934781694290236468482915792900036051265
338822822454978555838225329091068221
15
2
0
0
0
19
3
115295431991813000957906158479851623934781694290236468482915792900036051265
115295431991813000957906158479851623934781694290236468482915792900036051265
115295431991813000957906158479851623934781694290236468482915792900036051265
338822822454978555838225329091068225
15
2
0
0
0
20
3
115295431991813000957906158479851623934781694290236468482915792900036051265
115295431991813000957906158479851623934781694290236468482915792900036051265
115295431991813000957906158479851623934781694290236468482915792900036051265
1455232941582547329706487655124975433174564157
19
2
0
0
0
21
3
115295431991813000957906158479851623934781694290236468482915792900036051265
115295431991813000957906158479851623934781694290236468482915792900036051265
115295431991813000957906158479851623934781694290236468482915792900036051265
1455232941582547329706487655124975433174565181
19
2
0
0
0
22
3
115295431991813000957906158479851623934781694290236468482915792900036051265
115295431991813000957906158479851623934781694290236468482915792900036051265
115295431991813000957906158479851623934781694290236468482915792900036051265
1455232941582547329706487655124975433174565185
19
2
0
0
0
23
3
115295431991813000957906158479851623934781694290236468482915792900036051265
115295431991813000957906158479851623934781694290236468482915792900036051265
115295431991813000957906158479851623934781694290236468482915792900036051265
6250177892158919265461493757789496278288190929689984317
23
2
0
0
0
24
3
115295431991813000957906158479851623934781694290236468482915792900036051265
115295431991813000957906158479851623934781694290236468482915792900036051265
115295431991813000957906158479851623934781694290236468482915792900036051265
6250177892158919265461493757789496278288190929689985341
23
2
0
0
0
25
3
115295431991813000957906158479851623934781694290236468482915792900036051265
115295431991813000957906158479851623934781694290236468482915792900036051265
115295431991813000957906158479851623934781694290236468482915792900036051265
6250177892158919265461493757789496278288190929689985345
23
2
0
0
0
26
3
115295431991813000957906158479851623934781694290236468482915792900036051265
115295431991813000957906158479851623934781694290236468482915792900036051265
115295431991813000957906158479851623934781694290236468482915792900036051265
26844309641004773079861458037014031767561494906022322476589071677
27
2
0
0
0
27
3
115295431991813000957906158479851623934781694290236468482915792900036051265
115295431991813000957906158479851623934781694290236468482915792900036051265
115295431991813000957906158479851623934781694290236468482915792900036051265
26844309641004773079861458037014031767561494906022322476589072701
27
2
0
0
0
28
3
115295431991813000957906158479851623934781694290236468482915792900036051265
115295431991813000957906158479851623934781694290236468482915792900036051265
115295431991813000957906158479851623934781694290236468482915792900036051265
26844309641004773079861458037014031767561494906022322476589072705
27
2
0
0
0
29
4
115295431991813000957906158479851623934781694290236468482915792900036051265
115295431991813000957906158479851623934781694290236468482915792900036051265
115295431991813000957906158479851623934781694290236468482915792900036051265
115295431991813000957906158479851623934781694290236468482915792900036050237
0
0
2
0
0
0
30
4
115295431991813000957906158479851623934781694290236468482915792900036051265
115295431991813000957906158479851623934781694290236468482915792900036051265
115295431991813000957906158479851623934781694290236468482915792900036051265
115295431991813000957906158479851623934781694290236468482915792900036051261
0
0
3
0
0
0
0
0
4
115295431991813000957906158479851623934781694290236468482915792900036051265
115295431991813000957906158479851623934781694290236468482915792900036051265
115295431991813000957906158479851623934781694290236468482915792900036051265
115295431991813000957906158479851623934781694290236468482915792900036051265
0
0
3
0
0
0
0
1
4
115295431991813000957906158479851623934781694290236468482915792900036051265
115295431991813000957906158479851623934781694290236468482915792900036051265
115295431991813000957906158479851623934781694290236468482915792900036051265
115295431991813000957906158479851623934781694290236468482915792900036051265
1094794557
4
3
0
0
0
0
2
4
115295431991813000957906158479851623934781694290236468482915792900036051265
115295431991813000957906158479851623934781694290236468482915792900036051265
115295431991813000957906158479851623934781694290236468482915792900036051265
115295431991813000957906158479851623934781694290236468482915792900036051265
1094795581
4
3
0
0
0
0
3
4
115295431991813000957906158479851623934781694290236468482915792900036051265
115295431991813000957906158479851623934781694290236468482915792900036051265
115295431991813000957906158479851623934781694290236468482915792900036051265
115295431991813000957906158479851623934781694290236468482915792900036051265
1094795585
4
4
0
0
0
0
0
3
5
115295431991813000957906158479851623934781694290236468482915792900036051265
115295431991813000957906158479851623934781694290236468482915792900036051265
115295431991813000957906158479851623934781694290236468482915792900036051265
115295431991813000957906158479851623934781694290236468482915792900036051265
115295431991813000957906158479851623934781694290236468482915792900036051265
22205092492409474635413935167312247209277
17
4
0
0
0
0
0
4
5
115295431991813000957906158479851623934781694290236468482915792900036051265
115295431991813000957906158479851623934781694290236468482915792900036051265
115295431991813000957906158479851623934781694290236468482915792900036051265
115295431991813000957906158479851623934781694290236468482915792900036051265
115295431991813000957906158479851623934781694290236468482915792900036051265
22205092492409474635413935167312247210301
17
4
0
0
0
0
0
5
5
115295431991813000957906158479851623934781694290236468482915792900036051265
115295431991813000957906158479851623934781694290236468482915792900036051265
115295431991813000957906158479851623934781694290236468482915792900036051265
115295431991813000957906158479851623934781694290236468482915792900036051265
115295431991813000957906158479851623934781694290236468482915792900036051265
22205092492409474635413935167312247210305
17
8
0
0
0
0
0
0
0
0
0
7
10
115295431991813000957906158479851623934781694290236468482915792900036051265
115295431991813000957906158479851623934781694290236468482915792900036051265
115295431991813000957906158479851623934781694290236468482915792900036051265
115295431991813000957906158479851623934781694290236468482915792900036051265
115295431991813000957906158479851623934781694290236468482915792900036051265
115295431991813000957906158479851623934781694290236468482915792900036051265
115295431991813000957906158479851623934781694290236468482915792900036051265
115295431991813000957906158479851623934781694290236468482915792900036051265
115295431991813000957906158479851623934781694290236468482915792900036051265
115295431991813000957906158479851623934781694290236468482915792900036051265
450372781218019534991820931561920405995240993321236205011389816015765825
30
8
0
0
0
0
0
0
0
0
0
8
11
115295431991813000957906158479851623934781694290236468482915792900036051265
115295431991813000957906158479851623934781694290236468482915792900036051265
115295431991813000957906158479851623934781694290236468482915792900036051265
115295431991813000957906158479851623934781694290236468482915792900036051265
115295431991813000957906158479851623934781694290236468482915792900036051265
115295431991813000957906158479851623934781694290236468482915792900036051265
115295431991813000957906158479851623934781694290236468482915792900036051265
115295431991813000957906158479851623934781694290236468482915792900036051265
115295431991813000957906158479851623934781694290236468482915792900036051265
115295431991813000957906158479851623934781694290236468482915792900036051265
115295431991813000957906158479851623934781694290236468482915792900036051265
4275517
3
8
0
0
0
0
0
0
0
0
0
9
11
115295431991813000957906158479851623934781694290236468482915792900036051265
115295431991813000957906158479851623934781694290236468482915792900036051265
115295431991813000957906158479851623934781694290236468482915792900036051265
115295431991813000957906158479851623934781694290236468482915792900036051265
115295431991813000957906158479851623934781694290236468482915792900036051265
115295431991813000957906158479851623934781694290236468482915792900036051265
115295431991813000957906158479851623934781694290236468482915792900036051265
115295431991813000957906158479851623934781694290236468482915792900036051265
115295431991813000957906158479851623934781694290236468482915792900036051265
115295431991813000957906158479851623934781694290236468482915792900036051265
115295431991813000957906158479851623934781694290236468482915792900036051265
4276541
3
16
0
0
0
0
0
0
0
0
0
0
0
0
0
0
0
0
0
15
22
115295431991813000957906158479851623934781694290236468482915792900036051265
115295431991813000957906158479851623934781694290236468482915792900036051265
115295431991813000957906158479851623934781694290236468482915792900036051265
115295431991813000957906158479851623934781694290236468482915792900036051265
115295431991813000957906158479851623934781694290236468482915792900036051265
115295431991813000957906158479851623934781694290236468482915792900036051265
115295431991813000957906158479851623934781694290236468482915792900036051265
115295431991813000957906158479851623934781694290236468482915792900036051265
115295431991813000957906158479851623934781694290236468482915792900036051265
115295431991813000957906158479851623934781694290236468482915792900036051265
115295431991813000957906158479851623934781694290236468482915792900036051265
115295431991813000957906158479851623934781694290236468482915792900036051265
115295431991813000957906158479851623934781694290236468482915792900036051265
115295431991813000957906158479851623934781694290236468482915792900036051265
115295431991813000957906158479851623934781694290236468482915792900036051265
115295431991813000957906158479851623934781694290236468482915792900036051265
115295431991813000957906158479851623934781694290236468482915792900036051265
115295431991813000957906158479851623934781694290236468482915792900036051265
115295431991813000957906158479851623934781694290236468482915792900036051265
115295431991813000957906158479851623934781694290236468482915792900036051265
115295431991813000957906158479851623934781694290236468482915792900036051265
115295431991813000957906158479851623934781694290236468482915792900036051265
15677
2
16
0
0
0
0
0
0
0
0
0
0
0
0
0
0
0
0
0
16
22
115295431991813000957906158479851623934781694290236468482915792900036051265
115295431991813000957906158479851623934781694290236468482915792900036051265
115295431991813000957906158479851623934781694290236468482915792900036051265
115295431991813000957906158479851623934781694290236468482915792900036051265
115295431991813000957906158479851623934781694290236468482915792900036051265
115295431991813000957906158479851623934781694290236468482915792900036051265
115295431991813000957906158479851623934781694290236468482915792900036051265
115295431991813000957906158479851623934781694290236468482915792900036051265
115295431991813000957906158479851623934781694290236468482915792900036051265
115295431991813000957906158479851623934781694290236468482915792900036051265
115295431991813000957906158479851623934781694290236468482915792900036051265
115295431991813000957906158479851623934781694290236468482915792900036051265
115295431991813000957906158479851623934781694290236468482915792900036051265
115295431991813000957906158479851623934781694290236468482915792900036051265
115295431991813000957906158479851623934781694290236468482915792900036051265
115295431991813000957906158479851623934781694290236468482915792900036051265
115295431991813000957906158479851623934781694290236468482915792900036051265
115295431991813000957906158479851623934781694290236468482915792900036051265
115295431991813000957906158479851623934781694290236468482915792900036051265
115295431991813000957906158479851623934781694290236468482915792900036051265
115295431991813000957906158479851623934781694290236468482915792900036051265
115295431991813000957906158479851623934781694290236468482915792900036051265
16701
2
16
0
0
0
0
0
0
0
0
0
0
0
0
0
0
0
0
0
17
22
115295431991813000957906158479851623934781694290236468482915792900036051265
115295431991813000957906158479851623934781694290236468482915792900036051265
115295431991813000957906158479851623934781694290236468482915792900036051265
115295431991813000957906158479851623934781694290236468482915792900036051265
115295431991813000957906158479851623934781694290236468482915792900036051265
115295431991813000957906158479851623934781694290236468482915792900036051265
115295431991813000957906158479851623934781694290236468482915792900036051265
115295431991813000957906158479851623934781694290236468482915792900036051265
115295431991813000957906158479851623934781694290236468482915792900036051265
115295431991813000957906158479851623934781694290236468482915792900036051265
115295431991813000957906158479851623934781694290236468482915792900036051265
115295431991813000957906158479851623934781694290236468482915792900036051265
115295431991813000957906158479851623934781694290236468482915792900036051265
115295431991813000957906158479851623934781694290236468482915792900036051265
115295431991813000957906158479851623934781694290236468482915792900036051265
115295431991813000957906158479851623934781694290236468482915792900036051265
115295431991813000957906158479851623934781694290236468482915792900036051265
115295431991813000957906158479851623934781694290236468482915792900036051265
115295431991813000957906158479851623934781694290236468482915792900036051265
115295431991813000957906158479851623934781694290236468482915792900036051265
115295431991813000957906158479851623934781694290236468482915792900036051265
115295431991813000957906158479851623934781694290236468482915792900036051265
16705
2
33
0
0
0
0
0
0
0
0
0
0
0
0
0
0
0
0
0
0
0
0
0
0
0
0
0
0
0
0
0
0
0
0
0
0
0
44
115295431991813000957906158479851623934781694290236468482915792900036051265
115295431991813000957906158479851623934781694290236468482915792900036051265
115295431991813000957906158479851623934781694290236468482915792900036051265
115295431991813000957906158479851623934781694290236468482915792900036051265
115295431991813000957906158479851623934781694290236468482915792900036051265
115295431991813000957906158479851623934781694290236468482915792900036051265
115295431991813000957906158479851623934781694290236468482915792900036051265
115295431991813000957906158479851623934781694290236468482915792900036051265
115295431991813000957906158479851623934781694290236468482915792900036051265
115295431991813000957906158479851623934781694290236468482915792900036051265
115295431991813000957906158479851623934781694290236468482915792900036051265
115295431991813000957906158479851623934781694290236468482915792900036051265
115295431991813000957906158479851623934781694290236468482915792900036051265
115295431991813000957906158479851623934781694290236468482915792900036051265
115295431991813000957906158479851623934781694290236468482915792900036051265
115295431991813000957906158479851623934781694290236468482915792900036051265
115295431991813000957906158479851623934781694290236468482915792900036051265
115295431991813000957906158479851623934781694290236468482915792900036051265
115295431991813000957906158479851623934781694290236468482915792900036051265
115295431991813000957906158479851623934781694290236468482915792900036051265
115295431991813000957906158479851623934781694290236468482915792900036051265
115295431991813000957906158479851623934781694290236468482915792900036051265
115295431991813000957906158479851623934781694290236468482915792900036051265
115295431991813000957906158479851623934781694290236468482915792900036051265
115295431991813000957906158479851623934781694290236468482915792900036051265
115295431991813000957906158479851623934781694290236468482915792900036051265
115295431991813000957906158479851623934781694290236468482915792900036051265
115295431991813000957906158479851623934781694290236468482915792900036051265
115295431991813000957906158479851623934781694290236468482915792900036051265
115295431991813000957906158479851623934781694290236468482915792900036051265
115295431991813000957906158479851623934781694290236468482915792900036051265
115295431991813000957906158479851623934781694290236468482915792900036051265
115295431991813000957906158479851623934781694290236468482915792900036051265
115295431991813000957906158479851623934781694290236468482915792900036051265
115295431991813000957906158479851623934781694290236468482915792900036051265
115295431991813000957906158479851623934781694290236468482915792900036051265
115295431991813000957906158479851623934781694290236468482915792900036051265
115295431991813000957906158479851623934781694290236468482915792900036051265
115295431991813000957906158479851623934781694290236468482915792900036051265
115295431991813000957906158479851623934781694290236468482915792900036051265
115295431991813000957906158479851623934781694290236468482915792900036051265
115295431991813000957906158479851623934781694290236468482915792900036051265
115295431991813000957906158479851623934781694290236468482915792900036051265
115295431991813000957906158479851623934781694290236468482915792900036051265
0
0
33
0
0
0
0
0
0
0
0
0
0
0
0
0
0
0
0
0
0
0
0
0
0
0
0
0
0
0
0
0
0
0
0
0
0
1
44
115295431991813000957906158479851623934781694290236468482915792900036051265
115295431991813000957906158479851623934781694290236468482915792900036051265
115295431991813000957906158479851623934781694290236468482915792900036051265
115295431991813000957906158479851623934781694290236468482915792900036051265
115295431991813000957906158479851623934781694290236468482915792900036051265
115295431991813000957906158479851623934781694290236468482915792900036051265
115295431991813000957906158479851623934781694290236468482915792900036051265
115295431991813000957906158479851623934781694290236468482915792900036051265
115295431991813000957906158479851623934781694290236468482915792900036051265
115295431991813000957906158479851623934781694290236468482915792900036051265
115295431991813000957906158479851623934781694290236468482915792900036051265
115295431991813000957906158479851623934781694290236468482915792900036051265
115295431991813000957906158479851623934781694290236468482915792900036051265
115295431991813000957906158479851623934781694290236468482915792900036051265
115295431991813000957906158479851623934781694290236468482915792900036051265
115295431991813000957906158479851623934781694290236468482915792900036051265
115295431991813000957906158479851623934781694290236468482915792900036051265
115295431991813000957906158479851623934781694290236468482915792900036051265
115295431991813000957906158479851623934781694290236468482915792900036051265
115295431991813000957906158479851623934781694290236468482915792900036051265
115295431991813000957906158479851623934781694290236468482915792900036051265
115295431991813000957906158479851623934781694290236468482915792900036051265
115295431991813000957906158479851623934781694290236468482915792900036051265
115295431991813000957906158479851623934781694290236468482915792900036051265
115295431991813000957906158479851623934781694290236468482915792900036051265
115295431991813000957906158479851623934781694290236468482915792900036051265
115295431991813000957906158479851623934781694290236468482915792900036051265
115295431991813000957906158479851623934781694290236468482915792900036051265
115295431991813000957906158479851623934781694290236468482915792900036051265
115295431991813000957906158479851623934781694290236468482915792900036051265
115295431991813000957906158479851623934781694290236468482915792900036051265
115295431991813000957906158479851623934781694290236468482915792900036051265
115295431991813000957906158479851623934781694290236468482915792900036051265
115295431991813000957906158479851623934781694290236468482915792900036051265
115295431991813000957906158479851623934781694290236468482915792900036051265
115295431991813000957906158479851623934781694290236468482915792900036051265
115295431991813000957906158479851623934781694290236468482915792900036051265
115295431991813000957906158479851623934781694290236468482915792900036051265
115295431991813000957906158479851623934781694290236468482915792900036051265
115295431991813000957906158479851623934781694290236468482915792900036051265
115295431991813000957906158479851623934781694290236468482915792900036051265
115295431991813000957906158479851623934781694290236468482915792900036051265
115295431991813000957906158479851623934781694290236468482915792900036051265
115295431991813000957906158479851623934781694290236468482915792900036051265
1094794557
4
33
0
0
0
0
0
0
0
0
0
0
0
0
0
0
0
0
0
0
0
0
0
0
0
0
0
0
0
0
0
0
0
0
0
0
2
44
115295431991813000957906158479851623934781694290236468482915792900036051265
115295431991813000957906158479851623934781694290236468482915792900036051265
115295431991813000957906158479851623934781694290236468482915792900036051265
115295431991813000957906158479851623934781694290236468482915792900036051265
115295431991813000957906158479851623934781694290236468482915792900036051265
115295431991813000957906158479851623934781694290236468482915792900036051265
115295431991813000957906158479851623934781694290236468482915792900036051265
115295431991813000957906158479851623934781694290236468482915792900036051265
115295431991813000957906158479851623934781694290236468482915792900036051265
115295431991813000957906158479851623934781694290236468482915792900036051265
115295431991813000957906158479851623934781694290236468482915792900036051265
115295431991813000957906158479851623934781694290236468482915792900036051265
115295431991813000957906158479851623934781694290236468482915792900036051265
115295431991813000957906158479851623934781694290236468482915792900036051265
115295431991813000957906158479851623934781694290236468482915792900036051265
115295431991813000957906158479851623934781694290236468482915792900036051265
115295431991813000957906158479851623934781694290236468482915792900036051265
115295431991813000957906158479851623934781694290236468482915792900036051265
115295431991813000957906158479851623934781694290236468482915792900036051265
115295431991813000957906158479851623934781694290236468482915792900036051265
115295431991813000957906158479851623934781694290236468482915792900036051265
115295431991813000957906158479851623934781694290236468482915792900036051265
115295431991813000957906158479851623934781694290236468482915792900036051265
115295431991813000957906158479851623934781694290236468482915792900036051265
115295431991813000957906158479851623934781694290236468482915792900036051265
115295431991813000957906158479851623934781694290236468482915792900036051265
115295431991813000957906158479851623934781694290236468482915792900036051265
115295431991813000957906158479851623934781694290236468482915792900036051265
115295431991813000957906158479851623934781694290236468482915792900036051265
115295431991813000957906158479851623934781694290236468482915792900036051265
115295431991813000957906158479851623934781694290236468482915792900036051265
115295431991813000957906158479851623934781694290236468482915792900036051265
115295431991813000957906158479851623934781694290236468482915792900036051265
115295431991813000957906158479851623934781694290236468482915792900036051265
115295431991813000957906158479851623934781694290236468482915792900036051265
115295431991813000957906158479851623934781694290236468482915792900036051265
115295431991813000957906158479851623934781694290236468482915792900036051265
115295431991813000957906158479851623934781694290236468482915792900036051265
115295431991813000957906158479851623934781694290236468482915792900036051265
115295431991813000957906158479851623934781694290236468482915792900036051265
115295431991813000957906158479851623934781694290236468482915792900036051265
115295431991813000957906158479851623934781694290236468482915792900036051265
115295431991813000957906158479851623934781694290236468482915792900036051265
115295431991813000957906158479851623934781694290236468482915792900036051265
1094795581
4
66
0
0
0
0
0
0
0
0
0
0
0
0
0
0
0
0
0
0
0
0
0
0
0
0
0
0
0
0
0
0
0
0
0
0
0
0
0
0
0
0
0
0
0
0
0
0
0
0
0
0
0
0
0
0
0
0
0
0
0
0
0
0
0
0
0
0
0
2
88
115295431991813000957906158479851623934781694290236468482915792900036051265
115295431991813000957906158479851623934781694290236468482915792900036051265
115295431991813000957906158479851623934781694290236468482915792900036051265
115295431991813000957906158479851623934781694290236468482915792900036051265
115295431991813000957906158479851623934781694290236468482915792900036051265
115295431991813000957906158479851623934781694290236468482915792900036051265
115295431991813000957906158479851623934781694290236468482915792900036051265
115295431991813000957906158479851623934781694290236468482915792900036051265
115295431991813000957906158479851623934781694290236468482915792900036051265
115295431991813000957906158479851623934781694290236468482915792900036051265
115295431991813000957906158479851623934781694290236468482915792900036051265
115295431991813000957906158479851623934781694290236468482915792900036051265
115295431991813000957906158479851623934781694290236468482915792900036051265
115295431991813000957906158479851623934781694290236468482915792900036051265
115295431991813000957906158479851623934781694290236468482915792900036051265
115295431991813000957906158479851623934781694290236468482915792900036051265
115295431991813000957906158479851623934781694290236468482915792900036051265
115295431991813000957906158479851623934781694290236468482915792900036051265
115295431991813000957906158479851623934781694290236468482915792900036051265
115295431991813000957906158479851623934781694290236468482915792900036051265
115295431991813000957906158479851623934781694290236468482915792900036051265
115295431991813000957906158479851623934781694290236468482915792900036051265
115295431991813000957906158479851623934781694290236468482915792900036051265
115295431991813000957906158479851623934781694290236468482915792900036051265
115295431991813000957906158479851623934781694290236468482915792900036051265
115295431991813000957906158479851623934781694290236468482915792900036051265
115295431991813000957906158479851623934781694290236468482915792900036051265
115295431991813000957906158479851623934781694290236468482915792900036051265
115295431991813000957906158479851623934781694290236468482915792900036051265
115295431991813000957906158479851623934781694290236468482915792900036051265
115295431991813000957906158479851623934781694290236468482915792900036051265
115295431991813000957906158479851623934781694290236468482915792900036051265
115295431991813000957906158479851623934781694290236468482915792900036051265
115295431991813000957906158479851623934781694290236468482915792900036051265
115295431991813000957906158479851623934781694290236468482915792900036051265
115295431991813000957906158479851623934781694290236468482915792900036051265
115295431991813000957906158479851623934781694290236468482915792900036051265
115295431991813000957906158479851623934781694290236468482915792900036051265
115295431991813000957906158479851623934781694290236468482915792900036051265
115295431991813000957906158479851623934781694290236468482915792900036051265
115295431991813000957906158479851623934781694290236468482915792900036051265
115295431991813000957906158479851623934781694290236468482915792900036051265
115295431991813000957906158479851623934781694290236468482915792900036051265
115295431991813000957906158479851623934781694290236468482915792900036051265
115295431991813000957906158479851623934781694290236468482915792900036051265
115295431991813000957906158479851623934781694290236468482915792900036051265
115295431991813000957906158479851623934781694290236468482915792900036051265
115295431991813000957906158479851623934781694290236468482915792900036051265
115295431991813000957906158479851623934781694290236468482915792900036051265
115295431991813000957906158479851623934781694290236468482915792900036051265
115295431991813000957906158479851623934781694290236468482915792900036051265
115295431991813000957906158479851623934781694290236468482915792900036051265
115295431991813000957906158479851623934781694290236468482915792900036051265
115295431991813000957906158479851623934781694290236468482915792900036051265
115295431991813000957906158479851623934781694290236468482915792900036051265
115295431991813000957906158479851623934781694290236468482915792900036051265
115295431991813000957906158479851623934781694290236468482915792900036051265
115295431991813000957906158479851623934781694290236468482915792900036051265
115295431991813000957906158479851623934781694290236468482915792900036051265
115295431991813000957906158479851623934781694290236468482915792900036051265
115295431991813000957906158479851623934781694290236468482915792900036051265
115295431991813000957906158479851623934781694290236468482915792900036051265
115295431991813000957906158479851623934781694290236468482915792900036051265
115295431991813000957906158479851623934781694290236468482915792900036051265
115295431991813000957906158479851623934781694290236468482915792900036051265
115295431991813000957906158479851623934781694290236468482915792900036051265
115295431991813000957906158479851623934781694290236468482915792900036051265
115295431991813000957906158479851623934781694290236468482915792900036051265
115295431991813000957906158479851623934781694290236468482915792900036051265
115295431991813000957906158479851623934781694290236468482915792900036051265
115295431991813000957906158479851623934781694290236468482915792900036051265
115295431991813000957906158479851623934781694290236468482915792900036051265
115295431991813000957906158479851623934781694290236468482915792900036051265
115295431991813000957906158479851623934781694290236468482915792900036051265
115295431991813000957906158479851623934781694290236468482915792900036051265
115295431991813000957906158479851623934781694290236468482915792900036051265
115295431991813000957906158479851623934781694290236468482915792900036051265
115295431991813000957906158479851623934781694290236468482915792900036051265
115295431991813000957906158479851623934781694290236468482915792900036051265
115295431991813000957906158479851623934781694290236468482915792900036051265
115295431991813000957906158479851623934781694290236468482915792900036051265
115295431991813000957906158479851623934781694290236468482915792900036051265
115295431991813000957906158479851623934781694290236468482915792900036051265
115295431991813000957906158479851623934781694290236468482915792900036051265
115295431991813000957906158479851623934781694290236468482915792900036051265
115295431991813000957906158479851623934781694290236468482915792900036051265
115295431991813000957906158479851623934781694290236468482915792900036051265
115295431991813000957906158479851623934781694290236468482915792900036051265
1094795581
4
