64
0
64
1
0
1363230013
4
0
65
1
0
1364278589
4
0
66
1
0
1365720381
4
0
67
1
0
1366768957
4
0
68
1
0
1380007229
4
0
69
1
0
1381055805
4
0
70
1
0
1382497597
4
0
71
1
0
1383546173
4
0
72
1
0
1396784445
4
0
73
1
0
1397833021
4
0
74
1
0
1399274813
4
0
75
1
0
1400323389
4
0
76
1
0
1413561661
4
0
77
1
0
1414610237
4
0
78
1
0
1416052029
4
0
79
1
0
1417100605
4
0
80
1
0
1430338877
4
0
81
1
0
1431387453
4
0
82
1
0
1432829245
4
0
83
1
0
1433877821
4
0
84
1
0
1447116093
4
0
85
1
0
1448164669
4
0
86
1
0
1449606461
4
0
87
1
0
1450655037
4
0
88
1
0
1463893309
4
0
89
1
0
1464941885
4
0
90
1
0
1466383677
4
0
91
1
0
1467432253
4
0
92
1
0
1480670525
4
0
93
1
0
1481719101
4
0
94
1
0
1483160893
4
0
95
1
0
1484209469
4
0
96
1
0
1497447741
4
0
97
1
0
1498496317
4
0
98
1
0
1499938109
4
0
99
1
0
1500986685
4
0
100
1
0
1514224957
4
0
101
1
0
1515273533
4
0
102
1
0
1516715325
4
0
103
1
0
1517763901
4
0
104
1
0
1631665469
4
0
105
1
0
1632714045
4
0
106
1
0
1634155837
4
0
107
1
0
1635204413
4
0
108
1
0
1648442685
4
0
109
1
0
1649491261
4
0
110
1
0
1650933053
4
0
111
1
0
1651981629
4
0
112
1
0
1665219901
4
0
113
1
0
1666268477
4
0
114
1
0
1667710269
4
0
115
1
0
1668758845
4
0
116
1
0
1681997117
4
0
117
1
0
1683045693
4
0
118
1
0
1684487485
4
0
119
1
0
1685536061
4
0
120
1
0
1698774333
4
0
121
1
0
1699822909
4
0
122
1
0
1701264701
4
0
123
1
0
1702313277
4
0
124
1
0
1715551549
4
0
125
1
0
1716600125
4
0
126
1
0
1718041917
4
0
127
1
0
1719090493
4
