64
0
0
0
0
0
0
0
0
1
0
1094794557
4
0
1
2
0
1094796605
4
0
258
3
0
1094796611
4
0
66051
4
0
4702115641114967357
8
0
16909060
5
0
4702115641114972477
8
0
4328719365
6
0
4702115641114972486
8
0
1108152157446
7
0
20195432900598879804423879997
12
0
283686952306183
8
0
20195432900598879804423889725
12
0
72623859790382856
9
0
20195432900598879804423889737
12
0
18591708106338011145
10
0
86738723836634607574235482542654438717
16
0
4759477275222530853130
11
0
86738723836634607574235482542654451517
16
0
1218426182456967898401291
12
0
86738723836634607574235482542654451532
16
0
311917102708983781990730508
13
0
372539982175121286233135289723479794359902223677
20
0
79850778293499848189627010061
14
0
372539982175121286233135289723479794359902220349
20
0
20441799243135961136544514575630
15
0
372539982175121286233135289723479794359902220367
20
0
5233100606242806050955395731361295
16
0
1600047039894568869204771100905830600092585290235198782781
24
0
1339673755198158349044581307228491536
17
0
1600047039894568869204771100905830600092585290235198849341
24
0
342956481330728537355412814650493833233
18
0
1600047039894568869204771100905830600092585290235198849362
24
0
87796859220666505562985680550526421307666
19
0
6872149708408780581254193405556458403113708393650847206067784858941
28
0
22475995960490625424124334220934763854762515
20
0
6872149708408780581254193405556458403113708393650847206067784928573
28
0
5753854965885600108575829560559299546819203860
21
0
6872149708408780581254193405556458403113708393650847206067784928597
28
0
1472986871266713627795412367503180683985716188181
22
1
115295540042311128108307153670796302824053758281293292159195738388621054269
61
1
0
377084639044278688715625566080814255100343344174358
23
1
115295540042311128108307153670796302824053758281293292159195738388621054553
61
1
0
96533667595335344311200144916688449305687896108635671
24
1
115295540042311128108307153670796302824053758281293292159195738388621054553
88
1
0
24712618904405848143667237098672243022256101403810731800
25
1
115295540042311128108307153670796302824053758281293292159195738388621054553
379152579901
5
0
6326430439527897124778812697260094213697561959375547340825
26
1
115295540042311128108307153670796302824053758281293292159195738388621054553
379152657213
5
0
1619566192519141663943376050498584118706575861600140119251226
27
1
115295540042311128108307153670796302824053758281293292159195738388621054553
379152657249
5
0
414608945284900265969504268927637534388883420569635870528313883
28
1
115295540042311128108307153670796302824053758281293292159195738388621054553
1628448263077151325501
9
0
106139889992934468088193092845475208803554155665826782855248354076
29
1
115295540042311128108307153670796302824053758281293292159195738388621054553
1628448263077151405885
9
0
27171811838191223830577431768441653453709863850451656410943578643485
30
1
115295540042311128108307153670796302824053758281293292159195738388621054553
1628448263077151405924
9
1
6955983830576953300627822532721063284149725145715624041201556132732190
0
0
1
115295540042311128108307153670796302824053758281293292159195738388621054553
6994132033144369613285215386941
13
1
6955983830576953300627822532721063284149725145715624041201556132732190
31
1
1
115295540042311128108307153670796302824053758281293292159195738388621054553
6994132033144369613285215451197
13
1
6955983830576953300627822532721063284149725145715624041201556132732190
7968
2
1
115295540042311128108307153670796302824053758281293292159195738388621054553
6994132033144369613285215451239
13
1
6955983830576953300627822532721063284149725145715624041201556132732190
2039841
3
1
115295540042311128108307153670796302824053758281293292159195738388621054553
30039568346261055535596167483386617740605
17
1
6955983830576953300627822532721063284149725145715624041201556132732190
522199330
4
1
115295540042311128108307153670796302824053758281293292159195738388621054553
30039568346261055535596167483386617874749
17
1
6955983830576953300627822532721063284149725145715624041201556132732190
133683028515
5
1
115295540042311128108307153670796302824053758281293292159195738388621054553
30039568346261055535596167483386617874794
17
1
6955983830576953300627822532721063284149725145715624041201556132732190
34222855299876
6
1
115295540042311128108307153670796302824053758281293292159195738388621054553
129018963633148037403825303204084147096290498526525
21
1
6955983830576953300627822532721063284149725145715624041201556132732190
8761050956768293
7
1
115295540042311128108307153670796302824053758281293292159195738388621054553
129018963633148037403825303204084147096290498663741
21
1
6955983830576953300627822532721063284149725145715624041201556132732190
2242829044932683046
8
1
115295540042311128108307153670796302824053758281293292159195738388621054553
129018963633148037403825303204084147096290498663789
21
1
6955983830576953300627822532721063284149725145715624041201556132732190
574164235502766859815
9
1
115295540042311128108307153670796302824053758281293292159195738388621054553
554132229368184162176014422558825425410621054676506703772989
25
1
6955983830576953300627822532721063284149725145715624041201556132732190
146986044288708316112680
10
1
115295540042311128108307153670796302824053758281293292159195738388621054553
554132229368184162176014422558825425410621054676506703914813
25
1
6955983830576953300627822532721063284149725145715624041201556132732190
37628427337909328924846121
11
1
115295540042311128108307153670796302824053758281293292159195738388621054553
554132229368184162176014422558825425410621054676506703914864
25
1
6955983830576953300627822532721063284149725145715624041201556132732190
9632877398504788204760607018
12
1
115295540042311128108307153670796302824053758281293292159195738388621054553
2379979802795921719451142140514479838311904800884624152839097313344829
29
1
6955983830576953300627822532721063284149725145715624041201556132732190
2466016614017225780418715396651
13
1
115295540042311128108307153670796302824053758281293292159195738388621054553
2379979802795921719451142140514479838311904800884624152839097313489725
29
1
6955983830576953300627822532721063284149725145715624041201556132732190
631300253188409799787191141542700
14
1
115295540042311128108307153670796302824053758281293292159195738388621054553
2379979802795921719451142140514479838311904800884624152839097313489779
29
1
6955983830576953300627822532721063284149725145715624041201556132732190
161612864816232908745520932234931245
15
2
115295540042311128108307153670796302824053758281293292159195738388621054553
155974356356033525805950051320756950683608993030774728480463081536866176081
15677
2
1
6955983830576953300627822532721063284149725145715624041201556132732190
41372893392955624638853358652142398766
16
2
115295540042311128108307153670796302824053758281293292159195738388621054553
155974356356033525805950051320756950683608993030774728480463081536866176083
13373
2
1
6955983830576953300627822532721063284149725145715624041201556132732190
10591460708596639907546459814948454084143
17
2
115295540042311128108307153670796302824053758281293292159195738388621054553
155974356356033525805950051320756950683608993030774728480463081536866176083
13430
2
1
6955983830576953300627822532721063284149725145715624041201556132732190
2711413941400739816331893712626804245540656
18
2
115295540042311128108307153670796302824053758281293292159195738388621054553
155974356356033525805950051320756950683608993030774728480463081536866176083
57682706906429
6
1
6955983830576953300627822532721063284149725145715624041201556132732190
694121968998589392980964790432461886858407985
19
2
115295540042311128108307153670796302824053758281293292159195738388621054553
155974356356033525805950051320756950683608993030774728480463081536866176083
57682707105085
6
1
6955983830576953300627822532721063284149725145715624041201556132732190
177695224063638884603126986350710243035752444210
20
2
115295540042311128108307153670796302824053758281293292159195738388621054553
155974356356033525805950051320756950683608993030774728480463081536866176083
57682707105145
6
1
6955983830576953300627822532721063284149725145715624041201556132732190
45489977360291554458400508505781822217152625717811
21
2
115295540042311128108307153670796302824053758281293292159195738388621054553
155974356356033525805950051320756950683608993030774728480463081536866176083
247745340561345907998013
10
1
6955983830576953300627822532721063284149725145715624041201556132732190
11645434204234637941350530177480146487591072183759668
22
2
115295540042311128108307153670796302824053758281293292159195738388621054553
155974356356033525805950051320756950683608993030774728480463081536866176083
247745340561345908199741
10
1
6955983830576953300627822532721063284149725145715624041201556132732190
2981231156284067312985735725434917500823314479042475061
23
2
115295540042311128108307153670796302824053758281293292159195738388621054553
155974356356033525805950051320756950683608993030774728480463081536866176083
247745340561345908199729
10
1
6955983830576953300627822532721063284149725145715624041201556132732190
763195176008721232124348345711338880210768506634873615670
24
2
115295540042311128108307153670796302824053758281293292159195738388621054553
155974356356033525805950051320756950683608993030774728480463081536866176083
1064058135447362957461255606451517
14
1
6955983830576953300627822532721063284149725145715624041201556132732190
195377965058232635423833176502102753333956737698527645611575
25
2
115295540042311128108307153670796302824053758281293292159195738388621054553
155974356356033525805950051320756950683608993030774728480463081536866176083
1064058135447362957461255606657853
14
1
6955983830576953300627822532721063284149725145715624041201556132732190
50016759054907554668501293184538304853492924850823077276563256
26
2
115295540042311128108307153670796302824053758281293292159195738388621054553
155974356356033525805950051320756950683608993030774728480463081536866176083
1064058135447362957461255606657844
14
1
6955983830576953300627822532721063284149725145715624041201556132732190
12804290318056333995136331055241806042494188761810707782800193593
27
2
115295540042311128108307153670796302824053758281293292159195738388621054553
155974356356033525805950051320756950683608993030774728480463081536866176083
4570094892789162231737932017692081172593981
18
1
6955983830576953300627822532721063284149725145715624041201556132732190
3277898321422421502754900750141902346878512323023541192396849559866
28
2
115295540042311128108307153670796302824053758281293292159195738388621054553
155974356356033525805950051320756950683608993030774728480463081536866176083
4570094892789162231737932017692081172803389
18
1
6955983830576953300627822532721063284149725145715624041201556132732190
839141970284139904705254592036327000800899154694026545253593487325755
29
2
115295540042311128108307153670796302824053758281293292159195738388621054553
155974356356033525805950051320756950683608993030774728480463081536866176083
4570094892789162231737932017692081172803383
18
1
6955983830576953300627822532721063284149725145715624041201556132732190
214820344392739815604545175561299712205030183601670795584919932755393340
30
2
115295540042311128108307153670796302824053758281293292159195738388621054553
155974356356033525805950051320756950683608993030774728480463081536866176083
19628408104146078008552791258658782035367855969615165
22
2
6955983830576953300627822532721063284149725145715624041201556132732190
54994008164541392794763564943692726324487727002027723669739502785380695101
0
0
2
115295540042311128108307153670796302824053758281293292159195738388621054553
155974356356033525805950051320756950683608993030774728480463081536866176083
19628408104146078008552791258658782035367855969808445
22
2
6955983830576953300627822532721063284149725145715624041201556132732190
54994008164541392794763564943692726324487727002027723669739502785380695101
62
1
2
115295540042311128108307153670796302824053758281293292159195738388621054553
155974356356033525805950051320756950683608993030774728480463081536866176083
19628408104146078008552791258658782035367855969808427
22
