1
264
96864551943535290988503580717148567752109767353508445685882962761421934230
288595495727068719518614673810733978367374067904024503066544886346471899883
238310656395933138627734837943106461234339158785524908279947220267249524284
243263382180666212400252705595546592300593894272569292147049397823972814879
264643745795585352850398718076619855977504692162244801580315344559829538866
233212990731253642207131900606393105535197123463315706651120559724630982470
26907345087939238265810782066949708861060430915876711710531863574786680714
183682937970617568385923374286626201487631554097081726367443729099913740524
132938970683046614953186901678498400544001858913794724536112580304545540184
93989193312319665054558947013386894966779303331801382167712984817847325655
330896571736588424586757879557971787366356749128746712697225812428476697076
132231662864842611934970313666297586368429282833059015689809736749159259458
21039478979555161871256682652688421093588896085445084219519209518318426752
359422246640326109500210805380749237167923584341030111619553434568854754006
410375330633257341388049233438727062538700464665738415463851239774775637312
62143699492196774932826941053704575131017124584468427047940663079309008842
291696919277340372564271156727323634263685436600469076410744733854058006826
421211491490339354092920388510922821723427253018822736654119059442377666602
176476570764981352781581722607449943935143635476214708350892609809368850661
263176900332909174346825958152780771832452802133684677765663076009454418912
341605995901841274006921094629342245744370296404709518728630366922918177010
207807467606945200623824540175351832516206903652882129576916684622641420415
170590635869279386406547829716835959410627940118328823066349398237237174557
3812210223115925172983936896319929026376881651999020527702531682652399542
170507672638323250538401757816531820497133829853242504421588743647411215536
152574741895171242032763511975851150343014483543151137346324258646641897407
55032493488445918415962537635295829889066502638744041036658003159087234616
75917674555340121308825586035673712839990897466503615668992009679653447573
136858655192023198804806112638974404124309636265925243520334741906713895669
378397574442825054411079577723162223404540683238675085333795671049734894449
252873076982378100747129438894472749051988601378629311242974735099397348025
338361988414639069448546716034108734206664075838179026641820901114140259928
408044557162437777139641858191746265666045020566786699103086236144660587380
20136344782072222147649451755493683794371057923317913567037179134966145462
222780204961744663117542170189977331899711096155120403480395524185763812556
347748701936957356810132201254744244037102858632492916804985676428102252661
429861522604120228373930665362745897186088875135781463802561610845727986461
51838503627080782460976132125294465120087147048243863414264493222139187417
44574280049024371543587899691275180189950612322707701811820726984231777304
280542045358133413216240029813266899909627998710447775085678655563715499839
181980545309018510365436525937629762511052615372547462437326864703088672250
367438568358262905680958795735273116958855856897468247677014356059328163011
374819905494563129551738190906659540654248229720393420899897874695313754639
58278388991797042290694588513244512994177968850646085446807120300391022637
119006055681680828087534003552196697130276981248577928124206514472335376926
92601425925561118467526026105546249503398246250121551150191663499004342961
431095779355065251536363242592908913322364730731261594843370513374366240295
8847353706552759739545701342381881554305555512283200957252887148007795529
31272697678107391641537247590292881116446893822631621255363744283690535205
320898927031659350280466447764948279253004419794824138004274991095411947015
164421715230283285787865054963125460696920369065578028294293381726564576172
278104889242637379592049998911505038168575165317521593967447041988757067310
227841660151818709636274810743191574051843724961500325092679291480670508319
307154400478886969602387564458294833772550124176288501326383926346504813348
180339526086793611673348759924300896230185444915294976015933977341830662161
278237289921205259376588879629312530353934265895471761252089037163976793879
87324245548800426293961706240525630861184467113155752366027450666498296301
153483586821406325070759366775599057113645066407037050651831667957124587646
319587485286634696844660737577636557718055288818123944803043284572410636539
174304350114115622959416847560047798906044708437331395593899921463390893300
380153585202324561541383680225308556447552728799848454544720345448285504595
343195590218652218113622891265734469440390651511602591232178844925904260995
214521181285168449032448387679654827975481433290374304533968651588060466779
12133574153262398480773673400014905578582265805429915376756833753878851478
11157165725785894594297196324837806159357172808435148984951655996354454883
45541394451605721338814491698742193373790082048270791342736967186447550709
275540245200737252840534339249891551421473479689235104780056839122704934485
57446836925680314684494239923604697752070880619497390325076972650284394062
198327570799781432328221576832839902745321921721343249531654926726356410601
178712517787076567285595554074130096814440863135981565616630774073933613509
259865927085842486262100682447387365050290543283541849426773806859511164635
45344730823182984737194826671477293696342776785865544486942699664359128728
214373659146789774253850377683515855923703195309612547115526344819003207945
248083827592394054765923004828714143871073159269470137719646896043751566748
15945874423063407360529547983438381065873120033063770736435337806863686950
155072054033412710525200872594277747785957596712265530239772072313518884799
112659451646588885640524368975893613368740491282586204070018398784862363462
170762270654512775704984424404152733985976551229323611271894582116651023264
226318477527855966204535225250723920088401203042319078027589485367986552697
337290084995984640606348076565543977718873835787302480878099031495920138362
277023905038458109099309967246238727529485034031129462530873664322600618872
357137600373851978467586253265701676510228184954620258449133284359741132574
271069333457058923024371795422445364803694469306252458267780962969568970971
99579164861890070072256020570003639354084230550275337671634221332079987956
314732355201724965664404619313436144113989593260243147442006645304202398360
236353901533958719946107046153827009430509432904278580935505042493337304615
334612022155768060834288374759765898421010730260926149659527387915942664123
139944726446451704983274917190792114889232022176729545825337962333838921177
2723108038539955964174747069603563028610304140721845134976623874443266129
428665832153414356866133905250574631378097889460239531054867893363085734220
99346009397144710646091908676277128708163136378786143290316321402040165784
19206262090453173558801675165750508328594456377088309916301436915626059065
75649733969205391746075206545939143539378563984038423923634172971732969648
416493270132389343731561485176453797314918368019139994059574099367022990593
31465503414246395807504918747714800478502566599693697597965020309597345582
244149240949132616594307818813280400986431667688552079250026172698916663394
372155942152949829412175730672658767554363579718194811804413094847792016005
310544294579061032480654412546132453678437576962228530959027569650515810651
80555145203267087803956126457736960541286393235760240243929326794856170437
74647342343761306421761782301256766640579228416519305965103549182414432531
121999742166508229811169237374467002933850072460882807991783314490795721775
112970281306983826652080440897788809071998994094608538314074860935035378476
229999459245732705524585828139842001056768204200503258675199042906079952531
37228105188847520877912835223454383978935754139197608677626832800168178590
365018858189451172247795995978636718832660305167786643587598179628555973615
368169562867760710413996545082023346377391117433162071372095366024526689198
201521197679953270887093140677606308992153462093728293357666038794631029603
266673601899328629277003245648828266915057333161648521756923813865206518998
431374065293395289895114540494811858751585993097099383733360691456177766662
66938332410866497193254927997847655572251522168146818747465957666666401101
249816336170851950564796077889845939006953308499706229311977029422433637600
262852423057883434327221981691336713797263609930766546152120807827454224611
449230236764732831037381509338077119881087894059775308137641387174751566128
428792737386109558608010171770974278364205746180688024351577136261124257073
146589263072083335875228016230830395269432001653218349161491600034645092411
11007805229490110659462584906888646621542431416502249336190755588237939804
189681802556691922693901192942792178932824504523874482053694571760597499969
292887487763529645885424983072192004103262046933319778301636464976957968539
317402425475864181081321240745592520801490080513760445605421395471214713876
125577298987943908630385752862580682527996831529342598987430716757351667269
146926840135332803028473622433277526769752150235618883808056014280171624943
85970028896799203796183610893491295401764909585754965102323335237429827909
183644282956771570032562590380139204162016113460832318353003173511048549843
270385477204816149729740949902111380639077336430858984192402414331925915074
375014506381575410516550036473651324423389589482131264734971454347831151909
303877206380588114573432605934454533146849065297212970588121250173097696841
165434021183461821054388015536915176758856818549058615279355993876929832152
120813257577907055190442108236928886728189723990524401587111295125145289892
447841071701692768149137438247296564129852857630304428813086337373417286484
427751338100271343076267021642259857176049842004703189959821789552132319037
384095526637441430583675276797013498991701560226120036582661937770046561338
36812639738681410807147005980883417467747280638249032030413712726938092083
390040988618662351977690259011447830668282205921887165669791115541534878111
267570242598582122855903352489488792971366364623934362554007238583043075474
3377005777139521774725157974392272987810032911170969557035795995331122416
96333200037485576843292822098299746124403395831800315649570290250712434620
288911305536827240612765418978786140881152690220674105727962945366513898727
343923181043689780813511353896995371582259974626057498835603730846984458343
433083312315162511325617447664833813434787578565454767253104760240714104737
293405420436714277834612102992364196071859402655456968702553535681113825488
22379975935942044373280837385573396711897742163335800870728843629139204610
395036523259002209441239542571124489821099395618594216660801027720855665224
295477351472908907262669192068827196132536969195294494162949444298355924347
312878393999147868133413781491264361685573958306490598828608396265861705553
176456320103275364726475178187102406109980308023435153082180494071715470768
91014928343074577054642910933058015672784518933228935310426784963683833512
40571163451487989886119130104925154247078294403758365674865934306152382660
130269168287968185363726995372694400317658499850309501135679941458172427417
427128625309271840140744956468296156595031830819085822360705306725433659409
327573725370528989914444414675085262344565481459064221113697233618355180023
310957356111619927753603529689707055097076022633706389827052134371945375752
45776110906145171294710827398728738327543206526119459715548272943977903720
286161164726360410175626444146510950102074742829617022995881345118334509230
381657537509468865194797114494408614895907747242784771530355347978249864362
379057896482940942982546382727949602521140517879019540049798672761205808674
306348340312921989951465504875069783266589271818415629074102738863265085550
43186755876173794004031713296865769457367829719694870479852520191638820703
392372061324936208394943791693924937514281490981849541723467869214561532059
435944980827495771143477591686754042227726182589528047454615280309601166963
31769393332585858361143488991151278032150400252852303213615240552671709835
302664049410225322883036791249575091246643757586817693335399601271636575642
137781588861947734926696222695481669057901064958185265594128907275681119124
265014548059328900871537571210578075094651277353083930014286154060312864778
315228328211584896614344525232359291350055174217551188868175340936617920801
379978092553864611719756484614989342778865893740865534442026017168307641851
163541948033752643502305636072126123865038884374187192594245842356683922147
112559460252817682493894851222310669654921374959397903432230079814291055515
225475187141069641673893512770157323711967889217367070885804226934170607392
78175683803231207473382594107976551480404486159014263906326216141472877316
137780025462396959382199209552675658829172951711834281007442898700795038040
144628906675474891815878927748714208993112184526951530425758033759661070451
207725250715487016395688721756066892355994137113769367495953962118751876753
400355711544454517524775846247774807860042103110208242621472749274357547378
194193364316698054937011443189699798686682216909320882439762511736761715203
428405480983083828763284135036912698255548679566376473932468541261782494944
66974587282831837792151466009747898951843134713775214257045068846386993620
187816329891388940925509201526125791892763504407208397991768917402941154989
387419176701800335448138762515088295861664713828070813631776496881742795662
351492344654921005029605877193754954719370834205933634953933118684260616101
413287104857550005324373677515776326880270380462019605365560264603838030814
334069928596054033735415178866046822337107379032610088138289405237214133270
202216315628114299521389007735516422072649798324037323746324595861946209560
69996149042053448546858607839858482550945955236098508954497998873987551096
334976232941160145498460037342045692249253756999644225663176768363106941971
153758567122141737803848381208872648473835146085141341286853234978391238216
213161808871676835130112092713764915383528873383754226043868381906937614557
413992867299780565111715873447928702778722291640418321504947173445205568176
8854296383529660078055917269213759080002235793112918704745070897383059877
421387966055429160270558613133329664271134754794241130568194924962831864223
411246250572200320440095329509498386063805989952159328979269143573304042781
16759776718487683811449294007261176054490378064756649475073412916341544076
311133705634094484595367289761015605913609060041533524624539776092757604232
211128176707209244931585468909468088602444750272492801460742088444115384953
192683755116722794090538920039415866081349697436492527840546377585116172541
307998411549639877541335283102785138333411610036180831874197755246988878269
225186919923740399673308205888119819093753482110622694231136758763146880851
16413852625931438909974862707068861150672185727852424337679466303872815385
223383991065010386313160042992299570117066654001422824580689876993194586220
222601083652540536108915548784273416767982373257100045716259232274326086189
162607987348985999870434843256461727647764339798326744915139270750517261501
254943645961674726504747948529999183340899985701798778916177189175348917033
54884568204745749313486273339618981734335441456948260611097719500653254200
38336470923109059794879618703102705781621948290945038599459301233113143582
40084670523837697320518852607296899769477479893138983061231563613404722560
244478887879623239672756623248973053880123925190967419473017925310229393441
91375776365169610277319532620966529856859096144193894711429447023757867477
66228945697648078387313936255934862817592771561480308424838495083087011605
400871607454716642684716469775767461944244856737482020077089682049518633921
67318217679484659717388623967396450852103212618144559801856413193333548849
213948014348411298794062318883981918433547210877950580378981368362134013074
271552862016442054419917827157602199100492275544895506947344592512064043583
199937378616800852481543143559633836473281025120169211635748474696915959651
225691679006358944705358829568192464931886548144711879106077407573515167343
234787467608372808779423340051805316918634246184198802630614898266793420093
299837733815141165157544683238985253790148870573112346140613922092260158264
251051309754857081444635595722168711915902489541992106160920270613329054682
379554413779128923112250300878550595648068400401899605671135049281937643342
172249515298746765271951613900988049663430370311511869281343542908165050729
396306066386733880054939420658258155526123420565412609346389077586078737757
236403216626103021898835964693441439167302436305991423018003813445676202576
1176432226751986408878835346789838911475156537488954558183437300873307835
306532303144904631612770514572486972436555651474727044584720364340374543062
156827027458206558174050245710182070226638083050066443736043866822897919780
354070630624497118628612596367669154102276315658041462991825024016691974737
194881504489856020372555773440513529732176007185773560338471806405821181538
122654871774354681826941336692136165923215858954286771198846952489310230201
347275162791878096003144486254887189382379611342801611751277768967705003790
266357061880947733147164671186566003347757603600710678733163433764047641155
216307188762200384989085430922563363883037715905009187207648852550863264995
435320863885165264438985652212077252349372860602086924647260168538479194590
33929033482792555775300240007915659787952315547098384811477446760589249077
273040574323595252338295116804179352052106868367035870362547248615324979788
409162987865187261801779920156337668604162496105568037882594610972585904399
304870522830341874806742396731563607495355006100790028921504355972900496866
296523914884368740026604222408345001535362924120222073103594473851390440346
340096829172451169112686094878303160249799868319700669198172437764887416969
350822773931817239493473234706856424699048531379634410014563104557346195309
45186610318607770167237187297074561418957860781247941540201944456592013304
247621702262380679844475949751449213223638039374851849412192751506498849942
337867881143144466825817811029958492398238935430269661904375105482287881902
57814752537528857571030500357925206979997218463141683517794030461400602779
396734010275801563317931201907341569408611939481414853735555437882093515015
41144872393740919260864228929874342974031230085462998467575639700421089834
28613431448745532530306455967969694553506161955386343024113431939159316326
42009923865008667997769560771632852889007814540632626840130749780774246482
298404830776237482156802211466322847364214769113640200029320965841969135114
375366673556004459348366531058769595902050961286768451047592191292755974417
135090384398583503199114407531418271289063973142989983166653385336468494614
201771691715467697306058420528433777196920196658104081638950657453097255713
297570190812880083182608815143569739117260045291786580243821711429167189752
348658813749745992729556129553955980186537300254751941488929673959319159484
96271760869354154545468152954731163794356134217589987332587724291226063323
308034130546116200952650248646133102949364810334189496351998868604640126749
265824916980252754356279604561789129152892928431797620237067967428271538611
98866232735947779681430671594485624668003850052425133840119696669526990513
397782049198229870910763514585192066927844211277369485042708684965303023585
33310907189809432148019984569476914065971288953886677118033995047877798431
20542544366025667106161934253287504968809622103466079627766760485392691885
358886019218580052735843680855080218716677890601280778675322978062903630829
329392112594056665037014633597400272623048852405151753549032384327342667377
182115044762784880361100257053883440707634108079642433444897433620660237912
337373619126933050462790073315384702479929755789783645549398574747689669968
186968952260183063061874306618862977711206189662196863417151690773254135094
188978511195652884370536292656990333250910402113179386882309647187077602118
18689626009760969
7
352
138616730400407237136243533319954645346738907870764706608265258190536651860
203762284675714856114531300925219534583026909443726706692904162061324612929
198407452801182795722340717141612240476383340054436813602035603395457608554
154070115922705362606467208513077408860836143805617896806450980734534825016
186189878338425993603494995723682830530544003805373997865716690081002439504
211057437734966443807403807586914606257850498892251622787344530006185108821
194651225368203765328262136492441639953449556758073253002101144105703130970
142137756538639648941259845125355881106631757245908784655985539731154024775
120990670802350187840900778293849905165230257410429297243802007582157582645
216247738668314372482913511237017415522193190890461688407257840720807417905
97536917442756469920472761160307766349785927861354143513043229059753335408
186267576910832308986618986454663607656439748591944087447331095378299152473
138395797956018022725377170642289628413829878088792790266817934692812206958
201878409885444128841556214143204395860376270890437240222683973870261401433
136642862773382378550322060436686154829527990264140509294199703647263028846
203576560583515657895580341278339996885388734742009807838304096866356506947
118678344529981752638171999437861271963938054559558822862739353906290443856
180925513080492710082513471501181693170744950334817538991097671656191906644
155817094976265793798488215629527494026458201817546015472127129758464362855
216227512608357696297194352449548586298091683396258837144750526085045900865
129818163507539259570734078696642370886077435111877356983424935196012934760
194824498315228979296647121854812733022533555901669220261150930177079588931
198240300182430224638205946114192881156926968475321192509892283047166427974
134896450086874447778511810171529137931984604292683200636922536574590599537
157548114261711705606507242263158645837618574474112200471554505870740041807
127547545509746831635668656734335795645378632139639340671115492049315324529
184319529920204095921579730484687632403920965799641920620247343895625885803
118898742079566552881185627669153978639448655296723930603285862150303738489
177307196307173410271240254742260952546722911818888912600767553027776926771
150770489953497271736298199404082764490898696809970877486369319203382195563
157714101943073002462709901458085329808821825040517125089698652686320298314
215917419164833095472455369973770267230457251071876423299561062237802292530
157755083464442204835315986164036105435776032240176541134912382736979485750
173540186698535714016941821512345265949757220454755952927534940213002060903
176984321681748723013694247401933852976287921371724671120871165236297877336
175445579126543080810787516439355379612923254177543881672522792972774945844
133330693452480054863856037902203400572675320316137112736353137915478167411
200421761956310983560599859727269517063061205880253977204532085874001723752
85287154802504421467692663327953613057597840943016770338757912764993138032
212818431128340930341406160897842818295699203050604793875312280242155048568
188115486223144064051325152731585304749993588542958165549802673888706046805
181042652365429619168350242434417348866071677998683232791729323848502760309
124269243813874508084596936458991023066062897230379651387634528234481546096
212783816450415165554724077642192297907022215269013121656356067565599542832
118726194957132173363201236147131757315975831173273744552597907410321172523
119140381360335893481515750676825003098441808121163839235032642880057205323
124288812430484569883171244988889797200264138479333772964792556129227268451
209304605105886379998855268249553366884318234395416756988003849204300671025
99277826929721658087286110131319551148655284033925641105334228009590933064
94356206212662214436100597478596637477273688744013378713464513223641943373
127939221538822635337524466507117793629909046467831324026777706187402917220
202113899320000845193712310220753648352452733613719654721980250080966234457
195149633607250593399675603977983677200479036656332994067311734743088132727
83438134575629090145024788332154012581764200590791869796624999105649143140
87289686688690635713918302612467911509817413111821702267385750151351848769
196847598000839564207518842808545132564345737734290759056356988709055461956
87040085681439904408244925354111666182651780766544081978572114099785117523
126130963342748000992504687157398622016281250226184012647337755290516337762
76508963736432265079124091051932796679966603990449214776176011984013189448
177267289592769852786637343179224437375318648962609615044724440194679785829
138306989285647957023986488905247607125399964204633740534674357280522659927
145229250438052779172757535742853564773927337803475452202596954804766538340
207406679509764641380479532832668034979993794045151237411193364952279708489
87116626369899128919831452582097667807459383331611208329546452328161440842
122590905394580344303790022916727513849397010355485786015860916001438201401
194817679448918222083613733530454747912924804370438727506323242660179298638
182719594116602351436572478270978437811448933175822000305525598538358158953
189386734574292116836781431772976546039038022781905159704230233724010067315
194956281499766518609413289445880363414140615245057613112423860716337837656
212692288268998169702696689609456539253562308080212544462577969051836504367
133205250391715418417593538619001762468956219563526314050121316061519893109
205253119404455653413284880047219654201910532021003380210049619386894152555
159735939765353653676473707090434297143829574765810044256058253957705912368
210987931840112387985460464807650726334813513165668201053634393431005017422
180758123813414535166426808671315814727778700500645856070755645539585903169
147334231901487664825040244322649607526567981995366211971021189920551038580
152750889707075576729897242062050674856549790424168480070564442698159380324
124060974761700008079865259517344477526572060889789955228477328491221121655
157645818703389948094042502158549765192213394419341152032998159416569130074
127787594798175336713827877751132222684069864534901930177551311396818801712
87413482955267367473885038532348641917737844079893740308890472069359747917
122411592816803134483085794123624615517046638360143367008011510105538588782
136554211729540083701657684634801845036291319546576843097193887047831145015
94135539581962434867377220985546366489505870241303207938694303306035705186
117413918806373860640168434956591813848463155989949335181356242750563178288
122674666264222300326754822294066412958269201652486545326346374412400542032
145450589505118748768163353146265311243127135073311122365799219218335944307
97902573935685788088516782688096542328576930112404037533047214315888732721
192912822224479245116075002309150800564913146987139493512070270416608849018
124075370935848671986298793237700872289200175738068276876771851244598089589
89034397005196798390295726409736899316899544626456315353185301564405395764
122425479906125825025568646138672944752072282728179747499917186884489004144
159591461724523966266295531899087827527487505768593488496511733986913180227
173974405074379200549868280786645986508898655474235930929232498730718353217
145608925605853697350244298583900762026001775579501733612234104417614980724
179296215566850361037770807935351545261249182332692320212685250722212099673
179047376074874491078981920858411715644185755582373217606874768095311982913
214399115639430274664637605895718938365996003737762962531696849650444544865
126152477279458888373492954120034480874613945317329198461323430743912966231
147368042008414164983781530624609522347062030052943579481589626423006867565
152337590550139742321195455277716808773998092025652764801433816931574175343
156258487428208484727793304943023335751500818717650509211982060174542261832
175369228672738029394145533202711646580542729671652594301277242614727653186
147167836814145664637127398384017002041113099440155630230456109021491524967
182443464634066478460015463471855718123075538225029134420146119299733551726
85328405527691335547475915838591047436960904769317090648218851583462818638
87418850712053961863041639152495624645568717219181636390679411795541650276
115516286080505117734504615371092670761478792588730036153812274922409653300
214515124922655104732330936308228614366480187211528916494514202546049335860
129472883794584990720153620612947196805122407898113145073932649887933162361
136441791687156502127081485221995567364844383861160078550741764574662313775
189433694692074617488766282777130053268169187248944506620813987170006825520
203914046221080067000632303239548250094164589364630997775517295285775201104
134642568265738409035762913579806490358797049210661560542062330496802708083
184292271646437216521827584064167550742203919242778743148130695756267605338
156044291095701948168368733204902365862207871481409911359874452371238708535
149259409474086592537628244437022210296763641255867464868437841179568328301
184272541785617455909078622420950260469314879048050400699479446437825174082
131136291862251990637400741378946182609990498099508186925466749257522690098
175259022604949800428500162053057206402456208734988260965483829344919897677
140053265368968639586968821465929413037260950856557885496375518717639090991
189573082144439559267921362949132165355599740531447145724890204009883466060
136400676186735312609751993944717529592684725935635855593776556132675314767
129327631077819819201264396027601075340194954031898508930539324416739993975
95792338756299672468765176099375189304162171226090479885348558950992659527
118775158104520464344894272635039323415447592730168617523582489458887510381
83533249046593830524643654803666776776223734765532244296505146876163937906
96019421459846532999543137502349343556370521336855260196157529125753602665
85590502541717849515174239927025632187986693344398878609778754099561579826
115627934088056077446955174487571707713083815480935845064693066232383627586
138340366836615729108577901402837811012351227137771287985387267124317546309
90497809631710566000835340458839575035804296002159755552094351734632370246
133246279639629631424752360216761908990813648559781516987819474170617746505
152724544357633375119937945020206515573639140444236384672303524372590113146
177060458460540750679568504641531578512035693954460690958810575707562666068
179075040666194541802366795527498523133734666858250989884325087732239725427
182713228921981771091207472138968292551695329035388675177059531036679030069
142178950576479015788213391731215075306659825709883808466658518610056533365
147140709948419906721615477529624998194792303209845659379818010971362455923
189538782776012928226219779513911176816359951097795575785381917310924902518
85300474174683151753882376315381361821573819129438990030433887417471026745
88937958319872384887845101481413025777585336403851688971991106312043586641
129797270311619879125737077765874944470166180106933493006390314639345397834
129685868335025658598506455057242339001732521757980448658637879213452448855
101175110964158206670393870476524549139896033072552200636842279241729207143
117180988445423921429795372893784569902569224528786220972067826680714252879
187833839739126159460656972834496700725016126590630671710359612861640175669
184492346138559742355299681919281521510930569999095393578326639247166559335
191353194033660074468033392199041276404193895726845840459097362010425487479
202134260722641054868266586262463122104238307513738638037702635830140758644
200042086904911730607513050291227379854484992297146952661753497604580787309
184266039391603763084949582703070434818010529039923781895065361559261173112
150999115230846361666603321341243784902243393864010977304339409800196024135
198635502369056709071203735231805366147112575964856535355538484883892554828
88855058491386552005149290318832362558571425254291895547694804568321914743
214273673656403567692851959584614548202081435711571195935413462986201711170
198572387343207839267820655838317697915860677959713789910410440231965976904
149211669739569726260335595518249539849381275839553765428267761495505973350
126049381189453848511270181205324806802028188189083784544306770566553234288
99304519069342731810670325264522781656430219814831236031292231828414552646
151019926006314579419820369200168647615859698519821896764867284594976774010
200138658276318781344703642494918651045648974894065077658856959622853845850
101299955632768261352325895029370210638379102526552492960476880944863800418
209180021075855209798288207500462821027580757132494859308499299012221229140
193148186456243098905118753046236380378999539515073148731171489670675263096
182809560617040357009680754968850626206767630274518500783024888596797157751
184534997203300652269972190962648338982400938081580193277306807615687380805
148969104759697480550515737528103893792780068838493367944049839240539157834
156153963080940002279218032023419749815611744465891918860440635395741741392
173726964659831589756105000824267605473654638884594910535121856012546634072
154262103795378919725019068627119702588366500519068456499447830692557841240
147471646660794299511519443279768059655967035465480545063584795648382956629
99664136000993530148311686382964800861636912454973986419358690107844350257
140362928987326904970640514145152028394097303640450742213711102144391898166
178785114457279657720344011468946426796130342616295633473806672156291384181
88869108495449781836113732710404098456706343760437750963476688116494977402
90642532851403092793011055913135118883025606447774069741900373168666863717
90877970050581179545919908224080257992143221127500909171718222106376561511
185907310306410309402014853226777763671229061708729868497945232856031179091
101382891479236038288388054664445482601313260627245748170843726222206784631
138582545499443258927767322231558053052337439634985978111741918365008344909
159632035700958805266609200315944480322820041663040006857195013460222046822
133020496729244012995245142457679942048348211789484584494804260325315197292
182477919446398573640967398056013527091316612160332510557385969901903430254
101277609401036512478992572260273480808647372781068485901419086682345779064
200002075625693809423348791588801433455796713141404525570594868195408694895
193175174709787747128913707460254771492783848723942100479630790695244345433
182491426491994402951828395409666886501377742643074884238036339204051988291
90477296909666606077561752303861471620599792051604045472932585175101360240
92464671191921121812478539665572095725954790270942554628855281290660247863
186065617611764911282298602432122410822379952545742808994229150923566099305
131211457575019328308049222518216006890267099998217515088756395857485969746
157644282840829237376938647367533810376548483078894006989559730861177469031
154256085010281998200239180853413134639415053771346163265530097649219744564
122688070216852390108569259958071651182138726751087862578087270839870646596
207399320412340548341475010797914375803301696578730811379812830667039392837
147327759509667710269271681733106558332553691497284977499212355886198768696
140398382908887049617922449340980981786051097581837382999198638378870457448
186245928371086711216048188621801136328416255669325288260529945025570698358
198337868112956083964198237325088664832560062116783819550870725731714222131
201746441249323045245649427753309768366398781007865941768947532124184996152
180558916246746226182020894601932958566212179333709276740998603986701343300
191195478123915818561670203400674929007729618528603821430538963677670159212
118926132336417465895534622866043348411229541544143264140741858177703560053
88793001300385680432896637594462807999293099475907970194859647278534177350
193285303059654788961084109480037300223217398294773926508315055340263715893
138638430548885122213362712627868466561701783354566680344153339856990194030
205502338525426617440074755694349783187747712629014225507223681516264908917
125944965114087209502042772183184644831690403395946268777474172196392236354
193319675831500793166250670979200104756817914258331236070845617646011953226
202091580495525831022996008100770516422966311109273715244927819914632389989
180572742075080126102350358295550281788817814990208997175681552956417989242
122619535398068088696033822426969006395587191525977933470666670242552830548
154435430052696273843686470987844766062677695873628750068694130344336501593
211022680778527729604753636977412516822377862625110347679787102898339599478
150915372593851232723373320017586596290857831505726540316095955690614912341
191524875489913304433702690504756188085381886536174654608153180993986975571
124047225278135842405124027539829861105210219379871146458193289629383809644
207336776367922915333477243511047996330136372128658190854260105666418865969
127953024170562004550062904820974437235257370707768537762335808026396865335
155987534273217848247494642242196305164624125651949491234623587148836648268
193430102813310711148701486528642441547758522854148156422375914467160709232
119222232586831159840576830670746522532541256728032841514743340357783612250
184582523257095351548844598245249133160479138873067005804508181911499978855
134751191143158426547026626784401696015858659419437684883317749015691671642
131314707729033018312098401330980310850402304972389761139295775556265718384
177038891127719573490087072950033161001501129355033904020383913517441638722
191201194594792453526468523237822421971947698978519339034141147594083559546
177307756897664391225317006190042156393189005188476801412473590549075609446
134800096598702372257412549554821026575166778558900910196890884848136899416
99395160111370460147743258303214603776311938026190574276452966995649261938
210974099171837201031029409042320267400507406534520522958654982377662869316
99705412539470571290977956167671017157952414862465150512977451663610700104
136553353837940654428243337288529855074507268192445420206235122153804085305
180800152706690419460575069099183202338060986242020439372240059784023339078
210615104212846803242111556430493876336707268877388167681572491042811765108
88675960591457520201641727277650241770973156823348979659836739397576382795
136739295026408675640393822158312413805814427906350287304933300049112885317
189620093460115051722112145979467613960582302755439313702689912937043613236
209042045566853108673193648517549150239227246205062472860356701012724109413
209056039037174481554887754500399464635923808371386060772793856850645300047
117318801266281252455547590223796209963560656986023184646574189018621433173
205349638766043358299037127848811046678056928046719211759597634591332331636
115227788122772943070907857760898423637219139700784290727122076348154067252
209111757867206321907809424302292619838586978299369526164829547743668696407
158072217527535514177324880347391030088593694160674529399195087498979724377
191331976124944550545201705099126030246795497655776345188295015765842686017
124177768816077978836282577824330380300319471361406909564119913768361280612
96149503184390936764344600430766715780822423558084725018748664222767923574
203514201380717188775185816924236395060457745182670377489259714182495631471
118925323327340223293124863149231496521393444165546222196543673110309914930
143669776778221803065698419707238908951326717135266935525192150665609627494
95943125961742935716058756165904470925433786974145636199825379965328185157
182822685900252846913974017893036941140228202338461823975894667957405503812
147168072380562446258714689255594908631563283599580859913993261700645086323
209029155345141067047938287151730208457794623359744958491949403818628506953
177038159417475038276658014227217463140433578986421706356318422449031180850
126236214983543350890488931326911319537321811311231785756725626901818665809
88730986790764510286741396437500266805984908697387241438971616522331500389
210788644974413284858500429800068223511911571808603247348821271236823041849
180572527118294834223731087556750836934117485069104133848887291439168637039
177026106230355658959924900439674202867704055322344583049875917680269421677
184541029259772485257284377898760424401669851680864271899800532827612998187
99546541357653587824989967199837772489095334799121594388050254838874718835
180925678408454549255767013644623794473379831975123163691752096211571265076
149218729319467402015983003308014064092511811726588770688116801302577629763
120540326799877607646150053044535624861510525241884376157526555672031946551
122584220917468880940992038958173359961171147539567012407411587047119605104
128042985003449839733532092008982666686673277106987675773628181958697707832
191346097354671182235217163525794877223400141547659316130590249603629734517
211015401708101789358116056345543489458179215309276105058302422858673107809
198413271617064161095016604739913492325674509637017869893592667671562835777
186265820178071214768755719520217010562082100370329492269737916515676664118
175748505932560249224031033615175344954052635395630288357840732313307472244
189826984723451676350894344092849175023050371244164352823366752158612663105
173685423714992500609975761488409265344902876601380870186158307424537294934
92685584779972432350425359758229145873421825819058625186251065377125977167
145560130519627251582740879926524671838039520666684966553516977216419934547
141930431468356200498770457222589585208522276613456734542562362905660183670
88875275923119071138572427315157268921758169738925423739566191989559350099
193264622982826577977090791117953229145958589133676586788135661501311176289
83816866838470136450067144909060065212327768489353952276043171906704591915
146988659952176852932625612784642580022429168977310210207794449712695047990
198490593801798721810187539344647894683749072343181056772128020305403402870
184299363151125706478830683130239888212369102550793844841877892714695241569
129486582393314700665304324088650217482413244804239551300596989549555701617
99518637274347301908171818253188169554597048084597852269514903017060781428
120603843929492746930813596306003684341086156045747904945954598249089824353
87378055284076256939292024625801367139401115898446934393881581774779069017
97564844489433628747768124607395808820430029034908405390507699657466260281
124405738028099333442374529423486542553020043542814956143168066823463466323
202044345934609155316670233642621926715561332655898134578107336856783378020
184438641725379538535036983157045649967048061999539240618554900007162831978
94341811386954700532260598977320817058659599942438651041556185386361387619
157810864859915377228693166414104713478322449881930213034762115826595821639
187778062689761331706378181798903694218900605817042068997399235413483745879
154249186323355969838953607064128768390469626578553673664552580144408257605
127588306842858378550644640838625500047947852830757041054933663531348014681
207269080287756003561890415847670488463635654838182543722368911935934784881
173525171061363663946361657263825061556079844224173771103760878272090551657
145485074326763658331829550850761073812104285309716890477685894555814278005
209014758196810279263667198544452080062533228292495999282980051975377011829
180772678099728070841585485309405078407873024003361373425782347136868111482
175300649618608410148121144691997620559471867220128482131166403508305293380
179207145478491082832926813169891719066889423018579580089750789916954613367
193424226701790946025490946363687447632315534942643560339233022377569512817
76812564113714449885644814036419609611501966318606841764096199160467245165
198600131322554259742764256161130821193352394545952993502896460899733040945
193355317726040178651568332767077468941509479811283502583533878285419491410
198612967220739213289411872334052077883433633283390539558381505283980154964
115469378313110203219653394660638536774092288922568616095372071898855075143
87054057372311154175068655731907543125515893378404594206498342809918724201
198282410987647676821904690201503323612142313376950719023082973053404729420
94175662282042985791104503203962059500332399512592017580700107381234551120
150957354376222878013858716949071043026626716994582473684476061436882743655
120762645365393834403116377402917221318384460631079600603104456662116164724
126069385576401652900137838998171510302376326717872497465556257211097100110
101202448862256334062928780817319336294810696506237108532043186969853441358
133185087850699975164049433608823333864119991150051637593867785063957088854
209110902642519605342816919124338505552440340060456724301658719347867661941
129507235192940481985839187288484306582469539080261216739586435044924016237
115654463198369410376940589503329255148216990260965381225061925976428342628
101527875032157750094375135367942344150245689811644870419368399808381810295
143918106720325002757986583810691283988373623243235605212377971483738664817
122383716214660230007827937646734347449797870796983114271264051479907293750
191331568267602446978061393470521996210284537727370890150636359167486679626
97502951293077707408666635513662944553015561823643251731787506711547115861
132901546171646358345632719455298296869919897742032649113310382486572905547
87074520723817450661304006932825071315228716209532182448271643643103697225
142136810712045232327404232473553953936406923674237999057692749785899628135
140377030302329302049571861590428937963468092430360682177303013560640104782
90484764500651940719452469845268710627895946429899348864568331668696943976
200146855572456557056290611806627727523018458253673476788528180660076108386
83831479642173697112232475287430893016968556718920031945458163563054377841
175699273902282304739965098454436947319225986591592836314827029813130250601
134614288005740551577567311118538045023001829262129622800697610945251526754
202168658958795720493927999762365195845706902502641874284789325976114443629
205723572046438486171882952871680060036435736923295012453839685900545898860
173505898797638406127676858204476196855335228652721328129136233749224642403
115523676917663539616997818885748282392496003574944026382976338667130467960
92450947201714542993292420465742870531507189118129328264536089576770979939
136628816405455520068954599715677323615309699142283817320623818140527182123
101305213121843983413294590651623786086798931360036136479576244884366315330
202133229700549453141116499209130132110448263938219526339024189825268468596
214618249471102082579354034942465400486974576000954918068493537963540633187
191415443606394837108413629341678844089304241139365980191392780851869993550
200201123953141834010544801754060364045932976159421882142510774809248553526
138181896367653540222309275918470891250772389058980124997112382231832844889
209304365097095551888607461954096097789620061408569590976461992036547318612
138264044283225868662750161342958731476466096575779185948174747351934972236
152661946738857580031951322724928813315683816238337802115206654138392204113
177376835014002539620657486867952268287860152422188557905453970778278753351
25200480853242419197825334589
12
