64
0
0
0
0
0
0
0
85
1
0
1448164669
4
0
21930
2
0
1449226045
4
0
5614165
3
0
1449226326
4
0
1437226410
4
0
6224379676574825789
8
0
367929961045
5
0
6224379676575159613
8
0
94190070027690
6
0
6224379676575160177
8
0
24112657927088725
7
0
26733507148777370247624736061
12
0
6172840429334713770
8
0
26733507148777370247625797437
12
0
1580247149909686725205
9
0
26733507148777370247625797718
12
0
404543270376879801652650
10
0
114819538911381011598436222846624021821
16
0
103563077216481229223078485
11
0
114819538911381011598436222846624355645
16
0
26512147767419194681108092330
12
0
114819538911381011598436222846624356209
16
0
6787109828459313838363671636565
13
0
493146164566180887010680261868019633916157705533
20
0
1737500116085584342621099938960810
14
0
493146164566180887010680261868019633916158766909
20
0
444800029717909591711001584373967445
15
0
493146164566180887010680261868019633916158767190
20
0
113868807607784855478016405599735666090
16
0
2118046648959580937331142927435860195955794311026630409533
24
0
29150414747592923002372199833532330519125
17
0
2118046648959580937331142927435860195955794311026630743357
24
0
7462506175383788288607283157384276612896170
18
0
2118046648959580937331142927435860195955794311026630743921
24
0
1910401580898249801883464488290374812901419605
19
0
9096941088683792551702284395638720679258288027562231230210293972285
28
0
489062804709951949282166909002335952102763419050
20
0
9096941088683792551702284395638720679258288027562231230210295033661
28
0
125200078005747699016234728704598003738307435276885
21
0
9096941088683792551702284395638720679258288027562231230210295033942
28
0
32051219969471410948156090548377088957006703430882730
22
1
152621345584123143339100392999060274799583018028625506791183845208179697469
61
1
0
8205112312184681202727959180384534772993716078305978965
23
1
152621345584123143339100392999060274799583018028625506791183845208179698773
61
1
0
2100508751919278387898357550178440901886391316046330615210
24
1
152621345584123143339100392999060274799583018028625506791183845208179698775
113
1
0
537730240491335267301979532845680870882916176907860637493845
25
1
152621345584123143339100392999060274799583018028625506791183845208179698775
486779469117
5
0
137658941565781828429306760408494302946026541288412323198424490
26
1
152621345584123143339100392999060274799583018028625506791183845208179698775
486780530493
5
0
35240689040840148077902530664574541554182794569833554738796669525
27
1
152621345584123143339100392999060274799583018028625506791183845208179698775
486780530774
5
0
9021616394455077907943047850131082637870795409877390013131947398570
28
1
152621345584123143339100392999060274799583018028625506791183845208179698775
2090706460005754158397
9
0
2309533796980499944433420249633557155294923624928611843361778534034005
29
1
152621345584123143339100392999060274799583018028625506791183845208179698775
2090706460005754492221
9
0
591240652027007985774955583906190631755500447981724631900615304712705450
30
1
152621345584123143339100392999060274799583018028625506791183845208179698775
2090706460005754492785
9
1
151357606918914044358388629479984801729408114683321505766557518006452595285
0
0
1
152621345584123143339100392999060274799583018028625506791183845208179698775
8979515871260647518318091124029
13
1
151357606918914044358388629479984801729408114683321505766557518006452595285
170
1
1
152621345584123143339100392999060274799583018028625506791183845208179698775
8979515871260647518318092185405
13
1
151357606918914044358388629479984801729408114683321505766557518006452595285
43605
2
1
152621345584123143339100392999060274799583018028625506791183845208179698775
8979515871260647518318092185686
13
1
151357606918914044358388629479984801729408114683321505766557518006452595285
11163050
3
1
152621345584123143339100392999060274799583018028625506791183845208179698775
38566727000977427382959766862636431916349
17
1
151357606918914044358388629479984801729408114683321505766557518006452595285
2857740885
4
1
152621345584123143339100392999060274799583018028625506791183845208179698775
38566727000977427382959766862636432250173
17
1
151357606918914044358388629479984801729408114683321505766557518006452595285
731581666730
5
1
152621345584123143339100392999060274799583018028625506791183845208179698775
38566727000977427382959766862636432250737
17
1
151357606918914044358388629479984801729408114683321505766557518006452595285
187284906682965
6
1
152621345584123143339100392999060274799583018028625506791183845208179698775
165642831182958210644027066358808000855036535061821
21
1
151357606918914044358388629479984801729408114683321505766557518006452595285
47944936110839210
7
1
152621345584123143339100392999060274799583018028625506791183845208179698775
165642831182958210644027066358808000855036536123197
21
1
151357606918914044358388629479984801729408114683321505766557518006452595285
12273903644374837845
8
1
152621345584123143339100392999060274799583018028625506791183845208179698775
165642831182958210644027066358808000855036536123478
21
1
151357606918914044358388629479984801729408114683321505766557518006452595285
3142119332959958488490
9
1
152621345584123143339100392999060274799583018028625506791183845208179698775
711430542747654507250775347749902165215521959535462530366781
25
1
151357606918914044358388629479984801729408114683321505766557518006452595285
804382549237749373053525
10
1
152621345584123143339100392999060274799583018028625506791183845208179698775
711430542747654507250775347749902165215521959535462530700605
25
1
151357606918914044358388629479984801729408114683321505766557518006452595285
205921932604863839501702570
11
1
152621345584123143339100392999060274799583018028625506791183845208179698775
711430542747654507250775347749902165215521959535462530701169
25
1
151357606918914044358388629479984801729408114683321505766557518006452595285
52716014746845142912435858005
12
1
152621345584123143339100392999060274799583018028625506791183845208179698775
3055570914476706089349074989228856986800255607774646921594918252133693
29
1
151357606918914044358388629479984801729408114683321505766557518006452595285
13495299775192356585583579649450
13
1
152621345584123143339100392999060274799583018028625506791183845208179698775
3055570914476706089349074989228856986800255607774646921594918253195069
29
1
151357606918914044358388629479984801729408114683321505766557518006452595285
3454796742449243285909396390259285
14
1
152621345584123143339100392999060274799583018028625506791183845208179698775
3055570914476706089349074989228856986800255607774646921594918253195350
29
1
151357606918914044358388629479984801729408114683321505766557518006452595285
884427966067006281192805475906377130
15
2
152621345584123143339100392999060274799583018028625506791183845208179698775
200249895451145410271580978494102371486941551511119260653644562641410486631
15677
2
1
151357606918914044358388629479984801729408114683321505766557518006452595285
226413559313153607985358201832032545365
16
2
152621345584123143339100392999060274799583018028625506791183845208179698775
200249895451145410271580978494102371486941551511119260653644562641410486636
21821
2
1
151357606918914044358388629479984801729408114683321505766557518006452595285
57961871184167323644251699669000331613610
17
2
152621345584123143339100392999060274799583018028625506791183845208179698775
200249895451145410271580978494102371486941551511119260653644562641410486636
22385
2
1
151357606918914044358388629479984801729408114683321505766557518006452595285
14838239023146834852928435115264084893084245
18
2
152621345584123143339100392999060274799583018028625506791183845208179698775
200249895451145410271580978494102371486941551511119260653644562641410486636
96144291085629
6
1
151357606918914044358388629479984801729408114683321505766557518006452595285
3798589189925589722349679389507605732629566890
19
2
152621345584123143339100392999060274799583018028625506791183845208179698775
200249895451145410271580978494102371486941551511119260653644562641410486636
96144292147005
6
1
151357606918914044358388629479984801729408114683321505766557518006452595285
972438832620950968921517923713947067553169123925
20
2
152621345584123143339100392999060274799583018028625506791183845208179698775
200249895451145410271580978494102371486941551511119260653644562641410486636
96144292147286
6
1
151357606918914044358388629479984801729408114683321505766557518006452595285
248944341150963448043908588470770449293611295724970
21
2
152621345584123143339100392999060274799583018028625506791183845208179698775
200249895451145410271580978494102371486941551511119260653644562641410486636
412936590469664887749949
10
1
151357606918914044358388629479984801729408114683321505766557518006452595285
63729751334646642699240598648517235019164491705592405
22
2
152621345584123143339100392999060274799583018028625506791183845208179698775
200249895451145410271580978494102371486941551511119260653644562641410486636
412936590469664888083773
10
1
151357606918914044358388629479984801729408114683321505766557518006452595285
16314816341669540531005593254020412164906109876631655850
23
2
152621345584123143339100392999060274799583018028625506791183845208179698775
200249895451145410271580978494102371486941551511119260653644562641410486636
412936590469664888084337
10
1
151357606918914044358388629479984801729408114683321505766557518006452595285
4176592983467402375937431873029225514215964128417703897685
24
2
152621345584123143339100392999060274799583018028625506791183845208179698775
200249895451145410271580978494102371486941551511119260653644562641410486636
1773549151388955974401728953007421
14
1
151357606918914044358388629479984801729408114683321505766557518006452595285
1069207803767655008239982559495481731639286816874932197807530
25
2
152621345584123143339100392999060274799583018028625506791183845208179698775
200249895451145410271580978494102371486941551511119260653644562641410486636
1773549151388955974401728954068797
14
1
151357606918914044358388629479984801729408114683321505766557518006452595285
273717197764519682109435535230843323299657425119982642638727765
26
2
152621345584123143339100392999060274799583018028625506791183845208179698775
200249895451145410271580978494102371486941551511119260653644562641410486636
1773549151388955974401728954069078
14
1
151357606918914044358388629479984801729408114683321505766557518006452595285
70071602627717038620015497019095890764712300830715556515514308010
27
2
152621345584123143339100392999060274799583018028625506791183845208179698775
200249895451145410271580978494102371486941551511119260653644562641410486636
7617335603064118885639239023582978037464381
18
1
151357606918914044358388629479984801729408114683321505766557518006452595285
17938330272695561886723967236888548035766349012663182467971662850645
28
2
152621345584123143339100392999060274799583018028625506791183845208179698775
200249895451145410271580978494102371486941551511119260653644562641410486636
7617335603064118885639239023582978037798205
18
1
151357606918914044358388629479984801729408114683321505766557518006452595285
4592212549810063843001335612643468297156185347241774711800745689765290
29
2
152621345584123143339100392999060274799583018028625506791183845208179698775
200249895451145410271580978494102371486941551511119260653644562641410486636
7617335603064118885639239023582978037798769
18
1
151357606918914044358388629479984801729408114683321505766557518006452595285
1175606412751376343808341916836727884071983448893894326220990896579914325
30
2
152621345584123143339100392999060274799583018028625506791183845208179698775
200249895451145410271580978494102371486941551511119260653644562641410486636
32716207297816828004876495660615863414631966132223293
22
2
151357606918914044358388629479984801729408114683321505766557518006452595285
300955241664352344014935530710202338322427762916836947512573669524458067370
0
0
2
152621345584123143339100392999060274799583018028625506791183845208179698775
200249895451145410271580978494102371486941551511119260653644562641410486636
32716207297816828004876495660615863414631966133284669
22
2
151357606918914044358388629479984801729408114683321505766557518006452595285
300955241664352344014935530710202338322427762916836947512573669524458067370
85
1
2
152621345584123143339100392999060274799583018028625506791183845208179698775
200249895451145410271580978494102371486941551511119260653644562641410486636
32716207297816828004876495660615863414631966133284950
22
