2
132
6955983830576953300627822532721063284149725145715624041201556132732190
54994008164541392794763564943692726324487727002027723669739502785380695101
109981060345252208636226502064852731585691304278909731715437804014628658012
164968112525963024477689439186012736846894881555791739761136105243876620923
219955164706673840319152376307172742108098458832673747806834406473124583834
274942216887384656160615313428332747369302036109555755852532707702372546745
329929269068095472002078250549492752630505613386437763898231008931620509656
384916321248806287843541187670652757891709190663319771943929310160868472567
439903373429517103660388039555002250353556730986446225416677197882414339350
40803801150164408061482806976941757224822287704767850625688328274607027253
95790853330875223902945744098101762486025864981649858671386629503854990164
150777905511586039744408681219261767747229442258531866717084930733102953075
205764957692296855585871618340421773008433019535413874762783231962350915986
260752009873007671427334555461581778269636596812295882808481533191598878897
315739062053718487268797492582741783530840174089177890854179834420846841808
370726114234429303110260429703901788792043751366059898899878135650094804719
425713166415140118951723366825061794051912887988349991402582810967845637390
26613594135787423328202049010190788125156848407507977581637153763833359405
81600646316498239169664986131350793386360425684389985627335454993081322316
136587698497209055011127923252510798647564002961271993673033756222329285227
191574750677919870852590860373670803908767580238154001718732057451577248138
246561802858630686694053797494830809169971157515036009764430358680825211049
301548855039341502535516734615990814431174734791918017810128659910073173960
356535907220052318376979671737150819692378312068800025855826961139321136871
411522959400763134218442608858310824953581889345682033901452922195731023110
12423387121410438594921291043439819025491409110248104537585979253059691557
67410439302121254436384228164599824286694986387130112583284280482307654468
122397491482832070277847165285759829547898563664012120628982581711555617379
177384543663542886119310102406919834809102140940894128674680882940803580290
232371595844253701960773039528079840070305718217776136720379184170051543201
287358648024964517802235976649239845331509295494658144766077485399299506112
342345700205675333643698913770399850592712872771540152811775786628547469023
397332752386386149485161850891559855853916450048422160857474087857795431934
450546028690299842234964693266875989977661847413146684772665992273196686365
53220232287744269703103470197848855187029547089870239539233105971533986620
108207284468455085544566407319008860448233124366752247584931407200781949531
163194336649165901386029344440168865709436701643634255630629708430029912442
218181388829876717227492281561328870970640278920516263676328009659277875353
273168441010587533068955218682488876231843856197398271722026310888525838264
328155493191298348910418155803648881493047433474280279767724612117773801175
383142545372009164751881092924808886754251010751162287813422913347021764086
438129597552719980593247873463012600949832103508693688224070627023505265685
39030025273367284969822712231097886087364107792610366495181931460760318772
94017077454078100811285649352257891348567685069492374540880232690008281683
149004129634788916652748586473417896609771262346374382586578533919256244594
203991181815499732494211523594577901870974839623256390632276835148504207505
258978233996210548335674460715737907132178416900138398677975136377752170416
313965286176921364177137397836897912393381994177020406723673437607000133327
368952338357632180018600334958057917654585571453902414769371738836248096238
423939390538342995860063272079217922915783936071977423144980221214279273485
24839818258990300236541954264346916987698668495350493451130756949986650924
79826870439701116078004891385506922248902245772232501496829058179234613835
134813922620411931919467828506666927510105823049114509542527359408482576746
189800974801122747760930765627826932771309400325996517588225660637730539657
244788026981833563602393702748986938032512977602878525633923961866978502568
299775079162544379443856639870146943293716554879760533679622263096226465479
354762131343255195285319576991306948554920132156642541725320564325474428390
409749183523966011126782514112466953816123709433524549771018582975922242565
10649611244613315503261196297595947888033229198090620407079582439212983076
65636663425324131344724133418755953149236806474972628452777883668460945987
120623715606034947186187070539915958410440383751854636498476184897708908898
175610767786745763027650007661075963671643961028736644544174486126956871809
230597819967456578869112944782235968932847538305618652589872787356204834720
285584872148167394710575881903395974194051115582500660635571088585452797631
340571924328878210552038819024555979455254692859382668681269389814700760542
395558976509589026393501756145715984716458270136264676726967691043948723453
450539099878281103472887896021775037356031151397864819600281201660642597660
51446456410947146611443375452004984049571367177712755408726709157687278139
106433508591657962452906312573164989310774944454594763454425010386935241050
161420560772368778294369249694324994571978521731476771500123311616183203961
216407612953079594135832186815484999833182099008358779545821612845431166872
271394665133790409977295123936645005094385676285240787591519914074679129783
326381717314501225818758061057805010355589253562122795637218215303927092694
381368769495212041660220998178965015616792830839004803682916516533175055605
436355821675922857501683559688472847866021320285733098417540401404795032340
37256249396570161878162617485254014949905927880452882364675534646913610291
92243301577280977719625554606414020211109505157334890410373835876161573202
147230353757991793561088491727574025472313082434216898456072137105409536113
202217405938702609402551428848734030733516659711098906501770438334657499024
257204458119413425244014365969894035994720236987980914547468739563905461935
312191510300124241085477303091054041255923814264862922593167040793153424846
367178562480835056926940240212214046517127391541744930638865342022401387757
422165614661545872768403177333374051778330948456678473842102354896761785100
23066042382193177144881859518503045850240488583193009320624360136139942443
78053094562903992986344796639663051111444065860075017366322661365387905354
133040146743614808827807733760823056372647643136957025412020962594635868265
188027198924325624669270670881983061633851220413839033457719263823883831176
243014251105036440510733608003143066895054797690721041503417565053131794087
298001303285747256352196545124303072156258374967603049549115866282379756998
352988355466458072193659482245463077417461952244485057594814167511627719909
407975407647168888035122419366623082678665529521367065640512467637052244740
8875835367816192411601101551752076750575049285933136276573185625366274595
63862887548527008253064038672912082011778626562815144322271486854614237506
118849939729237824094526975794072087272982203839697152367969788083862200417
173836991909948639935989912915232092534185781116579160413668089313110163328
228824044090659455777452850036392097795389358393461168459366390542358126239
283811096271370271618915787157552103056592935670343176505064691771606089150
338798148452081087460378724278712108317796512947225184550762993000854052061
393785200632791903301841661399872113579000090224107192596461294230102014972
448772225747830770945015236031793443244025422594679505856329967371019688475
49672680534150023519783280706161112912113187265555271278220312343840569658
104659732714860839361246217827321118173316764542437279323918613573088532569
159646784895571655202709154948481123434520341819319287369616914802336495480
214633837076282471044172092069641128695723919096201295415315216031584458391
269620889256993286885635029190801133956927496373083303461013517260832421302
324607941437704102727097966311961139218131073649965311506711818490080384213
379594993618414918568560903433121144479334650926847319552410119719328347124
434582045799125734410023839087048133439710200516892789655487036509679325715
35482473519773038786502522739410143812447747968295398234169137833066901810
90469525700483854627965459860570149073651325245177406279867439062314864721
145456577881194670469428396981730154334854902522059414325565740291562827632
200443630061905486310891334102890159596058479798941422371264041520810790543
255430682242616302152354271224050164857262057075823430416962342750058753454
310417734423327117993817208345210170118465634352705438462660643979306716365
365404786604037933835280145466370175379669211629587446508358945208554679276
420391838784748749676743082587530180640872788826930593363266382030166362635
21292266505396054053221764772659174712782308671035525190117963322293233962
76279318686106869894684701893819179973985885947917533235816264551541196873
131266370866817685736147639014979185235189463224799541281514565780789159784
186253423047528501577610576136139190496393040501681549327212867010037122695
241240475228239317419073513257299195757596617778563557372911168239285085606
296227527408950133260536450378459201018800195055445565418609469468533048517
351214579589660949101999387499619206280003772332327573464307770697781011428
406201631770371764943462324620779211541207349609209581510006071922717164035
7102059491019069319941006805908205613116869373775652146066788811519566114
62089111671729885161403943927068210874320446650657660191765090040767529025
117076163852440701002866881048228216135524023927539668237463391270015491936
172063216033151516844329818169388221396727601204421676283161692499263454847
227050268213862332685792755290548226657931178481303684328859993728511417758
282037320394573148527255692411708231919134755758185692374558294957759380669
337024372575283964368718629532868237180338333035067700420256596187007343580
392011424755994780210181566654028242441541910311949708465954897416255306491
16580094
3
176
115295540042311128108307153670796302824053758281293292159195738388621054553
155974356356033525805950051320756950683608993030774728480463081536866176083
92692536543106355179589425000781002828598498885521486039994153499104265554
150805107563013037836758633422895592468487280347691321027358652822423630947
156077531542075929647588272207575586722585096695609341428577381993681219150
85501215718597402078193302904114143747557449577988445235931497632132393327
207255408197258056480855201792302649399247392715207790399765104813366536303
200201852830683987543482622219412471305421130002179298351397798852659996981
207511065922553685393741968100624230880923875058706339208092709017345472836
145215878950316526975236793537590157583771879830001095151955583513142310187
188060252664734963474247770608139800601498779602630352184781229556015246127
210705200465444023591594938920199053571019303756057385220554317030043571543
124510290478090289161522484065720218067656901705056262895787553644734071600
207248935309708938457852307786442630369851958890255104146991231868487356997
152441087375082444356122027402883003208622327753218900830525048373287871064
124020212348250209632826584200789650601404724205080390000755614254112459386
177183956077055533835045991026573660912530653081233143204352431883798796657
135013935410307679011269744610833439983287799419025791297379925762838589281
133248142419552805231791445659238419476742750093098810172400683005912626293
173932404940731314487511359976775704522825643289062541562858596784120475473
85500891566504034323708064371165510323264383674681600560938096872486434150
196495453500327742087275138558227706948185002920836021958452326395442442102
99393810097100044896366258644903781672915756859996914300485276468920800838
184437774571622151441863015644740615775289024825538125793464913605726664564
135006582610557693991650410416693252594353603801906187792090139828688072786
124248133010610651611553080832308774799064391321991466254723735241833404209
212714206280733900752018957274195419055388131848588619401041719885239318883
90676475118162682301419240943854545138382002889937441479881357668559449419
185881103023453452101764459678290901510200210996569977768127228474582584135
186286500268873653719759474755426598883127639892090554366092694012367697228
192962184519375532589894235736527386020909490588441604433440750657529663536
138313239543830235674960000682972510498648011991822542324102284080125928046
95957956976135731969819577852689920336950295746932484559603045211959158327
83492185247874341334588057353943718301798203146440392954212349813833680466
157858663594791961293092969954091454747253914450956551055949760827296543564
147010386597477408555333963753071537605980376326947941828937041869393317445
145470541763245534704880233472727504205933707982658923788734828243582413940
175527537270646282728932344261859775202556003824653500843994394326382175086
138148060176614748809365147647416840108557640243712296097688141113449859689
196929615628671199866874363214465137481066522680987484782747370784158008168
196902062678020519910087751575508535222887513842264717235683435995248998249
94453484534514344801484072102267744740735255421355876417976740813107853881
120712849932079808345161248775274670629330513893128030930206548185996356917
76709034147442147123153072885883542276681412173474390012450868333535834923
83864879233902204207569650265074197796903537308451190192733281761651737173
154202062957899476865784079768015630478817883800464225383516409643882662979
85618225262915998360849265612950880284601461264444768990411282161532027986
122507920467267434539513629220803889323380069852203719441760066359398920290
155966995654983173384708408909911163965480320128980563588141797331930667082
216247466731388886388205443493083612293892608282424079856477958244745701721
200181116505153943614050390023835860413440398313425511764996891081077122927
171904665839829658115016542906669496111346964364486206165031741693375964468
207400530035870698258462648836830746447607903603545318653207841944924484399
143448600104730787080324082186626265056726447145654360610041266745610351989
180985960972630856860024763585770765594669705148972649439179036931829414191
208876210714541147941205535785496040264802927006557400004835802363735855446
124399754591407302099900602456866564138296095534518085372393156409255754103
205481628977615073223817394501868755853934825802422995188169171458649706800
145366803581400212883688024282920524449412524822402283731029223096783233367
87406421042424948949394151588255333131231820836938878242494023081640085113
175272064393990371606486371483485864883867710489475094984819800481362168173
133239627917064189766019829976337212521085511839876773334777212083175321419
126173823240940575110256933001010599775638574021497424754626589877761815413
135034135456436019722509884414807617304532953860158140834560199230495078224
85348945201330534678103592538327950128854570846872766795790622209233741154
194728012895060306457169832807708106742339440749079540411187631537547390822
97502729911435647272919597139899361020128013559199825481665733062554375494
145498094716494671124631539474802488042960140147124803593534012259226448755
134854636245803605175499883352372242896662137007574181215011356618041420622
122480691773471196611188465963264219405400817431224969531440573312017258348
205639913956756044273572402055951437582873116427511851879778172452781324387
194892817985687177616699307689718758772697281938520086550008276443412588874
186288198112779851480726215559312948605171225276162597965201258052850693699
184521243419287987932561720356855355861772729626010718196348933356288898103
185887900725693301265627034734655927539779306263429661995026372779526279034
101181817262415093537596243670374772084312404441805311983752672802530875501
93942539097892815355114584230335163925874933300710439116431264872936722483
76302020969977956657267611478293442265725962008262752660919431037464102466
150784352314591962846087256624741884901894013593023174820740888085044097612
118713199532585015700677999993576129936553145548730707573016409557549009476
145360005876152778442000370175063083490523132941660925345041083765211223664
173760258425058942320197172295110355035333579394314488222433586622504592216
131591399460519928226617942568620828031756826369899021962938225920047401321
158031346251624462925155861902150356738386068377841905678154971020828617575
196791526791337495185757805953193132976035661632742478594330443584470544997
92686205688928605053403589760650632926340131010983534723312615599813589619
83602158138743168127447498480958679091769580837316803377848465158978169909
207428082989120305845855279319678383404919794470185592512099718664251472441
83857734742687739849560316659079264151176129586773455875484381313736472657
152434784112313737117991321792238127377328834254484941669444044078388956025
211057463321821544100192939285680228211025016641489370841424923779832103761
85376498185852292401575186380515247058349744725117218910661430564767558753
154057125967916409130580453469275533272034973328323141849714481790120577094
214473151339723528768666834978500507074828159766049406022498802702037313865
193106797357394923915852942541823185461606235040066985081094049425595459183
133006396355413748840271753700254086342434880445442896174568225213656490291
207248583670697669763286861822916808606911447785463660837862926329480635191
141681159499463443767750142217786324821389549917420113395024553221414401381
173911668648652993621261474732211124343055685334236749850648609412370282543
180599270646111747114656187252105420493388232534278758046691589301622820181
124247646466973210379911417003077743326841685828743033332549676325870987635
203714188372349368234796009004780833393975734613382016829355851260440498539
138292511254954099569259660003116645091596090899389001270717473440324409943
191622763909959085892939772275766260012426358973611815648538853225746612856
175679159483316639166311684244211896968376754548258620942124983757826438249
131474371067478486684010601834504536376722758467530813049300426309922811446
119099539447258343784942501769919506794276470815768074562102103507528528500
97902713175020877585150218145292768087463877243250564813856412839764112207
215950583376644197168293530417473460384407380748676314890772490435834498904
192953293104195035734560343925627864959281193717648366588053635569305464656
90407255073111577201940624145225928066052170779751343241783632793413702726
117200907651602240607365163395223020032511960684388598012669528379395108722
134744100358831369265911383493936713960453436887346770143699166648073278794
120713412927883856202453293996514799246153760975595452141898288421356001110
198565622264651931406767590287484648597034968244578364279238775742517573475
155996570604640476972965406403535504502317633028061886369244073158750725449
186136251748025762664547627663561718992895129751540935546823943991275188267
182753964573702248037649009006025267805918480681441652993534542028391674994
178813609033589194651402905347537311633444389721199169202795166235241369210
203513983379743663402577054376376874160362873065841948947179433715678532716
94453160382430620662625139724217175024032114481556967251195518194541080442
101037851968706530770035302529295883777757113878108614424945164338186110328
143710060622487856231864251160927329967093886405731717411246368101883408715
214612938054285369286220376258977828806574867993205711787563666464921962051
143448114193087616213440750631975287465847874337257624744219873517845825132
171985950931815453442746187468427453587109824611498801210646248719876776776
124517080281907698105083429876139063713684920280379457560787820038538217577
129734159155999379981127018111037048473615723827545445603350276324929975910
196639580426163995540153334120355572781625848804933715664680195473221640801
90918765083661263581261011841884613090822426583568534289349818321898142307
97730030592105917204299136533898746201845167257523965014637655732115237685
179130895998275618044246100210707469803040934855274377074386322461071668792
83747277945545437502581608266370707042694040936491117430335380481462593613
150667342875174282117626816535816346280206606569696138914291799283020614505
203983170997843687621746384495610554450605865854029703687224384442637369937
189592841053376787716855253126379455588429824195766966805225603668936583258
154464221057242714353016178550086122830164639492919520511456844407870993218
212707894490137825171739105105729174621830789322528410212647919872918382644
186032513563712692444855653991422477507107382447203782841242480925998212462
95874974073998606702907996687656347928099272895407517779824946211627751218
205336691987632507534729503125808597711329787808053246660910445962599222579
140424475083807378432269149161883818454997819184223414546648969942881940815
156236265501686082861668306408836313240315775088014032246685930227693139759
141700918522400088465108880622500770047706728042157920334266713419008854356
124137110580000974323203345221516886029925872627716720029499424435715396463
201946909526762498608690881426465901093241185481661759546736931817077690709
131218219562849986702454848234649856105789096497606722635928149084799785303
152724494532912348951221270963451479269745782976008614633923909778909510007
175527221016984425491922098692312743631383084044702143597668873588745727845
129706930462212781694989106724793839620222321072512140722357033725577162352
76688306459586550578478858973375282382948676630813496656235060960381055348
202119056045023271364102957683706528427901306391168995480561525565465066062
216350318400540011894328611709293781095641952891738958003910876220651481940
191188440653809377206959509532282923049305886309760429380458452232550361903
215950021012215648094982745491141120976959899144911874665933398605895652165
212583015197712712738401419820247594281982028118846664495730425280512355185
133351861647653376942521610900480520830836975343769881670790635669075084614
118939097536218498582914685481931694027104889349796382790804724367534610246
191491303116892911710006857375033744449942908614955514669362556648664954467
127699383508894873675720402201443801357210422294889797240852473915094163784
186025715860933477184297514992502682632485870593141339999656738152619334198
180986523968434904725075069037185327570581583453207406055218989545414489186
171739316709611331780444158399570457805151963100777103524863574253204032890
175299617345060462367825746075634475044271863475285979842377442270672932971
94342624495747633600900103868322757392774775186186220315891950240622409334
99270573432064309321909119448893947460724621822442830082272194852392420712
136635768296041742917435887309297758321373317116335535317997629840481022027
186315751063440681511018684392442422890208488335432294132796871387454128706
143855209282413883773266063392701319530418499647689850321933014819033985384
159619611693559444015438244514323940341778881341824923107942436414804025907
117442796488225466632074740928351876632980463714581977838419165222316492648
92602736874584237843194187437035756875791300850216575599047125908333408869
194727688743098833311595959443782194350117366441065771009704123338327346263
89144449691995905961722412158731115626184076827406155900849491494172392013
90657733409493723380749223901802452973041513971844939577274763804762991157
140191216029608323298258894380600079598966211349611452505070506817068888631
793785131
4
132
6955983830576953300627822532721063284149725145715624041201556132732190
54994008164541392794763564943692726324487727002027723669739502785380695101
109981060345252208636226502064852731585691304278909731715437804014628658012
164968112525963024477689439186012736846894881555791739761136105243876620923
219955164706673840319152376307172742108098458832673747806834406473124583834
274942216887384656160615313428332747369302036109555755852532707702372546745
329929269068095472002078250549492752630505613386437763898231008931620509656
384916321248806287843541187670652757891709190663319771943929310160868472567
439903373429517103660388039555002250353556730986446225416677197882414339350
40803801150164408061482806976941757224822287704767850625688328274607027253
95790853330875223902945744098101762486025864981649858671386629503854990164
150777905511586039744408681219261767747229442258531866717084930733102953075
205764957692296855585871618340421773008433019535413874762783231962350915986
260752009873007671427334555461581778269636596812295882808481533191598878897
315739062053718487268797492582741783530840174089177890854179834420846841808
370726114234429303110260429703901788792043751366059898899878135650094804719
425713166415140118951723366825061794051912887988349991402582810967845637390
26613594135787423328202049010190788125156848407507977581637153763833359405
81600646316498239169664986131350793386360425684389985627335454993081322316
136587698497209055011127923252510798647564002961271993673033756222329285227
191574750677919870852590860373670803908767580238154001718732057451577248138
246561802858630686694053797494830809169971157515036009764430358680825211049
301548855039341502535516734615990814431174734791918017810128659910073173960
356535907220052318376979671737150819692378312068800025855826961139321136871
411522959400763134218442608858310824953581889345682033901452922195731023110
12423387121410438594921291043439819025491409110248104537585979253059691557
67410439302121254436384228164599824286694986387130112583284280482307654468
122397491482832070277847165285759829547898563664012120628982581711555617379
177384543663542886119310102406919834809102140940894128674680882940803580290
232371595844253701960773039528079840070305718217776136720379184170051543201
287358648024964517802235976649239845331509295494658144766077485399299506112
342345700205675333643698913770399850592712872771540152811775786628547469023
397332752386386149485161850891559855853916450048422160857474087857795431934
450546028690299842234964693266875989977661847413146684772665992273196686365
53220232287744269703103470197848855187029547089870239539233105971533986620
108207284468455085544566407319008860448233124366752247584931407200781949531
163194336649165901386029344440168865709436701643634255630629708430029912442
218181388829876717227492281561328870970640278920516263676328009659277875353
273168441010587533068955218682488876231843856197398271722026310888525838264
328155493191298348910418155803648881493047433474280279767724612117773801175
383142545372009164751881092924808886754251010751162287813422913347021764086
438129597552719980593247873463012600949832103508693688224070627023505265685
39030025273367284969822712231097886087364107792610366495181931460760318772
94017077454078100811285649352257891348567685069492374540880232690008281683
149004129634788916652748586473417896609771262346374382586578533919256244594
203991181815499732494211523594577901870974839623256390632276835148504207505
258978233996210548335674460715737907132178416900138398677975136377752170416
313965286176921364177137397836897912393381994177020406723673437607000133327
368952338357632180018600334958057917654585571453902414769371738836248096238
423939390538342995860063272079217922915783936071977423144980221214279273485
24839818258990300236541954264346916987698668495350493451130756949986650924
79826870439701116078004891385506922248902245772232501496829058179234613835
134813922620411931919467828506666927510105823049114509542527359408482576746
189800974801122747760930765627826932771309400325996517588225660637730539657
244788026981833563602393702748986938032512977602878525633923961866978502568
299775079162544379443856639870146943293716554879760533679622263096226465479
354762131343255195285319576991306948554920132156642541725320564325474428390
409749183523966011126782514112466953816123709433524549771018582975922242565
10649611244613315503261196297595947888033229198090620407079582439212983076
65636663425324131344724133418755953149236806474972628452777883668460945987
120623715606034947186187070539915958410440383751854636498476184897708908898
175610767786745763027650007661075963671643961028736644544174486126956871809
230597819967456578869112944782235968932847538305618652589872787356204834720
285584872148167394710575881903395974194051115582500660635571088585452797631
340571924328878210552038819024555979455254692859382668681269389814700760542
395558976509589026393501756145715984716458270136264676726967691043948723453
450539099878281103472887896021775037356031151397864819600281201660642597660
51446456410947146611443375452004984049571367177712755408726709157687278139
106433508591657962452906312573164989310774944454594763454425010386935241050
161420560772368778294369249694324994571978521731476771500123311616183203961
216407612953079594135832186815484999833182099008358779545821612845431166872
271394665133790409977295123936645005094385676285240787591519914074679129783
326381717314501225818758061057805010355589253562122795637218215303927092694
381368769495212041660220998178965015616792830839004803682916516533175055605
436355821675922857501683559688472847866021320285733098417540401404795032340
37256249396570161878162617485254014949905927880452882364675534646913610291
92243301577280977719625554606414020211109505157334890410373835876161573202
147230353757991793561088491727574025472313082434216898456072137105409536113
202217405938702609402551428848734030733516659711098906501770438334657499024
257204458119413425244014365969894035994720236987980914547468739563905461935
312191510300124241085477303091054041255923814264862922593167040793153424846
367178562480835056926940240212214046517127391541744930638865342022401387757
422165614661545872768403177333374051778330948456678473842102354896761785100
23066042382193177144881859518503045850240488583193009320624360136139942443
78053094562903992986344796639663051111444065860075017366322661365387905354
133040146743614808827807733760823056372647643136957025412020962594635868265
188027198924325624669270670881983061633851220413839033457719263823883831176
243014251105036440510733608003143066895054797690721041503417565053131794087
298001303285747256352196545124303072156258374967603049549115866282379756998
352988355466458072193659482245463077417461952244485057594814167511627719909
407975407647168888035122419366623082678665529521367065640512467637052244740
8875835367816192411601101551752076750575049285933136276573185625366274595
63862887548527008253064038672912082011778626562815144322271486854614237506
118849939729237824094526975794072087272982203839697152367969788083862200417
173836991909948639935989912915232092534185781116579160413668089313110163328
228824044090659455777452850036392097795389358393461168459366390542358126239
283811096271370271618915787157552103056592935670343176505064691771606089150
338798148452081087460378724278712108317796512947225184550762993000854052061
393785200632791903301841661399872113579000090224107192596461294230102014972
448772225747830770945015236031793443244025422594679505856329967371019688475
49672680534150023519783280706161112912113187265555271278220312343840569658
104659732714860839361246217827321118173316764542437279323918613573088532569
159646784895571655202709154948481123434520341819319287369616914802336495480
214633837076282471044172092069641128695723919096201295415315216031584458391
269620889256993286885635029190801133956927496373083303461013517260832421302
324607941437704102727097966311961139218131073649965311506711818490080384213
379594993618414918568560903433121144479334650926847319552410119719328347124
434582045799125734410023839087048133439710200516892789655487036509679325715
35482473519773038786502522739410143812447747968295398234169137833066901810
90469525700483854627965459860570149073651325245177406279867439062314864721
145456577881194670469428396981730154334854902522059414325565740291562827632
200443630061905486310891334102890159596058479798941422371264041520810790543
255430682242616302152354271224050164857262057075823430416962342750058753454
310417734423327117993817208345210170118465634352705438462660643979306716365
365404786604037933835280145466370175379669211629587446508358945208554679276
420391838784748749676743082587530180640872788826930593363266382030166362635
21292266505396054053221764772659174712782308671035525190117963322293233962
76279318686106869894684701893819179973985885947917533235816264551541196873
131266370866817685736147639014979185235189463224799541281514565780789159784
186253423047528501577610576136139190496393040501681549327212867010037122695
241240475228239317419073513257299195757596617778563557372911168239285085606
296227527408950133260536450378459201018800195055445565418609469468533048517
351214579589660949101999387499619206280003772332327573464307770697781011428
406201631770371764943462324620779211541207349609209581510006071922717164035
7102059491019069319941006805908205613116869373775652146066788811519566114
62089111671729885161403943927068210874320446650657660191765090040767529025
117076163852440701002866881048228216135524023927539668237463391270015491936
172063216033151516844329818169388221396727601204421676283161692499263454847
227050268213862332685792755290548226657931178481303684328859993728511417758
282037320394573148527255692411708231919134755758185692374558294957759380669
337024372575283964368718629532868237180338333035067700420256596187007343580
392011424755994780210181566654028242441541910311949708465954897416255306491
4244504319
4
176
115295540042311128108307153670796302824053758281293292159195738388621054553
155974356356033525805950051320756950683608993030774728480463081536866176083
92692536543106355179589425000781002828598498885521486039994153499104265554
150805107563013037836758633422895592468487280347691321027358652822423630947
156077531542075929647588272207575586722585096695609341428577381993681219150
85501215718597402078193302904114143747557449577988445235931497632132393327
207255408197258056480855201792302649399247392715207790399765104813366536303
200201852830683987543482622219412471305421130002179298351397798852659996981
207511065922553685393741968100624230880923875058706339208092709017345472836
145215878950316526975236793537590157583771879830001095151955583513142310187
188060252664734963474247770608139800601498779602630352184781229556015246127
210705200465444023591594938920199053571019303756057385220554317030043571543
124510290478090289161522484065720218067656901705056262895787553644734071600
207248935309708938457852307786442630369851958890255104146991231868487356997
152441087375082444356122027402883003208622327753218900830525048373287871064
124020212348250209632826584200789650601404724205080390000755614254112459386
177183956077055533835045991026573660912530653081233143204352431883798796657
135013935410307679011269744610833439983287799419025791297379925762838589281
133248142419552805231791445659238419476742750093098810172400683005912626293
173932404940731314487511359976775704522825643289062541562858596784120475473
85500891566504034323708064371165510323264383674681600560938096872486434150
196495453500327742087275138558227706948185002920836021958452326395442442102
99393810097100044896366258644903781672915756859996914300485276468920800838
184437774571622151441863015644740615775289024825538125793464913605726664564
135006582610557693991650410416693252594353603801906187792090139828688072786
124248133010610651611553080832308774799064391321991466254723735241833404209
212714206280733900752018957274195419055388131848588619401041719885239318883
90676475118162682301419240943854545138382002889937441479881357668559449419
185881103023453452101764459678290901510200210996569977768127228474582584135
186286500268873653719759474755426598883127639892090554366092694012367697228
192962184519375532589894235736527386020909490588441604433440750657529663536
138313239543830235674960000682972510498648011991822542324102284080125928046
95957956976135731969819577852689920336950295746932484559603045211959158327
83492185247874341334588057353943718301798203146440392954212349813833680466
157858663594791961293092969954091454747253914450956551055949760827296543564
147010386597477408555333963753071537605980376326947941828937041869393317445
145470541763245534704880233472727504205933707982658923788734828243582413940
175527537270646282728932344261859775202556003824653500843994394326382175086
138148060176614748809365147647416840108557640243712296097688141113449859689
196929615628671199866874363214465137481066522680987484782747370784158008168
196902062678020519910087751575508535222887513842264717235683435995248998249
94453484534514344801484072102267744740735255421355876417976740813107853881
120712849932079808345161248775274670629330513893128030930206548185996356917
76709034147442147123153072885883542276681412173474390012450868333535834923
83864879233902204207569650265074197796903537308451190192733281761651737173
154202062957899476865784079768015630478817883800464225383516409643882662979
85618225262915998360849265612950880284601461264444768990411282161532027986
122507920467267434539513629220803889323380069852203719441760066359398920290
155966995654983173384708408909911163965480320128980563588141797331930667082
216247466731388886388205443493083612293892608282424079856477958244745701721
200181116505153943614050390023835860413440398313425511764996891081077122927
171904665839829658115016542906669496111346964364486206165031741693375964468
207400530035870698258462648836830746447607903603545318653207841944924484399
143448600104730787080324082186626265056726447145654360610041266745610351989
180985960972630856860024763585770765594669705148972649439179036931829414191
208876210714541147941205535785496040264802927006557400004835802363735855446
124399754591407302099900602456866564138296095534518085372393156409255754103
205481628977615073223817394501868755853934825802422995188169171458649706800
145366803581400212883688024282920524449412524822402283731029223096783233367
87406421042424948949394151588255333131231820836938878242494023081640085113
175272064393990371606486371483485864883867710489475094984819800481362168173
133239627917064189766019829976337212521085511839876773334777212083175321419
126173823240940575110256933001010599775638574021497424754626589877761815413
135034135456436019722509884414807617304532953860158140834560199230495078224
85348945201330534678103592538327950128854570846872766795790622209233741154
194728012895060306457169832807708106742339440749079540411187631537547390822
97502729911435647272919597139899361020128013559199825481665733062554375494
145498094716494671124631539474802488042960140147124803593534012259226448755
134854636245803605175499883352372242896662137007574181215011356618041420622
122480691773471196611188465963264219405400817431224969531440573312017258348
205639913956756044273572402055951437582873116427511851879778172452781324387
194892817985687177616699307689718758772697281938520086550008276443412588874
186288198112779851480726215559312948605171225276162597965201258052850693699
184521243419287987932561720356855355861772729626010718196348933356288898103
185887900725693301265627034734655927539779306263429661995026372779526279034
101181817262415093537596243670374772084312404441805311983752672802530875501
93942539097892815355114584230335163925874933300710439116431264872936722483
76302020969977956657267611478293442265725962008262752660919431037464102466
150784352314591962846087256624741884901894013593023174820740888085044097612
118713199532585015700677999993576129936553145548730707573016409557549009476
145360005876152778442000370175063083490523132941660925345041083765211223664
173760258425058942320197172295110355035333579394314488222433586622504592216
131591399460519928226617942568620828031756826369899021962938225920047401321
158031346251624462925155861902150356738386068377841905678154971020828617575
196791526791337495185757805953193132976035661632742478594330443584470544997
92686205688928605053403589760650632926340131010983534723312615599813589619
83602158138743168127447498480958679091769580837316803377848465158978169909
207428082989120305845855279319678383404919794470185592512099718664251472441
83857734742687739849560316659079264151176129586773455875484381313736472657
152434784112313737117991321792238127377328834254484941669444044078388956025
211057463321821544100192939285680228211025016641489370841424923779832103761
85376498185852292401575186380515247058349744725117218910661430564767558753
154057125967916409130580453469275533272034973328323141849714481790120577094
214473151339723528768666834978500507074828159766049406022498802702037313865
193106797357394923915852942541823185461606235040066985081094049425595459183
133006396355413748840271753700254086342434880445442896174568225213656490291
207248583670697669763286861822916808606911447785463660837862926329480635191
141681159499463443767750142217786324821389549917420113395024553221414401381
173911668648652993621261474732211124343055685334236749850648609412370282543
180599270646111747114656187252105420493388232534278758046691589301622820181
124247646466973210379911417003077743326841685828743033332549676325870987635
203714188372349368234796009004780833393975734613382016829355851260440498539
138292511254954099569259660003116645091596090899389001270717473440324409943
191622763909959085892939772275766260012426358973611815648538853225746612856
175679159483316639166311684244211896968376754548258620942124983757826438249
131474371067478486684010601834504536376722758467530813049300426309922811446
119099539447258343784942501769919506794276470815768074562102103507528528500
97902713175020877585150218145292768087463877243250564813856412839764112207
215950583376644197168293530417473460384407380748676314890772490435834498904
192953293104195035734560343925627864959281193717648366588053635569305464656
90407255073111577201940624145225928066052170779751343241783632793413702726
117200907651602240607365163395223020032511960684388598012669528379395108722
134744100358831369265911383493936713960453436887346770143699166648073278794
120713412927883856202453293996514799246153760975595452141898288421356001110
198565622264651931406767590287484648597034968244578364279238775742517573475
155996570604640476972965406403535504502317633028061886369244073158750725449
186136251748025762664547627663561718992895129751540935546823943991275188267
182753964573702248037649009006025267805918480681441652993534542028391674994
178813609033589194651402905347537311633444389721199169202795166235241369210
203513983379743663402577054376376874160362873065841948947179433715678532716
94453160382430620662625139724217175024032114481556967251195518194541080442
101037851968706530770035302529295883777757113878108614424945164338186110328
143710060622487856231864251160927329967093886405731717411246368101883408715
214612938054285369286220376258977828806574867993205711787563666464921962051
143448114193087616213440750631975287465847874337257624744219873517845825132
171985950931815453442746187468427453587109824611498801210646248719876776776
124517080281907698105083429876139063713684920280379457560787820038538217577
129734159155999379981127018111037048473615723827545445603350276324929975910
196639580426163995540153334120355572781625848804933715664680195473221640801
90918765083661263581261011841884613090822426583568534289349818321898142307
97730030592105917204299136533898746201845167257523965014637655732115237685
179130895998275618044246100210707469803040934855274377074386322461071668792
83747277945545437502581608266370707042694040936491117430335380481462593613
150667342875174282117626816535816346280206606569696138914291799283020614505
203983170997843687621746384495610554450605865854029703687224384442637369937
189592841053376787716855253126379455588429824195766966805225603668936583258
154464221057242714353016178550086122830164639492919520511456844407870993218
212707894490137825171739105105729174621830789322528410212647919872918382644
186032513563712692444855653991422477507107382447203782841242480925998212462
95874974073998606702907996687656347928099272895407517779824946211627751218
205336691987632507534729503125808597711329787808053246660910445962599222579
140424475083807378432269149161883818454997819184223414546648969942881940815
156236265501686082861668306408836313240315775088014032246685930227693139759
141700918522400088465108880622500770047706728042157920334266713419008854356
124137110580000974323203345221516886029925872627716720029499424435715396463
201946909526762498608690881426465901093241185481661759546736931817077690709
131218219562849986702454848234649856105789096497606722635928149084799785303
152724494532912348951221270963451479269745782976008614633923909778909510007
175527221016984425491922098692312743631383084044702143597668873588745727845
129706930462212781694989106724793839620222321072512140722357033725577162352
76688306459586550578478858973375282382948676630813496656235060960381055348
202119056045023271364102957683706528427901306391168995480561525565465066062
216350318400540011894328611709293781095641952891738958003910876220651481940
191188440653809377206959509532282923049305886309760429380458452232550361903
215950021012215648094982745491141120976959899144911874665933398605895652165
212583015197712712738401419820247594281982028118846664495730425280512355185
133351861647653376942521610900480520830836975343769881670790635669075084614
118939097536218498582914685481931694027104889349796382790804724367534610246
191491303116892911710006857375033744449942908614955514669362556648664954467
127699383508894873675720402201443801357210422294889797240852473915094163784
186025715860933477184297514992502682632485870593141339999656738152619334198
180986523968434904725075069037185327570581583453207406055218989545414489186
171739316709611331780444158399570457805151963100777103524863574253204032890
175299617345060462367825746075634475044271863475285979842377442270672932971
94342624495747633600900103868322757392774775186186220315891950240622409334
99270573432064309321909119448893947460724621822442830082272194852392420712
136635768296041742917435887309297758321373317116335535317997629840481022027
186315751063440681511018684392442422890208488335432294132796871387454128706
143855209282413883773266063392701319530418499647689850321933014819033985384
159619611693559444015438244514323940341778881341824923107942436414804025907
117442796488225466632074740928351876632980463714581977838419165222316492648
92602736874584237843194187437035756875791300850216575599047125908333408869
194727688743098833311595959443782194350117366441065771009704123338327346263
89144449691995905961722412158731115626184076827406155900849491494172392013
90657733409493723380749223901802452973041513971844939577274763804762991157
140191216029608323298258894380600079598966211349611452505070506817068888631
3409281178492419389
8
