46
2
151357606918914044358388629479984801729408114683321505766557518006452595285
300955241664352344014935530710202338322427762916836947512573669524458067370
21930
2
2
152621345584123143339100392999060274799583018028625506791183845208179698775
200249895451145410271580978494102371486941551511119260653644562641410486636
140515040393279808479401477381431048584647182418638439201586493
26
2
151357606918914044358388629479984801729408114683321505766557518006452595285
300955241664352344014935530710202338322427762916836947512573669524458067370
5614165
3
2
152621345584123143339100392999060274799583018028625506791183845208179698775
200249895451145410271580978494102371486941551511119260653644562641410486636
140515040393279808479401477381431048584647182418638439201920317
26
2
151357606918914044358388629479984801729408114683321505766557518006452595285
300955241664352344014935530710202338322427762916836947512573669524458067370
1437226410
4
2
152621345584123143339100392999060274799583018028625506791183845208179698775
200249895451145410271580978494102371486941551511119260653644562641410486636
140515040393279808479401477381431048584647182418638439201920881
26
2
151357606918914044358388629479984801729408114683321505766557518006452595285
300955241664352344014935530710202338322427762916836947512573669524458067370
367929961045
5
2
152621345584123143339100392999060274799583018028625506791183845208179698775
200249895451145410271580978494102371486941551511119260653644562641410486636
603507503085255755596172835007330071350046736186598277220734525722672445
30
2
151357606918914044358388629479984801729408114683321505766557518006452595285
300955241664352344014935530710202338322427762916836947512573669524458067370
94190070027690
6
2
152621345584123143339100392999060274799583018028625506791183845208179698775
200249895451145410271580978494102371486941551511119260653644562641410486636
603507503085255755596172835007330071350046736186598277220734525723733821
30
2
151357606918914044358388629479984801729408114683321505766557518006452595285
300955241664352344014935530710202338322427762916836947512573669524458067370
24112657927088725
7
2
152621345584123143339100392999060274799583018028625506791183845208179698775
200249895451145410271580978494102371486941551511119260653644562641410486636
603507503085255755596172835007330071350046736186598277220734525723734102
30
2
151357606918914044358388629479984801729408114683321505766557518006452595285
300955241664352344014935530710202338322427762916836947512573669524458067370
6172840429334713770
8
3
152621345584123143339100392999060274799583018028625506791183845208179698775
200249895451145410271580978494102371486941551511119260653644562641410486636
154497920789825473432620245761876498265611964463769158968508038585275930225
6765885
3
2
151357606918914044358388629479984801729408114683321505766557518006452595285
300955241664352344014935530710202338322427762916836947512573669524458067370
1580247149909686725205
9
3
152621345584123143339100392999060274799583018028625506791183845208179698775
200249895451145410271580978494102371486941551511119260653644562641410486636
154497920789825473432620245761876498265611964463769158968508038585275930225
7099709
3
2
151357606918914044358388629479984801729408114683321505766557518006452595285
300955241664352344014935530710202338322427762916836947512573669524458067370
404543270376879801652650
10
3
152621345584123143339100392999060274799583018028625506791183845208179698775
200249895451145410271580978494102371486941551511119260653644562641410486636
154497920789825473432620245761876498265611964463769158968508038585275930225
7100273
3
2
151357606918914044358388629479984801729408114683321505766557518006452595285
300955241664352344014935530710202338322427762916836947512573669524458067370
103563077216481229223078485
11
3
152621345584123143339100392999060274799583018028625506791183845208179698775
200249895451145410271580978494102371486941551511119260653644562641410486636
154497920789825473432620245761876498265611964463769158968508038585275930225
30495441775836477
7
2
151357606918914044358388629479984801729408114683321505766557518006452595285
300955241664352344014935530710202338322427762916836947512573669524458067370
26512147767419194681108092330
12
3
152621345584123143339100392999060274799583018028625506791183845208179698775
200249895451145410271580978494102371486941551511119260653644562641410486636
154497920789825473432620245761876498265611964463769158968508038585275930225
30495441776897853
7
2
151357606918914044358388629479984801729408114683321505766557518006452595285
300955241664352344014935530710202338322427762916836947512573669524458067370
6787109828459313838363671636565
13
3
152621345584123143339100392999060274799583018028625506791183845208179698775
200249895451145410271580978494102371486941551511119260653644562641410486636
154497920789825473432620245761876498265611964463769158968508038585275930225
30495441776898134
7
2
151357606918914044358388629479984801729408114683321505766557518006452595285
300955241664352344014935530710202338322427762916836947512573669524458067370
1737500116085584342621099938960810
14
3
152621345584123143339100392999060274799583018028625506791183845208179698775
200249895451145410271580978494102371486941551511119260653644562641410486636
154497920789825473432620245761876498265611964463769158968508038585275930225
130976925108849615756016957
11
2
151357606918914044358388629479984801729408114683321505766557518006452595285
300955241664352344014935530710202338322427762916836947512573669524458067370
444800029717909591711001584373967445
15
3
152621345584123143339100392999060274799583018028625506791183845208179698775
200249895451145410271580978494102371486941551511119260653644562641410486636
154497920789825473432620245761876498265611964463769158968508038585275930225
130976925108849615756350781
11
2
151357606918914044358388629479984801729408114683321505766557518006452595285
300955241664352344014935530710202338322427762916836947512573669524458067370
113868807607784855478016405599735666090
16
3
152621345584123143339100392999060274799583018028625506791183845208179698775
200249895451145410271580978494102371486941551511119260653644562641410486636
154497920789825473432620245761876498265611964463769158968508038585275930225
130976925108849615756351345
11
2
151357606918914044358388629479984801729408114683321505766557518006452595285
300955241664352344014935530710202338322427762916836947512573669524458067370
29150414747592923002372199833532330519125
17
3
152621345584123143339100392999060274799583018028625506791183845208179698775
200249895451145410271580978494102371486941551511119260653644562641410486636
154497920789825473432620245761876498265611964463769158968508038585275930225
562541609873150339855695332508777789
15
2
151357606918914044358388629479984801729408114683321505766557518006452595285
300955241664352344014935530710202338322427762916836947512573669524458067370
7462506175383788288607283157384276612896170
18
3
152621345584123143339100392999060274799583018028625506791183845208179698775
200249895451145410271580978494102371486941551511119260653644562641410486636
154497920789825473432620245761876498265611964463769158968508038585275930225
562541609873150339855695332509839165
15
2
151357606918914044358388629479984801729408114683321505766557518006452595285
300955241664352344014935530710202338322427762916836947512573669524458067370
1910401580898249801883464488290374812901419605
19
3
152621345584123143339100392999060274799583018028625506791183845208179698775
200249895451145410271580978494102371486941551511119260653644562641410486636
154497920789825473432620245761876498265611964463769158968508038585275930225
562541609873150339855695332509839446
15
2
151357606918914044358388629479984801729408114683321505766557518006452595285
300955241664352344014935530710202338322427762916836947512573669524458067370
489062804709951949282166909002335952102763419050
20
3
152621345584123143339100392999060274799583018028625506791183845208179698775
200249895451145410271580978494102371486941551511119260653644562641410486636
154497920789825473432620245761876498265611964463769158968508038585275930225
2416097817044371418171496812469606020683349309
19
2
151357606918914044358388629479984801729408114683321505766557518006452595285
300955241664352344014935530710202338322427762916836947512573669524458067370
125200078005747699016234728704598003738307435276885
21
3
152621345584123143339100392999060274799583018028625506791183845208179698775
200249895451145410271580978494102371486941551511119260653644562641410486636
154497920789825473432620245761876498265611964463769158968508038585275930225
2416097817044371418171496812469606020683683133
19
2
151357606918914044358388629479984801729408114683321505766557518006452595285
300955241664352344014935530710202338322427762916836947512573669524458067370
32051219969471410948156090548377088957006703430882730
22
3
152621345584123143339100392999060274799583018028625506791183845208179698775
200249895451145410271580978494102371486941551511119260653644562641410486636
154497920789825473432620245761876498265611964463769158968508038585275930225
2416097817044371418171496812469606020683683697
19
2
151357606918914044358388629479984801729408114683321505766557518006452595285
300955241664352344014935530710202338322427762916836947512573669524458067370
8205112312184681202727959180384534772993716078305978965
23
3
152621345584123143339100392999060274799583018028625506791183845208179698775
200249895451145410271580978494102371486941551511119260653644562641410486636
154497920789825473432620245761876498265611964463769158968508038585275930225
10377061108142566621923718928925202852841121040871537981
23
2
151357606918914044358388629479984801729408114683321505766557518006452595285
300955241664352344014935530710202338322427762916836947512573669524458067370
2100508751919278387898357550178440901886391316046330615210
24
3
152621345584123143339100392999060274799583018028625506791183845208179698775
200249895451145410271580978494102371486941551511119260653644562641410486636
154497920789825473432620245761876498265611964463769158968508038585275930225
10377061108142566621923718928925202852841121040872599357
23
2
151357606918914044358388629479984801729408114683321505766557518006452595285
300955241664352344014935530710202338322427762916836947512573669524458067370
537730240491335267301979532845680870882916176907860637493845
25
3
152621345584123143339100392999060274799583018028625506791183845208179698775
200249895451145410271580978494102371486941551511119260653644562641410486636
154497920789825473432620245761876498265611964463769158968508038585275930225
10377061108142566621923718928925202852841121040872599638
23
2
151357606918914044358388629479984801729408114683321505766557518006452595285
300955241664352344014935530710202338322427762916836947512573669524458067370
137658941565781828429306760408494302946026541288412323198424490
26
3
152621345584123143339100392999060274799583018028625506791183845208179698775
200249895451145410271580978494102371486941551511119260653644562641410486636
154497920789825473432620245761876498265611964463769158968508038585275930225
44569138088065842946663569406429894683118515554525294749614030141
27
2
151357606918914044358388629479984801729408114683321505766557518006452595285
300955241664352344014935530710202338322427762916836947512573669524458067370
35240689040840148077902530664574541554182794569833554738796669525
27
3
152621345584123143339100392999060274799583018028625506791183845208179698775
200249895451145410271580978494102371486941551511119260653644562641410486636
154497920789825473432620245761876498265611964463769158968508038585275930225
44569138088065842946663569406429894683118515554525294749614363965
27
2
151357606918914044358388629479984801729408114683321505766557518006452595285
300955241664352344014935530710202338322427762916836947512573669524458067370
9021616394455077907943047850131082637870795409877390013131947398570
28
3
152621345584123143339100392999060274799583018028625506791183845208179698775
200249895451145410271580978494102371486941551511119260653644562641410486636
154497920789825473432620245761876498265611964463769158968508038585275930225
44569138088065842946663569406429894683118515554525294749614364529
27
2
151357606918914044358388629479984801729408114683321505766557518006452595285
300955241664352344014935530710202338322427762916836947512573669524458067370
2309533796980499944433420249633557155294923624928611843361778534034005
29
4
152621345584123143339100392999060274799583018028625506791183845208179698775
200249895451145410271580978494102371486941551511119260653644562641410486636
154497920789825473432620245761876498265611964463769158968508038585275930225
191422990499150763350592302915242529780718307598753445754354204265325608253
0
0
2
151357606918914044358388629479984801729408114683321505766557518006452595285
300955241664352344014935530710202338322427762916836947512573669524458067370
591240652027007985774955583906190631755500447981724631900615304712705450
30
4
152621345584123143339100392999060274799583018028625506791183845208179698775
200249895451145410271580978494102371486941551511119260653644562641410486636
154497920789825473432620245761876498265611964463769158968508038585275930225
191422990499150763350592302915242529780718307598753445754354204265326669629
0
0
3
151357606918914044358388629479984801729408114683321505766557518006452595285
300955241664352344014935530710202338322427762916836947512573669524458067370
151357606918914044358388629479984801729408114683321505766557518006452595285
0
0
4
152621345584123143339100392999060274799583018028625506791183845208179698775
200249895451145410271580978494102371486941551511119260653644562641410486636
154497920789825473432620245761876498265611964463769158968508038585275930225
191422990499150763350592302915242529780718307598753445754354204265326669910
0
0
3
151357606918914044358388629479984801729408114683321505766557518006452595285
300955241664352344014935530710202338322427762916836947512573669524458067370
151357606918914044358388629479984801729408114683321505766557518006452595285
170
1
4
152621345584123143339100392999060274799583018028625506791183845208179698775
200249895451145410271580978494102371486941551511119260653644562641410486636
154497920789825473432620245761876498265611964463769158968508038585275930225
191422990499150763350592302915242529780718307598753445754354204265326669910
1902591293
4
3
151357606918914044358388629479984801729408114683321505766557518006452595285
300955241664352344014935530710202338322427762916836947512573669524458067370
151357606918914044358388629479984801729408114683321505766557518006452595285
43605
2
4
152621345584123143339100392999060274799583018028625506791183845208179698775
200249895451145410271580978494102371486941551511119260653644562641410486636
154497920789825473432620245761876498265611964463769158968508038585275930225
191422990499150763350592302915242529780718307598753445754354204265326669910
1902925117
4
3
151357606918914044358388629479984801729408114683321505766557518006452595285
300955241664352344014935530710202338322427762916836947512573669524458067370
151357606918914044358388629479984801729408114683321505766557518006452595285
11163050
3
4
152621345584123143339100392999060274799583018028625506791183845208179698775
200249895451145410271580978494102371486941551511119260653644562641410486636
154497920789825473432620245761876498265611964463769158968508038585275930225
191422990499150763350592302915242529780718307598753445754354204265326669910
1902925681
4
4
151357606918914044358388629479984801729408114683321505766557518006452595285
300955241664352344014935530710202338322427762916836947512573669524458067370
151357606918914044358388629479984801729408114683321505766557518006452595285
300955241664352344014935530710202338322427762916836947512573669524458067370
5614165
3
5
152621345584123143339100392999060274799583018028625506791183845208179698775
200249895451145410271580978494102371486941551511119260653644562641410486636
154497920789825473432620245761876498265611964463769158968508038585275930225
191422990499150763350592302915242529780718307598753445754354204265326669910
200401464376594736912250868767212458420461611236002572915219446856477466992
29415048860334276501828202132276253900093
17
4
151357606918914044358388629479984801729408114683321505766557518006452595285
300955241664352344014935530710202338322427762916836947512573669524458067370
151357606918914044358388629479984801729408114683321505766557518006452595285
300955241664352344014935530710202338322427762916836947512573669524458067370
1437226410
4
5
152621345584123143339100392999060274799583018028625506791183845208179698775
200249895451145410271580978494102371486941551511119260653644562641410486636
154497920789825473432620245761876498265611964463769158968508038585275930225
191422990499150763350592302915242529780718307598753445754354204265326669910
200401464376594736912250868767212458420461611236002572915219446856477466992
29415048860334276501828202132276254961469
17
4
151357606918914044358388629479984801729408114683321505766557518006452595285
300955241664352344014935530710202338322427762916836947512573669524458067370
151357606918914044358388629479984801729408114683321505766557518006452595285
300955241664352344014935530710202338322427762916836947512573669524458067370
367929961045
5
5
152621345584123143339100392999060274799583018028625506791183845208179698775
200249895451145410271580978494102371486941551511119260653644562641410486636
154497920789825473432620245761876498265611964463769158968508038585275930225
191422990499150763350592302915242529780718307598753445754354204265326669910
200401464376594736912250868767212458420461611236002572915219446856477466992
29415048860334276501828202132276254961750
17
8
151357606918914044358388629479984801729408114683321505766557518006452595285
300955241664352344014935530710202338322427762916836947512573669524458067370
151357606918914044358388629479984801729408114683321505766557518006452595285
300955241664352344014935530710202338322427762916836947512573669524458067370
151357606918914044358388629479984801729408114683321505766557518006452595285
300955241664352344014935530710202338322427762916836947512573669524458067370
151357606918914044358388629479984801729408114683321505766557518006452595285
300955241664352344014935530710202338322427762916836947512573669524458067370
24112657927088725
7
10
152621345584123143339100392999060274799583018028625506791183845208179698775
200249895451145410271580978494102371486941551511119260653644562641410486636
154497920789825473432620245761876498265611964463769158968508038585275930225
191422990499150763350592302915242529780718307598753445754354204265326669910
200401464376594736912250868767212458420461611236002572915219446856477466992
152731665791162125535227065020012916026868543300193865448908209275448415841
198483479324675771966201300805941299225908151697335705596529692237255635286
172159491374615294703822831403336304235367141714502756537782245635685898097
152621345584123143339100392999060274799583018028625506791183845208179698775
200249895451145410271580978494102371486941551511119260653644562641410486636
603507503085255755596172835007330071350046736186598277220734525723734102
30
8
151357606918914044358388629479984801729408114683321505766557518006452595285
300955241664352344014935530710202338322427762916836947512573669524458067370
151357606918914044358388629479984801729408114683321505766557518006452595285
300955241664352344014935530710202338322427762916836947512573669524458067370
151357606918914044358388629479984801729408114683321505766557518006452595285
300955241664352344014935530710202338322427762916836947512573669524458067370
151357606918914044358388629479984801729408114683321505766557518006452595285
300955241664352344014935530710202338322427762916836947512573669524458067370
6172840429334713770
8
11
152621345584123143339100392999060274799583018028625506791183845208179698775
200249895451145410271580978494102371486941551511119260653644562641410486636
154497920789825473432620245761876498265611964463769158968508038585275930225
191422990499150763350592302915242529780718307598753445754354204265326669910
200401464376594736912250868767212458420461611236002572915219446856477466992
152731665791162125535227065020012916026868543300193865448908209275448415841
198483479324675771966201300805941299225908151697335705596529692237255635286
172159491374615294703822831403336304235367141714502756537782245635685898097
152621345584123143339100392999060274799583018028625506791183845208179698775
200249895451145410271580978494102371486941551511119260653644562641410486636
154497920789825473432620245761876498265611964463769158968508038585275930225
6765885
3
8
151357606918914044358388629479984801729408114683321505766557518006452595285
300955241664352344014935530710202338322427762916836947512573669524458067370
151357606918914044358388629479984801729408114683321505766557518006452595285
300955241664352344014935530710202338322427762916836947512573669524458067370
151357606918914044358388629479984801729408114683321505766557518006452595285
300955241664352344014935530710202338322427762916836947512573669524458067370
151357606918914044358388629479984801729408114683321505766557518006452595285
300955241664352344014935530710202338322427762916836947512573669524458067370
1580247149909686725205
9
11
152621345584123143339100392999060274799583018028625506791183845208179698775
200249895451145410271580978494102371486941551511119260653644562641410486636
154497920789825473432620245761876498265611964463769158968508038585275930225
191422990499150763350592302915242529780718307598753445754354204265326669910
200401464376594736912250868767212458420461611236002572915219446856477466992
152731665791162125535227065020012916026868543300193865448908209275448415841
198483479324675771966201300805941299225908151697335705596529692237255635286
172159491374615294703822831403336304235367141714502756537782245635685898097
152621345584123143339100392999060274799583018028625506791183845208179698775
200249895451145410271580978494102371486941551511119260653644562641410486636
154497920789825473432620245761876498265611964463769158968508038585275930225
7099709
3
16
151357606918914044358388629479984801729408114683321505766557518006452595285
300955241664352344014935530710202338322427762916836947512573669524458067370
151357606918914044358388629479984801729408114683321505766557518006452595285
300955241664352344014935530710202338322427762916836947512573669524458067370
151357606918914044358388629479984801729408114683321505766557518006452595285
300955241664352344014935530710202338322427762916836947512573669524458067370
151357606918914044358388629479984801729408114683321505766557518006452595285
300955241664352344014935530710202338322427762916836947512573669524458067370
151357606918914044358388629479984801729408114683321505766557518006452595285
300955241664352344014935530710202338322427762916836947512573669524458067370
151357606918914044358388629479984801729408114683321505766557518006452595285
300955241664352344014935530710202338322427762916836947512573669524458067370
151357606918914044358388629479984801729408114683321505766557518006452595285
300955241664352344014935530710202338322427762916836947512573669524458067370
151357606918914044358388629479984801729408114683321505766557518006452595285
300955241664352344014935530710202338322427762916836947512573669524458067370
444800029717909591711001584373967445
15
22
152621345584123143339100392999060274799583018028625506791183845208179698775
200249895451145410271580978494102371486941551511119260653644562641410486636
154497920789825473432620245761876498265611964463769158968508038585275930225
191422990499150763350592302915242529780718307598753445754354204265326669910
200401464376594736912250868767212458420461611236002572915219446856477466992
152731665791162125535227065020012916026868543300193865448908209275448415841
198483479324675771966201300805941299225908151697335705596529692237255635286
172159491374615294703822831403336304235367141714502756537782245635685898097
152621345584123143339100392999060274799583018028625506791183845208179698775
200249895451145410271580978494102371486941551511119260653644562641410486636
154497920789825473432620245761876498265611964463769158968508038585275930225
191422990499150763350592302915242529780718307598753445754354204265326669910
200401464376594736912250868767212458420461611236002572915219446856477466992
152731665791162125535227065020012916026868543300193865448908209275448415841
198483479324675771966201300805941299225908151697335705596529692237255635286
172159491374615294703822831403336304235367141714502756537782245635685898097
152621345584123143339100392999060274799583018028625506791183845208179698775
200249895451145410271580978494102371486941551511119260653644562641410486636
154497920789825473432620245761876498265611964463769158968508038585275930225
191422990499150763350592302915242529780718307598753445754354204265326669910
200401464376594736912250868767212458420461611236002572915219446856477466992
152731665791162125535227065020012916026868543300193865448908209275448415825
15677
2
16
151357606918914044358388629479984801729408114683321505766557518006452595285
300955241664352344014935530710202338322427762916836947512573669524458067370
151357606918914044358388629479984801729408114683321505766557518006452595285
300955241664352344014935530710202338322427762916836947512573669524458067370
151357606918914044358388629479984801729408114683321505766557518006452595285
300955241664352344014935530710202338322427762916836947512573669524458067370
151357606918914044358388629479984801729408114683321505766557518006452595285
300955241664352344014935530710202338322427762916836947512573669524458067370
151357606918914044358388629479984801729408114683321505766557518006452595285
300955241664352344014935530710202338322427762916836947512573669524458067370
151357606918914044358388629479984801729408114683321505766557518006452595285
300955241664352344014935530710202338322427762916836947512573669524458067370
151357606918914044358388629479984801729408114683321505766557518006452595285
300955241664352344014935530710202338322427762916836947512573669524458067370
151357606918914044358388629479984801729408114683321505766557518006452595285
300955241664352344014935530710202338322427762916836947512573669524458067370
113868807607784855478016405599735666090
16
22
152621345584123143339100392999060274799583018028625506791183845208179698775
200249895451145410271580978494102371486941551511119260653644562641410486636
154497920789825473432620245761876498265611964463769158968508038585275930225
191422990499150763350592302915242529780718307598753445754354204265326669910
200401464376594736912250868767212458420461611236002572915219446856477466992
152731665791162125535227065020012916026868543300193865448908209275448415841
198483479324675771966201300805941299225908151697335705596529692237255635286
172159491374615294703822831403336304235367141714502756537782245635685898097
152621345584123143339100392999060274799583018028625506791183845208179698775
200249895451145410271580978494102371486941551511119260653644562641410486636
154497920789825473432620245761876498265611964463769158968508038585275930225
191422990499150763350592302915242529780718307598753445754354204265326669910
200401464376594736912250868767212458420461611236002572915219446856477466992
152731665791162125535227065020012916026868543300193865448908209275448415841
198483479324675771966201300805941299225908151697335705596529692237255635286
172159491374615294703822831403336304235367141714502756537782245635685898097
152621345584123143339100392999060274799583018028625506791183845208179698775
200249895451145410271580978494102371486941551511119260653644562641410486636
154497920789825473432620245761876498265611964463769158968508038585275930225
191422990499150763350592302915242529780718307598753445754354204265326669910
200401464376594736912250868767212458420461611236002572915219446856477466992
152731665791162125535227065020012916026868543300193865448908209275448415841
28477
2
16
151357606918914044358388629479984801729408114683321505766557518006452595285
300955241664352344014935530710202338322427762916836947512573669524458067370
151357606918914044358388629479984801729408114683321505766557518006452595285
300955241664352344014935530710202338322427762916836947512573669524458067370
151357606918914044358388629479984801729408114683321505766557518006452595285
300955241664352344014935530710202338322427762916836947512573669524458067370
151357606918914044358388629479984801729408114683321505766557518006452595285
300955241664352344014935530710202338322427762916836947512573669524458067370
151357606918914044358388629479984801729408114683321505766557518006452595285
300955241664352344014935530710202338322427762916836947512573669524458067370
151357606918914044358388629479984801729408114683321505766557518006452595285
300955241664352344014935530710202338322427762916836947512573669524458067370
151357606918914044358388629479984801729408114683321505766557518006452595285
300955241664352344014935530710202338322427762916836947512573669524458067370
151357606918914044358388629479984801729408114683321505766557518006452595285
300955241664352344014935530710202338322427762916836947512573669524458067370
29150414747592923002372199833532330519125
17
22
152621345584123143339100392999060274799583018028625506791183845208179698775
200249895451145410271580978494102371486941551511119260653644562641410486636
154497920789825473432620245761876498265611964463769158968508038585275930225
191422990499150763350592302915242529780718307598753445754354204265326669910
200401464376594736912250868767212458420461611236002572915219446856477466992
152731665791162125535227065020012916026868543300193865448908209275448415841
198483479324675771966201300805941299225908151697335705596529692237255635286
172159491374615294703822831403336304235367141714502756537782245635685898097
152621345584123143339100392999060274799583018028625506791183845208179698775
200249895451145410271580978494102371486941551511119260653644562641410486636
154497920789825473432620245761876498265611964463769158968508038585275930225
191422990499150763350592302915242529780718307598753445754354204265326669910
200401464376594736912250868767212458420461611236002572915219446856477466992
152731665791162125535227065020012916026868543300193865448908209275448415841
198483479324675771966201300805941299225908151697335705596529692237255635286
172159491374615294703822831403336304235367141714502756537782245635685898097
152621345584123143339100392999060274799583018028625506791183845208179698775
200249895451145410271580978494102371486941551511119260653644562641410486636
154497920789825473432620245761876498265611964463769158968508038585275930225
191422990499150763350592302915242529780718307598753445754354204265326669910
200401464376594736912250868767212458420461611236002572915219446856477466992
152731665791162125535227065020012916026868543300193865448908209275448415841
28758
2
33
151357606918914044358388629479984801729408114683321505766557518006452595285
300955241664352344014935530710202338322427762916836947512573669524458067370
151357606918914044358388629479984801729408114683321505766557518006452595285
300955241664352344014935530710202338322427762916836947512573669524458067370
151357606918914044358388629479984801729408114683321505766557518006452595285
300955241664352344014935530710202338322427762916836947512573669524458067370
151357606918914044358388629479984801729408114683321505766557518006452595285
300955241664352344014935530710202338322427762916836947512573669524458067370
151357606918914044358388629479984801729408114683321505766557518006452595285
300955241664352344014935530710202338322427762916836947512573669524458067370
151357606918914044358388629479984801729408114683321505766557518006452595285
300955241664352344014935530710202338322427762916836947512573669524458067370
151357606918914044358388629479984801729408114683321505766557518006452595285
300955241664352344014935530710202338322427762916836947512573669524458067370
151357606918914044358388629479984801729408114683321505766557518006452595285
300955241664352344014935530710202338322427762916836947512573669524458067370
151357606918914044358388629479984801729408114683321505766557518006452595285
300955241664352344014935530710202338322427762916836947512573669524458067370
151357606918914044358388629479984801729408114683321505766557518006452595285
300955241664352344014935530710202338322427762916836947512573669524458067370
151357606918914044358388629479984801729408114683321505766557518006452595285
300955241664352344014935530710202338322427762916836947512573669524458067370
151357606918914044358388629479984801729408114683321505766557518006452595285
300955241664352344014935530710202338322427762916836947512573669524458067370
151357606918914044358388629479984801729408114683321505766557518006452595285
300955241664352344014935530710202338322427762916836947512573669524458067370
151357606918914044358388629479984801729408114683321505766557518006452595285
300955241664352344014935530710202338322427762916836947512573669524458067370
151357606918914044358388629479984801729408114683321505766557518006452595285
300955241664352344014935530710202338322427762916836947512573669524458067370
151357606918914044358388629479984801729408114683321505766557518006452595285
300955241664352344014935530710202338322427762916836947512573669524458067370
151357606918914044358388629479984801729408114683321505766557518006452595285
0
0
44
152621345584123143339100392999060274799583018028625506791183845208179698775
200249895451145410271580978494102371486941551511119260653644562641410486636
154497920789825473432620245761876498265611964463769158968508038585275930225
191422990499150763350592302915242529780718307598753445754354204265326669910
200401464376594736912250868767212458420461611236002572915219446856477466992
152731665791162125535227065020012916026868543300193865448908209275448415841
198483479324675771966201300805941299225908151697335705596529692237255635286
172159491374615294703822831403336304235367141714502756537782245635685898097
152621345584123143339100392999060274799583018028625506791183845208179698775
200249895451145410271580978494102371486941551511119260653644562641410486636
154497920789825473432620245761876498265611964463769158968508038585275930225
191422990499150763350592302915242529780718307598753445754354204265326669910
200401464376594736912250868767212458420461611236002572915219446856477466992
152731665791162125535227065020012916026868543300193865448908209275448415841
198483479324675771966201300805941299225908151697335705596529692237255635286
172159491374615294703822831403336304235367141714502756537782245635685898097
152621345584123143339100392999060274799583018028625506791183845208179698775
200249895451145410271580978494102371486941551511119260653644562641410486636
154497920789825473432620245761876498265611964463769158968508038585275930225
191422990499150763350592302915242529780718307598753445754354204265326669910
200401464376594736912250868767212458420461611236002572915219446856477466992
152731665791162125535227065020012916026868543300193865448908209275448415841
198483479324675771966201300805941299225908151697335705596529692237255635286
172159491374615294703822831403336304235367141714502756537782245635685898097
152621345584123143339100392999060274799583018028625506791183845208179698775
200249895451145410271580978494102371486941551511119260653644562641410486636
154497920789825473432620245761876498265611964463769158968508038585275930225
191422990499150763350592302915242529780718307598753445754354204265326669910
200401464376594736912250868767212458420461611236002572915219446856477466992
152731665791162125535227065020012916026868543300193865448908209275448415841
198483479324675771966201300805941299225908151697335705596529692237255635286
172159491374615294703822831403336304235367141714502756537782245635685898097
152621345584123143339100392999060274799583018028625506791183845208179698775
200249895451145410271580978494102371486941551511119260653644562641410486636
154497920789825473432620245761876498265611964463769158968508038585275930225
191422990499150763350592302915242529780718307598753445754354204265326669910
200401464376594736912250868767212458420461611236002572915219446856477466992
152731665791162125535227065020012916026868543300193865448908209275448415841
198483479324675771966201300805941299225908151697335705596529692237255635286
172159491374615294703822831403336304235367141714502756537782245635685898097
152621345584123143339100392999060274799583018028625506791183845208179698775
200249895451145410271580978494102371486941551511119260653644562641410486636
154497920789825473432620245761876498265611964463769158968508038585275930225
191422990499150763350592302915242529780718307598753445754354204265326669910
0
0
33
151357606918914044358388629479984801729408114683321505766557518006452595285
300955241664352344014935530710202338322427762916836947512573669524458067370
151357606918914044358388629479984801729408114683321505766557518006452595285
300955241664352344014935530710202338322427762916836947512573669524458067370
151357606918914044358388629479984801729408114683321505766557518006452595285
300955241664352344014935530710202338322427762916836947512573669524458067370
151357606918914044358388629479984801729408114683321505766557518006452595285
300955241664352344014935530710202338322427762916836947512573669524458067370
151357606918914044358388629479984801729408114683321505766557518006452595285
300955241664352344014935530710202338322427762916836947512573669524458067370
151357606918914044358388629479984801729408114683321505766557518006452595285
300955241664352344014935530710202338322427762916836947512573669524458067370
151357606918914044358388629479984801729408114683321505766557518006452595285
300955241664352344014935530710202338322427762916836947512573669524458067370
151357606918914044358388629479984801729408114683321505766557518006452595285
300955241664352344014935530710202338322427762916836947512573669524458067370
151357606918914044358388629479984801729408114683321505766557518006452595285
300955241664352344014935530710202338322427762916836947512573669524458067370
151357606918914044358388629479984801729408114683321505766557518006452595285
300955241664352344014935530710202338322427762916836947512573669524458067370
151357606918914044358388629479984801729408114683321505766557518006452595285
300955241664352344014935530710202338322427762916836947512573669524458067370
151357606918914044358388629479984801729408114683321505766557518006452595285
300955241664352344014935530710202338322427762916836947512573669524458067370
151357606918914044358388629479984801729408114683321505766557518006452595285
300955241664352344014935530710202338322427762916836947512573669524458067370
151357606918914044358388629479984801729408114683321505766557518006452595285
300955241664352344014935530710202338322427762916836947512573669524458067370
151357606918914044358388629479984801729408114683321505766557518006452595285
300955241664352344014935530710202338322427762916836947512573669524458067370
151357606918914044358388629479984801729408114683321505766557518006452595285
300955241664352344014935530710202338322427762916836947512573669524458067370
151357606918914044358388629479984801729408114683321505766557518006452595285
170
1
44
152621345584123143339100392999060274799583018028625506791183845208179698775
200249895451145410271580978494102371486941551511119260653644562641410486636
154497920789825473432620245761876498265611964463769158968508038585275930225
191422990499150763350592302915242529780718307598753445754354204265326669910
200401464376594736912250868767212458420461611236002572915219446856477466992
152731665791162125535227065020012916026868543300193865448908209275448415841
198483479324675771966201300805941299225908151697335705596529692237255635286
172159491374615294703822831403336304235367141714502756537782245635685898097
152621345584123143339100392999060274799583018028625506791183845208179698775
200249895451145410271580978494102371486941551511119260653644562641410486636
154497920789825473432620245761876498265611964463769158968508038585275930225
191422990499150763350592302915242529780718307598753445754354204265326669910
200401464376594736912250868767212458420461611236002572915219446856477466992
152731665791162125535227065020012916026868543300193865448908209275448415841
198483479324675771966201300805941299225908151697335705596529692237255635286
172159491374615294703822831403336304235367141714502756537782245635685898097
152621345584123143339100392999060274799583018028625506791183845208179698775
200249895451145410271580978494102371486941551511119260653644562641410486636
154497920789825473432620245761876498265611964463769158968508038585275930225
191422990499150763350592302915242529780718307598753445754354204265326669910
200401464376594736912250868767212458420461611236002572915219446856477466992
152731665791162125535227065020012916026868543300193865448908209275448415841
198483479324675771966201300805941299225908151697335705596529692237255635286
172159491374615294703822831403336304235367141714502756537782245635685898097
152621345584123143339100392999060274799583018028625506791183845208179698775
200249895451145410271580978494102371486941551511119260653644562641410486636
154497920789825473432620245761876498265611964463769158968508038585275930225
191422990499150763350592302915242529780718307598753445754354204265326669910
200401464376594736912250868767212458420461611236002572915219446856477466992
152731665791162125535227065020012916026868543300193865448908209275448415841
198483479324675771966201300805941299225908151697335705596529692237255635286
172159491374615294703822831403336304235367141714502756537782245635685898097
152621345584123143339100392999060274799583018028625506791183845208179698775
200249895451145410271580978494102371486941551511119260653644562641410486636
154497920789825473432620245761876498265611964463769158968508038585275930225
191422990499150763350592302915242529780718307598753445754354204265326669910
200401464376594736912250868767212458420461611236002572915219446856477466992
152731665791162125535227065020012916026868543300193865448908209275448415841
198483479324675771966201300805941299225908151697335705596529692237255635286
172159491374615294703822831403336304235367141714502756537782245635685898097
152621345584123143339100392999060274799583018028625506791183845208179698775
200249895451145410271580978494102371486941551511119260653644562641410486636
154497920789825473432620245761876498265611964463769158968508038585275930225
191422990499150763350592302915242529780718307598753445754354204265326669910
1902591293
4
33
151357606918914044358388629479984801729408114683321505766557518006452595285
300955241664352344014935530710202338322427762916836947512573669524458067370
151357606918914044358388629479984801729408114683321505766557518006452595285
300955241664352344014935530710202338322427762916836947512573669524458067370
151357606918914044358388629479984801729408114683321505766557518006452595285
300955241664352344014935530710202338322427762916836947512573669524458067370
151357606918914044358388629479984801729408114683321505766557518006452595285
300955241664352344014935530710202338322427762916836947512573669524458067370
151357606918914044358388629479984801729408114683321505766557518006452595285
300955241664352344014935530710202338322427762916836947512573669524458067370
151357606918914044358388629479984801729408114683321505766557518006452595285
300955241664352344014935530710202338322427762916836947512573669524458067370
151357606918914044358388629479984801729408114683321505766557518006452595285
300955241664352344014935530710202338322427762916836947512573669524458067370
151357606918914044358388629479984801729408114683321505766557518006452595285
300955241664352344014935530710202338322427762916836947512573669524458067370
151357606918914044358388629479984801729408114683321505766557518006452595285
300955241664352344014935530710202338322427762916836947512573669524458067370
151357606918914044358388629479984801729408114683321505766557518006452595285
300955241664352344014935530710202338322427762916836947512573669524458067370
151357606918914044358388629479984801729408114683321505766557518006452595285
300955241664352344014935530710202338322427762916836947512573669524458067370
151357606918914044358388629479984801729408114683321505766557518006452595285
300955241664352344014935530710202338322427762916836947512573669524458067370
151357606918914044358388629479984801729408114683321505766557518006452595285
300955241664352344014935530710202338322427762916836947512573669524458067370
151357606918914044358388629479984801729408114683321505766557518006452595285
300955241664352344014935530710202338322427762916836947512573669524458067370
151357606918914044358388629479984801729408114683321505766557518006452595285
300955241664352344014935530710202338322427762916836947512573669524458067370
151357606918914044358388629479984801729408114683321505766557518006452595285
300955241664352344014935530710202338322427762916836947512573669524458067370
151357606918914044358388629479984801729408114683321505766557518006452595285
43605
2
44
152621345584123143339100392999060274799583018028625506791183845208179698775
200249895451145410271580978494102371486941551511119260653644562641410486636
154497920789825473432620245761876498265611964463769158968508038585275930225
191422990499150763350592302915242529780718307598753445754354204265326669910
200401464376594736912250868767212458420461611236002572915219446856477466992
152731665791162125535227065020012916026868543300193865448908209275448415841
198483479324675771966201300805941299225908151697335705596529692237255635286
172159491374615294703822831403336304235367141714502756537782245635685898097
152621345584123143339100392999060274799583018028625506791183845208179698775
200249895451145410271580978494102371486941551511119260653644562641410486636
154497920789825473432620245761876498265611964463769158968508038585275930225
191422990499150763350592302915242529780718307598753445754354204265326669910
200401464376594736912250868767212458420461611236002572915219446856477466992
152731665791162125535227065020012916026868543300193865448908209275448415841
198483479324675771966201300805941299225908151697335705596529692237255635286
172159491374615294703822831403336304235367141714502756537782245635685898097
152621345584123143339100392999060274799583018028625506791183845208179698775
200249895451145410271580978494102371486941551511119260653644562641410486636
154497920789825473432620245761876498265611964463769158968508038585275930225
191422990499150763350592302915242529780718307598753445754354204265326669910
200401464376594736912250868767212458420461611236002572915219446856477466992
152731665791162125535227065020012916026868543300193865448908209275448415841
198483479324675771966201300805941299225908151697335705596529692237255635286
172159491374615294703822831403336304235367141714502756537782245635685898097
152621345584123143339100392999060274799583018028625506791183845208179698775
200249895451145410271580978494102371486941551511119260653644562641410486636
154497920789825473432620245761876498265611964463769158968508038585275930225
191422990499150763350592302915242529780718307598753445754354204265326669910
200401464376594736912250868767212458420461611236002572915219446856477466992
152731665791162125535227065020012916026868543300193865448908209275448415841
198483479324675771966201300805941299225908151697335705596529692237255635286
172159491374615294703822831403336304235367141714502756537782245635685898097
152621345584123143339100392999060274799583018028625506791183845208179698775
200249895451145410271580978494102371486941551511119260653644562641410486636
154497920789825473432620245761876498265611964463769158968508038585275930225
191422990499150763350592302915242529780718307598753445754354204265326669910
200401464376594736912250868767212458420461611236002572915219446856477466992
152731665791162125535227065020012916026868543300193865448908209275448415841
198483479324675771966201300805941299225908151697335705596529692237255635286
172159491374615294703822831403336304235367141714502756537782245635685898097
152621345584123143339100392999060274799583018028625506791183845208179698775
200249895451145410271580978494102371486941551511119260653644562641410486636
154497920789825473432620245761876498265611964463769158968508038585275930225
191422990499150763350592302915242529780718307598753445754354204265326669910
1902925117
4
66
151357606918914044358388629479984801729408114683321505766557518006452595285
300955241664352344014935530710202338322427762916836947512573669524458067370
151357606918914044358388629479984801729408114683321505766557518006452595285
300955241664352344014935530710202338322427762916836947512573669524458067370
151357606918914044358388629479984801729408114683321505766557518006452595285
300955241664352344014935530710202338322427762916836947512573669524458067370
151357606918914044358388629479984801729408114683321505766557518006452595285
300955241664352344014935530710202338322427762916836947512573669524458067370
151357606918914044358388629479984801729408114683321505766557518006452595285
300955241664352344014935530710202338322427762916836947512573669524458067370
151357606918914044358388629479984801729408114683321505766557518006452595285
300955241664352344014935530710202338322427762916836947512573669524458067370
151357606918914044358388629479984801729408114683321505766557518006452595285
300955241664352344014935530710202338322427762916836947512573669524458067370
151357606918914044358388629479984801729408114683321505766557518006452595285
300955241664352344014935530710202338322427762916836947512573669524458067370
151357606918914044358388629479984801729408114683321505766557518006452595285
300955241664352344014935530710202338322427762916836947512573669524458067370
151357606918914044358388629479984801729408114683321505766557518006452595285
300955241664352344014935530710202338322427762916836947512573669524458067370
151357606918914044358388629479984801729408114683321505766557518006452595285
300955241664352344014935530710202338322427762916836947512573669524458067370
151357606918914044358388629479984801729408114683321505766557518006452595285
300955241664352344014935530710202338322427762916836947512573669524458067370
151357606918914044358388629479984801729408114683321505766557518006452595285
300955241664352344014935530710202338322427762916836947512573669524458067370
151357606918914044358388629479984801729408114683321505766557518006452595285
300955241664352344014935530710202338322427762916836947512573669524458067370
151357606918914044358388629479984801729408114683321505766557518006452595285
300955241664352344014935530710202338322427762916836947512573669524458067370
151357606918914044358388629479984801729408114683321505766557518006452595285
300955241664352344014935530710202338322427762916836947512573669524458067370
151357606918914044358388629479984801729408114683321505766557518006452595285
300955241664352344014935530710202338322427762916836947512573669524458067370
151357606918914044358388629479984801729408114683321505766557518006452595285
300955241664352344014935530710202338322427762916836947512573669524458067370
151357606918914044358388629479984801729408114683321505766557518006452595285
300955241664352344014935530710202338322427762916836947512573669524458067370
151357606918914044358388629479984801729408114683321505766557518006452595285
300955241664352344014935530710202338322427762916836947512573669524458067370
151357606918914044358388629479984801729408114683321505766557518006452595285
300955241664352344014935530710202338322427762916836947512573669524458067370
151357606918914044358388629479984801729408114683321505766557518006452595285
300955241664352344014935530710202338322427762916836947512573669524458067370
151357606918914044358388629479984801729408114683321505766557518006452595285
300955241664352344014935530710202338322427762916836947512573669524458067370
151357606918914044358388629479984801729408114683321505766557518006452595285
300955241664352344014935530710202338322427762916836947512573669524458067370
151357606918914044358388629479984801729408114683321505766557518006452595285
300955241664352344014935530710202338322427762916836947512573669524458067370
151357606918914044358388629479984801729408114683321505766557518006452595285
300955241664352344014935530710202338322427762916836947512573669524458067370
151357606918914044358388629479984801729408114683321505766557518006452595285
300955241664352344014935530710202338322427762916836947512573669524458067370
151357606918914044358388629479984801729408114683321505766557518006452595285
300955241664352344014935530710202338322427762916836947512573669524458067370
151357606918914044358388629479984801729408114683321505766557518006452595285
300955241664352344014935530710202338322427762916836947512573669524458067370
151357606918914044358388629479984801729408114683321505766557518006452595285
300955241664352344014935530710202338322427762916836947512573669524458067370
151357606918914044358388629479984801729408114683321505766557518006452595285
300955241664352344014935530710202338322427762916836947512573669524458067370
151357606918914044358388629479984801729408114683321505766557518006452595285
300955241664352344014935530710202338322427762916836947512573669524458067370
151357606918914044358388629479984801729408114683321505766557518006452595285
300955241664352344014935530710202338322427762916836947512573669524458067370
21930
2
88
152621345584123143339100392999060274799583018028625506791183845208179698775
200249895451145410271580978494102371486941551511119260653644562641410486636
154497920789825473432620245761876498265611964463769158968508038585275930225
191422990499150763350592302915242529780718307598753445754354204265326669910
200401464376594736912250868767212458420461611236002572915219446856477466992
152731665791162125535227065020012916026868543300193865448908209275448415841
198483479324675771966201300805941299225908151697335705596529692237255635286
172159491374615294703822831403336304235367141714502756537782245635685898097
152621345584123143339100392999060274799583018028625506791183845208179698775
200249895451145410271580978494102371486941551511119260653644562641410486636
154497920789825473432620245761876498265611964463769158968508038585275930225
191422990499150763350592302915242529780718307598753445754354204265326669910
200401464376594736912250868767212458420461611236002572915219446856477466992
152731665791162125535227065020012916026868543300193865448908209275448415841
198483479324675771966201300805941299225908151697335705596529692237255635286
172159491374615294703822831403336304235367141714502756537782245635685898097
152621345584123143339100392999060274799583018028625506791183845208179698775
200249895451145410271580978494102371486941551511119260653644562641410486636
154497920789825473432620245761876498265611964463769158968508038585275930225
191422990499150763350592302915242529780718307598753445754354204265326669910
200401464376594736912250868767212458420461611236002572915219446856477466992
152731665791162125535227065020012916026868543300193865448908209275448415841
198483479324675771966201300805941299225908151697335705596529692237255635286
172159491374615294703822831403336304235367141714502756537782245635685898097
152621345584123143339100392999060274799583018028625506791183845208179698775
200249895451145410271580978494102371486941551511119260653644562641410486636
154497920789825473432620245761876498265611964463769158968508038585275930225
191422990499150763350592302915242529780718307598753445754354204265326669910
200401464376594736912250868767212458420461611236002572915219446856477466992
152731665791162125535227065020012916026868543300193865448908209275448415841
198483479324675771966201300805941299225908151697335705596529692237255635286
172159491374615294703822831403336304235367141714502756537782245635685898097
152621345584123143339100392999060274799583018028625506791183845208179698775
200249895451145410271580978494102371486941551511119260653644562641410486636
154497920789825473432620245761876498265611964463769158968508038585275930225
191422990499150763350592302915242529780718307598753445754354204265326669910
200401464376594736912250868767212458420461611236002572915219446856477466992
152731665791162125535227065020012916026868543300193865448908209275448415841
198483479324675771966201300805941299225908151697335705596529692237255635286
172159491374615294703822831403336304235367141714502756537782245635685898097
152621345584123143339100392999060274799583018028625506791183845208179698775
200249895451145410271580978494102371486941551511119260653644562641410486636
154497920789825473432620245761876498265611964463769158968508038585275930225
191422990499150763350592302915242529780718307598753445754354204265326669910
200401464376594736912250868767212458420461611236002572915219446856477466992
152731665791162125535227065020012916026868543300193865448908209275448415841
198483479324675771966201300805941299225908151697335705596529692237255635286
172159491374615294703822831403336304235367141714502756537782245635685898097
152621345584123143339100392999060274799583018028625506791183845208179698775
200249895451145410271580978494102371486941551511119260653644562641410486636
154497920789825473432620245761876498265611964463769158968508038585275930225
191422990499150763350592302915242529780718307598753445754354204265326669910
200401464376594736912250868767212458420461611236002572915219446856477466992
152731665791162125535227065020012916026868543300193865448908209275448415841
198483479324675771966201300805941299225908151697335705596529692237255635286
172159491374615294703822831403336304235367141714502756537782245635685898097
152621345584123143339100392999060274799583018028625506791183845208179698775
200249895451145410271580978494102371486941551511119260653644562641410486636
154497920789825473432620245761876498265611964463769158968508038585275930225
191422990499150763350592302915242529780718307598753445754354204265326669910
200401464376594736912250868767212458420461611236002572915219446856477466992
152731665791162125535227065020012916026868543300193865448908209275448415841
198483479324675771966201300805941299225908151697335705596529692237255635286
172159491374615294703822831403336304235367141714502756537782245635685898097
152621345584123143339100392999060274799583018028625506791183845208179698775
200249895451145410271580978494102371486941551511119260653644562641410486636
154497920789825473432620245761876498265611964463769158968508038585275930225
191422990499150763350592302915242529780718307598753445754354204265326669910
200401464376594736912250868767212458420461611236002572915219446856477466992
152731665791162125535227065020012916026868543300193865448908209275448415841
198483479324675771966201300805941299225908151697335705596529692237255635286
172159491374615294703822831403336304235367141714502756537782245635685898097
152621345584123143339100392999060274799583018028625506791183845208179698775
200249895451145410271580978494102371486941551511119260653644562641410486636
154497920789825473432620245761876498265611964463769158968508038585275930225
191422990499150763350592302915242529780718307598753445754354204265326669910
200401464376594736912250868767212458420461611236002572915219446856477466992
152731665791162125535227065020012916026868543300193865448908209275448415841
198483479324675771966201300805941299225908151697335705596529692237255635286
172159491374615294703822831403336304235367141714502756537782245635685898097
152621345584123143339100392999060274799583018028625506791183845208179698775
200249895451145410271580978494102371486941551511119260653644562641410486636
154497920789825473432620245761876498265611964463769158968508038585275930225
191422990499150763350592302915242529780718307598753445754354204265326669910
200401464376594736912250868767212458420461611236002572915219446856477466992
152731665791162125535227065020012916026868543300193865448908209275448415841
198483479324675771966201300805941299225908151697335705596529692237255635286
172159491374615294703822831403336304235367141714502756537782245635685898097
1449226045
4
