46
2
452312848583266388373324160190187140051835877600158453279131187530910662655
452312848583266388373324160190187140051835877600158453279131187530910662655
65535
2
2
83367466209464785308024453054661943460534455871401754133800650250795298607
83367466209464785308024453054661943460534455871401754133800650250795298607
75822268817741847040474070176662229151165280083115934884511037
26
2
452312848583266388373324160190187140051835877600158453279131187530910662655
452312848583266388373324160190187140051835877600158453279131187530910662655
16777215
3
2
83367466209464785308024453054661943460534455871401754133800650250795298607
83367466209464785308024453054661943460534455871401754133800650250795298607
75822268817741847040474070176662229151165280083115934879791165
26
2
452312848583266388373324160190187140051835877600158453279131187530910662655
452312848583266388373324160190187140051835877600158453279131187530910662655
4294967295
4
2
83367466209464785308024453054661943460534455871401754133800650250795298607
83367466209464785308024453054661943460534455871401754133800650250795298607
75822268817741847040474070176662229151165280083115934879788847
26
2
452312848583266388373324160190187140051835877600158453279131187530910662655
452312848583266388373324160190187140051835877600158453279131187530910662655
1099511627775
5
2
83367466209464785308024453054661943460534455871401754133800650250795298607
83367466209464785308024453054661943460534455871401754133800650250795298607
325654164880721817609470519744773216642712718247663102085158790046891325
30
2
452312848583266388373324160190187140051835877600158453279131187530910662655
452312848583266388373324160190187140051835877600158453279131187530910662655
281474976710655
6
2
83367466209464785308024453054661943460534455871401754133800650250795298607
83367466209464785308024453054661943460534455871401754133800650250795298607
325654164880721817609470519744773216642712718247663102085158790042171453
30
2
452312848583266388373324160190187140051835877600158453279131187530910662655
452312848583266388373324160190187140051835877600158453279131187530910662655
72057594037927935
7
2
83367466209464785308024453054661943460534455871401754133800650250795298607
83367466209464785308024453054661943460534455871401754133800650250795298607
325654164880721817609470519744773216642712718247663102085158790042169135
30
2
452312848583266388373324160190187140051835877600158453279131187530910662655
452312848583266388373324160190187140051835877600158453279131187530910662655
18446744073709551615
8
3
83367466209464785308024453054661943460534455871401754133800650250795298607
83367466209464785308024453054661943460534455871401754133800650250795298607
83367466209464785308024453054661943460534455871401754133800650250795298607
7814461
3
2
452312848583266388373324160190187140051835877600158453279131187530910662655
452312848583266388373324160190187140051835877600158453279131187530910662655
4722366482869645213695
9
3
83367466209464785308024453054661943460534455871401754133800650250795298607
83367466209464785308024453054661943460534455871401754133800650250795298607
83367466209464785308024453054661943460534455871401754133800650250795298607
3094589
3
2
452312848583266388373324160190187140051835877600158453279131187530910662655
452312848583266388373324160190187140051835877600158453279131187530910662655
1208925819614629174706175
10
3
83367466209464785308024453054661943460534455871401754133800650250795298607
83367466209464785308024453054661943460534455871401754133800650250795298607
83367466209464785308024453054661943460534455871401754133800650250795298607
3092271
3
2
452312848583266388373324160190187140051835877600158453279131187530910662655
452312848583266388373324160190187140051835877600158453279131187530910662655
309485009821345068724781055
11
3
83367466209464785308024453054661943460534455871401754133800650250795298607
83367466209464785308024453054661943460534455871401754133800650250795298607
83367466209464785308024453054661943460534455871401754133800650250795298607
13281203611712829
7
2
452312848583266388373324160190187140051835877600158453279131187530910662655
452312848583266388373324160190187140051835877600158453279131187530910662655
79228162514264337593543950335
12
3
83367466209464785308024453054661943460534455871401754133800650250795298607
83367466209464785308024453054661943460534455871401754133800650250795298607
83367466209464785308024453054661943460534455871401754133800650250795298607
13281203606992957
7
2
452312848583266388373324160190187140051835877600158453279131187530910662655
452312848583266388373324160190187140051835877600158453279131187530910662655
20282409603651670423947251286015
13
3
83367466209464785308024453054661943460534455871401754133800650250795298607
83367466209464785308024453054661943460534455871401754133800650250795298607
83367466209464785308024453054661943460534455871401754133800650250795298607
13281203606990639
7
2
452312848583266388373324160190187140051835877600158453279131187530910662655
452312848583266388373324160190187140051835877600158453279131187530910662655
5192296858534827628530496329220095
14
3
83367466209464785308024453054661943460534455871401754133800650250795298607
83367466209464785308024453054661943460534455871401754133800650250795298607
83367466209464785308024453054661943460534455871401754133800650250795298607
57042335143542032279485757
11
2
452312848583266388373324160190187140051835877600158453279131187530910662655
452312848583266388373324160190187140051835877600158453279131187530910662655
1329227995784915872903807060280344575
15
3
83367466209464785308024453054661943460534455871401754133800650250795298607
83367466209464785308024453054661943460534455871401754133800650250795298607
83367466209464785308024453054661943460534455871401754133800650250795298607
57042335143542032274765885
11
2
452312848583266388373324160190187140051835877600158453279131187530910662655
452312848583266388373324160190187140051835877600158453279131187530910662655
340282366920938463463374607431768211455
16
3
83367466209464785308024453054661943460534455871401754133800650250795298607
83367466209464785308024453054661943460534455871401754133800650250795298607
83367466209464785308024453054661943460534455871401754133800650250795298607
57042335143542032274763567
11
2
452312848583266388373324160190187140051835877600158453279131187530910662655
452312848583266388373324160190187140051835877600158453279131187530910662655
87112285931760246646623899502532662132735
17
3
83367466209464785308024453054661943460534455871401754133800650250795298607
83367466209464785308024453054661943460534455871401754133800650250795298607
83367466209464785308024453054661943460534455871401754133800650250795298607
244994963928984494221486007193648445
15
2
452312848583266388373324160190187140051835877600158453279131187530910662655
452312848583266388373324160190187140051835877600158453279131187530910662655
22300745198530623141535718272648361505980415
18
3
83367466209464785308024453054661943460534455871401754133800650250795298607
83367466209464785308024453054661943460534455871401754133800650250795298607
83367466209464785308024453054661943460534455871401754133800650250795298607
244994963928984494221486007188928573
15
2
452312848583266388373324160190187140051835877600158453279131187530910662655
452312848583266388373324160190187140051835877600158453279131187530910662655
5708990770823839524233143877797980545530986495
19
3
83367466209464785308024453054661943460534455871401754133800650250795298607
83367466209464785308024453054661943460534455871401754133800650250795298607
83367466209464785308024453054661943460534455871401754133800650250795298607
244994963928984494221486007188926255
15
2
452312848583266388373324160190187140051835877600158453279131187530910662655
452312848583266388373324160190187140051835877600158453279131187530910662655
1461501637330902918203684832716283019655932542975
20
3
83367466209464785308024453054661943460534455871401754133800650250795298607
83367466209464785308024453054661943460534455871401754133800650250795298607
83367466209464785308024453054661943460534455871401754133800650250795298607
1052245357759688069172383381398059159377100093
19
2
452312848583266388373324160190187140051835877600158453279131187530910662655
452312848583266388373324160190187140051835877600158453279131187530910662655
374144419156711147060143317175368453031918731001855
21
3
83367466209464785308024453054661943460534455871401754133800650250795298607
83367466209464785308024453054661943460534455871401754133800650250795298607
83367466209464785308024453054661943460534455871401754133800650250795298607
1052245357759688069172383381398059159372380221
19
2
452312848583266388373324160190187140051835877600158453279131187530910662655
452312848583266388373324160190187140051835877600158453279131187530910662655
95780971304118053647396689196894323976171195136475135
22
3
83367466209464785308024453054661943460534455871401754133800650250795298607
83367466209464785308024453054661943460534455871401754133800650250795298607
83367466209464785308024453054661943460534455871401754133800650250795298607
1052245357759688069172383381398059159372377903
19
2
452312848583266388373324160190187140051835877600158453279131187530910662655
452312848583266388373324160190187140051835877600158453279131187530910662655
24519928653854221733733552434404946937899825954937634815
23
3
83367466209464785308024453054661943460534455871401754133800650250795298607
83367466209464785308024453054661943460534455871401754133800650250795298607
83367466209464785308024453054661943460534455871401754133800650250795298607
4519359398945680084256772409478558847377614979934403901
23
2
452312848583266388373324160190187140051835877600158453279131187530910662655
452312848583266388373324160190187140051835877600158453279131187530910662655
6277101735386680763835789423207666416102355444464034512895
24
3
83367466209464785308024453054661943460534455871401754133800650250795298607
83367466209464785308024453054661943460534455871401754133800650250795298607
83367466209464785308024453054661943460534455871401754133800650250795298607
4519359398945680084256772409478558847377614979929684029
23
2
452312848583266388373324160190187140051835877600158453279131187530910662655
452312848583266388373324160190187140051835877600158453279131187530910662655
1606938044258990275541962092341162602522202993782792835301375
25
3
83367466209464785308024453054661943460534455871401754133800650250795298607
83367466209464785308024453054661943460534455871401754133800650250795298607
83367466209464785308024453054661943460534455871401754133800650250795298607
4519359398945680084256772409478558847377614979929681711
23
2
452312848583266388373324160190187140051835877600158453279131187530910662655
452312848583266388373324160190187140051835877600158453279131187530910662655
411376139330301510538742295639337626245683966408394965837152255
26
3
83367466209464785308024453054661943460534455871401754133800650250795298607
83367466209464785308024453054661943460534455871401754133800650250795298607
83367466209464785308024453054661943460534455871401754133800650250795298607
19410500817341912842361361965225530662698311701277679329230667069
27
2
452312848583266388373324160190187140051835877600158453279131187530910662655
452312848583266388373324160190187140051835877600158453279131187530910662655
105312291668557186697918027683670432318895095400549111254310977535
27
3
83367466209464785308024453054661943460534455871401754133800650250795298607
83367466209464785308024453054661943460534455871401754133800650250795298607
83367466209464785308024453054661943460534455871401754133800650250795298607
19410500817341912842361361965225530662698311701277679329225947197
27
2
452312848583266388373324160190187140051835877600158453279131187530910662655
452312848583266388373324160190187140051835877600158453279131187530910662655
26959946667150639794667015087019630673637144422540572481103610249215
28
3
83367466209464785308024453054661943460534455871401754133800650250795298607
83367466209464785308024453054661943460534455871401754133800650250795298607
83367466209464785308024453054661943460534455871401754133800650250795298607
19410500817341912842361361965225530662698311701277679329225944879
27
2
452312848583266388373324160190187140051835877600158453279131187530910662655
452312848583266388373324160190187140051835877600158453279131187530910662655
6901746346790563787434755862277025452451108972170386555162524223799295
29
4
83367466209464785308024453054661943460534455871401754133800650250795298607
83367466209464785308024453054661943460534455871401754133800650250795298607
83367466209464785308024453054661943460534455871401754133800650250795298607
83367466209464785308024453054661943460534455871401754133800650250800020797
0
0
2
452312848583266388373324160190187140051835877600158453279131187530910662655
452312848583266388373324160190187140051835877600158453279131187530910662655
1766847064778384329583297500742918515827483896875618958121606201292619775
30
4
83367466209464785308024453054661943460534455871401754133800650250795298607
83367466209464785308024453054661943460534455871401754133800650250795298607
83367466209464785308024453054661943460534455871401754133800650250795298607
83367466209464785308024453054661943460534455871401754133800650250795300925
0
0
3
452312848583266388373324160190187140051835877600158453279131187530910662655
452312848583266388373324160190187140051835877600158453279131187530910662655
452312848583266388373324160190187140051835877600158453279131187530910662655
0
0
4
83367466209464785308024453054661943460534455871401754133800650250795298607
83367466209464785308024453054661943460534455871401754133800650250795298607
83367466209464785308024453054661943460534455871401754133800650250795298607
83367466209464785308024453054661943460534455871401754133800650250795298607
0
0
3
452312848583266388373324160190187140051835877600158453279131187530910662655
452312848583266388373324160190187140051835877600158453279131187530910662655
452312848583266388373324160190187140051835877600158453279131187530910662655
255
1
4
83367466209464785308024453054661943460534455871401754133800650250795298607
83367466209464785308024453054661943460534455871401754133800650250795298607
83367466209464785308024453054661943460534455871401754133800650250795298607
83367466209464785308024453054661943460534455871401754133800650250795298607
796343613
4
3
452312848583266388373324160190187140051835877600158453279131187530910662655
452312848583266388373324160190187140051835877600158453279131187530910662655
452312848583266388373324160190187140051835877600158453279131187530910662655
65535
2
4
83367466209464785308024453054661943460534455871401754133800650250795298607
83367466209464785308024453054661943460534455871401754133800650250795298607
83367466209464785308024453054661943460534455871401754133800650250795298607
83367466209464785308024453054661943460534455871401754133800650250795298607
791623741
4
3
452312848583266388373324160190187140051835877600158453279131187530910662655
452312848583266388373324160190187140051835877600158453279131187530910662655
452312848583266388373324160190187140051835877600158453279131187530910662655
16777215
3
4
83367466209464785308024453054661943460534455871401754133800650250795298607
83367466209464785308024453054661943460534455871401754133800650250795298607
83367466209464785308024453054661943460534455871401754133800650250795298607
83367466209464785308024453054661943460534455871401754133800650250795298607
791621423
4
4
452312848583266388373324160190187140051835877600158453279131187530910662655
452312848583266388373324160190187140051835877600158453279131187530910662655
452312848583266388373324160190187140051835877600158453279131187530910662655
452312848583266388373324160190187140051835877600158453279131187530910662655
16777215
3
5
83367466209464785308024453054661943460534455871401754133800650250795298607
83367466209464785308024453054661943460534455871401754133800650250795298607
83367466209464785308024453054661943460534455871401754133800650250795298607
83367466209464785308024453054661943460534455871401754133800650250795298607
83367466209464785308024453054661943460534455871401754133800650250795298607
16055989956049927813299306967133475781949
17
4
452312848583266388373324160190187140051835877600158453279131187530910662655
452312848583266388373324160190187140051835877600158453279131187530910662655
452312848583266388373324160190187140051835877600158453279131187530910662655
452312848583266388373324160190187140051835877600158453279131187530910662655
4294967295
4
5
83367466209464785308024453054661943460534455871401754133800650250795298607
83367466209464785308024453054661943460534455871401754133800650250795298607
83367466209464785308024453054661943460534455871401754133800650250795298607
83367466209464785308024453054661943460534455871401754133800650250795298607
83367466209464785308024453054661943460534455871401754133800650250795298607
16055989956049927813299306967133471062077
17
4
452312848583266388373324160190187140051835877600158453279131187530910662655
452312848583266388373324160190187140051835877600158453279131187530910662655
452312848583266388373324160190187140051835877600158453279131187530910662655
452312848583266388373324160190187140051835877600158453279131187530910662655
1099511627775
5
5
83367466209464785308024453054661943460534455871401754133800650250795298607
83367466209464785308024453054661943460534455871401754133800650250795298607
83367466209464785308024453054661943460534455871401754133800650250795298607
83367466209464785308024453054661943460534455871401754133800650250795298607
83367466209464785308024453054661943460534455871401754133800650250795298607
16055989956049927813299306967133471059759
17
8
452312848583266388373324160190187140051835877600158453279131187530910662655
452312848583266388373324160190187140051835877600158453279131187530910662655
452312848583266388373324160190187140051835877600158453279131187530910662655
452312848583266388373324160190187140051835877600158453279131187530910662655
452312848583266388373324160190187140051835877600158453279131187530910662655
452312848583266388373324160190187140051835877600158453279131187530910662655
452312848583266388373324160190187140051835877600158453279131187530910662655
452312848583266388373324160190187140051835877600158453279131187530910662655
72057594037927935
7
10
83367466209464785308024453054661943460534455871401754133800650250795298607
83367466209464785308024453054661943460534455871401754133800650250795298607
83367466209464785308024453054661943460534455871401754133800650250795298607
83367466209464785308024453054661943460534455871401754133800650250795298607
83367466209464785308024453054661943460534455871401754133800650250795298607
83367466209464785308024453054661943460534455871401754133800650250795298607
83367466209464785308024453054661943460534455871401754133800650250795298607
83367466209464785308024453054661943460534455871401754133800650250795298607
83367466209464785308024453054661943460534455871401754133800650250795298607
83367466209464785308024453054661943460534455871401754133800650250795298607
325654164880721817609470519744773216642712718247663102085158790042169135
30
8
452312848583266388373324160190187140051835877600158453279131187530910662655
452312848583266388373324160190187140051835877600158453279131187530910662655
452312848583266388373324160190187140051835877600158453279131187530910662655
452312848583266388373324160190187140051835877600158453279131187530910662655
452312848583266388373324160190187140051835877600158453279131187530910662655
452312848583266388373324160190187140051835877600158453279131187530910662655
452312848583266388373324160190187140051835877600158453279131187530910662655
452312848583266388373324160190187140051835877600158453279131187530910662655
18446744073709551615
8
11
83367466209464785308024453054661943460534455871401754133800650250795298607
83367466209464785308024453054661943460534455871401754133800650250795298607
83367466209464785308024453054661943460534455871401754133800650250795298607
83367466209464785308024453054661943460534455871401754133800650250795298607
83367466209464785308024453054661943460534455871401754133800650250795298607
83367466209464785308024453054661943460534455871401754133800650250795298607
83367466209464785308024453054661943460534455871401754133800650250795298607
83367466209464785308024453054661943460534455871401754133800650250795298607
83367466209464785308024453054661943460534455871401754133800650250795298607
83367466209464785308024453054661943460534455871401754133800650250795298607
83367466209464785308024453054661943460534455871401754133800650250795298607
7814461
3
8
452312848583266388373324160190187140051835877600158453279131187530910662655
452312848583266388373324160190187140051835877600158453279131187530910662655
452312848583266388373324160190187140051835877600158453279131187530910662655
452312848583266388373324160190187140051835877600158453279131187530910662655
452312848583266388373324160190187140051835877600158453279131187530910662655
452312848583266388373324160190187140051835877600158453279131187530910662655
452312848583266388373324160190187140051835877600158453279131187530910662655
452312848583266388373324160190187140051835877600158453279131187530910662655
4722366482869645213695
9
11
83367466209464785308024453054661943460534455871401754133800650250795298607
83367466209464785308024453054661943460534455871401754133800650250795298607
83367466209464785308024453054661943460534455871401754133800650250795298607
83367466209464785308024453054661943460534455871401754133800650250795298607
83367466209464785308024453054661943460534455871401754133800650250795298607
83367466209464785308024453054661943460534455871401754133800650250795298607
83367466209464785308024453054661943460534455871401754133800650250795298607
83367466209464785308024453054661943460534455871401754133800650250795298607
83367466209464785308024453054661943460534455871401754133800650250795298607
83367466209464785308024453054661943460534455871401754133800650250795298607
83367466209464785308024453054661943460534455871401754133800650250795298607
3094589
3
16
452312848583266388373324160190187140051835877600158453279131187530910662655
452312848583266388373324160190187140051835877600158453279131187530910662655
452312848583266388373324160190187140051835877600158453279131187530910662655
452312848583266388373324160190187140051835877600158453279131187530910662655
452312848583266388373324160190187140051835877600158453279131187530910662655
452312848583266388373324160190187140051835877600158453279131187530910662655
452312848583266388373324160190187140051835877600158453279131187530910662655
452312848583266388373324160190187140051835877600158453279131187530910662655
452312848583266388373324160190187140051835877600158453279131187530910662655
452312848583266388373324160190187140051835877600158453279131187530910662655
452312848583266388373324160190187140051835877600158453279131187530910662655
452312848583266388373324160190187140051835877600158453279131187530910662655
452312848583266388373324160190187140051835877600158453279131187530910662655
452312848583266388373324160190187140051835877600158453279131187530910662655
452312848583266388373324160190187140051835877600158453279131187530910662655
452312848583266388373324160190187140051835877600158453279131187530910662655
1329227995784915872903807060280344575
15
22
83367466209464785308024453054661943460534455871401754133800650250795298607
83367466209464785308024453054661943460534455871401754133800650250795298607
83367466209464785308024453054661943460534455871401754133800650250795298607
83367466209464785308024453054661943460534455871401754133800650250795298607
83367466209464785308024453054661943460534455871401754133800650250795298607
83367466209464785308024453054661943460534455871401754133800650250795298607
83367466209464785308024453054661943460534455871401754133800650250795298607
83367466209464785308024453054661943460534455871401754133800650250795298607
83367466209464785308024453054661943460534455871401754133800650250795298607
83367466209464785308024453054661943460534455871401754133800650250795298607
83367466209464785308024453054661943460534455871401754133800650250795298607
83367466209464785308024453054661943460534455871401754133800650250795298607
83367466209464785308024453054661943460534455871401754133800650250795298607
83367466209464785308024453054661943460534455871401754133800650250795298607
83367466209464785308024453054661943460534455871401754133800650250795298607
83367466209464785308024453054661943460534455871401754133800650250795298607
83367466209464785308024453054661943460534455871401754133800650250795298607
83367466209464785308024453054661943460534455871401754133800650250795298607
83367466209464785308024453054661943460534455871401754133800650250795298607
83367466209464785308024453054661943460534455871401754133800650250795298607
83367466209464785308024453054661943460534455871401754133800650250795298607
83367466209464785308024453054661943460534455871401754133800650250795298679
15677
2
16
452312848583266388373324160190187140051835877600158453279131187530910662655
452312848583266388373324160190187140051835877600158453279131187530910662655
452312848583266388373324160190187140051835877600158453279131187530910662655
452312848583266388373324160190187140051835877600158453279131187530910662655
452312848583266388373324160190187140051835877600158453279131187530910662655
452312848583266388373324160190187140051835877600158453279131187530910662655
452312848583266388373324160190187140051835877600158453279131187530910662655
452312848583266388373324160190187140051835877600158453279131187530910662655
452312848583266388373324160190187140051835877600158453279131187530910662655
452312848583266388373324160190187140051835877600158453279131187530910662655
452312848583266388373324160190187140051835877600158453279131187530910662655
452312848583266388373324160190187140051835877600158453279131187530910662655
452312848583266388373324160190187140051835877600158453279131187530910662655
452312848583266388373324160190187140051835877600158453279131187530910662655
452312848583266388373324160190187140051835877600158453279131187530910662655
452312848583266388373324160190187140051835877600158453279131187530910662655
340282366920938463463374607431768211455
16
22
83367466209464785308024453054661943460534455871401754133800650250795298607
83367466209464785308024453054661943460534455871401754133800650250795298607
83367466209464785308024453054661943460534455871401754133800650250795298607
83367466209464785308024453054661943460534455871401754133800650250795298607
83367466209464785308024453054661943460534455871401754133800650250795298607
83367466209464785308024453054661943460534455871401754133800650250795298607
83367466209464785308024453054661943460534455871401754133800650250795298607
83367466209464785308024453054661943460534455871401754133800650250795298607
83367466209464785308024453054661943460534455871401754133800650250795298607
83367466209464785308024453054661943460534455871401754133800650250795298607
83367466209464785308024453054661943460534455871401754133800650250795298607
83367466209464785308024453054661943460534455871401754133800650250795298607
83367466209464785308024453054661943460534455871401754133800650250795298607
83367466209464785308024453054661943460534455871401754133800650250795298607
83367466209464785308024453054661943460534455871401754133800650250795298607
83367466209464785308024453054661943460534455871401754133800650250795298607
83367466209464785308024453054661943460534455871401754133800650250795298607
83367466209464785308024453054661943460534455871401754133800650250795298607
83367466209464785308024453054661943460534455871401754133800650250795298607
83367466209464785308024453054661943460534455871401754133800650250795298607
83367466209464785308024453054661943460534455871401754133800650250795298607
83367466209464785308024453054661943460534455871401754133800650250795298607
14397
2
16
452312848583266388373324160190187140051835877600158453279131187530910662655
452312848583266388373324160190187140051835877600158453279131187530910662655
452312848583266388373324160190187140051835877600158453279131187530910662655
452312848583266388373324160190187140051835877600158453279131187530910662655
452312848583266388373324160190187140051835877600158453279131187530910662655
452312848583266388373324160190187140051835877600158453279131187530910662655
452312848583266388373324160190187140051835877600158453279131187530910662655
452312848583266388373324160190187140051835877600158453279131187530910662655
452312848583266388373324160190187140051835877600158453279131187530910662655
452312848583266388373324160190187140051835877600158453279131187530910662655
452312848583266388373324160190187140051835877600158453279131187530910662655
452312848583266388373324160190187140051835877600158453279131187530910662655
452312848583266388373324160190187140051835877600158453279131187530910662655
452312848583266388373324160190187140051835877600158453279131187530910662655
452312848583266388373324160190187140051835877600158453279131187530910662655
452312848583266388373324160190187140051835877600158453279131187530910662655
87112285931760246646623899502532662132735
17
22
83367466209464785308024453054661943460534455871401754133800650250795298607
83367466209464785308024453054661943460534455871401754133800650250795298607
83367466209464785308024453054661943460534455871401754133800650250795298607
83367466209464785308024453054661943460534455871401754133800650250795298607
83367466209464785308024453054661943460534455871401754133800650250795298607
83367466209464785308024453054661943460534455871401754133800650250795298607
83367466209464785308024453054661943460534455871401754133800650250795298607
83367466209464785308024453054661943460534455871401754133800650250795298607
83367466209464785308024453054661943460534455871401754133800650250795298607
83367466209464785308024453054661943460534455871401754133800650250795298607
83367466209464785308024453054661943460534455871401754133800650250795298607
83367466209464785308024453054661943460534455871401754133800650250795298607
83367466209464785308024453054661943460534455871401754133800650250795298607
83367466209464785308024453054661943460534455871401754133800650250795298607
83367466209464785308024453054661943460534455871401754133800650250795298607
83367466209464785308024453054661943460534455871401754133800650250795298607
83367466209464785308024453054661943460534455871401754133800650250795298607
83367466209464785308024453054661943460534455871401754133800650250795298607
83367466209464785308024453054661943460534455871401754133800650250795298607
83367466209464785308024453054661943460534455871401754133800650250795298607
83367466209464785308024453054661943460534455871401754133800650250795298607
83367466209464785308024453054661943460534455871401754133800650250795298607
12079
2
33
452312848583266388373324160190187140051835877600158453279131187530910662655
452312848583266388373324160190187140051835877600158453279131187530910662655
452312848583266388373324160190187140051835877600158453279131187530910662655
452312848583266388373324160190187140051835877600158453279131187530910662655
452312848583266388373324160190187140051835877600158453279131187530910662655
452312848583266388373324160190187140051835877600158453279131187530910662655
452312848583266388373324160190187140051835877600158453279131187530910662655
452312848583266388373324160190187140051835877600158453279131187530910662655
452312848583266388373324160190187140051835877600158453279131187530910662655
452312848583266388373324160190187140051835877600158453279131187530910662655
452312848583266388373324160190187140051835877600158453279131187530910662655
452312848583266388373324160190187140051835877600158453279131187530910662655
452312848583266388373324160190187140051835877600158453279131187530910662655
452312848583266388373324160190187140051835877600158453279131187530910662655
452312848583266388373324160190187140051835877600158453279131187530910662655
452312848583266388373324160190187140051835877600158453279131187530910662655
452312848583266388373324160190187140051835877600158453279131187530910662655
452312848583266388373324160190187140051835877600158453279131187530910662655
452312848583266388373324160190187140051835877600158453279131187530910662655
452312848583266388373324160190187140051835877600158453279131187530910662655
452312848583266388373324160190187140051835877600158453279131187530910662655
452312848583266388373324160190187140051835877600158453279131187530910662655
452312848583266388373324160190187140051835877600158453279131187530910662655
452312848583266388373324160190187140051835877600158453279131187530910662655
452312848583266388373324160190187140051835877600158453279131187530910662655
452312848583266388373324160190187140051835877600158453279131187530910662655
452312848583266388373324160190187140051835877600158453279131187530910662655
452312848583266388373324160190187140051835877600158453279131187530910662655
452312848583266388373324160190187140051835877600158453279131187530910662655
452312848583266388373324160190187140051835877600158453279131187530910662655
452312848583266388373324160190187140051835877600158453279131187530910662655
452312848583266388373324160190187140051835877600158453279131187530910662655
452312848583266388373324160190187140051835877600158453279131187530910662655
0
0
44
83367466209464785308024453054661943460534455871401754133800650250795298607
83367466209464785308024453054661943460534455871401754133800650250795298607
83367466209464785308024453054661943460534455871401754133800650250795298607
83367466209464785308024453054661943460534455871401754133800650250795298607
83367466209464785308024453054661943460534455871401754133800650250795298607
83367466209464785308024453054661943460534455871401754133800650250795298607
83367466209464785308024453054661943460534455871401754133800650250795298607
83367466209464785308024453054661943460534455871401754133800650250795298607
83367466209464785308024453054661943460534455871401754133800650250795298607
83367466209464785308024453054661943460534455871401754133800650250795298607
83367466209464785308024453054661943460534455871401754133800650250795298607
83367466209464785308024453054661943460534455871401754133800650250795298607
83367466209464785308024453054661943460534455871401754133800650250795298607
83367466209464785308024453054661943460534455871401754133800650250795298607
83367466209464785308024453054661943460534455871401754133800650250795298607
83367466209464785308024453054661943460534455871401754133800650250795298607
83367466209464785308024453054661943460534455871401754133800650250795298607
83367466209464785308024453054661943460534455871401754133800650250795298607
83367466209464785308024453054661943460534455871401754133800650250795298607
83367466209464785308024453054661943460534455871401754133800650250795298607
83367466209464785308024453054661943460534455871401754133800650250795298607
83367466209464785308024453054661943460534455871401754133800650250795298607
83367466209464785308024453054661943460534455871401754133800650250795298607
83367466209464785308024453054661943460534455871401754133800650250795298607
83367466209464785308024453054661943460534455871401754133800650250795298607
83367466209464785308024453054661943460534455871401754133800650250795298607
83367466209464785308024453054661943460534455871401754133800650250795298607
83367466209464785308024453054661943460534455871401754133800650250795298607
83367466209464785308024453054661943460534455871401754133800650250795298607
83367466209464785308024453054661943460534455871401754133800650250795298607
83367466209464785308024453054661943460534455871401754133800650250795298607
83367466209464785308024453054661943460534455871401754133800650250795298607
83367466209464785308024453054661943460534455871401754133800650250795298607
83367466209464785308024453054661943460534455871401754133800650250795298607
83367466209464785308024453054661943460534455871401754133800650250795298607
83367466209464785308024453054661943460534455871401754133800650250795298607
83367466209464785308024453054661943460534455871401754133800650250795298607
83367466209464785308024453054661943460534455871401754133800650250795298607
83367466209464785308024453054661943460534455871401754133800650250795298607
83367466209464785308024453054661943460534455871401754133800650250795298607
83367466209464785308024453054661943460534455871401754133800650250795298607
83367466209464785308024453054661943460534455871401754133800650250795298607
83367466209464785308024453054661943460534455871401754133800650250795298607
83367466209464785308024453054661943460534455871401754133800650250795298607
0
0
33
452312848583266388373324160190187140051835877600158453279131187530910662655
452312848583266388373324160190187140051835877600158453279131187530910662655
452312848583266388373324160190187140051835877600158453279131187530910662655
452312848583266388373324160190187140051835877600158453279131187530910662655
452312848583266388373324160190187140051835877600158453279131187530910662655
452312848583266388373324160190187140051835877600158453279131187530910662655
452312848583266388373324160190187140051835877600158453279131187530910662655
452312848583266388373324160190187140051835877600158453279131187530910662655
452312848583266388373324160190187140051835877600158453279131187530910662655
452312848583266388373324160190187140051835877600158453279131187530910662655
452312848583266388373324160190187140051835877600158453279131187530910662655
452312848583266388373324160190187140051835877600158453279131187530910662655
452312848583266388373324160190187140051835877600158453279131187530910662655
452312848583266388373324160190187140051835877600158453279131187530910662655
452312848583266388373324160190187140051835877600158453279131187530910662655
452312848583266388373324160190187140051835877600158453279131187530910662655
452312848583266388373324160190187140051835877600158453279131187530910662655
452312848583266388373324160190187140051835877600158453279131187530910662655
452312848583266388373324160190187140051835877600158453279131187530910662655
452312848583266388373324160190187140051835877600158453279131187530910662655
452312848583266388373324160190187140051835877600158453279131187530910662655
452312848583266388373324160190187140051835877600158453279131187530910662655
452312848583266388373324160190187140051835877600158453279131187530910662655
452312848583266388373324160190187140051835877600158453279131187530910662655
452312848583266388373324160190187140051835877600158453279131187530910662655
452312848583266388373324160190187140051835877600158453279131187530910662655
452312848583266388373324160190187140051835877600158453279131187530910662655
452312848583266388373324160190187140051835877600158453279131187530910662655
452312848583266388373324160190187140051835877600158453279131187530910662655
452312848583266388373324160190187140051835877600158453279131187530910662655
452312848583266388373324160190187140051835877600158453279131187530910662655
452312848583266388373324160190187140051835877600158453279131187530910662655
452312848583266388373324160190187140051835877600158453279131187530910662655
255
1
44
83367466209464785308024453054661943460534455871401754133800650250795298607
83367466209464785308024453054661943460534455871401754133800650250795298607
83367466209464785308024453054661943460534455871401754133800650250795298607
83367466209464785308024453054661943460534455871401754133800650250795298607
83367466209464785308024453054661943460534455871401754133800650250795298607
83367466209464785308024453054661943460534455871401754133800650250795298607
83367466209464785308024453054661943460534455871401754133800650250795298607
83367466209464785308024453054661943460534455871401754133800650250795298607
83367466209464785308024453054661943460534455871401754133800650250795298607
83367466209464785308024453054661943460534455871401754133800650250795298607
83367466209464785308024453054661943460534455871401754133800650250795298607
83367466209464785308024453054661943460534455871401754133800650250795298607
83367466209464785308024453054661943460534455871401754133800650250795298607
83367466209464785308024453054661943460534455871401754133800650250795298607
83367466209464785308024453054661943460534455871401754133800650250795298607
83367466209464785308024453054661943460534455871401754133800650250795298607
83367466209464785308024453054661943460534455871401754133800650250795298607
83367466209464785308024453054661943460534455871401754133800650250795298607
83367466209464785308024453054661943460534455871401754133800650250795298607
83367466209464785308024453054661943460534455871401754133800650250795298607
83367466209464785308024453054661943460534455871401754133800650250795298607
83367466209464785308024453054661943460534455871401754133800650250795298607
83367466209464785308024453054661943460534455871401754133800650250795298607
83367466209464785308024453054661943460534455871401754133800650250795298607
83367466209464785308024453054661943460534455871401754133800650250795298607
83367466209464785308024453054661943460534455871401754133800650250795298607
83367466209464785308024453054661943460534455871401754133800650250795298607
83367466209464785308024453054661943460534455871401754133800650250795298607
83367466209464785308024453054661943460534455871401754133800650250795298607
83367466209464785308024453054661943460534455871401754133800650250795298607
83367466209464785308024453054661943460534455871401754133800650250795298607
83367466209464785308024453054661943460534455871401754133800650250795298607
83367466209464785308024453054661943460534455871401754133800650250795298607
83367466209464785308024453054661943460534455871401754133800650250795298607
83367466209464785308024453054661943460534455871401754133800650250795298607
83367466209464785308024453054661943460534455871401754133800650250795298607
83367466209464785308024453054661943460534455871401754133800650250795298607
83367466209464785308024453054661943460534455871401754133800650250795298607
83367466209464785308024453054661943460534455871401754133800650250795298607
83367466209464785308024453054661943460534455871401754133800650250795298607
83367466209464785308024453054661943460534455871401754133800650250795298607
83367466209464785308024453054661943460534455871401754133800650250795298607
83367466209464785308024453054661943460534455871401754133800650250795298607
83367466209464785308024453054661943460534455871401754133800650250795298607
796343613
4
33
452312848583266388373324160190187140051835877600158453279131187530910662655
452312848583266388373324160190187140051835877600158453279131187530910662655
452312848583266388373324160190187140051835877600158453279131187530910662655
452312848583266388373324160190187140051835877600158453279131187530910662655
452312848583266388373324160190187140051835877600158453279131187530910662655
452312848583266388373324160190187140051835877600158453279131187530910662655
452312848583266388373324160190187140051835877600158453279131187530910662655
452312848583266388373324160190187140051835877600158453279131187530910662655
452312848583266388373324160190187140051835877600158453279131187530910662655
452312848583266388373324160190187140051835877600158453279131187530910662655
452312848583266388373324160190187140051835877600158453279131187530910662655
452312848583266388373324160190187140051835877600158453279131187530910662655
452312848583266388373324160190187140051835877600158453279131187530910662655
452312848583266388373324160190187140051835877600158453279131187530910662655
452312848583266388373324160190187140051835877600158453279131187530910662655
452312848583266388373324160190187140051835877600158453279131187530910662655
452312848583266388373324160190187140051835877600158453279131187530910662655
452312848583266388373324160190187140051835877600158453279131187530910662655
452312848583266388373324160190187140051835877600158453279131187530910662655
452312848583266388373324160190187140051835877600158453279131187530910662655
452312848583266388373324160190187140051835877600158453279131187530910662655
452312848583266388373324160190187140051835877600158453279131187530910662655
452312848583266388373324160190187140051835877600158453279131187530910662655
452312848583266388373324160190187140051835877600158453279131187530910662655
452312848583266388373324160190187140051835877600158453279131187530910662655
452312848583266388373324160190187140051835877600158453279131187530910662655
452312848583266388373324160190187140051835877600158453279131187530910662655
452312848583266388373324160190187140051835877600158453279131187530910662655
452312848583266388373324160190187140051835877600158453279131187530910662655
452312848583266388373324160190187140051835877600158453279131187530910662655
452312848583266388373324160190187140051835877600158453279131187530910662655
452312848583266388373324160190187140051835877600158453279131187530910662655
452312848583266388373324160190187140051835877600158453279131187530910662655
65535
2
44
83367466209464785308024453054661943460534455871401754133800650250795298607
83367466209464785308024453054661943460534455871401754133800650250795298607
83367466209464785308024453054661943460534455871401754133800650250795298607
83367466209464785308024453054661943460534455871401754133800650250795298607
83367466209464785308024453054661943460534455871401754133800650250795298607
83367466209464785308024453054661943460534455871401754133800650250795298607
83367466209464785308024453054661943460534455871401754133800650250795298607
83367466209464785308024453054661943460534455871401754133800650250795298607
83367466209464785308024453054661943460534455871401754133800650250795298607
83367466209464785308024453054661943460534455871401754133800650250795298607
83367466209464785308024453054661943460534455871401754133800650250795298607
83367466209464785308024453054661943460534455871401754133800650250795298607
83367466209464785308024453054661943460534455871401754133800650250795298607
83367466209464785308024453054661943460534455871401754133800650250795298607
83367466209464785308024453054661943460534455871401754133800650250795298607
83367466209464785308024453054661943460534455871401754133800650250795298607
83367466209464785308024453054661943460534455871401754133800650250795298607
83367466209464785308024453054661943460534455871401754133800650250795298607
83367466209464785308024453054661943460534455871401754133800650250795298607
83367466209464785308024453054661943460534455871401754133800650250795298607
83367466209464785308024453054661943460534455871401754133800650250795298607
83367466209464785308024453054661943460534455871401754133800650250795298607
83367466209464785308024453054661943460534455871401754133800650250795298607
83367466209464785308024453054661943460534455871401754133800650250795298607
83367466209464785308024453054661943460534455871401754133800650250795298607
83367466209464785308024453054661943460534455871401754133800650250795298607
83367466209464785308024453054661943460534455871401754133800650250795298607
83367466209464785308024453054661943460534455871401754133800650250795298607
83367466209464785308024453054661943460534455871401754133800650250795298607
83367466209464785308024453054661943460534455871401754133800650250795298607
83367466209464785308024453054661943460534455871401754133800650250795298607
83367466209464785308024453054661943460534455871401754133800650250795298607
83367466209464785308024453054661943460534455871401754133800650250795298607
83367466209464785308024453054661943460534455871401754133800650250795298607
83367466209464785308024453054661943460534455871401754133800650250795298607
83367466209464785308024453054661943460534455871401754133800650250795298607
83367466209464785308024453054661943460534455871401754133800650250795298607
83367466209464785308024453054661943460534455871401754133800650250795298607
83367466209464785308024453054661943460534455871401754133800650250795298607
83367466209464785308024453054661943460534455871401754133800650250795298607
83367466209464785308024453054661943460534455871401754133800650250795298607
83367466209464785308024453054661943460534455871401754133800650250795298607
83367466209464785308024453054661943460534455871401754133800650250795298607
83367466209464785308024453054661943460534455871401754133800650250795298607
791623741
4
66
452312848583266388373324160190187140051835877600158453279131187530910662655
452312848583266388373324160190187140051835877600158453279131187530910662655
452312848583266388373324160190187140051835877600158453279131187530910662655
452312848583266388373324160190187140051835877600158453279131187530910662655
452312848583266388373324160190187140051835877600158453279131187530910662655
452312848583266388373324160190187140051835877600158453279131187530910662655
452312848583266388373324160190187140051835877600158453279131187530910662655
452312848583266388373324160190187140051835877600158453279131187530910662655
452312848583266388373324160190187140051835877600158453279131187530910662655
452312848583266388373324160190187140051835877600158453279131187530910662655
452312848583266388373324160190187140051835877600158453279131187530910662655
452312848583266388373324160190187140051835877600158453279131187530910662655
452312848583266388373324160190187140051835877600158453279131187530910662655
452312848583266388373324160190187140051835877600158453279131187530910662655
452312848583266388373324160190187140051835877600158453279131187530910662655
452312848583266388373324160190187140051835877600158453279131187530910662655
452312848583266388373324160190187140051835877600158453279131187530910662655
452312848583266388373324160190187140051835877600158453279131187530910662655
452312848583266388373324160190187140051835877600158453279131187530910662655
452312848583266388373324160190187140051835877600158453279131187530910662655
452312848583266388373324160190187140051835877600158453279131187530910662655
452312848583266388373324160190187140051835877600158453279131187530910662655
452312848583266388373324160190187140051835877600158453279131187530910662655
452312848583266388373324160190187140051835877600158453279131187530910662655
452312848583266388373324160190187140051835877600158453279131187530910662655
452312848583266388373324160190187140051835877600158453279131187530910662655
452312848583266388373324160190187140051835877600158453279131187530910662655
452312848583266388373324160190187140051835877600158453279131187530910662655
452312848583266388373324160190187140051835877600158453279131187530910662655
452312848583266388373324160190187140051835877600158453279131187530910662655
452312848583266388373324160190187140051835877600158453279131187530910662655
452312848583266388373324160190187140051835877600158453279131187530910662655
452312848583266388373324160190187140051835877600158453279131187530910662655
452312848583266388373324160190187140051835877600158453279131187530910662655
452312848583266388373324160190187140051835877600158453279131187530910662655
452312848583266388373324160190187140051835877600158453279131187530910662655
452312848583266388373324160190187140051835877600158453279131187530910662655
452312848583266388373324160190187140051835877600158453279131187530910662655
452312848583266388373324160190187140051835877600158453279131187530910662655
452312848583266388373324160190187140051835877600158453279131187530910662655
452312848583266388373324160190187140051835877600158453279131187530910662655
452312848583266388373324160190187140051835877600158453279131187530910662655
452312848583266388373324160190187140051835877600158453279131187530910662655
452312848583266388373324160190187140051835877600158453279131187530910662655
452312848583266388373324160190187140051835877600158453279131187530910662655
452312848583266388373324160190187140051835877600158453279131187530910662655
452312848583266388373324160190187140051835877600158453279131187530910662655
452312848583266388373324160190187140051835877600158453279131187530910662655
452312848583266388373324160190187140051835877600158453279131187530910662655
452312848583266388373324160190187140051835877600158453279131187530910662655
452312848583266388373324160190187140051835877600158453279131187530910662655
452312848583266388373324160190187140051835877600158453279131187530910662655
452312848583266388373324160190187140051835877600158453279131187530910662655
452312848583266388373324160190187140051835877600158453279131187530910662655
452312848583266388373324160190187140051835877600158453279131187530910662655
452312848583266388373324160190187140051835877600158453279131187530910662655
452312848583266388373324160190187140051835877600158453279131187530910662655
452312848583266388373324160190187140051835877600158453279131187530910662655
452312848583266388373324160190187140051835877600158453279131187530910662655
452312848583266388373324160190187140051835877600158453279131187530910662655
452312848583266388373324160190187140051835877600158453279131187530910662655
452312848583266388373324160190187140051835877600158453279131187530910662655
452312848583266388373324160190187140051835877600158453279131187530910662655
452312848583266388373324160190187140051835877600158453279131187530910662655
452312848583266388373324160190187140051835877600158453279131187530910662655
452312848583266388373324160190187140051835877600158453279131187530910662655
65535
2
88
83367466209464785308024453054661943460534455871401754133800650250795298607
83367466209464785308024453054661943460534455871401754133800650250795298607
83367466209464785308024453054661943460534455871401754133800650250795298607
83367466209464785308024453054661943460534455871401754133800650250795298607
83367466209464785308024453054661943460534455871401754133800650250795298607
83367466209464785308024453054661943460534455871401754133800650250795298607
83367466209464785308024453054661943460534455871401754133800650250795298607
83367466209464785308024453054661943460534455871401754133800650250795298607
83367466209464785308024453054661943460534455871401754133800650250795298607
83367466209464785308024453054661943460534455871401754133800650250795298607
83367466209464785308024453054661943460534455871401754133800650250795298607
83367466209464785308024453054661943460534455871401754133800650250795298607
83367466209464785308024453054661943460534455871401754133800650250795298607
83367466209464785308024453054661943460534455871401754133800650250795298607
83367466209464785308024453054661943460534455871401754133800650250795298607
83367466209464785308024453054661943460534455871401754133800650250795298607
83367466209464785308024453054661943460534455871401754133800650250795298607
83367466209464785308024453054661943460534455871401754133800650250795298607
83367466209464785308024453054661943460534455871401754133800650250795298607
83367466209464785308024453054661943460534455871401754133800650250795298607
83367466209464785308024453054661943460534455871401754133800650250795298607
83367466209464785308024453054661943460534455871401754133800650250795298607
83367466209464785308024453054661943460534455871401754133800650250795298607
83367466209464785308024453054661943460534455871401754133800650250795298607
83367466209464785308024453054661943460534455871401754133800650250795298607
83367466209464785308024453054661943460534455871401754133800650250795298607
83367466209464785308024453054661943460534455871401754133800650250795298607
83367466209464785308024453054661943460534455871401754133800650250795298607
83367466209464785308024453054661943460534455871401754133800650250795298607
83367466209464785308024453054661943460534455871401754133800650250795298607
83367466209464785308024453054661943460534455871401754133800650250795298607
83367466209464785308024453054661943460534455871401754133800650250795298607
83367466209464785308024453054661943460534455871401754133800650250795298607
83367466209464785308024453054661943460534455871401754133800650250795298607
83367466209464785308024453054661943460534455871401754133800650250795298607
83367466209464785308024453054661943460534455871401754133800650250795298607
83367466209464785308024453054661943460534455871401754133800650250795298607
83367466209464785308024453054661943460534455871401754133800650250795298607
83367466209464785308024453054661943460534455871401754133800650250795298607
83367466209464785308024453054661943460534455871401754133800650250795298607
83367466209464785308024453054661943460534455871401754133800650250795298607
83367466209464785308024453054661943460534455871401754133800650250795298607
83367466209464785308024453054661943460534455871401754133800650250795298607
83367466209464785308024453054661943460534455871401754133800650250795298607
83367466209464785308024453054661943460534455871401754133800650250795298607
83367466209464785308024453054661943460534455871401754133800650250795298607
83367466209464785308024453054661943460534455871401754133800650250795298607
83367466209464785308024453054661943460534455871401754133800650250795298607
83367466209464785308024453054661943460534455871401754133800650250795298607
83367466209464785308024453054661943460534455871401754133800650250795298607
83367466209464785308024453054661943460534455871401754133800650250795298607
83367466209464785308024453054661943460534455871401754133800650250795298607
83367466209464785308024453054661943460534455871401754133800650250795298607
83367466209464785308024453054661943460534455871401754133800650250795298607
83367466209464785308024453054661943460534455871401754133800650250795298607
83367466209464785308024453054661943460534455871401754133800650250795298607
83367466209464785308024453054661943460534455871401754133800650250795298607
83367466209464785308024453054661943460534455871401754133800650250795298607
83367466209464785308024453054661943460534455871401754133800650250795298607
83367466209464785308024453054661943460534455871401754133800650250795298607
83367466209464785308024453054661943460534455871401754133800650250795298607
83367466209464785308024453054661943460534455871401754133800650250795298607
83367466209464785308024453054661943460534455871401754133800650250795298607
83367466209464785308024453054661943460534455871401754133800650250795298607
83367466209464785308024453054661943460534455871401754133800650250795298607
83367466209464785308024453054661943460534455871401754133800650250795298607
83367466209464785308024453054661943460534455871401754133800650250795298607
83367466209464785308024453054661943460534455871401754133800650250795298607
83367466209464785308024453054661943460534455871401754133800650250795298607
83367466209464785308024453054661943460534455871401754133800650250795298607
83367466209464785308024453054661943460534455871401754133800650250795298607
83367466209464785308024453054661943460534455871401754133800650250795298607
83367466209464785308024453054661943460534455871401754133800650250795298607
83367466209464785308024453054661943460534455871401754133800650250795298607
83367466209464785308024453054661943460534455871401754133800650250795298607
83367466209464785308024453054661943460534455871401754133800650250795298607
83367466209464785308024453054661943460534455871401754133800650250795298607
83367466209464785308024453054661943460534455871401754133800650250795298607
83367466209464785308024453054661943460534455871401754133800650250795298607
83367466209464785308024453054661943460534455871401754133800650250795298607
83367466209464785308024453054661943460534455871401754133800650250795298607
83367466209464785308024453054661943460534455871401754133800650250795298607
83367466209464785308024453054661943460534455871401754133800650250795298607
83367466209464785308024453054661943460534455871401754133800650250795298607
83367466209464785308024453054661943460534455871401754133800650250795298607
83367466209464785308024453054661943460534455871401754133800650250795298607
83367466209464785308024453054661943460534455871401754133800650250795298607
83367466209464785308024453054661943460534455871401754133800650250795298607
791623741
4
