46
2
6955983830576953300627822532721063284149725145715624041201556132732190
54994008164541392794763564943692726324487727002027723669739502785380695101
15935
2
2
115295540042311128108307153670796302824053758281293292159195738388621054553
155974356356033525805950051320756950683608993030774728480463081536866176083
84303370879848767053399046745454145665097256719965558700195133
26
2
6955983830576953300627822532721063284149725145715624041201556132732190
54994008164541392794763564943692726324487727002027723669739502785380695101
4079424
3
2
115295540042311128108307153670796302824053758281293292159195738388621054553
155974356356033525805950051320756950683608993030774728480463081536866176083
84303370879848767053399046745454145665097256719965558695543101
26
2
6955983830576953300627822532721063284149725145715624041201556132732190
54994008164541392794763564943692726324487727002027723669739502785380695101
1044332609
4
2
115295540042311128108307153670796302824053758281293292159195738388621054553
155974356356033525805950051320756950683608993030774728480463081536866176083
84303370879848767053399046745454145665097256719965558695543362
26
2
6955983830576953300627822532721063284149725145715624041201556132732190
54994008164541392794763564943692726324487727002027723669739502785380695101
267349147970
5
2
115295540042311128108307153670796302824053758281293292159195738388621054553
155974356356033525805950051320756950683608993030774728480463081536866176083
362080220871509199920271191409300792299212886271568304843727162105609533
30
2
6955983830576953300627822532721063284149725145715624041201556132732190
54994008164541392794763564943692726324487727002027723669739502785380695101
68441381880387
6
2
115295540042311128108307153670796302824053758281293292159195738388621054553
155974356356033525805950051320756950683608993030774728480463081536866176083
362080220871509199920271191409300792299212886271568304843727162105875773
30
2
6955983830576953300627822532721063284149725145715624041201556132732190
54994008164541392794763564943692726324487727002027723669739502785380695101
17520993761379140
7
2
115295540042311128108307153670796302824053758281293292159195738388621054553
155974356356033525805950051320756950683608993030774728480463081536866176083
362080220871509199920271191409300792299212886271568304843727162105876037
30
2
6955983830576953300627822532721063284149725145715624041201556132732190
54994008164541392794763564943692726324487727002027723669739502785380695101
4485374402913059909
8
3
115295540042311128108307153670796302824053758281293292159195738388621054553
155974356356033525805950051320756950683608993030774728480463081536866176083
92692536543106355179589425000781002828598498885521486039994153499104265554
5324093
3
2
6955983830576953300627822532721063284149725145715624041201556132732190
54994008164541392794763564943692726324487727002027723669739502785380695101
1148255847145743336774
9
3
115295540042311128108307153670796302824053758281293292159195738388621054553
155974356356033525805950051320756950683608993030774728480463081536866176083
92692536543106355179589425000781002828598498885521486039994153499104265554
5593405
3
2
6955983830576953300627822532721063284149725145715624041201556132732190
54994008164541392794763564943692726324487727002027723669739502785380695101
293953496869310294214215
10
3
115295540042311128108307153670796302824053758281293292159195738388621054553
155974356356033525805950051320756950683608993030774728480463081536866176083
92692536543106355179589425000781002828598498885521486039994153499104265554
5593672
3
2
6955983830576953300627822532721063284149725145715624041201556132732190
54994008164541392794763564943692726324487727002027723669739502785380695101
75252095198543435318839112
11
3
115295540042311128108307153670796302824053758281293292159195738388621054553
155974356356033525805950051320756950683608993030774728480463081536866176083
92692536543106355179589425000781002828598498885521486039994153499104265554
24024639701335357
7
2
6955983830576953300627822532721063284149725145715624041201556132732190
54994008164541392794763564943692726324487727002027723669739502785380695101
19264536370827119441622812745
12
3
115295540042311128108307153670796302824053758281293292159195738388621054553
155974356356033525805950051320756950683608993030774728480463081536866176083
92692536543106355179589425000781002828598498885521486039994153499104265554
24024639701609277
7
2
6955983830576953300627822532721063284149725145715624041201556132732190
54994008164541392794763564943692726324487727002027723669739502785380695101
4931721310931742577055440062794
13
3
115295540042311128108307153670796302824053758281293292159195738388621054553
155974356356033525805950051320756950683608993030774728480463081536866176083
92692536543106355179589425000781002828598498885521486039994153499104265554
24024639701609547
7
2
6955983830576953300627822532721063284149725145715624041201556132732190
54994008164541392794763564943692726324487727002027723669739502785380695101
1262520655598526099726192656075339
14
3
115295540042311128108307153670796302824053758281293292159195738388621054553
155974356356033525805950051320756950683608993030774728480463081536866176083
92692536543106355179589425000781002828598498885521486039994153499104265554
103185041816596204326698301
11
2
6955983830576953300627822532721063284149725145715624041201556132732190
54994008164541392794763564943692726324487727002027723669739502785380695101
323205287833222681529905319955286860
15
3
115295540042311128108307153670796302824053758281293292159195738388621054553
155974356356033525805950051320756950683608993030774728480463081536866176083
92692536543106355179589425000781002828598498885521486039994153499104265554
103185041816596204322060093
11
2
6955983830576953300627822532721063284149725145715624041201556132732190
54994008164541392794763564943692726324487727002027723669739502785380695101
82740553685305006471655761908553436237
16
3
115295540042311128108307153670796302824053758281293292159195738388621054553
155974356356033525805950051320756950683608993030774728480463081536866176083
92692536543106355179589425000781002828598498885521486039994153499104265554
103185041816596204322060366
11
2
6955983830576953300627822532721063284149725145715624041201556132732190
54994008164541392794763564943692726324487727002027723669739502785380695101
21181581743438081656743875048589679676750
17
3
115295540042311128108307153670796302824053758281293292159195738388621054553
155974356356033525805950051320756950683608993030774728480463081536866176083
92692536543106355179589425000781002828598498885521486039994153499104265554
443176380038673127600983124723842365
15
2
6955983830576953300627822532721063284149725145715624041201556132732190
54994008164541392794763564943692726324487727002027723669739502785380695101
5422484926320148904126432012438957997248079
18
3
115295540042311128108307153670796302824053758281293292159195738388621054553
155974356356033525805950051320756950683608993030774728480463081536866176083
92692536543106355179589425000781002828598498885521486039994153499104265554
443176380038673127600983124724103229
15
2
6955983830576953300627822532721063284149725145715624041201556132732190
54994008164541392794763564943692726324487727002027723669739502785380695101
1388156141137958119456366595184373247295508304
19
3
115295540042311128108307153670796302824053758281293292159195738388621054553
155974356356033525805950051320756950683608993030774728480463081536866176083
92692536543106355179589425000781002828598498885521486039994153499104265554
443176380038673127600983124724103505
15
2
6955983830576953300627822532721063284149725145715624041201556132732190
54994008164541392794763564943692726324487727002027723669739502785380695101
355367972131317278580829848367199551307650125905
20
3
115295540042311128108307153670796302824053758281293292159195738388621054553
155974356356033525805950051320756950683608993030774728480463081536866176083
92692536543106355179589425000781002828598498885521486039994153499104265554
1903428058625768298280257458137913578325359933
19
2
6955983830576953300627822532721063284149725145715624041201556132732190
54994008164541392794763564943692726324487727002027723669739502785380695101
90974200865617223316692441182003085134758432231762
21
3
115295540042311128108307153670796302824053758281293292159195738388621054553
155974356356033525805950051320756950683608993030774728480463081536866176083
92692536543106355179589425000781002828598498885521486039994153499104265554
1903428058625768298280257458137913578325690685
19
2
6955983830576953300627822532721063284149725145715624041201556132732190
54994008164541392794763564943692726324487727002027723669739502785380695101
23289395421598009169073264942592789794498158651331155
22
3
115295540042311128108307153670796302824053758281293292159195738388621054553
155974356356033525805950051320756950683608993030774728480463081536866176083
92692536543106355179589425000781002828598498885521486039994153499104265554
1903428058625768298280257458137913578325690964
19
2
6955983830576953300627822532721063284149725145715624041201556132732190
54994008164541392794763564943692726324487727002027723669739502785380695101
5962085227929090347282755825303754187391528614740775764
23
3
115295540042311128108307153670796302824053758281293292159195738388621054553
155974356356033525805950051320756950683608993030774728480463081536866176083
92692536543106355179589425000781002828598498885521486039994153499104265554
8175161262086445543987278825162427876583177128429829437
23
2
6955983830576953300627822532721063284149725145715624041201556132732190
54994008164541392794763564943692726324487727002027723669739502785380695101
1526293818349847128904385491277761071972231325373638595669
24
3
115295540042311128108307153670796302824053758281293292159195738388621054553
155974356356033525805950051320756950683608993030774728480463081536866176083
92692536543106355179589425000781002828598498885521486039994153499104265554
8175161262086445543987278825162427876583177128430163261
23
2
6955983830576953300627822532721063284149725145715624041201556132732190
54994008164541392794763564943692726324487727002027723669739502785380695101
390731217497560864999522685767106834424891219295651480491350
25
3
115295540042311128108307153670796302824053758281293292159195738388621054553
155974356356033525805950051320756950683608993030774728480463081536866176083
92692536543106355179589425000781002828598498885521486039994153499104265554
8175161262086445543987278825162427876583177128430163543
23
2
6955983830576953300627822532721063284149725145715624041201556132732190
54994008164541392794763564943692726324487727002027723669739502785380695101
100027191679375581439877807556379349612772152139686779005785687
26
3
115295540042311128108307153670796302824053758281293292159195738388621054553
155974356356033525805950051320756950683608993030774728480463081536866176083
92692536543106355179589425000781002828598498885521486039994153499104265554
35112050260187368336310291994105929617883469990382744238567144765
27
2
6955983830576953300627822532721063284149725145715624041201556132732190
54994008164541392794763564943692726324487727002027723669739502785380695101
25606961069920148848608718734433113500869670947759815425481135960
27
3
115295540042311128108307153670796302824053758281293292159195738388621054553
155974356356033525805950051320756950683608993030774728480463081536866176083
92692536543106355179589425000781002828598498885521486039994153499104265554
35112050260187368336310291994105929617883469990382744238562567997
27
2
6955983830576953300627822532721063284149725145715624041201556132732190
54994008164541392794763564943692726324487727002027723669739502785380695101
6555382033899558105243831996014877056222635762626512748923170805849
28
3
115295540042311128108307153670796302824053758281293292159195738388621054553
155974356356033525805950051320756950683608993030774728480463081536866176083
92692536543106355179589425000781002828598498885521486039994153499104265554
35112050260187368336310291994105929617883469990382744238562568282
27
2
6955983830576953300627822532721063284149725145715624041201556132732190
54994008164541392794763564943692726324487727002027723669739502785380695101
1678177800678286874942420990979808526392994755232387263724331726297434
29
4
115295540042311128108307153670796302824053758281293292159195738388621054553
155974356356033525805950051320756950683608993030774728480463081536866176083
92692536543106355179589425000781002828598498885521486039994153499104265554
150805107563013037836758633422895592468487280347691321027358652822423289149
0
0
2
6955983830576953300627822532721063284149725145715624041201556132732190
54994008164541392794763564943692726324487727002027723669739502785380695101
429613516973641439985259773690830982756606657339491139513428921932143195
30
4
115295540042311128108307153670796302824053758281293292159195738388621054553
155974356356033525805950051320756950683608993030774728480463081536866176083
92692536543106355179589425000781002828598498885521486039994153499104265554
150805107563013037836758633422895592468487280347691321027358652822423630653
0
0
3
6955983830576953300627822532721063284149725145715624041201556132732190
54994008164541392794763564943692726324487727002027723669739502785380695101
109981060345252208636226502064852731585691304278909731715437804014628658012
0
0
4
115295540042311128108307153670796302824053758281293292159195738388621054553
155974356356033525805950051320756950683608993030774728480463081536866176083
92692536543106355179589425000781002828598498885521486039994153499104265554
150805107563013037836758633422895592468487280347691321027358652822423630947
0
0
3
6955983830576953300627822532721063284149725145715624041201556132732190
54994008164541392794763564943692726324487727002027723669739502785380695101
109981060345252208636226502064852731585691304278909731715437804014628658012
93
1
4
115295540042311128108307153670796302824053758281293292159195738388621054553
155974356356033525805950051320756950683608993030774728480463081536866176083
92692536543106355179589425000781002828598498885521486039994153499104265554
150805107563013037836758633422895592468487280347691321027358652822423630947
1481719101
4
3
6955983830576953300627822532721063284149725145715624041201556132732190
54994008164541392794763564943692726324487727002027723669739502785380695101
109981060345252208636226502064852731585691304278909731715437804014628658012
23902
2
4
115295540042311128108307153670796302824053758281293292159195738388621054553
155974356356033525805950051320756950683608993030774728480463081536866176083
92692536543106355179589425000781002828598498885521486039994153499104265554
150805107563013037836758633422895592468487280347691321027358652822423630947
1482044477
4
3
6955983830576953300627822532721063284149725145715624041201556132732190
54994008164541392794763564943692726324487727002027723669739502785380695101
109981060345252208636226502064852731585691304278909731715437804014628658012
6119007
3
4
115295540042311128108307153670796302824053758281293292159195738388621054553
155974356356033525805950051320756950683608993030774728480463081536866176083
92692536543106355179589425000781002828598498885521486039994153499104265554
150805107563013037836758633422895592468487280347691321027358652822423630947
1482044774
4
4
6955983830576953300627822532721063284149725145715624041201556132732190
54994008164541392794763564943692726324487727002027723669739502785380695101
109981060345252208636226502064852731585691304278909731715437804014628658012
164968112525963024477689439186012736846894881555791739761136105243876620923
8158590
3
5
115295540042311128108307153670796302824053758281293292159195738388621054553
155974356356033525805950051320756950683608993030774728480463081536866176083
92692536543106355179589425000781002828598498885521486039994153499104265554
150805107563013037836758633422895592468487280347691321027358652822423630947
156077531542075929647588272207575586722585096695609341428577381993681219150
16466935163395935054911456658506587258173
17
4
6955983830576953300627822532721063284149725145715624041201556132732190
54994008164541392794763564943692726324487727002027723669739502785380695101
109981060345252208636226502064852731585691304278909731715437804014628658012
164968112525963024477689439186012736846894881555791739761136105243876620923
2088599167
4
5
115295540042311128108307153670796302824053758281293292159195738388621054553
155974356356033525805950051320756950683608993030774728480463081536866176083
92692536543106355179589425000781002828598498885521486039994153499104265554
150805107563013037836758633422895592468487280347691321027358652822423630947
156077531542075929647588272207575586722585096695609341428577381993681219150
16466935163395935054911456658506587715645
17
4
6955983830576953300627822532721063284149725145715624041201556132732190
54994008164541392794763564943692726324487727002027723669739502785380695101
109981060345252208636226502064852731585691304278909731715437804014628658012
164968112525963024477689439186012736846894881555791739761136105243876620923
534681386880
5
5
115295540042311128108307153670796302824053758281293292159195738388621054553
155974356356033525805950051320756950683608993030774728480463081536866176083
92692536543106355179589425000781002828598498885521486039994153499104265554
150805107563013037836758633422895592468487280347691321027358652822423630947
156077531542075929647588272207575586722585096695609341428577381993681219150
16466935163395935054911456658506587712321
17
8
6955983830576953300627822532721063284149725145715624041201556132732190
54994008164541392794763564943692726324487727002027723669739502785380695101
109981060345252208636226502064852731585691304278909731715437804014628658012
164968112525963024477689439186012736846894881555791739761136105243876620923
219955164706673840319152376307172742108098458832673747806834406473124583834
274942216887384656160615313428332747369302036109555755852532707702372546745
329929269068095472002078250549492752630505613386437763898231008931620509656
384916321248806287843541187670652757891709190663319771943929310160868472567
70080650589044222
7
10
115295540042311128108307153670796302824053758281293292159195738388621054553
155974356356033525805950051320756950683608993030774728480463081536866176083
92692536543106355179589425000781002828598498885521486039994153499104265554
150805107563013037836758633422895592468487280347691321027358652822423630947
156077531542075929647588272207575586722585096695609341428577381993681219150
85501215718597402078193302904114143747557449577988445235931497632132393327
207255408197258056480855201792302649399247392715207790399765104813366536303
200201852830683987543482622219412471305421130002179298351397798852659996981
207511065922553685393741968100624230880923875058706339208092709017345472836
145215878950316526975236793537590157583771879830001095151955583513142310187
734610361971620951071280353938046096099604607822774813221801677953184555
30
8
6955983830576953300627822532721063284149725145715624041201556132732190
54994008164541392794763564943692726324487727002027723669739502785380695101
109981060345252208636226502064852731585691304278909731715437804014628658012
164968112525963024477689439186012736846894881555791739761136105243876620923
219955164706673840319152376307172742108098458832673747806834406473124583834
274942216887384656160615313428332747369302036109555755852532707702372546745
329929269068095472002078250549492752630505613386437763898231008931620509656
384916321248806287843541187670652757891709190663319771943929310160868472567
17940646550795321087
8
11
115295540042311128108307153670796302824053758281293292159195738388621054553
155974356356033525805950051320756950683608993030774728480463081536866176083
92692536543106355179589425000781002828598498885521486039994153499104265554
150805107563013037836758633422895592468487280347691321027358652822423630947
156077531542075929647588272207575586722585096695609341428577381993681219150
85501215718597402078193302904114143747557449577988445235931497632132393327
207255408197258056480855201792302649399247392715207790399765104813366536303
200201852830683987543482622219412471305421130002179298351397798852659996981
207511065922553685393741968100624230880923875058706339208092709017345472836
145215878950316526975236793537590157583771879830001095151955583513142310187
188060252664734963474247770608139800601498779602630352184781229556015246127
7814461
3
8
6955983830576953300627822532721063284149725145715624041201556132732190
54994008164541392794763564943692726324487727002027723669739502785380695101
109981060345252208636226502064852731585691304278909731715437804014628658012
164968112525963024477689439186012736846894881555791739761136105243876620923
219955164706673840319152376307172742108098458832673747806834406473124583834
274942216887384656160615313428332747369302036109555755852532707702372546745
329929269068095472002078250549492752630505613386437763898231008931620509656
384916321248806287843541187670652757891709190663319771943929310160868472567
4592805517003602198272
9
11
115295540042311128108307153670796302824053758281293292159195738388621054553
155974356356033525805950051320756950683608993030774728480463081536866176083
92692536543106355179589425000781002828598498885521486039994153499104265554
150805107563013037836758633422895592468487280347691321027358652822423630947
156077531542075929647588272207575586722585096695609341428577381993681219150
85501215718597402078193302904114143747557449577988445235931497632132393327
207255408197258056480855201792302649399247392715207790399765104813366536303
200201852830683987543482622219412471305421130002179298351397798852659996981
207511065922553685393741968100624230880923875058706339208092709017345472836
145215878950316526975236793537590157583771879830001095151955583513142310187
188060252664734963474247770608139800601498779602630352184781229556015246127
7815485
3
16
6955983830576953300627822532721063284149725145715624041201556132732190
54994008164541392794763564943692726324487727002027723669739502785380695101
109981060345252208636226502064852731585691304278909731715437804014628658012
164968112525963024477689439186012736846894881555791739761136105243876620923
219955164706673840319152376307172742108098458832673747806834406473124583834
274942216887384656160615313428332747369302036109555755852532707702372546745
329929269068095472002078250549492752630505613386437763898231008931620509656
384916321248806287843541187670652757891709190663319771943929310160868472567
439903373429517103660388039555002250353556730986446225416677197882414339350
40803801150164408061482806976941757224822287704767850625688328274607027253
95790853330875223902945744098101762486025864981649858671386629503854990164
150777905511586039744408681219261767747229442258531866717084930733102953075
205764957692296855585871618340421773008433019535413874762783231962350915986
260752009873007671427334555461581778269636596812295882808481533191598878897
315739062053718487268797492582741783530840174089177890854179834420846841808
370726114234429303110260429703901788792043751366059898899878135650094804719
1251058555479163957517660836543135230
15
22
115295540042311128108307153670796302824053758281293292159195738388621054553
155974356356033525805950051320756950683608993030774728480463081536866176083
92692536543106355179589425000781002828598498885521486039994153499104265554
150805107563013037836758633422895592468487280347691321027358652822423630947
156077531542075929647588272207575586722585096695609341428577381993681219150
85501215718597402078193302904114143747557449577988445235931497632132393327
207255408197258056480855201792302649399247392715207790399765104813366536303
200201852830683987543482622219412471305421130002179298351397798852659996981
207511065922553685393741968100624230880923875058706339208092709017345472836
145215878950316526975236793537590157583771879830001095151955583513142310187
188060252664734963474247770608139800601498779602630352184781229556015246127
210705200465444023591594938920199053571019303756057385220554317030043571543
124510290478090289161522484065720218067656901705056262895787553644734071600
207248935309708938457852307786442630369851958890255104146991231868487356997
152441087375082444356122027402883003208622327753218900830525048373287871064
124020212348250209632826584200789650601404724205080390000755614254112459386
177183956077055533835045991026573660912530653081233143204352431883798796657
135013935410307679011269744610833439983287799419025791297379925762838589281
133248142419552805231791445659238419476742750093098810172400683005912626293
173932404940731314487511359976775704522825643289062541562858596784120475473
85500891566504034323708064371165510323264383674681600560938096872486434150
196495453500327742087275138558227706948185002920836021958452326395442442087
15677
2
16
6955983830576953300627822532721063284149725145715624041201556132732190
54994008164541392794763564943692726324487727002027723669739502785380695101
109981060345252208636226502064852731585691304278909731715437804014628658012
164968112525963024477689439186012736846894881555791739761136105243876620923
219955164706673840319152376307172742108098458832673747806834406473124583834
274942216887384656160615313428332747369302036109555755852532707702372546745
329929269068095472002078250549492752630505613386437763898231008931620509656
384916321248806287843541187670652757891709190663319771943929310160868472567
439903373429517103660388039555002250353556730986446225416677197882414339350
40803801150164408061482806976941757224822287704767850625688328274607027253
95790853330875223902945744098101762486025864981649858671386629503854990164
150777905511586039744408681219261767747229442258531866717084930733102953075
205764957692296855585871618340421773008433019535413874762783231962350915986
260752009873007671427334555461581778269636596812295882808481533191598878897
315739062053718487268797492582741783530840174089177890854179834420846841808
370726114234429303110260429703901788792043751366059898899878135650094804719
320270990202665973124521174155042619135
16
22
115295540042311128108307153670796302824053758281293292159195738388621054553
155974356356033525805950051320756950683608993030774728480463081536866176083
92692536543106355179589425000781002828598498885521486039994153499104265554
150805107563013037836758633422895592468487280347691321027358652822423630947
156077531542075929647588272207575586722585096695609341428577381993681219150
85501215718597402078193302904114143747557449577988445235931497632132393327
207255408197258056480855201792302649399247392715207790399765104813366536303
200201852830683987543482622219412471305421130002179298351397798852659996981
207511065922553685393741968100624230880923875058706339208092709017345472836
145215878950316526975236793537590157583771879830001095151955583513142310187
188060252664734963474247770608139800601498779602630352184781229556015246127
210705200465444023591594938920199053571019303756057385220554317030043571543
124510290478090289161522484065720218067656901705056262895787553644734071600
207248935309708938457852307786442630369851958890255104146991231868487356997
152441087375082444356122027402883003208622327753218900830525048373287871064
124020212348250209632826584200789650601404724205080390000755614254112459386
177183956077055533835045991026573660912530653081233143204352431883798796657
135013935410307679011269744610833439983287799419025791297379925762838589281
133248142419552805231791445659238419476742750093098810172400683005912626293
173932404940731314487511359976775704522825643289062541562858596784120475473
85500891566504034323708064371165510323264383674681600560938096872486434150
196495453500327742087275138558227706948185002920836021958452326395442442102
14397
2
16
6955983830576953300627822532721063284149725145715624041201556132732190
54994008164541392794763564943692726324487727002027723669739502785380695101
109981060345252208636226502064852731585691304278909731715437804014628658012
164968112525963024477689439186012736846894881555791739761136105243876620923
219955164706673840319152376307172742108098458832673747806834406473124583834
274942216887384656160615313428332747369302036109555755852532707702372546745
329929269068095472002078250549492752630505613386437763898231008931620509656
384916321248806287843541187670652757891709190663319771943929310160868472567
439903373429517103660388039555002250353556730986446225416677197882414339350
40803801150164408061482806976941757224822287704767850625688328274607027253
95790853330875223902945744098101762486025864981649858671386629503854990164
150777905511586039744408681219261767747229442258531866717084930733102953075
205764957692296855585871618340421773008433019535413874762783231962350915986
260752009873007671427334555461581778269636596812295882808481533191598878897
315739062053718487268797492582741783530840174089177890854179834420846841808
370726114234429303110260429703901788792043751366059898899878135650094804719
81989373491882489119877420583690910498560
17
22
115295540042311128108307153670796302824053758281293292159195738388621054553
155974356356033525805950051320756950683608993030774728480463081536866176083
92692536543106355179589425000781002828598498885521486039994153499104265554
150805107563013037836758633422895592468487280347691321027358652822423630947
156077531542075929647588272207575586722585096695609341428577381993681219150
85501215718597402078193302904114143747557449577988445235931497632132393327
207255408197258056480855201792302649399247392715207790399765104813366536303
200201852830683987543482622219412471305421130002179298351397798852659996981
207511065922553685393741968100624230880923875058706339208092709017345472836
145215878950316526975236793537590157583771879830001095151955583513142310187
188060252664734963474247770608139800601498779602630352184781229556015246127
210705200465444023591594938920199053571019303756057385220554317030043571543
124510290478090289161522484065720218067656901705056262895787553644734071600
207248935309708938457852307786442630369851958890255104146991231868487356997
152441087375082444356122027402883003208622327753218900830525048373287871064
124020212348250209632826584200789650601404724205080390000755614254112459386
177183956077055533835045991026573660912530653081233143204352431883798796657
135013935410307679011269744610833439983287799419025791297379925762838589281
133248142419552805231791445659238419476742750093098810172400683005912626293
173932404940731314487511359976775704522825643289062541562858596784120475473
85500891566504034323708064371165510323264383674681600560938096872486434150
196495453500327742087275138558227706948185002920836021958452326395442442102
14401
2
33
6955983830576953300627822532721063284149725145715624041201556132732190
54994008164541392794763564943692726324487727002027723669739502785380695101
109981060345252208636226502064852731585691304278909731715437804014628658012
164968112525963024477689439186012736846894881555791739761136105243876620923
219955164706673840319152376307172742108098458832673747806834406473124583834
274942216887384656160615313428332747369302036109555755852532707702372546745
329929269068095472002078250549492752630505613386437763898231008931620509656
384916321248806287843541187670652757891709190663319771943929310160868472567
439903373429517103660388039555002250353556730986446225416677197882414339350
40803801150164408061482806976941757224822287704767850625688328274607027253
95790853330875223902945744098101762486025864981649858671386629503854990164
150777905511586039744408681219261767747229442258531866717084930733102953075
205764957692296855585871618340421773008433019535413874762783231962350915986
260752009873007671427334555461581778269636596812295882808481533191598878897
315739062053718487268797492582741783530840174089177890854179834420846841808
370726114234429303110260429703901788792043751366059898899878135650094804719
425713166415140118951723366825061794051912887988349991402582810967845637390
26613594135787423328202049010190788125156848407507977581637153763833359405
81600646316498239169664986131350793386360425684389985627335454993081322316
136587698497209055011127923252510798647564002961271993673033756222329285227
191574750677919870852590860373670803908767580238154001718732057451577248138
246561802858630686694053797494830809169971157515036009764430358680825211049
301548855039341502535516734615990814431174734791918017810128659910073173960
356535907220052318376979671737150819692378312068800025855826961139321136871
411522959400763134218442608858310824953581889345682033901452922195731023110
12423387121410438594921291043439819025491409110248104537585979253059691557
67410439302121254436384228164599824286694986387130112583284280482307654468
122397491482832070277847165285759829547898563664012120628982581711555617379
177384543663542886119310102406919834809102140940894128674680882940803580290
232371595844253701960773039528079840070305718217776136720379184170051543201
287358648024964517802235976649239845331509295494658144766077485399299506112
342345700205675333643698913770399850592712872771540152811775786628547469023
397332752386386149485161850891559855853916450048422160857474087857795431934
0
0
44
115295540042311128108307153670796302824053758281293292159195738388621054553
155974356356033525805950051320756950683608993030774728480463081536866176083
92692536543106355179589425000781002828598498885521486039994153499104265554
150805107563013037836758633422895592468487280347691321027358652822423630947
156077531542075929647588272207575586722585096695609341428577381993681219150
85501215718597402078193302904114143747557449577988445235931497632132393327
207255408197258056480855201792302649399247392715207790399765104813366536303
200201852830683987543482622219412471305421130002179298351397798852659996981
207511065922553685393741968100624230880923875058706339208092709017345472836
145215878950316526975236793537590157583771879830001095151955583513142310187
188060252664734963474247770608139800601498779602630352184781229556015246127
210705200465444023591594938920199053571019303756057385220554317030043571543
124510290478090289161522484065720218067656901705056262895787553644734071600
207248935309708938457852307786442630369851958890255104146991231868487356997
152441087375082444356122027402883003208622327753218900830525048373287871064
124020212348250209632826584200789650601404724205080390000755614254112459386
177183956077055533835045991026573660912530653081233143204352431883798796657
135013935410307679011269744610833439983287799419025791297379925762838589281
133248142419552805231791445659238419476742750093098810172400683005912626293
173932404940731314487511359976775704522825643289062541562858596784120475473
85500891566504034323708064371165510323264383674681600560938096872486434150
196495453500327742087275138558227706948185002920836021958452326395442442102
99393810097100044896366258644903781672915756859996914300485276468920800838
184437774571622151441863015644740615775289024825538125793464913605726664564
135006582610557693991650410416693252594353603801906187792090139828688072786
124248133010610651611553080832308774799064391321991466254723735241833404209
212714206280733900752018957274195419055388131848588619401041719885239318883
90676475118162682301419240943854545138382002889937441479881357668559449419
185881103023453452101764459678290901510200210996569977768127228474582584135
186286500268873653719759474755426598883127639892090554366092694012367697228
192962184519375532589894235736527386020909490588441604433440750657529663536
138313239543830235674960000682972510498648011991822542324102284080125928046
95957956976135731969819577852689920336950295746932484559603045211959158327
83492185247874341334588057353943718301798203146440392954212349813833680466
157858663594791961293092969954091454747253914450956551055949760827296543564
147010386597477408555333963753071537605980376326947941828937041869393317445
145470541763245534704880233472727504205933707982658923788734828243582413940
175527537270646282728932344261859775202556003824653500843994394326382175086
138148060176614748809365147647416840108557640243712296097688141113449859689
196929615628671199866874363214465137481066522680987484782747370784158008168
196902062678020519910087751575508535222887513842264717235683435995248998249
94453484534514344801484072102267744740735255421355876417976740813107853881
120712849932079808345161248775274670629330513893128030930206548185996356917
76709034147442147123153072885883542276681412173474390012450868333535834923
0
0
33
6955983830576953300627822532721063284149725145715624041201556132732190
54994008164541392794763564943692726324487727002027723669739502785380695101
109981060345252208636226502064852731585691304278909731715437804014628658012
164968112525963024477689439186012736846894881555791739761136105243876620923
219955164706673840319152376307172742108098458832673747806834406473124583834
274942216887384656160615313428332747369302036109555755852532707702372546745
329929269068095472002078250549492752630505613386437763898231008931620509656
384916321248806287843541187670652757891709190663319771943929310160868472567
439903373429517103660388039555002250353556730986446225416677197882414339350
40803801150164408061482806976941757224822287704767850625688328274607027253
95790853330875223902945744098101762486025864981649858671386629503854990164
150777905511586039744408681219261767747229442258531866717084930733102953075
205764957692296855585871618340421773008433019535413874762783231962350915986
260752009873007671427334555461581778269636596812295882808481533191598878897
315739062053718487268797492582741783530840174089177890854179834420846841808
370726114234429303110260429703901788792043751366059898899878135650094804719
425713166415140118951723366825061794051912887988349991402582810967845637390
26613594135787423328202049010190788125156848407507977581637153763833359405
81600646316498239169664986131350793386360425684389985627335454993081322316
136587698497209055011127923252510798647564002961271993673033756222329285227
191574750677919870852590860373670803908767580238154001718732057451577248138
246561802858630686694053797494830809169971157515036009764430358680825211049
301548855039341502535516734615990814431174734791918017810128659910073173960
356535907220052318376979671737150819692378312068800025855826961139321136871
411522959400763134218442608858310824953581889345682033901452922195731023110
12423387121410438594921291043439819025491409110248104537585979253059691557
67410439302121254436384228164599824286694986387130112583284280482307654468
122397491482832070277847165285759829547898563664012120628982581711555617379
177384543663542886119310102406919834809102140940894128674680882940803580290
232371595844253701960773039528079840070305718217776136720379184170051543201
287358648024964517802235976649239845331509295494658144766077485399299506112
342345700205675333643698913770399850592712872771540152811775786628547469023
397332752386386149485161850891559855853916450048422160857474087857795431934
255
1
44
115295540042311128108307153670796302824053758281293292159195738388621054553
155974356356033525805950051320756950683608993030774728480463081536866176083
92692536543106355179589425000781002828598498885521486039994153499104265554
150805107563013037836758633422895592468487280347691321027358652822423630947
156077531542075929647588272207575586722585096695609341428577381993681219150
85501215718597402078193302904114143747557449577988445235931497632132393327
207255408197258056480855201792302649399247392715207790399765104813366536303
200201852830683987543482622219412471305421130002179298351397798852659996981
207511065922553685393741968100624230880923875058706339208092709017345472836
145215878950316526975236793537590157583771879830001095151955583513142310187
188060252664734963474247770608139800601498779602630352184781229556015246127
210705200465444023591594938920199053571019303756057385220554317030043571543
124510290478090289161522484065720218067656901705056262895787553644734071600
207248935309708938457852307786442630369851958890255104146991231868487356997
152441087375082444356122027402883003208622327753218900830525048373287871064
124020212348250209632826584200789650601404724205080390000755614254112459386
177183956077055533835045991026573660912530653081233143204352431883798796657
135013935410307679011269744610833439983287799419025791297379925762838589281
133248142419552805231791445659238419476742750093098810172400683005912626293
173932404940731314487511359976775704522825643289062541562858596784120475473
85500891566504034323708064371165510323264383674681600560938096872486434150
196495453500327742087275138558227706948185002920836021958452326395442442102
99393810097100044896366258644903781672915756859996914300485276468920800838
184437774571622151441863015644740615775289024825538125793464913605726664564
135006582610557693991650410416693252594353603801906187792090139828688072786
124248133010610651611553080832308774799064391321991466254723735241833404209
212714206280733900752018957274195419055388131848588619401041719885239318883
90676475118162682301419240943854545138382002889937441479881357668559449419
185881103023453452101764459678290901510200210996569977768127228474582584135
186286500268873653719759474755426598883127639892090554366092694012367697228
192962184519375532589894235736527386020909490588441604433440750657529663536
138313239543830235674960000682972510498648011991822542324102284080125928046
95957956976135731969819577852689920336950295746932484559603045211959158327
83492185247874341334588057353943718301798203146440392954212349813833680466
157858663594791961293092969954091454747253914450956551055949760827296543564
147010386597477408555333963753071537605980376326947941828937041869393317445
145470541763245534704880233472727504205933707982658923788734828243582413940
175527537270646282728932344261859775202556003824653500843994394326382175086
138148060176614748809365147647416840108557640243712296097688141113449859689
196929615628671199866874363214465137481066522680987484782747370784158008168
196902062678020519910087751575508535222887513842264717235683435995248998249
94453484534514344801484072102267744740735255421355876417976740813107853881
120712849932079808345161248775274670629330513893128030930206548185996356917
76709034147442147123153072885883542276681412173474390012450868333535834923
796343613
4
33
6955983830576953300627822532721063284149725145715624041201556132732190
54994008164541392794763564943692726324487727002027723669739502785380695101
109981060345252208636226502064852731585691304278909731715437804014628658012
164968112525963024477689439186012736846894881555791739761136105243876620923
219955164706673840319152376307172742108098458832673747806834406473124583834
274942216887384656160615313428332747369302036109555755852532707702372546745
329929269068095472002078250549492752630505613386437763898231008931620509656
384916321248806287843541187670652757891709190663319771943929310160868472567
439903373429517103660388039555002250353556730986446225416677197882414339350
40803801150164408061482806976941757224822287704767850625688328274607027253
95790853330875223902945744098101762486025864981649858671386629503854990164
150777905511586039744408681219261767747229442258531866717084930733102953075
205764957692296855585871618340421773008433019535413874762783231962350915986
260752009873007671427334555461581778269636596812295882808481533191598878897
315739062053718487268797492582741783530840174089177890854179834420846841808
370726114234429303110260429703901788792043751366059898899878135650094804719
425713166415140118951723366825061794051912887988349991402582810967845637390
26613594135787423328202049010190788125156848407507977581637153763833359405
81600646316498239169664986131350793386360425684389985627335454993081322316
136587698497209055011127923252510798647564002961271993673033756222329285227
191574750677919870852590860373670803908767580238154001718732057451577248138
246561802858630686694053797494830809169971157515036009764430358680825211049
301548855039341502535516734615990814431174734791918017810128659910073173960
356535907220052318376979671737150819692378312068800025855826961139321136871
411522959400763134218442608858310824953581889345682033901452922195731023110
12423387121410438594921291043439819025491409110248104537585979253059691557
67410439302121254436384228164599824286694986387130112583284280482307654468
122397491482832070277847165285759829547898563664012120628982581711555617379
177384543663542886119310102406919834809102140940894128674680882940803580290
232371595844253701960773039528079840070305718217776136720379184170051543201
287358648024964517802235976649239845331509295494658144766077485399299506112
342345700205675333643698913770399850592712872771540152811775786628547469023
397332752386386149485161850891559855853916450048422160857474087857795431934
65280
2
44
115295540042311128108307153670796302824053758281293292159195738388621054553
155974356356033525805950051320756950683608993030774728480463081536866176083
92692536543106355179589425000781002828598498885521486039994153499104265554
150805107563013037836758633422895592468487280347691321027358652822423630947
156077531542075929647588272207575586722585096695609341428577381993681219150
85501215718597402078193302904114143747557449577988445235931497632132393327
207255408197258056480855201792302649399247392715207790399765104813366536303
200201852830683987543482622219412471305421130002179298351397798852659996981
207511065922553685393741968100624230880923875058706339208092709017345472836
145215878950316526975236793537590157583771879830001095151955583513142310187
188060252664734963474247770608139800601498779602630352184781229556015246127
210705200465444023591594938920199053571019303756057385220554317030043571543
124510290478090289161522484065720218067656901705056262895787553644734071600
207248935309708938457852307786442630369851958890255104146991231868487356997
152441087375082444356122027402883003208622327753218900830525048373287871064
124020212348250209632826584200789650601404724205080390000755614254112459386
177183956077055533835045991026573660912530653081233143204352431883798796657
135013935410307679011269744610833439983287799419025791297379925762838589281
133248142419552805231791445659238419476742750093098810172400683005912626293
173932404940731314487511359976775704522825643289062541562858596784120475473
85500891566504034323708064371165510323264383674681600560938096872486434150
196495453500327742087275138558227706948185002920836021958452326395442442102
99393810097100044896366258644903781672915756859996914300485276468920800838
184437774571622151441863015644740615775289024825538125793464913605726664564
135006582610557693991650410416693252594353603801906187792090139828688072786
124248133010610651611553080832308774799064391321991466254723735241833404209
212714206280733900752018957274195419055388131848588619401041719885239318883
90676475118162682301419240943854545138382002889937441479881357668559449419
185881103023453452101764459678290901510200210996569977768127228474582584135
186286500268873653719759474755426598883127639892090554366092694012367697228
192962184519375532589894235736527386020909490588441604433440750657529663536
138313239543830235674960000682972510498648011991822542324102284080125928046
95957956976135731969819577852689920336950295746932484559603045211959158327
83492185247874341334588057353943718301798203146440392954212349813833680466
157858663594791961293092969954091454747253914450956551055949760827296543564
147010386597477408555333963753071537605980376326947941828937041869393317445
145470541763245534704880233472727504205933707982658923788734828243582413940
175527537270646282728932344261859775202556003824653500843994394326382175086
138148060176614748809365147647416840108557640243712296097688141113449859689
196929615628671199866874363214465137481066522680987484782747370784158008168
196902062678020519910087751575508535222887513842264717235683435995248998249
94453484534514344801484072102267744740735255421355876417976740813107853881
120712849932079808345161248775274670629330513893128030930206548185996356917
76709034147442147123153072885883542276681412173474390012450868333535834923
796344637
4
66
6955983830576953300627822532721063284149725145715624041201556132732190
54994008164541392794763564943692726324487727002027723669739502785380695101
109981060345252208636226502064852731585691304278909731715437804014628658012
164968112525963024477689439186012736846894881555791739761136105243876620923
219955164706673840319152376307172742108098458832673747806834406473124583834
274942216887384656160615313428332747369302036109555755852532707702372546745
329929269068095472002078250549492752630505613386437763898231008931620509656
384916321248806287843541187670652757891709190663319771943929310160868472567
439903373429517103660388039555002250353556730986446225416677197882414339350
40803801150164408061482806976941757224822287704767850625688328274607027253
95790853330875223902945744098101762486025864981649858671386629503854990164
150777905511586039744408681219261767747229442258531866717084930733102953075
205764957692296855585871618340421773008433019535413874762783231962350915986
260752009873007671427334555461581778269636596812295882808481533191598878897
315739062053718487268797492582741783530840174089177890854179834420846841808
370726114234429303110260429703901788792043751366059898899878135650094804719
425713166415140118951723366825061794051912887988349991402582810967845637390
26613594135787423328202049010190788125156848407507977581637153763833359405
81600646316498239169664986131350793386360425684389985627335454993081322316
136587698497209055011127923252510798647564002961271993673033756222329285227
191574750677919870852590860373670803908767580238154001718732057451577248138
246561802858630686694053797494830809169971157515036009764430358680825211049
301548855039341502535516734615990814431174734791918017810128659910073173960
356535907220052318376979671737150819692378312068800025855826961139321136871
411522959400763134218442608858310824953581889345682033901452922195731023110
12423387121410438594921291043439819025491409110248104537585979253059691557
67410439302121254436384228164599824286694986387130112583284280482307654468
122397491482832070277847165285759829547898563664012120628982581711555617379
177384543663542886119310102406919834809102140940894128674680882940803580290
232371595844253701960773039528079840070305718217776136720379184170051543201
287358648024964517802235976649239845331509295494658144766077485399299506112
342345700205675333643698913770399850592712872771540152811775786628547469023
397332752386386149485161850891559855853916450048422160857474087857795431934
450546028690299842234964693266875989977661847413146684772665992273196686365
53220232287744269703103470197848855187029547089870239539233105971533986620
108207284468455085544566407319008860448233124366752247584931407200781949531
163194336649165901386029344440168865709436701643634255630629708430029912442
218181388829876717227492281561328870970640278920516263676328009659277875353
273168441010587533068955218682488876231843856197398271722026310888525838264
328155493191298348910418155803648881493047433474280279767724612117773801175
383142545372009164751881092924808886754251010751162287813422913347021764086
438129597552719980593247873463012600949832103508693688224070627023505265685
39030025273367284969822712231097886087364107792610366495181931460760318772
94017077454078100811285649352257891348567685069492374540880232690008281683
149004129634788916652748586473417896609771262346374382586578533919256244594
203991181815499732494211523594577901870974839623256390632276835148504207505
258978233996210548335674460715737907132178416900138398677975136377752170416
313965286176921364177137397836897912393381994177020406723673437607000133327
368952338357632180018600334958057917654585571453902414769371738836248096238
423939390538342995860063272079217922915783936071977423144980221214279273485
24839818258990300236541954264346916987698668495350493451130756949986650924
79826870439701116078004891385506922248902245772232501496829058179234613835
134813922620411931919467828506666927510105823049114509542527359408482576746
189800974801122747760930765627826932771309400325996517588225660637730539657
244788026981833563602393702748986938032512977602878525633923961866978502568
299775079162544379443856639870146943293716554879760533679622263096226465479
354762131343255195285319576991306948554920132156642541725320564325474428390
409749183523966011126782514112466953816123709433524549771018582975922242565
10649611244613315503261196297595947888033229198090620407079582439212983076
65636663425324131344724133418755953149236806474972628452777883668460945987
120623715606034947186187070539915958410440383751854636498476184897708908898
175610767786745763027650007661075963671643961028736644544174486126956871809
230597819967456578869112944782235968932847538305618652589872787356204834720
285584872148167394710575881903395974194051115582500660635571088585452797631
340571924328878210552038819024555979455254692859382668681269389814700760542
395558976509589026393501756145715984716458270136264676726967691043948723453
65279
2
88
115295540042311128108307153670796302824053758281293292159195738388621054553
155974356356033525805950051320756950683608993030774728480463081536866176083
92692536543106355179589425000781002828598498885521486039994153499104265554
150805107563013037836758633422895592468487280347691321027358652822423630947
156077531542075929647588272207575586722585096695609341428577381993681219150
85501215718597402078193302904114143747557449577988445235931497632132393327
207255408197258056480855201792302649399247392715207790399765104813366536303
200201852830683987543482622219412471305421130002179298351397798852659996981
207511065922553685393741968100624230880923875058706339208092709017345472836
145215878950316526975236793537590157583771879830001095151955583513142310187
188060252664734963474247770608139800601498779602630352184781229556015246127
210705200465444023591594938920199053571019303756057385220554317030043571543
124510290478090289161522484065720218067656901705056262895787553644734071600
207248935309708938457852307786442630369851958890255104146991231868487356997
152441087375082444356122027402883003208622327753218900830525048373287871064
124020212348250209632826584200789650601404724205080390000755614254112459386
177183956077055533835045991026573660912530653081233143204352431883798796657
135013935410307679011269744610833439983287799419025791297379925762838589281
133248142419552805231791445659238419476742750093098810172400683005912626293
173932404940731314487511359976775704522825643289062541562858596784120475473
85500891566504034323708064371165510323264383674681600560938096872486434150
196495453500327742087275138558227706948185002920836021958452326395442442102
99393810097100044896366258644903781672915756859996914300485276468920800838
184437774571622151441863015644740615775289024825538125793464913605726664564
135006582610557693991650410416693252594353603801906187792090139828688072786
124248133010610651611553080832308774799064391321991466254723735241833404209
212714206280733900752018957274195419055388131848588619401041719885239318883
90676475118162682301419240943854545138382002889937441479881357668559449419
185881103023453452101764459678290901510200210996569977768127228474582584135
186286500268873653719759474755426598883127639892090554366092694012367697228
192962184519375532589894235736527386020909490588441604433440750657529663536
138313239543830235674960000682972510498648011991822542324102284080125928046
95957956976135731969819577852689920336950295746932484559603045211959158327
83492185247874341334588057353943718301798203146440392954212349813833680466
157858663594791961293092969954091454747253914450956551055949760827296543564
147010386597477408555333963753071537605980376326947941828937041869393317445
145470541763245534704880233472727504205933707982658923788734828243582413940
175527537270646282728932344261859775202556003824653500843994394326382175086
138148060176614748809365147647416840108557640243712296097688141113449859689
196929615628671199866874363214465137481066522680987484782747370784158008168
196902062678020519910087751575508535222887513842264717235683435995248998249
94453484534514344801484072102267744740735255421355876417976740813107853881
120712849932079808345161248775274670629330513893128030930206548185996356917
76709034147442147123153072885883542276681412173474390012450868333535834923
83864879233902204207569650265074197796903537308451190192733281761651737173
154202062957899476865784079768015630478817883800464225383516409643882662979
85618225262915998360849265612950880284601461264444768990411282161532027986
122507920467267434539513629220803889323380069852203719441760066359398920290
155966995654983173384708408909911163965480320128980563588141797331930667082
216247466731388886388205443493083612293892608282424079856477958244745701721
200181116505153943614050390023835860413440398313425511764996891081077122927
171904665839829658115016542906669496111346964364486206165031741693375964468
207400530035870698258462648836830746447607903603545318653207841944924484399
143448600104730787080324082186626265056726447145654360610041266745610351989
180985960972630856860024763585770765594669705148972649439179036931829414191
208876210714541147941205535785496040264802927006557400004835802363735855446
124399754591407302099900602456866564138296095534518085372393156409255754103
205481628977615073223817394501868755853934825802422995188169171458649706800
145366803581400212883688024282920524449412524822402283731029223096783233367
87406421042424948949394151588255333131231820836938878242494023081640085113
175272064393990371606486371483485864883867710489475094984819800481362168173
133239627917064189766019829976337212521085511839876773334777212083175321419
126173823240940575110256933001010599775638574021497424754626589877761815413
135034135456436019722509884414807617304532953860158140834560199230495078224
85348945201330534678103592538327950128854570846872766795790622209233741154
194728012895060306457169832807708106742339440749079540411187631537547390822
97502729911435647272919597139899361020128013559199825481665733062554375494
145498094716494671124631539474802488042960140147124803593534012259226448755
134854636245803605175499883352372242896662137007574181215011356618041420622
122480691773471196611188465963264219405400817431224969531440573312017258348
205639913956756044273572402055951437582873116427511851879778172452781324387
194892817985687177616699307689718758772697281938520086550008276443412588874
186288198112779851480726215559312948605171225276162597965201258052850693699
184521243419287987932561720356855355861772729626010718196348933356288898103
185887900725693301265627034734655927539779306263429661995026372779526279034
101181817262415093537596243670374772084312404441805311983752672802530875501
93942539097892815355114584230335163925874933300710439116431264872936722483
76302020969977956657267611478293442265725962008262752660919431037464102466
150784352314591962846087256624741884901894013593023174820740888085044097612
118713199532585015700677999993576129936553145548730707573016409557549009476
145360005876152778442000370175063083490523132941660925345041083765211223664
173760258425058942320197172295110355035333579394314488222433586622504592216
131591399460519928226617942568620828031756826369899021962938225920047401321
158031346251624462925155861902150356738386068377841905678154971020828617575
196791526791337495185757805953193132976035661632742478594330443584470544997
92686205688928605053403589760650632926340131010983534723312615599813589619
83602158138743168127447498480958679091769580837316803377848465158978169909
207428082989120305845855279319678383404919794470185592512099718664251472441
796276797
4
