64
0
0
0
0
0
0
0
255
1
0
796343613
4
0
65535
2
0
791623741
4
0
16777215
3
0
791621423
4
0
4294967295
4
0
3399988123394325821
8
0
1099511627775
5
0
3399988123389605949
8
0
281474976710655
6
0
3399988123389603631
8
0
72057594037927935
7
0
14602837796746760262344195389
12
0
18446744073709551615
8
0
14602837796746760262339475517
12
0
4722366482869645213695
9
0
14602837796746760262339473199
12
0
1208925819614629174706175
10
0
62718710765820030520700417840369843517
16
0
309485009821345068724781055
11
0
62718710765820030520700417840365123645
16
0
79228162514264337593543950335
12
0
62718710765820030520700417840365121327
16
0
20282409603651670423947251286015
13
0
269374811586480145708130145637903144799333465405
20
0
5192296858534827628530496329220095
14
0
269374811586480145708130145637903144799328745533
20
0
1329227995784915872903807060280344575
15
0
269374811586480145708130145637903144799328743215
20
0
340282366920938463463374607431768211455
16
0
1156956006130094101569733736826511064928669434862003240253
24
0
87112285931760246646623899502532662132735
17
0
1156956006130094101569733736826511064928669434861998520381
24
0
22300745198530623141535718272648361505980415
18
0
1156956006130094101569733736826511064928669434861998518063
24
0
5708990770823839524233143877797980545530986495
19
0
4969088209239529687644508663097735849650767795527085908281846611261
28
0
1461501637330902918203684832716283019655932542975
20
0
4969088209239529687644508663097735849650767795527085908281841891389
28
0
374144419156711147060143317175368453031918731001855
21
0
4969088209239529687644508663097735849650767795527085908281841889071
28
0
95780971304118053647396689196894323976171195136475135
22
1
83367466209464785308024453054661943460534455871401754133800650250795317053
61
1
0
24519928653854221733733552434404946937899825954937634815
23
1
83367466209464785308024453054661943460534455871401754133800650250795298616
61
1
0
6277101735386680763835789423207666416102355444464034512895
24
1
83367466209464785308024453054661943460534455871401754133800650250795298607
47
1
0
1606938044258990275541962092341162602522202993782792835301375
25
1
83367466209464785308024453054661943460534455871401754133800650250795298607
202659806525
5
0
411376139330301510538742295639337626245683966408394965837152255
26
1
83367466209464785308024453054661943460534455871401754133800650250795298607
202655086653
5
0
105312291668557186697918027683670432318895095400549111254310977535
27
1
83367466209464785308024453054661943460534455871401754133800650250795298607
202655084335
5
0
26959946667150639794667015087019630673637144422540572481103610249215
28
1
83367466209464785308024453054661943460534455871401754133800650250795298607
870396959587743251773
9
0
6901746346790563787434755862277025452451108972170386555162524223799295
29
1
83367466209464785308024453054661943460534455871401754133800650250795298607
870396959587738531901
9
0
1766847064778384329583297500742918515827483896875618958121606201292619775
30
1
83367466209464785308024453054661943460534455871401754133800650250795298607
870396959587738529583
9
1
452312848583266388373324160190187140051835877600158453279131187530910662655
0
0
1
83367466209464785308024453054661943460534455871401754133800650250795298607
3738326475967170627158909861181
13
1
452312848583266388373324160190187140051835877600158453279131187530910662655
255
1
1
83367466209464785308024453054661943460534455871401754133800650250795298607
3738326475967170627158905141309
13
1
452312848583266388373324160190187140051835877600158453279131187530910662655
65535
2
1
83367466209464785308024453054661943460534455871401754133800650250795298607
3738326475967170627158905138991
13
1
452312848583266388373324160190187140051835877600158453279131187530910662655
16777215
3
1
83367466209464785308024453054661943460534455871401754133800650250795298607
16055989956049927813299306967133475781949
17
1
452312848583266388373324160190187140051835877600158453279131187530910662655
4294967295
4
1
83367466209464785308024453054661943460534455871401754133800650250795298607
16055989956049927813299306967133471062077
17
1
452312848583266388373324160190187140051835877600158453279131187530910662655
1099511627775
5
1
83367466209464785308024453054661943460534455871401754133800650250795298607
16055989956049927813299306967133471059759
17
1
452312848583266388373324160190187140051835877600158453279131187530910662655
281474976710655
6
1
83367466209464785308024453054661943460534455871401754133800650250795298607
68959951766138917301281317283303205068628162985277
21
1
452312848583266388373324160190187140051835877600158453279131187530910662655
72057594037927935
7
1
83367466209464785308024453054661943460534455871401754133800650250795298607
68959951766138917301281317283303205068628158265405
21
1
452312848583266388373324160190187140051835877600158453279131187530910662655
18446744073709551615
8
1
83367466209464785308024453054661943460534455871401754133800650250795298607
68959951766138917301281317283303205068628158263087
21
1
452312848583266388373324160190187140051835877600158453279131187530910662655
4722366482869645213695
9
1
83367466209464785308024453054661943460534455871401754133800650250795298607
296180737569304090001851836627586832621739375324671625346365
25
1
452312848583266388373324160190187140051835877600158453279131187530910662655
1208925819614629174706175
10
1
83367466209464785308024453054661943460534455871401754133800650250795298607
296180737569304090001851836627586832621739375324671620626493
25
1
452312848583266388373324160190187140051835877600158453279131187530910662655
309485009821345068724781055
11
1
83367466209464785308024453054661943460534455871401754133800650250795298607
296180737569304090001851836627586832621739375324671620624175
25
1
452312848583266388373324160190187140051835877600158453279131187530910662655
79228162514264337593543950335
12
1
83367466209464785308024453054661943460534455871401754133800650250795298607
1272086581565319600036994217753020377510596555654933992520151528324413
29
1
452312848583266388373324160190187140051835877600158453279131187530910662655
20282409603651670423947251286015
13
1
83367466209464785308024453054661943460534455871401754133800650250795298607
1272086581565319600036994217753020377510596555654933992520151523604541
29
1
452312848583266388373324160190187140051835877600158453279131187530910662655
5192296858534827628530496329220095
14
1
83367466209464785308024453054661943460534455871401754133800650250795298607
1272086581565319600036994217753020377510596555654933992520151523602223
29
1
452312848583266388373324160190187140051835877600158453279131187530910662655
1329227995784915872903807060280344575
15
2
83367466209464785308024453054661943460534455871401754133800650250795298607
83367466209464785308024453054661943460534455871401754133800650250795298679
15677
2
1
452312848583266388373324160190187140051835877600158453279131187530910662655
340282366920938463463374607431768211455
16
2
83367466209464785308024453054661943460534455871401754133800650250795298607
83367466209464785308024453054661943460534455871401754133800650250795298607
14397
2
1
452312848583266388373324160190187140051835877600158453279131187530910662655
87112285931760246646623899502532662132735
17
2
83367466209464785308024453054661943460534455871401754133800650250795298607
83367466209464785308024453054661943460534455871401754133800650250795298607
12079
2
1
452312848583266388373324160190187140051835877600158453279131187530910662655
22300745198530623141535718272648361505980415
18
2
83367466209464785308024453054661943460534455871401754133800650250795298607
83367466209464785308024453054661943460534455871401754133800650250795298607
51879706311997
6
1
452312848583266388373324160190187140051835877600158453279131187530910662655
5708990770823839524233143877797980545530986495
19
2
83367466209464785308024453054661943460534455871401754133800650250795298607
83367466209464785308024453054661943460534455871401754133800650250795298607
51879701592125
6
1
452312848583266388373324160190187140051835877600158453279131187530910662655
1461501637330902918203684832716283019655932542975
20
2
83367466209464785308024453054661943460534455871401754133800650250795298607
83367466209464785308024453054661943460534455871401754133800650250795298607
51879701589807
6
1
452312848583266388373324160190187140051835877600158453279131187530910662655
374144419156711147060143317175368453031918731001855
21
2
83367466209464785308024453054661943460534455871401754133800650250795298607
83367466209464785308024453054661943460534455871401754133800650250795298607
222821621654461068295485
10
1
452312848583266388373324160190187140051835877600158453279131187530910662655
95780971304118053647396689196894323976171195136475135
22
2
83367466209464785308024453054661943460534455871401754133800650250795298607
83367466209464785308024453054661943460534455871401754133800650250795298607
222821621654461063575613
10
1
452312848583266388373324160190187140051835877600158453279131187530910662655
24519928653854221733733552434404946937899825954937634815
23
2
83367466209464785308024453054661943460534455871401754133800650250795298607
83367466209464785308024453054661943460534455871401754133800650250795298607
222821621654461063573295
10
1
452312848583266388373324160190187140051835877600158453279131187530910662655
6277101735386680763835789423207666416102355444464034512895
24
2
83367466209464785308024453054661943460534455871401754133800650250795298607
83367466209464785308024453054661943460534455871401754133800650250795298607
957011577847595680552679720303933
14
1
452312848583266388373324160190187140051835877600158453279131187530910662655
1606938044258990275541962092341162602522202993782792835301375
25
2
83367466209464785308024453054661943460534455871401754133800650250795298607
83367466209464785308024453054661943460534455871401754133800650250795298607
957011577847595680552679715584061
14
1
452312848583266388373324160190187140051835877600158453279131187530910662655
411376139330301510538742295639337626245683966408394965837152255
26
2
83367466209464785308024453054661943460534455871401754133800650250795298607
83367466209464785308024453054661943460534455871401754133800650250795298607
957011577847595680552679715581743
14
1
452312848583266388373324160190187140051835877600158453279131187530910662655
105312291668557186697918027683670432318895095400549111254310977535
27
2
83367466209464785308024453054661943460534455871401754133800650250795298607
83367466209464785308024453054661943460534455871401754133800650250795298607
4110333428748781520204622583586168596020541
18
1
452312848583266388373324160190187140051835877600158453279131187530910662655
26959946667150639794667015087019630673637144422540572481103610249215
28
2
83367466209464785308024453054661943460534455871401754133800650250795298607
83367466209464785308024453054661943460534455871401754133800650250795298607
4110333428748781520204622583586168591300669
18
1
452312848583266388373324160190187140051835877600158453279131187530910662655
6901746346790563787434755862277025452451108972170386555162524223799295
29
2
83367466209464785308024453054661943460534455871401754133800650250795298607
83367466209464785308024453054661943460534455871401754133800650250795298607
4110333428748781520204622583586168591298351
18
1
452312848583266388373324160190187140051835877600158453279131187530910662655
1766847064778384329583297500742918515827483896875618958121606201292619775
30
2
83367466209464785308024453054661943460534455871401754133800650250795298607
83367466209464785308024453054661943460534455871401754133800650250795298607
17653747652131562829128017224525620497568808520072509
22
2
452312848583266388373324160190187140051835877600158453279131187530910662655
452312848583266388373324160190187140051835877600158453279131187530910662655
0
0
2
83367466209464785308024453054661943460534455871401754133800650250795298607
83367466209464785308024453054661943460534455871401754133800650250795298607
17653747652131562829128017224525620497568808515352637
22
2
452312848583266388373324160190187140051835877600158453279131187530910662655
452312848583266388373324160190187140051835877600158453279131187530910662655
255
1
2
83367466209464785308024453054661943460534455871401754133800650250795298607
83367466209464785308024453054661943460534455871401754133800650250795298607
17653747652131562829128017224525620497568808515350319
22
