2
132
281461662626090421170875392319714362924404554241743573710792806455916317635
115922169236565074547061933353764617132670779064838957481072718557561414786
144180698558792454816350439266932170925798997114746700345201759813766215605
151099588065819800920066074520110757655992019883124868177383228316573586071
86401303881085698283613187840877430720726055809963627675179127515034525781
265530773423195032466185050874311003111745213716454418907426507656108307665
170757130488939335593747313676045947952471311515680164186291554125252081600
28479817133227875171635341309373698645253846150881354714954952006493421200
364635294644458976586127700164990292654167329247577940194281110696477341053
185174873834517708126341904951659612185228726946437785990511188952292730439
203224648506245156753844459627306436472589711256889251686729562495117829195
438277666699135031843941935457473671906018222901118162376835298916793050717
426590482963042229388999878377847499829995083403669072405409532903510742766
400963830445169461167374256375482044071640091902761199424268864710957892494
297836588941280668044058828847806210034112015202872442152676349552137795472
426540454841626892884884089496199958288913261328388106673521123182798196273
169349026924582160456614422595442025979293425454445480798756929833823698966
321271204818059379260008852956354169879184119678036814920306869431620248940
98096490375569002492845836498249336528842263480956620560832375129269805227
448971797488925494237089885343247333702387927750171576343970383769673026785
401112227807191523142271585096482290076840845573181975920330870829136311597
317428257537563418889517775761065045103313767333625482086478046800276966368
202770015645266638239065564482340333976571079076722715250053020775434591658
149721477075157360690132732796644354402103464228363192174642756282727603976
376557675063917983064641073184969808961729611272111897627734781533274775129
329537395054061516261232146374278049771425079306135133605384160821823839893
179482392092347242945701359102541223150973389462503149680191912008028344293
427185369439488430661813981943448281866226536722819014174168870951049087560
232843088291742225595430497166912655452559487566913289979922403806229521960
408078471156922176737734464291068086135133993878867362353314605656049881923
224012919234441197877600262113873513553507451019503206463513511058554446097
103084936090504396319398514977306314565100173645777054975692067267469030852
6969695802391572597233018147021582339399385401063483205478277525926025722
46945347223347407596367787343679992622853675425147696917987900651328310186
322031027642094514427906726732523345683951618900585682997040112751149001409
145153335047011218907593014811958680540800296850430880537980789892137967917
451532193769112115812728301309521218022720331004747746593849987199584566298
93670577082238326968236953146053268616696384272478802535068853371343385385
43151576937317800299846847929223978003215663997518333960278879217169472560
85595576699036299460630364535410731538419120912031218245423372038853182718
224716282942943823103439019091017019373342946345903885164958912273925905059
285992166017056096610464154496216621077930375889779845073927464681216391719
288033882653371837194402362099719042658360374287066352347853833632418668693
296615880418390084816247736552767693183718575413256562145356529206953511366
363306361171346120058909309155394514333141088938290718181664252462313457249
24754665913264003836929985926880433404774395506363469586640899613015659988
387516119830190650348607513697676220906800667508680699174013922578214942556
402371500677803952731349402356376880094886912152135190646294664293803808155
403123073306313497175906684562034184817044385208937378434752376776888583775
189689204119868966803335454693870579463672356366322849693862400802599811829
260866374016081333026927020492309171699078740731624834708540778099002410483
38910674065280489457280393496920671937722101730840632246926217297969824269
42553570819580891823410230101703496419113426697026634905894493883065397707
249655188794436532408544860688952676619528302877167857069578167050404200889
333371025022446282894259538128651328020317708510673467002446092298465057318
123949338586617223187126557331732650204699741112012650773369593312166034755
400219669063665852596770461199796874690601917961778307799242613012983294287
40570271738909032143773012786115088134125158258680951345109835875845968087
129335968932543190893427428267264539194176604978247062793889622295175500317
253273249883197741244835427239553928919323668295661783158011784689047760644
437781318028317562398278653648330748134833989216061412782418307230014635825
203902245420147732398446189611448346730856593976028314182903158295991879278
183713465910538550971566538511543523865400985593266852486730240975470033278
109604602571188119008997441964334548702723725905871851509476338318494883819
61302261975060122346100209811197313130670305160871919126174702537262723501
37365605967003560289215579807922926254197927695460255632013370674880825187
302249552814844209377250074986812821360816580245781483800733225413624099923
246960051111570281829541857330243860149730101467602842420705146950763905282
213372537754130312161220042907230184928285169774038517304550710754186987116
107367303292119300429121589166536753822288612925080058263309606223260788277
418376638365521929244179540925558880581838192576683620977117228265323014561
423189931925123382929298902318293191159402955057405066244184682625112459119
432751967762827111429741913660988585363238683226394255442904222800385358370
442414327898948348539003767555186290362732887333994701165556343756149965713
390533255780767057535727008511881208919958907902034669139990724162287856360
145316904215041369956306429626555900397385007177237154014648723354665712916
212693743719994111680667377224006842693007649556746704179067661848749934474
101391835416069048477372572553812296023791043247432284651709667742876277515
336921004000507932663402301441144726078975370045734985451077311514766789342
240807658526203302634990278043782283858856221115523069936153710423118874929
376013652437111584500711561798863783297482363665376177402408054223605574765
414264115162518042216808539733653509498935514871221806264788802082800135635
279936326681824928893306035278500422869588824602129962429243602859812911153
390242045984115972579728491361085221732359075557357187052763605780009926765
137491444958670559951517934499361237639687979676589404649627415639217918303
344868973954015361894182051365284903893299927286886308818467080755857515850
5528347732466690214849776658409859335084729880030675837006852667323349541
301507590464575655836780583577496638353751266699062863809459629351445953754
327714452818574478314084592637564804831064034188736093747794072268447457881
21986462079551387758844592372509210093677808620920797109964919857927237571
9559308606795047997459083752217702095927849019138016106734392833966285884
101352611072669101061693783233682855858964127583327959568938655387850580706
113658441251227177182611200591745216640810375215859842877994421277528355941
214323559267387232808531647347015666793340797636723312791094320562860912610
75085322386709162396383566307176059027177231613711891856675282761584796264
164034165558318041122496184765370580644913709584911333258885561805029555483
101154710675754201228411782802341861665324334264424089761956233045431854848
34683469335242237230938549540986463268128024362445959208569743146437687390
229920227139989901133166205227800690055291199432577323819830527861322400854
254169871678275802746843559153937736717527689982940901849675155596849570431
377994499841288831665407937325111499257150345313113312222645316733684499173
258041415311842291057579734006295271241993286440590091179711520605263494680
397782266089726234538117771785315565540371101384082863815406594937795037650
250494381227551376475686392311286280635094716659870312429394373485408126088
211942961844277078409329220877450587020089580684095150201544906322126177379
378540309716910553410282291575588327009654275091197994800730348126307425743
93942794194793453114468141607076816908518176700968499197047142745893397356
286096428227972049800795250942205262914108640166625039499967966923507065890
412947433688313071480262845940744993223789009430497012225601882839185156215
102135222922736436450284276595724314533499862346619727982478445399645779420
135129571046947223328003104915268550086520689305769305266633263618240921026
68888089117217154814921870647441970742692606167367677165054091065150360445
409371757311048792908776696129811987525447906185479870962805161215858727244
439802200679609797208643990986070095282792935285222810277292747519084411337
259549060780283665060734873129052642959010973520437946037376946083858033195
425880964970083221006334554370068298983044942805597555218198763345604033835
262756123392394164149679817081131321005802317222539402046373020848825667024
448245129566793044348646550583905215897820031881112816713692142767059100584
265475372543245997447919521751464800110236274488359409429783871661742050717
314420189306542891855370823203194087188551419067767371989014715116883100440
394523872504296319042159065330306026576478832481260979354304247131212663177
280952744664259475494515556909797731710530458159633502884561503989399908470
162510883619492165304873309533763496770765466529291205474620752702752089348
182433891379382301339430387714262505575502503731216346141143339755684336191
415703163964729638937156101255012151269987658899237233449488132761466504925
144922102939456722756277526051096474149595405992862664826932091197787924476
363417659645002365690335170918777147042085318707270959967504297300262931574
248603810795501573317296359712709327423851203816053134190038608223111289150
442053190521024128812656700793970545632246755033602355209005141883498116459
105591800803653801179659778400276931683694537048055007737888705110328194033
393720906654144815891524661031261063295765764434143674824202062718983736813
251264400362982423139153453259179261738556377695734490294866536768786253331
8461702
3
176
194685760643952658632191089607759110835708353479932583377720357367290751540
216228028844696285360954147592615873894627713219416658165897158881712494639
191312349070215414787061377155392143443223548981524629777575000483130980152
99277508998954813559398150039844443414786579125119288492839694193021379889
152565380511699335239512824286644146199451282047401468758295057293386806070
198586031994888348047893261168612652005929306147326504654168183015392440377
182691312169487974162681114459475489675707021827708619454164544019953240906
76564048819048326012995958217097528118595697290400322952878402751724672082
157769322729935339816871512115249191054143423128433738733212502106733760818
157996865761298024610037890053486473336891408680744752963230157704770708839
128050451408082550084856471123949634040299125010522105868534522848960262987
175472918849070163287910337122053481876984355057451216501103410373734979129
171917013093425715339915158125063769106650063534267321354293312100108022321
136642969031405465544838946592223553820477853439555856644017777310490119766
97993109981923073087807798317164504993156266086965601296791934690623770982
120894290044428378148620041937352896764470176623984988833090091177684458084
99552658113219944971908194165453547542140638858713769841853887477827204966
124426817967547133707316323311642483455128163563926901569647998179713243767
175625026228955654539887707743193133355820598606470221667252299580568917829
116946376984620831980503596842520121572249249365738567281815926849284760913
99546861734102863100032557546641554319292697379758050035577224180967831855
216157821565794968772274788610374027423006929097674309760970613850786591556
124144007691300610547244196045027543684338144773514605262586675825479135344
138403100113342265344901707312068133804951310250461831664190505853553563251
138175288239408266729856021435503838508997717500313876310893652675146892880
157769158991573297775610055633423881071616706656292815707637462978867643947
198559609690113611762762572796829750394193282370365693378566884581713342023
216165612774929904842776738158903425066302871283200344533405391167923180916
203562915682502427415467611800012590416750188855123582364964306985383840855
85617330957036885919694783477932728152277809938749532781469934781498214756
147098762477593577325211417195673889584008675171903781146927656259199392070
97848118857126842803708446270771859814039647263225736555120203828401682505
87142723799504905813713268358393862259268741894290040865883552031624947525
194734590590208811937744512668127455596399226927727463911068409174848850551
133019250374748202456593957838345760679661019237828889419769836852846285111
143849143520696332138531916880444969670533886404380610842110841980823351148
99629411480618465686339587772364090920369402575168375089584426339414866042
145450537589012601499082155415739409082618518339174254698272723082643460728
184223824657609002814262789017662172500894750321994844361979607916629093473
173630288303599254891085129770737492922456742999480131844313810539201449540
181015025240297765600266188056036507276289754531577940991312103377882149203
208827437840619752477710870539309944749710231749276710298963740637134540083
131094016992003201578913771896640270922585727107975614277940708365893315398
156161291153350653210244452891390296822092470311662134761776594040827244086
126221091202212684087331747905048979760571041329188344200096635672282744371
195093098054480616615874716588977725218820989622214634787748893982572233523
99512216912558601401113853842836398141582000655880244558467860864989547381
216268899913188187423264449855929886730783961734018168124403479532635899252
83402196836668948984088581425615327733294069425697098995346196864911896662
187667768378903814278655991483876854573362211488140641979057603121371502929
201974194873564374041136713836048360676033783118741807234522435599137927535
173746996860408581548575623761953411550015639001163834640679873950725076855
136546125104720437452069333158781104797160713851802996283797342349031528048
212845713653120038543550817847648350059837740462712102780645480212070879853
172145196079323925445806164770985618970894178807163094010509247492811342646
184547583595281499321045980232348870046779374794127844808822542050671423342
196943656290065670231237033407812581646857525603776711700771820962642417509
214556541719421693024834695739631073635701094519414134890308525030711980897
157548894009091778288356398951966563848615852370798211186600932260172871256
150763589253281835713079528563785115137472734071041274309103154609970502248
120858507900826230225536591655339841434193970131671877468051227760382922852
182485259091895103500544509363520996698612092144941796900012062764319603250
119154484247237264805323961383159181660955595084353402765270264037175354988
140253226761497727011895477439109572100019794691762025208843967162326734690
94108178691215983458042470313349675585495405615482356328184676342191702371
136586892737294200892841484195057263897643070611388428277463525393039780713
136421759485282654664174651455863690425959011712099800044906217116245707590
129687005913069860523057880523774568278529459650746975187041604670261385338
124392555127635837322923112860079790547828505800240974433220623463173224534
85550420176283448670173994345036331306823746184331666188833856754231487330
198724685964776715242827148285662114752270364781905602016202626032442369579
214508526266632479114134907463564565554138495794095268426676566680942495541
209007025441457601088030485391173085276012037473872904021980481475905681473
142130525876005889399885790350521587871283691719445244566801734431418108214
124407117829836389275007924361992046495887963748779165344499872840700544834
198682036685433717142138938696969874308429384815601156622161557954471488592
124496134186673976365032190208587335667164067233067289545657476963371470438
216276123998285839656992642971638116871848692820641561505385904723265414199
156209632125155935502141553929114765935915268649165659657922601846148510567
149224906743490109667536667166023416644302918658231507981290183035710683205
101099402808063116165768107833759823619213357810058260488064615172639642690
150778847213715758017144574640619256352460688132613386595247831641297268578
148873754601035316606955301555599795597477088619371985688058948750641092942
154090531432442789568749466372398354028024737749920258518128744061683854379
142061480951994844077247495508912569898828772355819699152736035371744440167
193126857003716761874001926772863902910896459326623223184844753968317355062
87323733412080845614816081856116654615044026446400176472154308281419055971
131348465052632446726048785345052732410144641096332168126230680982715065450
200483800992858745813247085905407041449988597000705025601095402730415290439
171842036504375857921288783464777778258012914636461065151311854492560349774
76805557274360420206217731080590522177145395693692675417332401703681877354
83438209230093210970410708775881671676036319815009378860788273233138375283
141881445270387988338290621849939282816200448548477660149326246671327252552
171759591105823745436493224160855274851365960316484500260642830679011380560
216048660726208167659972254063669286282752190891314707206286693127915337014
155843729926753634671436170635741482400011063548273219436470525198476010614
101256903975747074440280965105664500382116296371131692883889219831132542283
178936705084186017289581137887933160063202091810050520352852160182150133858
200263268650939040087361547754899081087380654579754491820404167820293270392
159833667247737535188436701339534479492817718625105149012151077836104888943
150915104687142782683222615768496278402565576717080490221788968288678082678
177149476101419895577517690483156124585169292062144666853438946137141625933
177355991392533213158269102326527723757529918821360434253525750496113935169
129471834977962067821213150141393485184697471692438447123360227552514437964
209276593525946841395882665523678069833725894386200665236607625708131465581
178930773788475996394599479925465913477551936249645575977502363702830115689
131452610498925504520643951560739740547931221236324314923447903824628298860
101479029067700410516822683115587358681040323274299746309399908423178811508
96171611820800754138509891674964910961839343389330337290622075886050435906
97704094296930136994497667477536756092880428375207813305718406427645666612
210836494029722595702899978496098039966160371020045669420345633940656777850
125828525299838446937435003980746122793711264553112684277686094099272516212
149107222253139311581460373395259598630838025692316778112391919310587775341
95757104543004346037438901343164662679846776559354227842372634322462206586
189386624834272411017299522511892590431783126259206032383981812440173605426
173630152257801461730717962012583695110389073096593053282910900121873837932
200435973944281580564646291903928156038722462124013949210882573253347533103
90786954028763457674852875328298620377183746196333190353844716033013207407
119147124709082076749098646515222954377189663686301785905744023263278287945
171870021054544164583582431475346572597837464468204390569317165582288891716
117215251282823653248274936499295375213292578036158582211155788882245154936
133129303073796759032368497367244857087811328185554123771233021832033559625
93941807307773523799861645551694543660839447709345415174337035636866954593
180566141092441632347341337111525532847321862022847131337567029071934018156
179039557502792189766212398870925561364558343657729436882378826413905506936
200277205672610417929909355524406111269761753994921000879978621391131197813
85266532042006525429957103126043732745496845634921338262492058327335448628
173677658506168200164259743708717648051499971484666801043211038558559940706
140169357230923572032618529634736856412692581087409885240791866116582819929
95937520416736006568477691962821823938316914943585339385364373832323461195
97759281291378406712900791082135400167770563406478291585069433920921625176
96129955219637664386560650319402050958889219198876137830229180787249926743
187682273153065258025575652082036260167990153029360488294206972695300895031
101188940692366881717293040672267948329971019357164272868675425649895959891
118677076882251607490581496871201125114095545425475573508253869408615755064
145483809335757233283290189556361213553361524959427219989150770228931998809
92450975531522958342160095542803181218996961498340308635017579245436105007
155933048129213680487815258506367774160894410081451458488787404069773200484
101194758978029415434613365957097826563745211365254473531156146235791193685
135000998004192800528095703206972033439435144258572614142274218122845573738
87308608772518585670957460863855674780449049146251794241130839242230351212
189785498608529542933929718061269778550389120767933322004713477132442169939
147485261533387054655952054545810014415086762403738834880427601841304790059
76735622209662751152408593426472177058201922149325912373921143188159091049
96088924944811340167829083809166254841316517516374425375312020374139661895
184360831303757478485811089363278849876950104090059474526786967881989383987
207406681404130565613194632053721331888306639491087952263988353978711819598
178846121130239218572770791775109652278946523240783441813971616527309484867
131562416883562139047393228883127516659030037391090359334526738300778074192
207110414047800922593164345260001200409898185583037211273763417050973686086
205432913912290160112008382662073961459227442346765644069817406867208954455
154263883273686969849177845722929391941592631905473281362890849355742998090
189862574490466929970459359971324367804144333458566480011427411069152752215
184444704551524832325387521779777175368700993104728922413330607475074158692
188061569679276319369171475630141353436930168137570092409583123458851562803
186024614612789851580042731822274460340289911553291082261660494310476952401
83720215946816467737474053750261898172671877639811850273867271253326588016
152454651163858396063460174796570057349450935428893915539443615279441524065
127947382594034927393316965184649773878701101887044302948453807533560457283
193361301016713290044444882594013101368309174346160808708873969116418231641
90443569195340009005672111670321606407543626171757304524398299134726531910
142137269664299380323010025893978294999411883391370634244844943013126886454
195183495188752649156114851038871080403705407498500697364743086536838112628
129769636768597483740915892833866881193188161254571304103336412358831854917
159349386871434717450945415588273455751111749714404726785033926940621041236
115350751920411962761072620227778864717537132169159377502586675537575638352
145243135558934107452388855069577036001427872383564781371167760202076419138
85355791469888044673160587609195612786836328263433488397877566678678988344
216226089926594446305568790988125978429167752953019868601526508744498827332
207193315872636037508456360010767071319537892309521426958219001763873121644
189896733255463638689628153404935111162770923198011491341899521210240550257
92403314033842484815648129223522540506090099460945443177523313084456916594
139969526626042118139878535247895128939832015387238079234254824998989813827
186260076778436885689333450815160768443600974708658572323527145403701873242
200326215806944537603861690213546598708224430857140852006553015210402665313
143738663539249808584884388967055831266343673017495802701662601740000909652
1733440071
4
132
281625121800785539348299188281850299362106372494677475253329620615023225177
186538152595827502689266534080538013315018307993060894159211421185015253521
144459023856901480145183793676884558434900861539144860893632594866592678600
58436394671450745443310913201435337451955599327929528103928675739709940382
382299080661634732192208577090711373303842123440711304855424440239191562771
137926432698265121402255669141962208890992119456733641387297369504813439921
351518249460108069960409839281844595331467984463397623880616461415093757733
341432933218418272251222784789269818402640993347457272929386419306940577126
284558328319602562799433923688000472449547579122032311278998849908008320225
348906127815674107254009788289296005367477339618442677893038391818904171500
374406588270820334557916569194873047931086972526553291317349618694515090480
320624203614058463893981333370933065710231910381706505422441174356975444654
205850573606589050172133669803229733937837566989144520681265220810255259133
155949656175448291768284014549928640765847679341339478408294218504172180747
295830478612412381045815904469918809137592633050054945092608497779894664072
68876466227731337426199709445717249313563805540480322633124094579966346172
367707628050681529587936133935375608438891617944644429785455201570852059668
320371180304241480829797761128205081653501860334953586774643550181748405323
422284961234182795623024178614562692210660943825466860601139390802237700787
284744162015339025197897549491726908155127726195931728873876096216614874160
65235055325866330970363973747512743763373031573995760967566726829706643337
446315479379546747076371413821887180933360318450125660489394180260035397960
54702703967886837125107608060815636794571134429515091830350973864706526916
4852115167571024453098782176487858737408638635119302886123530345051739668
128966980633041324815022770849696299949600265618856937839485295495224766015
163184739656966359419584489754308870461644197107689691447007207828922432870
144212196647142141077435618352404342702996012470105650824664692947543092023
402662739720640902438074798414251472148942154664795522438063119122901723892
114779441034022376930987207030385743527834740261168402486428462607171172196
132248803020522802955301137033831782717268981339019228190776938838661192320
156692305635127014754314127033719280827908448949097544873440944995929319724
36123533901766794589329066075418687887653714446031056913657937018941337211
242401290049454930886262888050087958558608513389485645760374414460229430778
411157928307012189752246639199214076106981796146136207207509583558871007926
285143742646865325826708001522548152033740017922977339112605802233806196813
312979985977966204113651906748170798505043523621487420347229986157326584678
76308509629835687928254405997538754975896888059854090524326992372098785818
159333607379012512775283530512605055517053309239558195499316627243092599068
429717583745660926510152204151425548225576324139824769953152261768602837262
360363441785732916741110386562700852171092909229637914266776811193191427029
131186029289716361141325457741747876471383328027040567509275141678547675185
61810259602984741966008327916456193104200072362897866835532324086721536655
136635826828354469839848946802870683082168011724870090421120159340663502352
379042591453958316567355023929980028208618720233702537959198065243449729360
433673301841752767118354236648061460914541742870047383466361382268161196455
356147829054528335407408017214762405796819603208491399583240767074713998618
135760236711640692058853087381510555322420049035215421503880420520422832085
113568411951702412015130314379930181978460516472406366410633212016285134078
182818376416222621827025640880485434762105233273603355278805009903205932222
158903936895197870338248316842027229158322103081533523939612035068327563654
403833753967841360584072325263553294727237152156781816288947891840387247122
387043026270282965262310247485687069578272988768876244542130473794642590439
17360004270155654939735776744123426588850156339358793261908619439957564055
244291473531668366195037513235136836889892359590603949203689910517129117470
180384570300989227576220713905345259344057154856939515627823347471005782596
28441498449716101845915500950197331247611111430028709798081716447348635713
371973027142467373772063333298122290339507635434646241515556508595736168089
260021994488863743359762017100646073077825427000451234308509625973318998447
7371554238775468462455456161975858793407989871972045211490238777613802337
450007775325593495248210602604651589949909299668852139107631548995488472612
414004622024884468003357988968002312821698462683572658426890212099623952321
3895803542548045234565883483225554807665586898554003361736459682278623060
170731922085631982537863929351559027009425769251085697336614970980284679613
436430327807548773914528746273972816182368546629426509614364547510478355997
280613407016893938369548884438813593762898775294518483662197314287463658125
38712861973202958598811635801831520822029517994560325582837990255362043041
372017246852206175562839373217370945181060638908755188142177787731088620175
451724235055224272799930925179224468074169880465312833132407006452221168250
16652811456637763496796757596212768624063531818107622227424592143712280963
204346764251903813731214178580591318283708177313697397432736300152674928672
200307522451455991109512549008994877109667352020110996188980945640823333014
122471720589671755439388412800735075026192752085105413703815116497912010843
38289279726875367530716472962833898342099343417913391222843528866173030282
102284873341423623615583431055113444347571600490479169782568069257662464341
14058249537048040531063275391231964235948685422875425628286764456722647000
321915399392096613840509807608312196441632654929470587428616025485939558859
278201335580197901872743178368837760265831829723268405528459830041522950812
337105605658974867126160149747068667900895794118789879433254176298465737122
229730708657631350275964244334923119855360387034339625212544179191059962499
51791321715313053511999253167822259146089966420947745382827534191373086580
398125485444408296952011770920777205302505921270635781666636219126341394045
253013125353498702439579644213350218422824516117609306822371213395230114765
248042575428085901435805753224298427479028133824388174578225912408516662864
224220255151546727866676654290069814410008640937698746147944655287118615481
269827215195786078109923168027999376512785774418859440595420675103959438985
191529928790488593991823553638548541897258420982239495594823523161247834372
142876767103886852509923857346708851022892800172591879988243724070491637261
245949307067675379814731419172093897024273181531140251553439377521769964356
121575126839416267355225331331893339368563376748419188446018806796509701820
159496889092743004845979126537781969109304270448920062466678985307482772110
294791294922257922176021053435608670489607429014011042982028611753354424094
202665506230670539885499013451831931546954912267483517373938618213518296391
290605752259923851579971708457565092707279088457157723786086126041388376960
27588092920592199695225795011103079097043182868992425800270247289219966110
54560221930718590256276919248419301496752815183621045582452559705964876825
170517386573031298222025361412841254086467150803573655797611997541794661652
165186044291256302834814615232013805996771482130135829732297979890666177280
139437695846681967185370941056596804571368412419813971215411557410997850856
310615019078129029053727636776428319510272312175796823054078793479742782675
196657934429010168651316763968784748288979797744580537808895776426020217280
91458233460394827635031201701299298743489579664026755228530684884591392491
420048975380894206562140233544555456497038488389550078679238138809922066665
440229494857492811414372841765243810623402526149052112034589576599282052480
406634840132226471557650959128275677777790336227876975084621822905539553003
225419171204910336041025107127580307578367727829744527976201459392789953268
301139239418756330069862196037716633356922000787788745589956602749237431314
178575446472405370502872595000204987049947862327960214272699962874132874434
431503070264694964667643401881167287577163591397622340407916018543181719031
282582152311336804280107641701875675452674180829891755403274478601889600131
191651270194949307061007326769679562778190322725370545150484902000159035
250324207860737892782889974528993317227676555647144411188977072744435700919
173070843528066585011899267685867007685121952976038571979989654713007992886
279831604682772202018016202455883209281845917853046750066115400098639734352
280447503366535410887723905637064912757594000424898831949544137007657064465
342643522344445109527054025104018506612670833403415723923924550377289218933
355887534458356418617351404676079745357678429040022462028701646248814471897
153951147259413499670096514348957989238890996444665411185587205207703016175
113125614683343673025640489211601390562566743191486453002911970538137409631
239047510661198382863666707131329625613194509275585906219118710895693552771
178176615228129014523909057874043235274684151799839762851665331859672748476
339793168691455244600541737658098052969052842510558122919436934821150306943
444420842173239107713713332938231196628891141037104251284619559388513314419
186568744593203976503681937491057399015492378726771811992631129230338301482
214657291976715802853717103349532220862489307252661082993523950410363296322
64443734993631718578291882456808077296586873712016209943948149316381640954
121531815660865885655639353034943401782133644555069231978862681467360705521
240590179052510331179107703447988450747355675439989128308557184355603493062
419643903616635354533935631455541436573833946600060430583619512841584589541
240041299221564484471486987732214819156226228206079169062198063029155684579
116115470043615810893461251914403325577537623615773963866188878642109826009
291502734473478930213894594898924554313309917513765349474366725805553214308
272671650424690789984674884120647537221915013214886659380619594923689522738
1897490704
4
176
194700540803714823377245984477005990705126331759031667788038161450287920496
126173206938513432453513454454040158570641006891677108155560072120488974444
92353600847805604039531723479811475916615555143975188234333726197183365742
195108332832078796332781537322162610543044417014059220104397489868676484169
129547839400149929939259748253659755791570717315612529368914257962785655159
99657586742267603052978252015336710316714669558019065879439856238117610359
184126899647851225733140515911427614153171882658893040462883035956431243827
211065577528146765064912669416785745439939443533313945719287681869112833400
212838218368726697026263891237347375598135853897026761054769222748687788118
138320821817003718151551662983142993933422589484970104893374056436749919851
191602006762313817284591613319115257292762650031958605701332919823598444897
115627097055581033662616177477734377197789133706632751540073676147094223464
212631921594898118726438851410447970974007625834255663277411801671349393009
150805455009208359050809129932496246631793150981144035035432114735668088944
89131158119857880503877470252721906594124790454206929659691606824212051780
184293623319379376729523510116581069447985467476413909354115513091434695541
177190485744080895046784781465992125985188745448395898747932955009662798135
205667004828025317746148597639324165800202522635894332843596688615200024940
97702586436391711833742258221860907924613533764726750105580517130771454261
143925359575792203149670490564461392397739707966564130439802047215761126729
131564251947016144027924167131591492148573306827007891024212240703083928142
136395343397267610429731715520104543389124464523232211879123817565004448563
214543138112286960697409349303816864015449281877981558227209611879173940835
152405661983426162799778999285740490642273235280666925644586148250094424652
97999762455669554131679878161005676897345360581496910787377925206046231922
122672806250090596153164289991007747640736233643646621699196403378585218865
172214538839180971278522869704450296365350545624766884657470682578092183121
154041248675847089766115513304031123135829309902457892965323528833239967050
83555649493485694203733389385505234894273113595457499685005882626113024560
117166265901361377699049813134933428287204383836873643049185216365499266667
156002873221079626799578517152355051332034679537222050895364224082555070287
189753005976529890867710232370631066290352185588585017143183843515790285141
147201859196088400189821344767602294975622730006269950100624725467485254231
136767438879531229054718955310434611461961712045622305109217387295553253241
182333178031548530936948933803841195389614798517879599659152686855411423041
141737267568381934586575793707935100439776284515074824175856238955053871923
92175233510290081953385355756413896352457108027595225749267032089783072818
211093131963529696341614043075028766047791139353885597329440739789066101594
175314526421469322054635579243619867917770975482625863613303804130915070264
196730001220045167488432181144985072476062177010224436514828791162841887041
154234870062229700997797711490745283785837230063204598741650568037981505351
186258866958233529717552167411610802315476461111543306393794973965368246650
198212613686573059979359843211735781245522969332575052316689363862738849109
151020034673865333965823783944681524717486314777157075226456125982408520502
95936573429370978320404251123273525887537276371849239199581731988438279277
154552894010517588665123809153792705931754938728403862157288346981617517163
191408165467367843643889821430996331570254585198161251196573441230690857324
136815510358792461629315758247487450516929521160012617088709472069377946733
133357333876330398054691388069668615794135929134322866032959357298012285999
83424491046908899692747087348248007075339386380273078455503345734746781254
202030195643208687912244146979255685591513738366259849019115917595875754604
141917008800518730386845492842345480361251569661235599868528910051804792143
214115206131656001316329164472672531326675085134402886624647110466427183691
159784089168275267346047494524980111047639939574931494739568565714191216240
205723324352008671892292611086685770061948998685166791681300046808302958935
177080031383080990661758921316895932632116776742788234081856991767013575504
149011029912548581417166766490796776512716983439230091721026814453132717144
92582947742579876249522402733417328339495609919011124468873416184850756710
124200006768159198217220838754197904158150176674769646046775606223020780107
205682183693053513086228483362468733784615468225782416425834976199434323822
214411682672440854924914386779667083512802688570645945129705993856684353090
145443718419799008682150627723540473529732772159358657692626877892825011784
198626691711571232955391358884841831414172278038812159625296165160424274497
131210913741856391161805557351550748939345514785482356068428194612275411499
159371060995068641439811999102278960637616972159968420764741595036310203441
117401352629495604780742973176359976657931261353770530361708549937308592504
134751945810254881202488424943422525804909552401299505305176300655763092332
101507118174478286280646634107755582798936668631209278631006898111274907475
89165148849590453783635931294030186134212354302428211898521143542568939334
177218444794960864295967548132283764651057774415823132619793874928861728823
187777764958394004872932631495428918421401071933634874406672883033724046386
122472925720157563685467980505258576345910079155360832603924883660653213797
159736803214962976149025515732969887404843281604310436657717914194043304269
115392540157738669138052836824484870955373170434486139303920505688625407792
180684088544257981109516232844577889694048934850969441889472052627884240974
97758772845601098488789993349361720483808769655182326007373261232002523482
189890829118003009871040526768436273008278422320964201144686100863928061797
86937503305330223181323926317313163949614899488618390250025213026143983928
120707641607383091259657604011078700776459043509312559199332960986616507220
203734898554066145194173329406017779010547941076203342011932341136259429483
96157023219126398093059033688916106741345373133664571839630078628991480377
182443657887914418194797276042709117558045454187713587263171397492447064943
134744338051534045495760594513482833453309967559831108946402817045714655313
147458787276841788203314328642670637563564714937501533124616266843705005881
101533646774252921274335869297823780160666638574572699596229910545045934916
216089106541161804885753192465459273097782435275697025619450245530226930033
88897386326302526719192989420404621902676484927513561631476376688648351796
178979279248982371512099479426827012013846711861112077666367970303061752168
85576139435183628470750431912620845291790648355317809833120335191212385382
172201326244369885695168873564199602246610277818814629571367071546398043714
185970529356170470289664819268801443339854497402442424088083534427204241991
96101350102013876603657460300066726757833257719759432157162502993910122308
175293309365838614527927422945710105817465566615538093982126747311674783603
87315537373578197146735030019454349478998664483845632057928030433994499923
196936621538366644968668217309214901959461369952834126761791313349994239309
214184057000062734412427176680618326920795848024157120920688330480983500898
124351952505492567769321211721820822989755013075819397573871750169153270603
210720191347192825832781027565170268614466684388775023974034006577645173107
159411475543793173032805788469464626330537982326796424833956972363864372329
142116162227758235027077247776339448225020025379987744072062651906630444633
205687876151014443612745118933082522294454437926173206834634501693070863447
116973451607787507697027496385745254496379056220088516271726750109713460082
147389528448275000537808875525403764776442761341381303660794068386324966467
85300146037542384211806328658919543902256926432359096260738208223964130665
182698511017774666860880370015197907699915220307694491966335768298366649654
196570910377288915651663117366663263442277234089567778136840506202878538586
152310849552157034205463331643445362713979229118141192976696875642470230887
97999741160772502447645561335782530959391333488232009135981086914521412921
188129912735095826957400438605239781635680133960808121176412377658378180659
158051994418045970035025693790608923451672150478568636870006753137921966935
214171338657541437125652105946224407431557323902729002111417669266759378020
214307405379213150905338705100640463282798319803528222034310479520499257141
193113563774173630844404433938056694849606093771029560617790512845160788080
115233802412330216149565087437354279617524572731113458544706689988425775434
157872821880922913961864959966830651582988099334471182654976658777221587555
83790228406991783541825771971441922093200810634639898311682528814037162318
186363119991267066747835145750243330412225716546354647219489430279507626870
216324519656010040964284972004845141318851072374059754495943762257985622315
187646470549248309970439697980845225469927055777477029783435611716440844397
131570611430904871659752118383817735095396344074703452618642852034245970767
198690313176350576512796842055373305555820244256581724911271770346692965441
180992672708838605495111619791113386513678152354806579073225764407835441464
135103200420621592527295779912168568846138490756299775661083299303406658631
192968174451401265964357834683470110622640807965987388831871677505553780545
120512721192979560876133083218279416645480815891341275894296999153183961453
88924049707335448980508812781848553236425969409779197775084030474809197163
92643980539171514390896063967609648018451021924842269523287915860982386554
200221935549833554479765871477277066836813260397948636480257560210318906709
156091283101468021152292880972989946840065040315827333339753917142836463952
173498509755271401515177089416234889887291922932061631531421639297044347249
122659138925267909263293659632534935491540121425229152272351231683435132971
175395462288024462692874275135838084592152945490279151621266451916173572692
173483683694239902009344269993358008744650002999158012643363343247798134104
132894451941982882659795251368033416403896646512576191573159246584221415224
157823994994834153522010493911510654847913871997304075010453916165738615672
127732087514233675655149289110271230732086120720698067513742957037523135088
76550159281202062763070880423825078463135645524561916522314040576625234287
120913997051691519091543111921763799876064308577353015029207552609016304203
134751216731559507170692878660330490583601085123955879957028592713782810447
76501388830279448159365767966739170611234104900664178849404900548243911216
200414698652616962209484756248045446808354958396732276141611630170837960559
200352153047073588079300413033816960342777490673320228538546199141550940527
76335316828774355564294687596571109926566814113749190803601287132018208073
146981133911732193849211824110418109685814468293485692437475373278153889843
194651120281370143187249816611976017361991846335916071591484506245475613043
138561679461223453720558166401885109586159478550621584483415473365219043403
178805873924436817283493911128953235499128493457184299046354524966352404818
83519851102392057614418299392902021886767607877416620857548211573817627443
157955588702351515767868434277433078098643852739998678721870271286550621805
156284607192070495625809713092267687099507161546647961133530488021796140871
76556985614961863656724685578899691567136318841811871788435327443608824139
133247199340595244332910709312641618990829972504678486379065240513827858258
210953263992255838220660702092701120011190399245628092323185845031666070576
180717469050997235715988369447429308723576440202521186738201996251606118003
203962192916853720553832552277238217166245126991079662638844231507628347750
191318195705466232733323306389227451712583828439452206120370763681874857078
143565878504392786838028908308073660733886067820299351766664029149051380589
92409458690113329029699735004599145558970777872165554782899777003869392432
136842928195113211685080195451038440747807930220915365594533124137520025160
120928718001615337535737954883490819324494033558697521473700285108972504888
210739768475247422303169672068277805933283428396345781752345020214127179093
117324682003723997399594474860816088461192339536781348575792703662913189489
85534618259899122101075169504373213050921314003002616590454427874419109994
209221651989440324943108200204542997064051056495342848022259291886195324017
179060293172609417496580853467567697057564198596938098717905333109496767048
182519552351469797167657223870537700448412283927589889971462038237310117432
188109178206921135711319680103322853397000132481842469334368145292913227894
171778920857281538078925440300980505640075226431455313101404818603368281720
185984494844625956808248424061457082704427549727913721540455491117580965174
207267511423031222688320017190595207501604203112133879756456913282566212203
198579481573713337642216560698831716898984589320477321790582090777736340056
147424062137783128863490079361013413425221361343165710764646921574661571690
143793769035422847248318933133237189298203223987636034231750492125446357552
149087435035356489938861260385539749878715333346016393075112842683548195186
131446385052894917701727985445095079934080995156201568739027999542918599765
154056962639604644435426423292212719223991749288346646393936652003221068153
7156901987299179837
8
