1
264
97028038183489367960604803529073563098378324048232146102943266935768837164
357437676250411716659744927007406244558166685387786054695607349130850510970
236822134524361257184233677872700464418231978270316242436516730333869402447
148833314657084172942190706710707547779946937799549213739299727500840108070
108228700952814671764179683789539896620944321531114837465114491970589381360
105615578713441541821561241627130932932718474392058475676023108394706773543
207668464059519348722667598221356930180435058735963764301742615194495080430
42549402846836966503946219736994136260881327951402932476637407562219206594
54621976741880760028587703236501549469665930172445664445050020075864698813
259487294358256055449758604409236080354683378212750662364217837794171396220
47991887146825378250692442763839665549891426951096184839230155535911029210
12811325755039385591262290531370474853194619692074026778990849469739965075
252605543420381224414839819299253203552497506665530574850277469572622965135
116181821392354698331605297986198901976212196782058415379092615689229132628
408369247264747091427098817539949695053274226731222478702632675176197503289
155025712397200599681733652395512725788787056767104606248267208348310410070
39502644203863905907261553448385470194697580442350037622811896117428028200
422071412295779015583253906284841486048567021349584251727822344067630333960
48359067826728887204069944534073921101327589523544366717155973860615011054
100709183323119923591442658048370260126172579977277432505800791467433892911
3962003315682751465443913262041146200701403001860364244029925373263297102
338468438260465086120480945928497032347782057860917501417041580640344086247
22523351152257641185611361461176291576476169510568481526693137749193330998
311255670044161601851614936429486141972893208605080777040796436580731018946
373469908432226447084387735543952946209620354978899537174629286258668907926
440301782146533840995918176345855091153394559882965487927712388137331641999
17988576403098280810997919744226119536848704667388954276577586601791838858
49628224626759960376820233519774833181556144807412770570642874136467916609
18795007828991064724387816687506454847798213617580253968367502341045072689
102567906201114989645551517486958529495273854968431958740354665291397462703
185559365128999332048205030232779477572516046342143391968386194624541696980
273160558398965830028407258377166029062763658238897774171465301828726599439
191163329891493699646482669723375580954384348642893376648523126584122685301
384348925971050896632932232946923232172736352449103572108727787969909315778
185879143538667869130590996326687424214956988098828098486437113910247619160
63255602433398241223710646230137190289932787901981520913485576708984840878
58171559554347230022161798465562643003644769361674533032627371051668175133
117494605322875409135677743930644911638499023760718778696207198830165163724
431140286752055206085431477509632098539950163621491595187860876806608861686
101223286195807318178139130422983097547469216746489625129253480324223892758
86683471445647039580342203710591282567875470611975361888530552578762492808
141496689666223065574030569279384223699692182309929690572190825280214488107
221655029670026336686798460935503014256150020376154148586003190192731185546
142485750584425863384149668579029084469604465887798963777934192371762223031
191139843417277248120959988411806405478484131847249043495290248234787356260
424001490813580396612547249923464636902485186339354651196203600797645157111
175813103747993017205570733952207586237952241324253013643258550958027378337
174130862480156687198244989691562008095339022446325090776059446270435885741
263287778077989345457782152561098894569382596708333325222750026609235811972
288346812847522161154353576177680255855537412540928771802027653475386232217
309155942141507792790890477627471097946561743253163659564215846862324454090
173917437303857009991191864997992094264940997526662162274631866258787962376
199121274259648197344290041398791648339427167249696231896798478737889853164
301790685216120410302404921479588179126110080192887438717820959370067916938
29126820282183792143044201429891964379787764689262390913120128467548799023
184496296848671139948433677012975380150568584983951927275418367950065408790
59077603627601953746452094708253910282781086072300660194295148728405665334
371168435651948282776799910632151643138780743250602841954609624724041214038
199396819509714216454100241843639759067230578620818067568182980001280504382
369278930132767491528438973476615412134276572796103090277253331453439075349
358143763223616518626686481857157283721304766504307104086111157463714080227
141422328236222420708843341299768465525917387403682393666338203693356535912
201539610605627505116663170550573358554225524973508279163118838582237239962
337192425470210287297442304164957548854862834437814892513878075566448627400
230468283596225707875946809499392790371540238344590836027937773182725776963
46895552415187857109919259389129235837256561325848586350059113710923574835
343541065212962791431186327571708210616507415720005950214807825922663607697
262217922615268113165912265808606475740532625328189596846356201975877005254
3367789820310708228308484429312845487775400703483056028400057872569924607
275685103854737283113975053342308584017633140521457256399939895511562480816
43570560088625390804171979424736821815610645574618417985348131073838081488
195179422752156388930532919165816358326303993745633193760627001255270338436
272230694480504542141296364581478066351980913269302793659268710059970561650
360274150219116890514182897005287810461408489774016235348243376930904222561
93550590681613763062468099692868928342053079747811243414880803809912961559
331663647463709781404664850269120426456787362970700811688215446378928820854
178167070572464611452069602449663018584837113036366872696392912331901922136
404709166767792627368841580213208517293076288275416753448227426972729923895
120895002290222470882884572577096015379720427684761471720493034882612662046
150047496890905661517639938363494367200913790603754258571111532372480695996
300909486856465412730183753168515814399867386090260969975043026094609038728
197646555883264238733254955876982091166527033973484294053695651262876558616
239175555138472306609903472271565088795343577576148155064211609079348963066
385877124465065834342925121529627942498061795152509922435912944495092325953
447061196732135656246154057295338853030915257949235687226395896932258484162
84774801583551260442705417780439668717183704869105547914632138477801700321
17880745878732074262604767592741867171494969495596048726601740384838869924
86146361408447731715712122373793669645572900023164083376134786231240143939
248903505323735971400427615697346678575906773274125786142434571538896686259
113863437543284639515438078054195093488865162203453231274301866463139468311
382804219941535742805163280095611027384442618252200646852694290597450444923
116978588437808398763800391863274942432103600455013237948295869993567569822
254356990296335273148897500193159179058379099341980151805887464680621840331
228004760317999046805952226585755152138795114978078168774214783890494556861
9166681213210752933840490683691048772007897614493498686842548134967478751
252392407282687236660918899270102356461168016595317832203946312691996768602
436173472170034682083116579532255147141129374141158302085889686431637784197
413538575983105128121311094401976681196249847280986935584848303812115346405
159476188330694023908617916977948951923300103046525362076950805030536886849
20662197688330233734304373075035590649357864382568491420928584975802820691
289550046220468891098229424483478618855621735328537133255047312183517739061
273217869202971379822287174202911944664791826626591804357627825183037912572
274213561932910435323598182872638253120068021690298648571329282678903284544
195142339759280565649772507581577970778580865778339787555821433980636616193
378495013630191101855313655598477121949737923844874389884679777794976344193
292542295300623383028656627602360994293634746888187943920383767614036992753
286146948211218397711710907609419593413534608386043425145139249591979148473
412073369044339135363767859702827505320052980038483546502097990953021478316
301008783916006039642104702958876608691359164632159791028616684474353445650
417293832914566545316263974748322354226193061124175993972088182679306387885
365004044489385115504693691732914535264020391183391024853659165907856370388
368795122787162845099369175757249386047705513256567955170127765625691999643
321456931306546909867659763008895420928368018868107555138390542252081088052
267678094859915876466857364796114419330471799814058429054961682493729657977
229676822995620056900280925983875741998373119998414886466678270711306779012
393320348514627972594232989143105905346812359235381528836867983258389348618
82643673488492856395374371672675303860589186894625204403888681093047698528
410087723209695054160377631955459084930959826137200372959609917319372473937
290967661953604819880499155233032039011619790684102396237026230335248608249
443413366532369178032090448702214168520558763576242638369183754755066504681
90429316112347719690316123521904665587127086636996887979745547623646069477
247671279340176092469189008386841837304718799145385758286610733218245824066
209475919701145454049671553602447438734223750051529889167137290722748764153
302601949306480770614133001316033995332570378626030994660439308126292192708
23761979262136566112928700819565817748326573851097266683320979062290189889
278726973572941100345364642268149611786799002664801083825783640700065116734
40846568312178542549349957476252453465085809435066982195020784987155220777
291853323439094169256441585312723694885341635057003654694084256077836232010
244062306482821977236159303227618073221008501252272705998230759267683358412
438281936152661854451713512836802091549424496229691465647140887473221531429
281877354561674847244645654528742300949621717776680849231950112851056718257
58219916759926675602117594348800213282879335851067276509664819821424505681
361743059933613402567404529991654488923119881108718396913151578262852043200
288973792204816631776095125041292544122840369959269300156224261533051741647
271157421533752998790698263832471051971353045522105709497471489349315793102
403644864395502638870937700557302957780013856372327690679603232292045218133
75451031762647659675530720883813771368145895892630162528771693137607110366
144992991752610285227557054838996468169111016074209488951331301302324476006
137116081034871946443055312191354442934710841323399707899618938989323928107
84888560322045331492818018951421066328024210807512378454411819248646066119
437995862365284608647418015305551291810889058162237069719722005352824422173
167947624199657266724127650139721571397329884897413074903770496011003336035
69382662679631196336227354512809647113319277315993341239631611306742194476
421805606872042860388853198538928046911274630569907359115315923861365560506
160843710166098302145606659164466744290574055772809142778838962367894114859
321523330097083615657643743682280805580382958554319445902391778566453471968
50570006277845041837073896066736050861356654848708473693810486098634155382
394761617458821894485676218507295944066772690583965526785933284609605946792
246797905987108947497775494429688262739263666059842553198740071256864025529
238823674491084465687632284858250647132365196207410756463632299527010371379
422781036145324109565755890483265770896929469393961340417708985793978704217
302500311571950739607048883487723738312835659620805323496288064302781206139
448418159307198737997507304392732946769763765878870960488200645461174148809
377936285052029496283272664024443773295596916176864721175253200650484259065
285077137285417494456288902989239367330364644689413621122874690075967691767
443271648195817591557555167458884961083176910721772289730046852740328634367
224185858066261513702664406433034514826083029530733581182843858070652519556
16570378420082321090194521954691056285551017153373637066089293769531135730
229999454546017515654736883138317622282582981202099946050022463817512813634
37627796685805134156333869536728959119872139761605199777688100252308630384
120776150253192317940096162590225436481867646900203013576563223710744136524
130430202744263230007023444918054490660594546847031315419416944291935489138
285262232897838846509776380206777330936816708889463511328265935240334292017
281112596374950186501862232668713365861864000384660306277605617742050154702
128241751141780315429934181793325995363700522253695971566113072800434724101
88454815775652691985363960969513325017071720750072883672673918386699389756
263904229851064219390420004193173514962188614231237212360200990669299948995
192775259979192006751962847805032204546200240411269933989256445075148202525
275100491858110749306208628843735422449041892223797335450377484971095935959
51511217619151584374345014310777091765432073786073080369777782842124169213
397274852221725964092390795772076110435049710190374380381190004980768476333
268915479270459183605271953505266421822132558604138373823722172802691535565
233684036509764128257195568193754130606825695256111880563425693760960355047
79324044177017972030126847088263646277723981472049816021786405596179875290
159590883330011268588833545884948171008008611662296494174774895247028980178
103495072114592698166342544457038305067537794838584638853918407994792255705
233549016205631382725330548501472561572492549421377998545549640832417984948
324105130106024455339917530177823122218287520293822758103590567840434207656
217963482566166820229441951868056042275406335236307026138790523362790938081
236480292642736257493620355443220935595965178885840313295775266846813814900
285685995496168557406611153964929582242813876510812216308605902041047417637
369675084955833734605825425807839344611725017546613980684274649907963588564
168064010858720023379728114610975167830262205652734134297521404999959601072
46030416340462197557153885088888179129361744018493777203744224054211818558
256389220317136610046591377870106880664644651851798499326603942874157100158
26532556774297318206136795249845031777656824798848568242843123249200740116
381022963164191402963079003157313443292790774341042702099657491075302438453
374403677511503743677112833299923415732651076474451947781715906075616569692
283958377731331624509669900157484109623721498840819214032150767842767267508
340371631408921911336092905279136212282155938401704011278666572496674310225
2211675548787246892552398549841282664233090383198132488949955552195459896
179399189319715351872388210501104483054802842771339486225527412855921543414
194542245209764152022373519892861196112978516897398119043824733950011149536
93400513003774723389920088238006246664337586412050781910686270594841495681
39793490507741133787329225378402558227706965856536443020959756224099170835
243333454454994839623721101215992632642115197978941984836135050243538601964
404097039648398475305055995090889720548128026140127050208845941801575139278
375394790902638799793968606972589875849825343191807977248349212612260133448
208232931641654049916591203338821272771679433484743654391010896563470110768
279889968123135042419473948561920512039574251550516163976760510637862547403
435222299707300943941598005939858303840838175142204320052147871875044205280
57183850032169104429828295812906269766593503337777694045195203388067434663
71510553121668012122380177472885122392710209592620191463274926618582715649
395529300306972297459113312180713416207376725472526015345076399613659239762
33550791483363934238043631496616655826400482017894270381359599117291267268
382392322545857928138619708542453640149386555429994618086025925697401718277
152297472370658974479484989713762450938321146602705427021568074139488439476
319457932368374287110278661161010483214770205209434554275250169690243710990
159798440684587185442487701407926840940557338861705937419885414778256336058
392733091008900546279518840686678224043855996622404940377417681167167332703
179563121162993348620715283647209059898984546017489825701699045187372436183
297703823292626876412955324565160922180047789954604297557000864191576487897
1693629830520973479594952796530350506779541719230334502582433241339298399
276214335014623572013169484661369312831460054614976009049946731364313592692
357693854251529505183316789837534215754500046731737948854974742229080233135
37903056161790270951311223712262723144230732944766655065902213408446512975
165150006913675994175839367992876180815304004251317493191500798056296524360
1198433793531039367149494409353644359966087971525617300134554833935922461
324941539693276350684994675145326070478122350826592828941320857474636486138
247913255766476741232337254676791473070860844029371061285065197664428239997
316387928884735115683139737433045387608068416854426352201654377554306373332
140971343178036990072126011056945841578349021980829504916565138175595257161
96868847014524643513745761241735635005411974237227872416252133022560731740
249383612015959564790884173249354906709078213833850759727596680136020434525
263973437891900205440529090324527965137311048524242350073741276102961706500
180151550482842796079949585476815087935788966495081734417577261063256016441
156524252851320750414382227970041767049485497452152045005309514617118084269
31823904222603168639092387609502768621872549968894618681526414180896231648
204264570344161867978302406831097255489342955745848902709875225701479345738
77847552893218016614769648259493833248415036730702297600808130440818100720
231479347696563995781720272072787435520816156263382115496497271925887303910
444833478847207718067227118887369182705405060983945462300193436552046265250
354523623389041947198050839540903505873340704303211157860264447446377221519
139556774883754655918307921691716587968373280139182155510008203964780160776
44337304596623334147069129171362554055870521327066063525634835657676981617
209070595128972875782852323599263437532768371701730843335198800053442245508
403426553266050544362736500223028043566461163591308751096665873512727902187
217153697566333309266914852094581706455248261057366267385388577193744125515
420329505671067256519127567416489778742822565714336164267318027150979639560
365487877130872224211014103528232537430735727995594451743026541274550871748
140115587791172456148433462447212727960445242206314293814980602423128842700
341326038879610094203840151962294124056052397285935696742012246439686698951
122246957881712081200854122354799069771847995102679124450375608529773549683
156652178179023367560625591282915675701551399979789558110705965713589270616
107475377685300738395341603285953097953944036273726533291704245981585428872
379038349275284053360531600784537246103604326560684673200079988214494071879
193680650288823757392872593287732071975587988759477735794870910492456272842
162091329723857692007315911608760439370399810369116577465392978216327314331
258276871324517618234976578168914521488422093078095216461474372226804174224
119809516526493591709719919979528081036589296739225026459271404657302478676
11316633493232629170062933503691078582699716705909914995407542156021629199
88749775274286819781780758850859159690360033540094362041868181332455411096
224011355383294241547971555075855454735024359641215850819014039323720313295
379110798981748812303493836240543286614130885045922829028495608551370256444
293209969397846835873970938987562298728666299174125469342212761008862773573
445681774978912467810324312842651361649909255558703794803682570464386216569
250408689350517952126583210810637074450029072549860108417454837037587274202
389044348707694434043207844900152762658433001135103528433350491090397602999
174606302401598998383090110089330500747370101114750289489693949155586525530
285908872859974207568744441192245702209379086083900121841700800554059885303
360423475031463488615459770627626793423984558206524119596130160580181160713
424337743457258870988010579740341722202220856416766277567426259226147148577
190755283239160748495194186812274855038012011485822949555524638034374810493
1693397781342036431299057635003580165658348434375795420576940850158287805
7329029548674769020
8
352
138624600494474532630630866210158758309399818956526929362476878216394013252
76598390408968263663117731771990159501665456426855233235661708389984138568
115343426269393086259589671685528367492536833722231304565232341305794130255
145657132622025757709065232671875473411410042159257080853974792923739810896
152421437679545869716995389948653370985795060856838648992149566929629181255
120968665703062413607509065958647142990678018438859352019353780537563304558
198509792663680608230591433858702016993770012128054674646162286210865776200
145276325033257646132035180073292139748919183018627621266940592246249380206
177301880779038765346224437412468662252423191162081603438335524704389116515
196570103064363594896053741589623276349357250941282226849335340823934097995
152764798591011273996786260397383183804167483258364280806538574734945696053
127664222606470780842619553107752857455113158218834987039914730108596857657
189854568754151294044606920643043673909597353707028852011471165152015439705
216040895827466933503998792634495673465083170137837757017782420488611854707
127780910916242924576608891588832865777491143639885698360213045417254936909
172125032033576141955244202073056789165629133453438375655551691343349838164
188102977743393593150916785919405995636555579132318036945479894080831114863
127885294688807697209350929537083567891018848760949077207950218669832888905
89054777341465501185599080247647972279670906803770499684167211879440534359
147210105373891406016760053617004308462225129182677918352693696501504961333
152329827035775131592286710855476914950087628485997048144391762465542981171
115579644066787873268991073163482624613254576290024158026836933352364987187
149092992153933920944882311702381939555342740395578539040404414012964434740
148901033952547469603264947523175420894749999307297789882006695466086515017
125785817803338677708284991246715179669346025053263565017769991717414582128
216131025481762305910084987581222925681982087366219967817861448708006237800
147423710900229565044938381984013900819512606217245129007298134602060875636
87413810263763165875774206344503299138502104513059219264327685273470398543
208855585404258320168382766553966320558780301710570034292994194119439953749
184086325880434998851817899572088574293046124375682260983547195724458059575
177219333727027446844755595483109333863842150190000250449720675087565746515
203555558449833937093094169576880087758471737224936955067257052074616436547
85155536650211953198214291801243858193125740839108162728110087877184285517
117338838618862278215305499605030584835420399867501264611763234198847449465
85603634885762003380748729446162720594730812332516241466448459228261404259
134994502661270579611949870166700317581519171881280435788504847418585084235
127671131284968504974873535219460527135154208462474183931748532637337019696
131260039909042293547748376382481537646493361717232655808935411314965367882
90409114786576096700205240403189904541631003688690160936668715601208357453
139907950728126367846918448939550501528356840872152909820744581294041559414
171945589570294289317171748138041593985198585881449649990256182200504699721
147355366926607595030363471948318973171090798294473133394010007744118343521
191512042668314174377196536090395499835272522929259332213685625665709225269
139879022076419549355655944944779894790919253699731596698402952659977528369
88959450964082224164057618598437288311828129118681489321753008448828421487
212356040966626483029921128597003508546540541872667180310956346044833751367
214459345006896890346068396173900453548811008317863865980858270801910187347
196473907762348174687427538243068641338428438801426891798976296589185862517
129528343454754401014102309650810268308013498798911583757540237902996652661
152662867370704683804255703944535042506535811589868737187037662816347714680
127995243655616856039433491147647108000375904443892860933524838427229704545
180917454591771676203403901878390360339210535571458452600035605401954840114
140170595058414899305523756426593544382655507837162374184908145287075817558
196460134601211254223562005164899307998006601732101655298421557189732481106
129706902962127474171661846197825580423535146547755757374180890495726799459
150537017210803114406227410546064126263892884533469947284741551152063467890
180827918894266297888845183928193350820335869004242723543774037895440256844
138403804030090712901474602502687864388241936867790320551350414013115155793
200262506591493751992703913448124534377804119568436806906430502543492662582
154421867412175264268685874404817449046525133679750901338324892949556114795
97503948909444122563223085049150673116681555702842873307351628667813984054
116939097384363301079681908873261824298214846518069850467094709846624458102
152566185109436152484171455070013210471317045905109465197990825102259667306
83381755838970700048786228362481682714793114917647288238976691951453686644
191380685815593614507273918409635949220491233793254631936906592205673481815
175624680276777429093924870089541008850672295479124780923693448134990120803
179248443461286340118311333456241865412023908924655227526366084602249826884
171842437965161039694995938233671182496077633319531336847766550012897610827
158003197017387041111794671786559575136786784346777068970753132834768316488
171848778412551685631468923769194303052383437467588391677304194608387027302
120976788323800203586648860648919693917291523119658662910704625627087911276
209291858004902530760662024634956172743669419881016849263613716797421021515
122412586651017598942844631896843317803128468725152393532658874199347511873
184252129004175026975266670713331226546181526999527861844927770404937880136
85610779572415487123972578599611176638451426060770598871278571860615459917
189544128015247654637699831810344541964944474042175084900520261527541471538
85528501626551720737437246874386472904015208186374422810405750516042717283
127787620045124534386663914185638125702860768374906641902312486991297869176
122700681358065716894911961368776446425326922519220650477311836332083016525
181055272232711920576378233491606006312811826481445534661507858164918407510
214577457815511744078240415837815769755589874224402547121303158287028793929
145725289987668167553869744198999384699385724020949763966832056386832590955
122424937880541760107663458329870048718361846207581989431556834117624744235
85184654685222145572474537321518226729212799135244054874891936653887828321
209291343341221665538924156156042942275761899731031310270780541270673879138
145636915802071015514326527921584472956703164617591925385957507005013387311
145264326198365477542928731268875376013987521914934023338254095717642238538
115455577559447433919126138421011837512548060969829654812517755898128970874
211008363478671875433861191519084867091579342812961139207872819497368896333
124468424215753089740440938672838528617841623440685469872328112661377739625
177473398057980233520193143030996603329319245032900783924115048472563836769
76750369510301362555955834444613340918629568358643396756128534007716541999
194804601338181667340558770166667518578450654300552487260171242795318141298
89014903697964986308275429352584157524646326173704950685461051615114326356
134806454293574636568075383830335885862571001563490938609445882278375999023
93976557625527065856971940438012886340886184331407829064382560728817412933
193306247566145942993652016076454376895443101404100526635641276302672427330
120741905481916789489661643454995354113290821393452843712109876777725545329
95887935580126479835068357572460891799776685997025478087900157990197686344
129604265839221803962229622382036155918819893125171421713119746767379001176
207103379390702612171149526973185808399491711622437262186095456346586040915
97882084586790509364086384777753526771729320382513025585471477248878015853
145400607142847254627702446392030081728669429677135715920363710754971149637
140099909249948970536946707537093690792059984241290200480875417018311797555
145374754428634178627601948203434973273931824827737368705890137591339311411
76458953460006495646904106995593154189031311415973150600950216381772559921
118912815084532708909255484143182912416034674190921371761755622316094083673
140301696839942201540282292812025241819832384878001633885363007736723157577
173545718321246706385336309497201700397715645406555783731226539558173036152
191587659941245292792451903481151539239895278271611319920922347010334474561
142096156705299877168650317761193978486192656350473868419174293260001427825
115372026904251318265539871348518979424954181736520355277442226657713075522
83603531630261234021084295207021375997653997658024862229378256049154382158
145181073644770775622699298326547015791753695236930818692352471203039243897
151018552093087912387094753900085278988142191167799188382634357012596078383
202251591125458692830599710105337099229506290141623396023572716059265552235
136580608343934287664368616057125381684020839941302547542002679775214728289
177293981924338287916491625463284238311561285103069203878506335493401631304
201947724415639160648309532002187751321927218577658141430644797785022681941
136760996395969690253778609107500115109462246558492271336798714002978001240
88862851072709850757943700473788389398524911748032950324560632670742399311
92555315987415593360965875290788795841492162342377450376178362589378990891
179234448635004815608142379801374525173910024676673167250954125784889180726
180600299754541634385832136155933576211224109263737102995994090327424460364
182547478764146059263508828973404125048435829724164170917405722996640342839
139935533084100740058909724306764550720336189768502540682650050566920030819
83845339177421682250593418831694168184221134877953121109231278063076603502
131439506687853524314031057664940542193430959138579205657479952328167812193
101512241513772017216192920181993346250213176739894243958103277709503972975
184347786362804486866347490635893655943915344459009059398074996417508108881
179143870051719789682499087132579902437788813322589942783700038534931165810
159750931782951737121707724620887778958766824625342624087913942744373555266
118760297709155445446133671032020955819531122616701325421369516424228652910
186231286289868195863349147386673348020002456204734594448591198943031151716
90657576295492734001855078482685090547673697583250338614744151871424843337
122459746956425367141803200717158041656557720194236667527067506325870106680
193430426964192415201328704316332021079272325556770133489968304467758888552
97799100610476453303045544584897726407115222519091302965089641695958622561
175396754563950456141339489938711953811136239190118290233720484403957287022
154532888357699482957780019375145636749482662400441658559625439185923631426
198510055527652299952198470062059400965873001637299673872711071647920773441
99498843221928728937172596672518039404730044207705802139138145690806799725
85150033896255623011301810036812392513290849645347002891028999103016352083
203982281648619685241204813710139398467262551994553753658885398514100230003
200400440108766730167044803300513996112760074682734676752893967865739556682
205660191530338397903363302379639423881185814557758912472930801909062586962
149190985774023767978736001806441535119614975796602297126066802993229490987
117421251500915713171575429771845823690882390379309673851480110412015759957
85336300266054746617004879358613877015643506258557050171884683202712453964
150750975563286357139658510041032747436432803087907472089363504207820707701
92402661933921884727218640081055512620864957532524253307576208219389774945
152620647021321164988253615409972299699798129368390566889424111304135234101
182690636478376502079528506606761691023383651166073929275685192984004344171
194908266975907888890747997045055683348160554031234354293688853059596479074
120659360557034531013669564252116776268123776724121608433398704186371631449
191270102740032796139661070420450926782562177303371914068917128912295907943
95868227750096616595747076563062625645786775354688815190062085766869050433
90933324407116934053212719681799762965070571795395725823051665175330179381
142053696885243300054198322790973137535183578090698728123333077272469393781
159411042920910285513160774542637935293535341198995290600615401951258564720
136883775174641567995069911604534900311267469001134975714764171688174580551
175285118594980256285655829795025633028978590598707698905692346939773301857
140066691621883165558159320878200240320849397079496286463263913379671537491
126063449527728813937743691721833848392248295741943644947309949264365956917
199987219945929070246741198432862230254603923954224148985407377692068897389
115185196356322772308283174660598842099252201498621882479093352329517556596
90836214054325700776186851385281041914083591675969600675486406486709199992
198184946477451648275466056252634783808375545386627001748814301957595547947
124508941017443695018791620877613464624868036327558297668132226439727380295
175616831771321419270659447077726520909618125207979963701437042518694319687
171745110144519931218723572391417594138863528452584916083238856804565200964
101312792679851132335944419194095242790088437887992059030771713407790244429
76424555207382642801594548650748883472033326570352397228551163761750854769
83754942040239134204322580864142532678553565765726059033861627611543073868
101077940046979173120567283373723059967124153535824517098119238902767961199
99732618695277663462150941928556587838255884192569966241381291995264732754
216081202844207244655286986265179995526510548467820758220155565499594075226
203873497737731828568207153764532576039407603086415339714530053072096868184
173871175442625576784486133745913284451420634495432571998572833477966193753
122604732900973512419984800485660521382025090565898140626650459109225284687
94142035971063941243082130739562418296909894959490061613432425883517530218
203561460352284755256384778019966789068972820183547485201749967064766708069
134786264256616351004060672208885343952898170108654911019179207561858143811
87095382978137105139583589362155620272745676626731673758774261998028613741
149039394712792027571663432394401868727181316953740989125512437111395660615
203763476812877620190996163325068728342061451574438863738327304592337679205
184327755570470793684439168400045105548489990672100256972833460547092183408
95977987806043922423143894966572434852445298561034710726846587299362715748
156305260324144333151341665418110337900984135531139704200606477178738472788
76302077313360408434353745458531699433516803556828471755229200911530932071
145471079290419952525015515036675038432936847884625201234526565780193432941
188061682065897423214435037590078430190191811859772386277388222212999566134
154539867943082347151770334243491860539780037493733823350674378892528220769
87073600593860674827897301678431874464264806593046725708741664161448095825
97552072106177312040990760667020925246828149772916207213349809001519931764
205778382583954347135368034136228559560875454916809686651988999846497965618
90455618905558036001064336074801504973518512984785073749896639580483244918
154201547859811553791565551815050969269537843932154135226066242297735636801
182595225039529053827874044316010878553258760561406192083653057487859955798
210933147751273151922573245676569836704182720917342234795578969704502616954
97510767559517481672158129804171814383732310855452772410263548320804255576
97509795097087138469959863058359881502376866326139486811677211300830606664
159831997931864315398133674562551498874141132319587464868401446890949602859
99498311054201138757864743956032578758345649011371502612139974664321906506
87275312693814242533427733133988440538193653639877783450523306591035542094
191380659368271827279706804124690330061720379959138710356408648711596763208
194749012258169280247161754618408742839296037780442758480900519664385536049
119154885493552479866331637075423616287089598493050913021231088236135343663
181027905804050539157713801798839630286508558241149150120502767345896598390
127754437427238964908854705693588161303299385387852205202505384649076461146
154546988618806263797945539664636213073000701187085809561996691235129353811
205722492182049419986843420691605575780316205704204463550127257924207071811
124269136402307865653712576504640443128993098738388866745796313139082835060
212611241848049858868275931181293079675609085424840362077407301731611979884
196453477383810815330737725998098044815977617929870915539947068256839624773
198449153106846934405380333403456427056239548097539930166681180315128526969
196729545967370809372615176009960043120387600238159124080221655971901696854
83595445116906858617497374299005721407836749794181495573434176086255093082
205632014707527816640316414866287237355926466887913886196027603609404918641
141839816672043930395445144608828322481615866307392356878742487602946191430
136766793009440879212201235140104087619006122451120062498027386683136691308
193382141686454572613279093544376792306317875826406526867567221300259809144
184293402584088052560944065769270670810427902761913055510939009948898773616
118891758181041331455821897077985808278205416033419334640868165842535336292
192968064091090356708259556022881178572560867352303503081393307067288670041
198704038960185963967752624441329075487672498588544033288589113931383271243
138271431510606450323482517799529190364785943718298878957537795614999465541
124151535537736365034177288623414014414342117978826679819096919980261734772
193057763104031430069497087800601881007759566495419369627396502357038364538
159576584146101601044824040663697157672379764416961035628407061353650681944
150576753762659170768837175193863034348188568092407718073547548689974964056
131500333501434672414915884817384650569923957577924271784293522727779391585
154463193194027969206550694855516900577333534054621350211842985403092322638
205301650769757340265216189510086490309834600264000820555706893021368776293
216393181678513735757143899283325388957721029553606192516142735552304142710
210851214358816872533744014813499167893919972736594282817141208101697242928
205300624730970213082385313408181500347235588117543904201218196678748226423
131273189003874447900885488563826598705569534562874302674094849317325324868
92353704783290312224251335623702754596907401862832172471375402810370255993
94239476707010157412604936318867996290911107154428147341225554781895475760
196798290469967374495633313823122840057868390457235225239793377422521955945
92560786659025742620883813471076562204625870399703062020850259806325525871
124219738188897812798530484491786085898285771771391230245632120365769903706
182512834163967086060644178401438706907662238613150004929086728111850400631
126158353701159343013669715407620927488616209768114748017199650824208205897
200249593927615905495447761442737293362566951452274148232994116730541271411
118774237347637468681447298697274106571037834285522694516059318855723403641
191360258073606402609285170389727224192694057527221793862189622394537599829
86950820572717583985417826332133543191118012302412687006661039490750767944
136629054122831066976566618057015997739823824717386346744127727960900194615
124158191066068145583810899407233641602179707597817658678256864183603262061
143599118947029424220401800658033054605974032341175485124099327244548530480
210774675405095749272149269480762006457062860430032003009002482379508495445
122674694824457640201160587951928476927450174960205213509427824379884089721
83845661129902619259278372032394608363047662480105403666702861316833770055
178818837134030322630281648861435278444805731566926935106590588427549895218
173871932613326207085477032835542985154562947673770084083570402061175511396
210595714950434352213676427976088229456991598793332060259393628924845845559
198434976170194607622503131176624866211719245979760317749163813752557161290
94458471936213324310106031425914476597904425503151374579741026390157455188
186198178743079519924799517166224687324117814361325187020830446854705861736
207412829542292027507438447793893500739844691420864151808227954229027097459
85321800656286206884763894612508520968349850982224269689265077373395152745
138168788903630333028730285048097888883304184190695034556230727287878086729
177377989663287196216974997985540857064574747738353807973780436654594806865
120934241744104152672975007118598220857895286679207190252146797779015321203
95785547183796264266465284384310365640937174428906834939014184382836799853
203872985617589543400009321324047338134983836864450052257812139781869227111
129464290932328959534363108164864140803842287918011538554963390489197636916
148713719416020802095040379706325474494304693989344892338824418537280722260
188040892363552958150629110242695431559469004980266097028703418379787527491
85487438770768730273600051675881691308779435088767059741826886292131305043
122728152698352580709730846312396914666299366544441641799813665266296770932
179289558535856455668745897589285743810895553698893135324256824430850622567
145594427675269734815319439461663843807311990455047952876265633123471153236
126014414235363867679619236315344192527922652364242713839811822892665043248
205487157647141780271405490685186038561677991904759894663915305024051496562
182567293366076849207602000838203587621705072583524182907580324771931837297
94134786389705644952848911166158136718920595677550350307502555558004544842
145277727056596991492561932037109542020461914849472286957375459942477284966
159687573817219094381597230202812234586858160337801724849740745168678971507
150749357356394918622089165740779742526109062399987953332704889885787056972
187867702618968410086283816933852585887053949312701209082338849783580546868
95757801704190219274517821379173633580711805355775506437742441580972296806
194838576461653265510983877224767333521812141516458756161689629565912380743
94389773459154958343938419929852602141494975884609080411589712268736820845
124399455607301249279487521015847645290145338803293251804779602775180457306
212493858533560847800435409060058202860484989530369871862276453599350896976
156092731892553696614613689020314026777953176855939271454823608440375177539
118677070857585337309808293784271171753620415500468343687312157023292445483
171778734684093904267767552816105010069393950875362892909694003940527401295
122404881665603339992393217636090235851269044006257007466058815554779240502
187770701046820836201380885518605742494074518982208118099522725702873871685
199979484349164531542250069671606027533066604622317945832721273810435328596
198441199690670035272137643800671080629769954301592424657681254244762207860
205680271942114695604398972529749464361156558121287556134927189793946743114
138616788332334872729095864862015339238925011352646424631686521655755819057
154041914971058308430969214391636393077102680885017437900447782745963452977
216324192662487175418777659325979682287935049246228728984003418077850006097
87260813008294792284529679243026522085972661574520290971683826318592203077
159722648920053109576495405666979146317685799874828036074340006709249135205
214364607569929932093598733818426592186497862623555543091802020557146245731
196460264120128373906584446696210419575668437500711705755991814799594123823
155974704417735655205501452819045209919653419297455594780677258393577473127
175286868970912563882294974625475739753581355989263642536716452269795734599
194810156573567942622461607483507318072822084645943088960258514268162701425
117338350289794447573821079971698925372681572851029579361304083655507471942
182816379261675466119936056184477267009910697291379341219808748565876524141
76363140665306906380686511955682111404706067880120650716054904010613992279
189524203965936521646376088658491690359434665583499845539819486084980752948
187977292472489444143985470368801694991022468219953814524987055429919200578
200401056290181995938829165947198780050954187863175578639728648443289887561
126014870442362379185807505154305398154197646896610766318438166740606731382
191153848812581581105487196714794078809296346193740373868883695550214140228
147224070917559432629468073845769820515507756499822456941355004655215997491
95866670386139563601507767835771134993330987376629442222340430088943724146
179261790016707165343541901038526471760050351581282022305259935862781802601
205681242846150672709053283497120165313439585273038728580989541483451274600
194873752677054400328437167572283193063740152653683683048694474683838784579
118863929855066413524315827467858541819203506048138931263570261787547886149
148747763806502332009486879054838874554830579037003469911799694536356613966
207171751060658346973913216015543692421704546752627284170017874004405334138
179136102654751774811829169625020896657886800222041987835799547134335349815
199993210229644338647978530725288951271324285944270542449147636016646744186
154236242794882548571182466492838788380998102116658814803056564517239089273
209303634023256621084635149571166810952586362892745114939383288369140740947
208959677665772736243841010964084809362582631440355023807097712399504984129
182538552482001414987543397926446129082804585470732150606708854721091172424
173773633720804849641274972996145565506648621274327930852479519107242356087
182435947770246758853737768997522878385108869589243683438915564303572428368
140190225792934397740588262148960598605379166525971012443939070111193396822
125785760597006139515783454243791681805717598567506020298111625935671603793
143502654997360852257666614225648926045815022328308276038604365958506374993
193321188842496452350126856360486387654249449925592963584322496303998654026
201810170674561867972907082644842528597929708299614246524948304609933408307
209055904673090322817200590158023546837011494634529654142957339834523660889
181014998912172070099280926275809970259264946104992555141718545905787173475
154097102836319267410704129878007648475573604968782683108491620059252478539
171959390324043903443996208561345678889566126174096513540296914699706918229
125773737853252860193652572100763319015797487584832657395132463665025074758
83512645974373454565112882427026616242422416002981319441884860645886814585
92403714968074507411502660173233293398249502171433281160266295031636325967
150729646885406900579980832539590241302942090845136060648926625947237887854
191567498336663334489949041910809653610332206161512023320052734049400214323
158052050665912123791558414575244701999592229734072907198488749545557345075
173899217027122463928573235997787660700127812100739002742690195957432274249
214301420271531867774449821573036775478540640193317603154620554381639508321
201904852729048730433497772395300866462205165450888233172943853044297125194
99408910948839075744430574127337409521896885926106052752375753448956053561
195046594248153569629379676934803412865666071646593561179351852441463110007
131231106715567846601712647616452720177196962685017631393591177813140390967
90442838105892990588331116091701763198892769437430047176051754087903687993
27972543403703230228423276349
12
