66
292673019671525310123915633064238737680599685505984881533555474284706899365
292673019671525310123915633064238737680599685505984881533555474284706899365
292673019671525310123915633064238737680599685505984881533555474284706899365
292673019671525310123915633064238737680599685505984881533555474284706899365
292673019671525310123915633064238737680599685505984881533555474284706899365
292673019671525310123915633064238737680599685505984881533555474284706899365
292673019671525310123915633064238737680599685505984881533555474284706899365
292673019671525310123915633064238737680599685505984881533555474284706899365
292673019671525310123915633064238737680599685505984881533555474284706899365
292673019671525310123915633064238737680599685505984881533555474284706899365
292673019671525310123915633064238737680599685505984881533555474284706899365
292673019671525310123915633064238737680599685505984881533555474284706899365
292673019671525310123915633064238737680599685505984881533555474284706899365
292673019671525310123915633064238737680599685505984881533555474284706899365
292673019671525310123915633064238737680599685505984881533555474284706899365
292673019671525310123915633064238737680599685505984881533555474284706899365
292673019671525310123915633064238737680599685505984881533555474284706899365
292673019671525310123915633064238737680599685505984881533555474284706899365
292673019671525310123915633064238737680599685505984881533555474284706899365
292673019671525310123915633064238737680599685505984881533555474284706899365
292673019671525310123915633064238737680599685505984881533555474284706899365
292673019671525310123915633064238737680599685505984881533555474284706899365
292673019671525310123915633064238737680599685505984881533555474284706899365
292673019671525310123915633064238737680599685505984881533555474284706899365
292673019671525310123915633064238737680599685505984881533555474284706899365
292673019671525310123915633064238737680599685505984881533555474284706899365
292673019671525310123915633064238737680599685505984881533555474284706899365
292673019671525310123915633064238737680599685505984881533555474284706899365
292673019671525310123915633064238737680599685505984881533555474284706899365
292673019671525310123915633064238737680599685505984881533555474284706899365
292673019671525310123915633064238737680599685505984881533555474284706899365
292673019671525310123915633064238737680599685505984881533555474284706899365
292673019671525310123915633064238737680599685505984881533555474284706899365
292673019671525310123915633064238737680599685505984881533555474284706899365
292673019671525310123915633064238737680599685505984881533555474284706899365
292673019671525310123915633064238737680599685505984881533555474284706899365
292673019671525310123915633064238737680599685505984881533555474284706899365
292673019671525310123915633064238737680599685505984881533555474284706899365
292673019671525310123915633064238737680599685505984881533555474284706899365
292673019671525310123915633064238737680599685505984881533555474284706899365
292673019671525310123915633064238737680599685505984881533555474284706899365
292673019671525310123915633064238737680599685505984881533555474284706899365
292673019671525310123915633064238737680599685505984881533555474284706899365
292673019671525310123915633064238737680599685505984881533555474284706899365
292673019671525310123915633064238737680599685505984881533555474284706899365
292673019671525310123915633064238737680599685505984881533555474284706899365
292673019671525310123915633064238737680599685505984881533555474284706899365
292673019671525310123915633064238737680599685505984881533555474284706899365
292673019671525310123915633064238737680599685505984881533555474284706899365
292673019671525310123915633064238737680599685505984881533555474284706899365
292673019671525310123915633064238737680599685505984881533555474284706899365
292673019671525310123915633064238737680599685505984881533555474284706899365
292673019671525310123915633064238737680599685505984881533555474284706899365
292673019671525310123915633064238737680599685505984881533555474284706899365
292673019671525310123915633064238737680599685505984881533555474284706899365
292673019671525310123915633064238737680599685505984881533555474284706899365
292673019671525310123915633064238737680599685505984881533555474284706899365
292673019671525310123915633064238737680599685505984881533555474284706899365
292673019671525310123915633064238737680599685505984881533555474284706899365
292673019671525310123915633064238737680599685505984881533555474284706899365
292673019671525310123915633064238737680599685505984881533555474284706899365
292673019671525310123915633064238737680599685505984881533555474284706899365
292673019671525310123915633064238737680599685505984881533555474284706899365
292673019671525310123915633064238737680599685505984881533555474284706899365
292673019671525310123915633064238737680599685505984881533555474284706899365
292673019671525310123915633064238737680599685505984881533555474284706899365
165
1
88
198558697586135821272602843866295451307286322987348595999048259794218541399
191595102908511350646842234939087916316037348061736177930254752004424101985
154464113006455809137211110044864723050100619919045006301619797137475202160
171987540724934747974022088470675848859680393543493808493661503857952380780
198558697586135821272602843866295451307286322987348595999048259794218541399
191595102908511350646842234939087916316037348061736177930254752004424101985
154464113006455809137211110044864723050100619919045006301619797137475202160
171987540724934747974022088470675848859680393543493808493661503857952380780
198558697586135821272602843866295451307286322987348595999048259794218541399
191595102908511350646842234939087916316037348061736177930254752004424101985
154464113006455809137211110044864723050100619919045006301619797137475202160
171987540724934747974022088470675848859680393543493808493661503857952380780
198558697586135821272602843866295451307286322987348595999048259794218541399
191595102908511350646842234939087916316037348061736177930254752004424101985
154464113006455809137211110044864723050100619919045006301619797137475202160
171987540724934747974022088470675848859680393543493808493661503857952380780
198558697586135821272602843866295451307286322987348595999048259794218541399
191595102908511350646842234939087916316037348061736177930254752004424101985
154464113006455809137211110044864723050100619919045006301619797137475202160
171987540724934747974022088470675848859680393543493808493661503857952380780
198558697586135821272602843866295451307286322987348595999048259794218541399
191595102908511350646842234939087916316037348061736177930254752004424101985
154464113006455809137211110044864723050100619919045006301619797137475202160
171987540724934747974022088470675848859680393543493808493661503857952380780
198558697586135821272602843866295451307286322987348595999048259794218541399
191595102908511350646842234939087916316037348061736177930254752004424101985
154464113006455809137211110044864723050100619919045006301619797137475202160
171987540724934747974022088470675848859680393543493808493661503857952380780
198558697586135821272602843866295451307286322987348595999048259794218541399
191595102908511350646842234939087916316037348061736177930254752004424101985
154464113006455809137211110044864723050100619919045006301619797137475202160
171987540724934747974022088470675848859680393543493808493661503857952380780
198558697586135821272602843866295451307286322987348595999048259794218541399
191595102908511350646842234939087916316037348061736177930254752004424101985
154464113006455809137211110044864723050100619919045006301619797137475202160
171987540724934747974022088470675848859680393543493808493661503857952380780
198558697586135821272602843866295451307286322987348595999048259794218541399
191595102908511350646842234939087916316037348061736177930254752004424101985
154464113006455809137211110044864723050100619919045006301619797137475202160
171987540724934747974022088470675848859680393543493808493661503857952380780
198558697586135821272602843866295451307286322987348595999048259794218541399
191595102908511350646842234939087916316037348061736177930254752004424101985
154464113006455809137211110044864723050100619919045006301619797137475202160
171987540724934747974022088470675848859680393543493808493661503857952380780
198558697586135821272602843866295451307286322987348595999048259794218541399
191595102908511350646842234939087916316037348061736177930254752004424101985
154464113006455809137211110044864723050100619919045006301619797137475202160
171987540724934747974022088470675848859680393543493808493661503857952380780
198558697586135821272602843866295451307286322987348595999048259794218541399
191595102908511350646842234939087916316037348061736177930254752004424101985
154464113006455809137211110044864723050100619919045006301619797137475202160
171987540724934747974022088470675848859680393543493808493661503857952380780
198558697586135821272602843866295451307286322987348595999048259794218541399
191595102908511350646842234939087916316037348061736177930254752004424101985
154464113006455809137211110044864723050100619919045006301619797137475202160
171987540724934747974022088470675848859680393543493808493661503857952380780
198558697586135821272602843866295451307286322987348595999048259794218541399
191595102908511350646842234939087916316037348061736177930254752004424101985
154464113006455809137211110044864723050100619919045006301619797137475202160
171987540724934747974022088470675848859680393543493808493661503857952380780
198558697586135821272602843866295451307286322987348595999048259794218541399
191595102908511350646842234939087916316037348061736177930254752004424101985
154464113006455809137211110044864723050100619919045006301619797137475202160
171987540724934747974022088470675848859680393543493808493661503857952380780
198558697586135821272602843866295451307286322987348595999048259794218541399
191595102908511350646842234939087916316037348061736177930254752004424101985
154464113006455809137211110044864723050100619919045006301619797137475202160
171987540724934747974022088470675848859680393543493808493661503857952380780
198558697586135821272602843866295451307286322987348595999048259794218541399
191595102908511350646842234939087916316037348061736177930254752004424101985
154464113006455809137211110044864723050100619919045006301619797137475202160
171987540724934747974022088470675848859680393543493808493661503857952380780
198558697586135821272602843866295451307286322987348595999048259794218541399
191595102908511350646842234939087916316037348061736177930254752004424101985
154464113006455809137211110044864723050100619919045006301619797137475202160
171987540724934747974022088470675848859680393543493808493661503857952380780
198558697586135821272602843866295451307286322987348595999048259794218541399
191595102908511350646842234939087916316037348061736177930254752004424101985
154464113006455809137211110044864723050100619919045006301619797137475202160
171987540724934747974022088470675848859680393543493808493661503857952380780
198558697586135821272602843866295451307286322987348595999048259794218541399
191595102908511350646842234939087916316037348061736177930254752004424101985
154464113006455809137211110044864723050100619919045006301619797137475202160
171987540724934747974022088470675848859680393543493808493661503857952380780
198558697586135821272602843866295451307286322987348595999048259794218541399
191595102908511350646842234939087916316037348061736177930254752004424101985
154464113006455809137211110044864723050100619919045006301619797137475202160
171987540724934747974022088470675848859680393543493808493661503857952380780
1884372285
4
