3
151357606918914044358388629479984801729408114683321505766557518006452595285
300955241664352344014935530710202338322427762916836947512573669524458067370
151357606918914044358388629479984801729408114683321505766557518006452595285
0
0
4
152621345584123143339100392999060274799583018028625506791183845208179698775
200249895451145410271580978494102371486941551511119260653644562641410486636
154497920789825473432620245761876498265611964463769158968508038585275930225
191422990499150763350592302915242529780718307598753445754354204265326669910
0
0
