33
151357606918914044358388629479984801729408114683321505766557518006452595285
300955241664352344014935530710202338322427762916836947512573669524458067370
151357606918914044358388629479984801729408114683321505766557518006452595285
300955241664352344014935530710202338322427762916836947512573669524458067370
151357606918914044358388629479984801729408114683321505766557518006452595285
300955241664352344014935530710202338322427762916836947512573669524458067370
151357606918914044358388629479984801729408114683321505766557518006452595285
300955241664352344014935530710202338322427762916836947512573669524458067370
151357606918914044358388629479984801729408114683321505766557518006452595285
300955241664352344014935530710202338322427762916836947512573669524458067370
151357606918914044358388629479984801729408114683321505766557518006452595285
300955241664352344014935530710202338322427762916836947512573669524458067370
151357606918914044358388629479984801729408114683321505766557518006452595285
300955241664352344014935530710202338322427762916836947512573669524458067370
151357606918914044358388629479984801729408114683321505766557518006452595285
300955241664352344014935530710202338322427762916836947512573669524458067370
151357606918914044358388629479984801729408114683321505766557518006452595285
300955241664352344014935530710202338322427762916836947512573669524458067370
151357606918914044358388629479984801729408114683321505766557518006452595285
300955241664352344014935530710202338322427762916836947512573669524458067370
151357606918914044358388629479984801729408114683321505766557518006452595285
300955241664352344014935530710202338322427762916836947512573669524458067370
151357606918914044358388629479984801729408114683321505766557518006452595285
300955241664352344014935530710202338322427762916836947512573669524458067370
151357606918914044358388629479984801729408114683321505766557518006452595285
300955241664352344014935530710202338322427762916836947512573669524458067370
151357606918914044358388629479984801729408114683321505766557518006452595285
300955241664352344014935530710202338322427762916836947512573669524458067370
151357606918914044358388629479984801729408114683321505766557518006452595285
300955241664352344014935530710202338322427762916836947512573669524458067370
151357606918914044358388629479984801729408114683321505766557518006452595285
300955241664352344014935530710202338322427762916836947512573669524458067370
151357606918914044358388629479984801729408114683321505766557518006452595285
170
1
44
152621345584123143339100392999060274799583018028625506791183845208179698775
200249895451145410271580978494102371486941551511119260653644562641410486636
154497920789825473432620245761876498265611964463769158968508038585275930225
191422990499150763350592302915242529780718307598753445754354204265326669910
200401464376594736912250868767212458420461611236002572915219446856477466992
152731665791162125535227065020012916026868543300193865448908209275448415841
198483479324675771966201300805941299225908151697335705596529692237255635286
172159491374615294703822831403336304235367141714502756537782245635685898097
152621345584123143339100392999060274799583018028625506791183845208179698775
200249895451145410271580978494102371486941551511119260653644562641410486636
154497920789825473432620245761876498265611964463769158968508038585275930225
191422990499150763350592302915242529780718307598753445754354204265326669910
200401464376594736912250868767212458420461611236002572915219446856477466992
152731665791162125535227065020012916026868543300193865448908209275448415841
198483479324675771966201300805941299225908151697335705596529692237255635286
172159491374615294703822831403336304235367141714502756537782245635685898097
152621345584123143339100392999060274799583018028625506791183845208179698775
200249895451145410271580978494102371486941551511119260653644562641410486636
154497920789825473432620245761876498265611964463769158968508038585275930225
191422990499150763350592302915242529780718307598753445754354204265326669910
200401464376594736912250868767212458420461611236002572915219446856477466992
152731665791162125535227065020012916026868543300193865448908209275448415841
198483479324675771966201300805941299225908151697335705596529692237255635286
172159491374615294703822831403336304235367141714502756537782245635685898097
152621345584123143339100392999060274799583018028625506791183845208179698775
200249895451145410271580978494102371486941551511119260653644562641410486636
154497920789825473432620245761876498265611964463769158968508038585275930225
191422990499150763350592302915242529780718307598753445754354204265326669910
200401464376594736912250868767212458420461611236002572915219446856477466992
152731665791162125535227065020012916026868543300193865448908209275448415841
198483479324675771966201300805941299225908151697335705596529692237255635286
172159491374615294703822831403336304235367141714502756537782245635685898097
152621345584123143339100392999060274799583018028625506791183845208179698775
200249895451145410271580978494102371486941551511119260653644562641410486636
154497920789825473432620245761876498265611964463769158968508038585275930225
191422990499150763350592302915242529780718307598753445754354204265326669910
200401464376594736912250868767212458420461611236002572915219446856477466992
152731665791162125535227065020012916026868543300193865448908209275448415841
198483479324675771966201300805941299225908151697335705596529692237255635286
172159491374615294703822831403336304235367141714502756537782245635685898097
152621345584123143339100392999060274799583018028625506791183845208179698775
200249895451145410271580978494102371486941551511119260653644562641410486636
154497920789825473432620245761876498265611964463769158968508038585275930225
191422990499150763350592302915242529780718307598753445754354204265326669910
1902591293
4
