528
6955983830576953300627822532721063284149725145715624041201556132732190
54994008164541392794763564943692726324487727002027723669739502785380695101
109981060345252208636226502064852731585691304278909731715437804014628658012
164968112525963024477689439186012736846894881555791739761136105243876620923
219955164706673840319152376307172742108098458832673747806834406473124583834
274942216887384656160615313428332747369302036109555755852532707702372546745
329929269068095472002078250549492752630505613386437763898231008931620509656
384916321248806287843541187670652757891709190663319771943929310160868472567
439903373429517103660388039555002250353556730986446225416677197882414339350
40803801150164408061482806976941757224822287704767850625688328274607027253
95790853330875223902945744098101762486025864981649858671386629503854990164
150777905511586039744408681219261767747229442258531866717084930733102953075
205764957692296855585871618340421773008433019535413874762783231962350915986
260752009873007671427334555461581778269636596812295882808481533191598878897
315739062053718487268797492582741783530840174089177890854179834420846841808
370726114234429303110260429703901788792043751366059898899878135650094804719
425713166415140118951723366825061794051912887988349991402582810967845637390
26613594135787423328202049010190788125156848407507977581637153763833359405
81600646316498239169664986131350793386360425684389985627335454993081322316
136587698497209055011127923252510798647564002961271993673033756222329285227
191574750677919870852590860373670803908767580238154001718732057451577248138
246561802858630686694053797494830809169971157515036009764430358680825211049
301548855039341502535516734615990814431174734791918017810128659910073173960
356535907220052318376979671737150819692378312068800025855826961139321136871
411522959400763134218442608858310824953581889345682033901452922195731023110
12423387121410438594921291043439819025491409110248104537585979253059691557
67410439302121254436384228164599824286694986387130112583284280482307654468
122397491482832070277847165285759829547898563664012120628982581711555617379
177384543663542886119310102406919834809102140940894128674680882940803580290
232371595844253701960773039528079840070305718217776136720379184170051543201
287358648024964517802235976649239845331509295494658144766077485399299506112
342345700205675333643698913770399850592712872771540152811775786628547469023
397332752386386149485161850891559855853916450048422160857474087857795431934
450546028690299842234964693266875989977661847413146684772665992273196686365
53220232287744269703103470197848855187029547089870239539233105971533986620
108207284468455085544566407319008860448233124366752247584931407200781949531
163194336649165901386029344440168865709436701643634255630629708430029912442
218181388829876717227492281561328870970640278920516263676328009659277875353
273168441010587533068955218682488876231843856197398271722026310888525838264
328155493191298348910418155803648881493047433474280279767724612117773801175
383142545372009164751881092924808886754251010751162287813422913347021764086
438129597552719980593247873463012600949832103508693688224070627023505265685
39030025273367284969822712231097886087364107792610366495181931460760318772
94017077454078100811285649352257891348567685069492374540880232690008281683
149004129634788916652748586473417896609771262346374382586578533919256244594
203991181815499732494211523594577901870974839623256390632276835148504207505
258978233996210548335674460715737907132178416900138398677975136377752170416
313965286176921364177137397836897912393381994177020406723673437607000133327
368952338357632180018600334958057917654585571453902414769371738836248096238
423939390538342995860063272079217922915783936071977423144980221214279273485
24839818258990300236541954264346916987698668495350493451130756949986650924
79826870439701116078004891385506922248902245772232501496829058179234613835
134813922620411931919467828506666927510105823049114509542527359408482576746
189800974801122747760930765627826932771309400325996517588225660637730539657
244788026981833563602393702748986938032512977602878525633923961866978502568
299775079162544379443856639870146943293716554879760533679622263096226465479
354762131343255195285319576991306948554920132156642541725320564325474428390
409749183523966011126782514112466953816123709433524549771018582975922242565
10649611244613315503261196297595947888033229198090620407079582439212983076
65636663425324131344724133418755953149236806474972628452777883668460945987
120623715606034947186187070539915958410440383751854636498476184897708908898
175610767786745763027650007661075963671643961028736644544174486126956871809
230597819967456578869112944782235968932847538305618652589872787356204834720
285584872148167394710575881903395974194051115582500660635571088585452797631
340571924328878210552038819024555979455254692859382668681269389814700760542
395558976509589026393501756145715984716458270136264676726967691043948723453
450539099878281103472887896021775037356031151397864819600281201660642597660
51446456410947146611443375452004984049571367177712755408726709157687278139
106433508591657962452906312573164989310774944454594763454425010386935241050
161420560772368778294369249694324994571978521731476771500123311616183203961
216407612953079594135832186815484999833182099008358779545821612845431166872
271394665133790409977295123936645005094385676285240787591519914074679129783
326381717314501225818758061057805010355589253562122795637218215303927092694
381368769495212041660220998178965015616792830839004803682916516533175055605
436355821675922857501683559688472847866021320285733098417540401404795032340
37256249396570161878162617485254014949905927880452882364675534646913610291
92243301577280977719625554606414020211109505157334890410373835876161573202
147230353757991793561088491727574025472313082434216898456072137105409536113
202217405938702609402551428848734030733516659711098906501770438334657499024
257204458119413425244014365969894035994720236987980914547468739563905461935
312191510300124241085477303091054041255923814264862922593167040793153424846
367178562480835056926940240212214046517127391541744930638865342022401387757
422165614661545872768403177333374051778330948456678473842102354896761785100
23066042382193177144881859518503045850240488583193009320624360136139942443
78053094562903992986344796639663051111444065860075017366322661365387905354
133040146743614808827807733760823056372647643136957025412020962594635868265
188027198924325624669270670881983061633851220413839033457719263823883831176
243014251105036440510733608003143066895054797690721041503417565053131794087
298001303285747256352196545124303072156258374967603049549115866282379756998
352988355466458072193659482245463077417461952244485057594814167511627719909
407975407647168888035122419366623082678665529521367065640512467637052244740
8875835367816192411601101551752076750575049285933136276573185625366274595
63862887548527008253064038672912082011778626562815144322271486854614237506
118849939729237824094526975794072087272982203839697152367969788083862200417
173836991909948639935989912915232092534185781116579160413668089313110163328
228824044090659455777452850036392097795389358393461168459366390542358126239
283811096271370271618915787157552103056592935670343176505064691771606089150
338798148452081087460378724278712108317796512947225184550762993000854052061
393785200632791903301841661399872113579000090224107192596461294230102014972
448772225747830770945015236031793443244025422594679505856329967371019688475
49672680534150023519783280706161112912113187265555271278220312343840569658
104659732714860839361246217827321118173316764542437279323918613573088532569
159646784895571655202709154948481123434520341819319287369616914802336495480
214633837076282471044172092069641128695723919096201295415315216031584458391
269620889256993286885635029190801133956927496373083303461013517260832421302
324607941437704102727097966311961139218131073649965311506711818490080384213
379594993618414918568560903433121144479334650926847319552410119719328347124
434582045799125734410023839087048133439710200516892789655487036509679325715
35482473519773038786502522739410143812447747968295398234169137833066901810
90469525700483854627965459860570149073651325245177406279867439062314864721
145456577881194670469428396981730154334854902522059414325565740291562827632
200443630061905486310891334102890159596058479798941422371264041520810790543
255430682242616302152354271224050164857262057075823430416962342750058753454
310417734423327117993817208345210170118465634352705438462660643979306716365
365404786604037933835280145466370175379669211629587446508358945208554679276
420391838784748749676743082587530180640872788826930593363266382030166362635
21292266505396054053221764772659174712782308671035525190117963322293233962
76279318686106869894684701893819179973985885947917533235816264551541196873
131266370866817685736147639014979185235189463224799541281514565780789159784
186253423047528501577610576136139190496393040501681549327212867010037122695
241240475228239317419073513257299195757596617778563557372911168239285085606
296227527408950133260536450378459201018800195055445565418609469468533048517
351214579589660949101999387499619206280003772332327573464307770697781011428
406201631770371764943462324620779211541207349609209581510006071922717164035
7102059491019069319941006805908205613116869373775652146066788811519566114
62089111671729885161403943927068210874320446650657660191765090040767529025
117076163852440701002866881048228216135524023927539668237463391270015491936
172063216033151516844329818169388221396727601204421676283161692499263454847
227050268213862332685792755290548226657931178481303684328859993728511417758
282037320394573148527255692411708231919134755758185692374558294957759380669
337024372575283964368718629532868237180338333035067700420256596187007343580
392011424755994780210181566654028242441541910311949708465954897416255306491
446998476830980315003994935952964659126197916319666444266396051660783229210
47898904657352900428123185960317241774655007353397787147713915529993861177
102885956838063716269586123081477247035858584630279795193412216759241824088
157873009018774532111049060202637252297062161907161803239110517988489786999
212860061199485347952511997323797257558265739184043811284808819217737749910
267847113380196163793974934444957262819469316460925819330507120446985712821
322834165560906979635437871566117268080672893737807827376205421676233675732
377821217741617795476900808687277273341876471014689835421903722905481638643
432808269922328611318363745802705899633154938808420138241263659351765160210
33708697642975915694842427993566272674989568056137914103662741019220193329
88695749823686731536305365114726277936193145333019922149361042248468156240
143682802004397547377768302235886283197396722609901930195059343477716119151
198669854185108363219231239357046288458600299886783938240757644706964082062
253656906365819179060694176478206293719803877163665946286455945936212044973
308643958546529994902157113599366298981007454440547954332154247165460007884
363631010727240810743620050720526304242211031717429962377852548394707970795
418618062907951626585082987841686309503414608994001271747024322809863604490
19518490628598930961561670026815303575324128758878041059611566508446525481
74505542809309746803024607147975308836527706035760049105309867737694488392
129492594990020562644487544269135314097731283312642057151008168966942451303
184479647170731378485950481390295319358934860589524065196706470196190414214
239466699351442194327413418511455324620138437866406073242404771425438377125
294453751532153010168876355632615329881342015143288081288103072654686340036
349440803712863826010339292753775335142545592420170089333801373883934302947
404427855893574641851802229874935340403749169697052097379499675113165422850
5328283614221946228280912060064334475658689461618168015560391997672857633
60315335794932762069743849181224339736862266738500176061258693226920820544
115302387975643577911206786302384344998065844015382184106956994456168783455
170289440156354393752669723423544350259269421292264192152655295685416746366
225276492337065209594132660544704355520472998569146200198353596914664709277
280263544517776025435595597665864360781676575846028208244051898143912672188
335250596698486841277058534787024366042880153122910216289750199373160635099
390237648879197657118521471908184371304083730399792224335448500602408598010
445224701059495483580892027905038815672410168726404055536438766101247498265
46125128780555777336463091214473370637196827441240303017207518716147152696
101112180961266593177926028335633375898400404718122311062905819945395115607
156099233141977409019388965456793381159603981995004319108604121174643078518
211086285322688224860851902577953386420807559271886327154302422403891041429
266073337503399040702314839699113391682011136548768335200000723633139004340
321060389684109856543777776820273396943214713825650343245699024862386967251
376047441864820672385240713941433402204418291102532351291397326091634930162
431034494045531488226703651062571019266520598420495797988555243083449438225
31934921766178792603182333247722401537531388143980429973156344205373484848
86921973946889608444645270368882406798734965420862438018854645434621447759
141909026127600424286108207490042412059938542697744446064552946663869410670
196896078308311240127571144611202417321142119974626454110251247893117373581
251883130489022055969034081732362422582345697251508462155949549122365336492
306870182669732871810497018853522427843549274528390470201647850351613299403
361857234850443687651959955974682433104752851805272478247346151580861262314
416844287031154503493422893095842438365956429082153272626339271064741677065
17744714751801807869901575280971432437865948846720556929105169694599817000
72731766932512623711364512402131437699069526123602564974803470923847779911
127718819113223439552827449523291442960273103400484573020501772153095742822
182705871293934255394290386644451448221476680677366581066200073382343705733
237692923474645071235753323765611453482680257954248589111898374611591668644
292679975655355887077216260886771458743883835231130597157596675840839631555
347667027836066702918679198007931464005087412508012605203294977070087594466
402654080016777518760142135129091469266290989784894613248993278299335491585
3554507737424823136620817314220463338200509549460683885053995183826149152
58541559918135638978083754435380468599404086826342691930752296413074112063
113528612098846454819546691556540473860607664103224699976450597642322074974
168515664279557270661009628677700479121811241380106708022148898871570037885
223502716460268086502472565798860484383014818656988716067847200100818000796
278489768640978902343935502920020489644218395933870724113545501330065963707
333476820821689718185398440041180494905421973210752732159243802559313926618
388463873002400534026861377162340500166625550487634740204942103788561889529
443450925183109736628562234669733686830591326440492255372340764253237942040
44351352903758654244802996468629499499738647529082818886701121902300444215
99338405084469470086265933589789504760942224805964826932399423131548407126
154325457265180285927728870710949510022145802082846834978097724360796370037
209312509445891101769191807832109515283349379359728843023796025590044332948
264299561626601917610654744953269520544552956636610851069494326819292295859
319286613807312733452117682074429525805756533913492859115192628048540258770
374273665988023549293580619195589531066960111190374867160890929277788221681
429260718168734365135043556316749448874260949131479849576321494631108710160
30161145889381669511522238501878530400073208231822945842649947391526776367
85148198070092485352985175623038535661276785508704953888348248620774739278
140135250250803301194448112744198540922480362785586961934046549850022702189
195122302431514117035911049865358546183683940062468969979744851079270665100
250109354612224932877373986986518551444887517339350978025443152308518628011
305096406792935748718836924107678556706091094616232986071141453537766590922
360083458973646564560299861228838561967294671893114994116839754767014553833
415070511154357380401762798349998567228498249169996997421652488880069674760
15970938875004684778241480535127561300407768934563072798598772880753108519
70957991055715500619704417656287566561611346211445080844297074110001071430
125945043236426316461167354777447571822814923488327088889995375339249034341
180932095417137132302630291898607577084018500765209096935693676568496997252
235919147597847948144093229019767582345222078042091104981391977797744960163
290906199778558763985556166140927587606425655318973113027090279026992923074
345893251959269579827019103262087592867629232595855121072788580256240885985
400880304139980395668482040383247598128832809872737129118486881485488848640
1780731860627700044960722568376592200742329637303199754547598369979440671
56767784041338515886423659689536597461945906914185207800245899599227403582
111754836222049331727886596810696602723149484191067215845944200828475366493
166741888402760147569349533931856607984353061467949223891642502057723329404
221728940583470963410812471053016613245556638744831231937340803286971292315
276715992764181779252275408174176618506760216021713239983039104516219255226
331703044944892595093738345295336623767963793298595248028737405745467218137
386690097125603410935201282416496629029167370575477256074435706974715181048
441677149306314220474946398914165357655225487690937293444828150232226534935
42577577026961531153142901722785628362280467616925334756194725088453735734
97564629207672346994605838843945633623484044893807342801893026317701698645
152551681388383162836068775965105638884687622170689350847591327546949661556
207538733569093978677531713086265644145891199447571358893289628776197624467
262525785749804794518994650207425649407094776724453366938987930005445587378
317512837930515610360457587328585654668298354001335374984686231234693550289
372499890111226426201920524449745659929501931278217383030384532463941513200
427486942291937242043383461570905664849088700979569012069714600349924134415
28387370012584546419862143756034659262615028319665461712143550577680067886
83374422193295362261325080877194664523818605596547469757841851806928030797
138361474374006178102788017998354669785022182873429477803540153036175993708
193348526554716993944250955119514675046225760150311485849238454265423956619
248335578735427809785713892240674680307429337427193493894936755494671919530
303322630916138625627176829361834685568632914704075501940635056723919882441
358309683096849441468639766482994690829836491980957509986333357953167845352
413296735277560257310102703604154696091040069257839518013512574935868179975
14197162998207561686581385789283690162949589022405588668092376066906400038
69184215178918377528044322910443695424153166299287596713790677296154362949
124171267359629193369507260031603700685356743576169604759488978525402325860
179158319540340009210970197152763705946560320853051612805187279754650288771
234145371721050825052433134273923711207763898129933620850885580983898251682
289132423901761640893896071395083716468967475406815628896583882213146214593
344119476082472456735359008516243721730171052683697636942282183442394177504
399106528263183272576821945637403726991374629960579644987980484671642140415
6955983830576953300627822532721063284149725145715624041201556132732190
54994008164541392794763564943692726324487727002027723669739502785380695101
109981060345252208636226502064852731585691304278909731715437804014628658012
164968112525963024477689439186012736846894881555791739761136105243876620923
219955164706673840319152376307172742108098458832673747806834406473124583834
274942216887384656160615313428332747369302036109555755852532707702372546745
329929269068095472002078250549492752630505613386437763898231008931620509656
384916321248806287843541187670652757891709190663319771943929310160868472567
439903373429517103660388039555002250353556730986446225416677197882414339350
40803801150164408061482806976941757224822287704767850625688328274607027253
95790853330875223902945744098101762486025864981649858671386629503854990164
150777905511586039744408681219261767747229442258531866717084930733102953075
205764957692296855585871618340421773008433019535413874762783231962350915986
260752009873007671427334555461581778269636596812295882808481533191598878897
315739062053718487268797492582741783530840174089177890854179834420846841808
370726114234429303110260429703901788792043751366059898899878135650094804719
425713166415140118951723366825061794051912887988349991402582810967845637390
26613594135787423328202049010190788125156848407507977581637153763833359405
81600646316498239169664986131350793386360425684389985627335454993081322316
136587698497209055011127923252510798647564002961271993673033756222329285227
191574750677919870852590860373670803908767580238154001718732057451577248138
246561802858630686694053797494830809169971157515036009764430358680825211049
301548855039341502535516734615990814431174734791918017810128659910073173960
356535907220052318376979671737150819692378312068800025855826961139321136871
411522959400763134218442608858310824953581889345682033901452922195731023110
12423387121410438594921291043439819025491409110248104537585979253059691557
67410439302121254436384228164599824286694986387130112583284280482307654468
122397491482832070277847165285759829547898563664012120628982581711555617379
177384543663542886119310102406919834809102140940894128674680882940803580290
232371595844253701960773039528079840070305718217776136720379184170051543201
287358648024964517802235976649239845331509295494658144766077485399299506112
342345700205675333643698913770399850592712872771540152811775786628547469023
397332752386386149485161850891559855853916450048422160857474087857795431934
450546028690299842234964693266875989977661847413146684772665992273196686365
53220232287744269703103470197848855187029547089870239539233105971533986620
108207284468455085544566407319008860448233124366752247584931407200781949531
163194336649165901386029344440168865709436701643634255630629708430029912442
218181388829876717227492281561328870970640278920516263676328009659277875353
273168441010587533068955218682488876231843856197398271722026310888525838264
328155493191298348910418155803648881493047433474280279767724612117773801175
383142545372009164751881092924808886754251010751162287813422913347021764086
438129597552719980593247873463012600949832103508693688224070627023505265685
39030025273367284969822712231097886087364107792610366495181931460760318772
94017077454078100811285649352257891348567685069492374540880232690008281683
149004129634788916652748586473417896609771262346374382586578533919256244594
203991181815499732494211523594577901870974839623256390632276835148504207505
258978233996210548335674460715737907132178416900138398677975136377752170416
313965286176921364177137397836897912393381994177020406723673437607000133327
368952338357632180018600334958057917654585571453902414769371738836248096238
423939390538342995860063272079217922915783936071977423144980221214279273485
24839818258990300236541954264346916987698668495350493451130756949986650924
79826870439701116078004891385506922248902245772232501496829058179234613835
134813922620411931919467828506666927510105823049114509542527359408482576746
189800974801122747760930765627826932771309400325996517588225660637730539657
244788026981833563602393702748986938032512977602878525633923961866978502568
299775079162544379443856639870146943293716554879760533679622263096226465479
354762131343255195285319576991306948554920132156642541725320564325474428390
409749183523966011126782514112466953816123709433524549771018582975922242565
10649611244613315503261196297595947888033229198090620407079582439212983076
65636663425324131344724133418755953149236806474972628452777883668460945987
120623715606034947186187070539915958410440383751854636498476184897708908898
175610767786745763027650007661075963671643961028736644544174486126956871809
230597819967456578869112944782235968932847538305618652589872787356204834720
285584872148167394710575881903395974194051115582500660635571088585452797631
340571924328878210552038819024555979455254692859382668681269389814700760542
395558976509589026393501756145715984716458270136264676726967691043948723453
450539099878281103472887896021775037356031151397864819600281201660642597660
51446456410947146611443375452004984049571367177712755408726709157687278139
106433508591657962452906312573164989310774944454594763454425010386935241050
161420560772368778294369249694324994571978521731476771500123311616183203961
216407612953079594135832186815484999833182099008358779545821612845431166872
271394665133790409977295123936645005094385676285240787591519914074679129783
326381717314501225818758061057805010355589253562122795637218215303927092694
381368769495212041660220998178965015616792830839004803682916516533175055605
436355821675922857501683559688472847866021320285733098417540401404795032340
37256249396570161878162617485254014949905927880452882364675534646913610291
92243301577280977719625554606414020211109505157334890410373835876161573202
147230353757991793561088491727574025472313082434216898456072137105409536113
202217405938702609402551428848734030733516659711098906501770438334657499024
257204458119413425244014365969894035994720236987980914547468739563905461935
312191510300124241085477303091054041255923814264862922593167040793153424846
367178562480835056926940240212214046517127391541744930638865342022401387757
422165614661545872768403177333374051778330948456678473842102354896761785100
23066042382193177144881859518503045850240488583193009320624360136139942443
78053094562903992986344796639663051111444065860075017366322661365387905354
133040146743614808827807733760823056372647643136957025412020962594635868265
188027198924325624669270670881983061633851220413839033457719263823883831176
243014251105036440510733608003143066895054797690721041503417565053131794087
298001303285747256352196545124303072156258374967603049549115866282379756998
352988355466458072193659482245463077417461952244485057594814167511627719909
407975407647168888035122419366623082678665529521367065640512467637052244740
8875835367816192411601101551752076750575049285933136276573185625366274595
63862887548527008253064038672912082011778626562815144322271486854614237506
118849939729237824094526975794072087272982203839697152367969788083862200417
173836991909948639935989912915232092534185781116579160413668089313110163328
228824044090659455777452850036392097795389358393461168459366390542358126239
283811096271370271618915787157552103056592935670343176505064691771606089150
338798148452081087460378724278712108317796512947225184550762993000854052061
393785200632791903301841661399872113579000090224107192596461294230102014972
448772225747830770945015236031793443244025422594679505856329967371019688475
49672680534150023519783280706161112912113187265555271278220312343840569658
104659732714860839361246217827321118173316764542437279323918613573088532569
159646784895571655202709154948481123434520341819319287369616914802336495480
214633837076282471044172092069641128695723919096201295415315216031584458391
269620889256993286885635029190801133956927496373083303461013517260832421302
324607941437704102727097966311961139218131073649965311506711818490080384213
379594993618414918568560903433121144479334650926847319552410119719328347124
434582045799125734410023839087048133439710200516892789655487036509679325715
35482473519773038786502522739410143812447747968295398234169137833066901810
90469525700483854627965459860570149073651325245177406279867439062314864721
145456577881194670469428396981730154334854902522059414325565740291562827632
200443630061905486310891334102890159596058479798941422371264041520810790543
255430682242616302152354271224050164857262057075823430416962342750058753454
310417734423327117993817208345210170118465634352705438462660643979306716365
365404786604037933835280145466370175379669211629587446508358945208554679276
420391838784748749676743082587530180640872788826930593363266382030166362635
21292266505396054053221764772659174712782308671035525190117963322293233962
76279318686106869894684701893819179973985885947917533235816264551541196873
131266370866817685736147639014979185235189463224799541281514565780789159784
186253423047528501577610576136139190496393040501681549327212867010037122695
241240475228239317419073513257299195757596617778563557372911168239285085606
296227527408950133260536450378459201018800195055445565418609469468533048517
351214579589660949101999387499619206280003772332327573464307770697781011428
406201631770371764943462324620779211541207349609209581510006071922717164035
7102059491019069319941006805908205613116869373775652146066788811519566114
62089111671729885161403943927068210874320446650657660191765090040767529025
117076163852440701002866881048228216135524023927539668237463391270015491936
172063216033151516844329818169388221396727601204421676283161692499263454847
227050268213862332685792755290548226657931178481303684328859993728511417758
282037320394573148527255692411708231919134755758185692374558294957759380669
337024372575283964368718629532868237180338333035067700420256596187007343580
392011424755994780210181566654028242441541910311949708465954897416255306491
446998476830980315003994935952964659126197916319666444266396051660783229210
47898904657352900428123185960317241774655007353397787147713915529993861177
102885956838063716269586123081477247035858584630279795193412216759241824088
157873009018774532111049060202637252297062161907161803239110517988489786999
212860061199485347952511997323797257558265739184043811284808819217737749910
267847113380196163793974934444957262819469316460925819330507120446985712821
322834165560906979635437871566117268080672893737807827376205421676233675732
377821217741617795476900808687277273341876471014689835421903722905481638643
432808269922328611318363745802705899633154938808420138241263659351765160210
33708697642975915694842427993566272674989568056137914103662741019220193329
88695749823686731536305365114726277936193145333019922149361042248468156240
143682802004397547377768302235886283197396722609901930195059343477716119151
198669854185108363219231239357046288458600299886783938240757644706964082062
253656906365819179060694176478206293719803877163665946286455945936212044973
308643958546529994902157113599366298981007454440547954332154247165460007884
363631010727240810743620050720526304242211031717429962377852548394707970795
418618062907951626585082987841686309503414608994001271747024322809863604490
19518490628598930961561670026815303575324128758878041059611566508446525481
74505542809309746803024607147975308836527706035760049105309867737694488392
129492594990020562644487544269135314097731283312642057151008168966942451303
184479647170731378485950481390295319358934860589524065196706470196190414214
239466699351442194327413418511455324620138437866406073242404771425438377125
294453751532153010168876355632615329881342015143288081288103072654686340036
349440803712863826010339292753775335142545592420170089333801373883934302947
404427855893574641851802229874935340403749169697052097379499675113165422850
5328283614221946228280912060064334475658689461618168015560391997672857633
60315335794932762069743849181224339736862266738500176061258693226920820544
115302387975643577911206786302384344998065844015382184106956994456168783455
170289440156354393752669723423544350259269421292264192152655295685416746366
225276492337065209594132660544704355520472998569146200198353596914664709277
280263544517776025435595597665864360781676575846028208244051898143912672188
335250596698486841277058534787024366042880153122910216289750199373160635099
390237648879197657118521471908184371304083730399792224335448500602408598010
445224701059495483580892027905038815672410168726404055536438766101247498265
46125128780555777336463091214473370637196827441240303017207518716147152696
101112180961266593177926028335633375898400404718122311062905819945395115607
156099233141977409019388965456793381159603981995004319108604121174643078518
211086285322688224860851902577953386420807559271886327154302422403891041429
266073337503399040702314839699113391682011136548768335200000723633139004340
321060389684109856543777776820273396943214713825650343245699024862386967251
376047441864820672385240713941433402204418291102532351291397326091634930162
431034494045531488226703651062571019266520598420495797988555243083449438225
31934921766178792603182333247722401537531388143980429973156344205373484848
86921973946889608444645270368882406798734965420862438018854645434621447759
141909026127600424286108207490042412059938542697744446064552946663869410670
196896078308311240127571144611202417321142119974626454110251247893117373581
251883130489022055969034081732362422582345697251508462155949549122365336492
306870182669732871810497018853522427843549274528390470201647850351613299403
361857234850443687651959955974682433104752851805272478247346151580861262314
416844287031154503493422893095842438365956429082153272626339271064741677065
17744714751801807869901575280971432437865948846720556929105169694599817000
72731766932512623711364512402131437699069526123602564974803470923847779911
127718819113223439552827449523291442960273103400484573020501772153095742822
182705871293934255394290386644451448221476680677366581066200073382343705733
237692923474645071235753323765611453482680257954248589111898374611591668644
292679975655355887077216260886771458743883835231130597157596675840839631555
347667027836066702918679198007931464005087412508012605203294977070087594466
402654080016777518760142135129091469266290989784894613248993278299335491585
3554507737424823136620817314220463338200509549460683885053995183826149152
58541559918135638978083754435380468599404086826342691930752296413074112063
113528612098846454819546691556540473860607664103224699976450597642322074974
168515664279557270661009628677700479121811241380106708022148898871570037885
223502716460268086502472565798860484383014818656988716067847200100818000796
278489768640978902343935502920020489644218395933870724113545501330065963707
333476820821689718185398440041180494905421973210752732159243802559313926618
388463873002400534026861377162340500166625550487634740204942103788561889529
443450925183109736628562234669733686830591326440492255372340764253237942040
44351352903758654244802996468629499499738647529082818886701121902300444215
99338405084469470086265933589789504760942224805964826932399423131548407126
154325457265180285927728870710949510022145802082846834978097724360796370037
209312509445891101769191807832109515283349379359728843023796025590044332948
264299561626601917610654744953269520544552956636610851069494326819292295859
319286613807312733452117682074429525805756533913492859115192628048540258770
374273665988023549293580619195589531066960111190374867160890929277788221681
429260718168734365135043556316749448874260949131479849576321494631108710160
30161145889381669511522238501878530400073208231822945842649947391526776367
85148198070092485352985175623038535661276785508704953888348248620774739278
140135250250803301194448112744198540922480362785586961934046549850022702189
195122302431514117035911049865358546183683940062468969979744851079270665100
250109354612224932877373986986518551444887517339350978025443152308518628011
305096406792935748718836924107678556706091094616232986071141453537766590922
360083458973646564560299861228838561967294671893114994116839754767014553833
415070511154357380401762798349998567228498249169996997421652488880069674760
15970938875004684778241480535127561300407768934563072798598772880753108519
70957991055715500619704417656287566561611346211445080844297074110001071430
125945043236426316461167354777447571822814923488327088889995375339249034341
180932095417137132302630291898607577084018500765209096935693676568496997252
235919147597847948144093229019767582345222078042091104981391977797744960163
290906199778558763985556166140927587606425655318973113027090279026992923074
345893251959269579827019103262087592867629232595855121072788580256240885985
400880304139980395668482040383247598128832809872737129118486881485488848640
1780731860627700044960722568376592200742329637303199754547598369979440671
56767784041338515886423659689536597461945906914185207800245899599227403582
111754836222049331727886596810696602723149484191067215845944200828475366493
166741888402760147569349533931856607984353061467949223891642502057723329404
221728940583470963410812471053016613245556638744831231937340803286971292315
276715992764181779252275408174176618506760216021713239983039104516219255226
331703044944892595093738345295336623767963793298595248028737405745467218137
386690097125603410935201282416496629029167370575477256074435706974715181048
441677149306314220474946398914165357655225487690937293444828150232226534935
42577577026961531153142901722785628362280467616925334756194725088453735734
97564629207672346994605838843945633623484044893807342801893026317701698645
152551681388383162836068775965105638884687622170689350847591327546949661556
207538733569093978677531713086265644145891199447571358893289628776197624467
262525785749804794518994650207425649407094776724453366938987930005445587378
317512837930515610360457587328585654668298354001335374984686231234693550289
372499890111226426201920524449745659929501931278217383030384532463941513200
427486942291937242043383461570905664849088700979569012069714600349924134415
28387370012584546419862143756034659262615028319665461712143550577680067886
83374422193295362261325080877194664523818605596547469757841851806928030797
138361474374006178102788017998354669785022182873429477803540153036175993708
193348526554716993944250955119514675046225760150311485849238454265423956619
248335578735427809785713892240674680307429337427193493894936755494671919530
303322630916138625627176829361834685568632914704075501940635056723919882441
358309683096849441468639766482994690829836491980957509986333357953167845352
413296735277560257310102703604154696091040069257839518013512574935868179975
14197162998207561686581385789283690162949589022405588668092376066906400038
69184215178918377528044322910443695424153166299287596713790677296154362949
124171267359629193369507260031603700685356743576169604759488978525402325860
179158319540340009210970197152763705946560320853051612805187279754650288771
234145371721050825052433134273923711207763898129933620850885580983898251682
289132423901761640893896071395083716468967475406815628896583882213146214593
344119476082472456735359008516243721730171052683697636942282183442394177504
399106528263183272576821945637403726991374629960579644987980484671642140415
6955983830576953300627822532721063284149725145715624041201556132732190
54994008164541392794763564943692726324487727002027723669739502785380695101
109981060345252208636226502064852731585691304278909731715437804014628658012
164968112525963024477689439186012736846894881555791739761136105243876620923
219955164706673840319152376307172742108098458832673747806834406473124583834
274942216887384656160615313428332747369302036109555755852532707702372546745
329929269068095472002078250549492752630505613386437763898231008931620509656
384916321248806287843541187670652757891709190663319771943929310160868472567
439903373429517103660388039555002250353556730986446225416677197882414339350
40803801150164408061482806976941757224822287704767850625688328274607027253
95790853330875223902945744098101762486025864981649858671386629503854990164
150777905511586039744408681219261767747229442258531866717084930733102953075
205764957692296855585871618340421773008433019535413874762783231962350915986
260752009873007671427334555461581778269636596812295882808481533191598878897
315739062053718487268797492582741783530840174089177890854179834420846841808
370726114234429303110260429703901788792043751366059898899878135650094804719
320270990202665973124521174155042619135
16
704
115295540042311128108307153670796302824053758281293292159195738388621054553
155974356356033525805950051320756950683608993030774728480463081536866176083
92692536543106355179589425000781002828598498885521486039994153499104265554
150805107563013037836758633422895592468487280347691321027358652822423630947
156077531542075929647588272207575586722585096695609341428577381993681219150
85501215718597402078193302904114143747557449577988445235931497632132393327
207255408197258056480855201792302649399247392715207790399765104813366536303
200201852830683987543482622219412471305421130002179298351397798852659996981
207511065922553685393741968100624230880923875058706339208092709017345472836
145215878950316526975236793537590157583771879830001095151955583513142310187
188060252664734963474247770608139800601498779602630352184781229556015246127
210705200465444023591594938920199053571019303756057385220554317030043571543
124510290478090289161522484065720218067656901705056262895787553644734071600
207248935309708938457852307786442630369851958890255104146991231868487356997
152441087375082444356122027402883003208622327753218900830525048373287871064
124020212348250209632826584200789650601404724205080390000755614254112459386
177183956077055533835045991026573660912530653081233143204352431883798796657
135013935410307679011269744610833439983287799419025791297379925762838589281
133248142419552805231791445659238419476742750093098810172400683005912626293
173932404940731314487511359976775704522825643289062541562858596784120475473
85500891566504034323708064371165510323264383674681600560938096872486434150
196495453500327742087275138558227706948185002920836021958452326395442442102
99393810097100044896366258644903781672915756859996914300485276468920800838
184437774571622151441863015644740615775289024825538125793464913605726664564
135006582610557693991650410416693252594353603801906187792090139828688072786
124248133010610651611553080832308774799064391321991466254723735241833404209
212714206280733900752018957274195419055388131848588619401041719885239318883
90676475118162682301419240943854545138382002889937441479881357668559449419
185881103023453452101764459678290901510200210996569977768127228474582584135
186286500268873653719759474755426598883127639892090554366092694012367697228
192962184519375532589894235736527386020909490588441604433440750657529663536
138313239543830235674960000682972510498648011991822542324102284080125928046
95957956976135731969819577852689920336950295746932484559603045211959158327
83492185247874341334588057353943718301798203146440392954212349813833680466
157858663594791961293092969954091454747253914450956551055949760827296543564
147010386597477408555333963753071537605980376326947941828937041869393317445
145470541763245534704880233472727504205933707982658923788734828243582413940
175527537270646282728932344261859775202556003824653500843994394326382175086
138148060176614748809365147647416840108557640243712296097688141113449859689
196929615628671199866874363214465137481066522680987484782747370784158008168
196902062678020519910087751575508535222887513842264717235683435995248998249
94453484534514344801484072102267744740735255421355876417976740813107853881
120712849932079808345161248775274670629330513893128030930206548185996356917
76709034147442147123153072885883542276681412173474390012450868333535834923
83864879233902204207569650265074197796903537308451190192733281761651737173
154202062957899476865784079768015630478817883800464225383516409643882662979
85618225262915998360849265612950880284601461264444768990411282161532027986
122507920467267434539513629220803889323380069852203719441760066359398920290
155966995654983173384708408909911163965480320128980563588141797331930667082
216247466731388886388205443493083612293892608282424079856477958244745701721
200181116505153943614050390023835860413440398313425511764996891081077122927
171904665839829658115016542906669496111346964364486206165031741693375964468
207400530035870698258462648836830746447607903603545318653207841944924484399
143448600104730787080324082186626265056726447145654360610041266745610351989
180985960972630856860024763585770765594669705148972649439179036931829414191
208876210714541147941205535785496040264802927006557400004835802363735855446
124399754591407302099900602456866564138296095534518085372393156409255754103
205481628977615073223817394501868755853934825802422995188169171458649706800
145366803581400212883688024282920524449412524822402283731029223096783233367
87406421042424948949394151588255333131231820836938878242494023081640085113
175272064393990371606486371483485864883867710489475094984819800481362168173
133239627917064189766019829976337212521085511839876773334777212083175321419
126173823240940575110256933001010599775638574021497424754626589877761815413
135034135456436019722509884414807617304532953860158140834560199230495078224
85348945201330534678103592538327950128854570846872766795790622209233741154
194728012895060306457169832807708106742339440749079540411187631537547390822
97502729911435647272919597139899361020128013559199825481665733062554375494
145498094716494671124631539474802488042960140147124803593534012259226448755
134854636245803605175499883352372242896662137007574181215011356618041420622
122480691773471196611188465963264219405400817431224969531440573312017258348
205639913956756044273572402055951437582873116427511851879778172452781324387
194892817985687177616699307689718758772697281938520086550008276443412588874
186288198112779851480726215559312948605171225276162597965201258052850693699
184521243419287987932561720356855355861772729626010718196348933356288898103
185887900725693301265627034734655927539779306263429661995026372779526279034
101181817262415093537596243670374772084312404441805311983752672802530875501
93942539097892815355114584230335163925874933300710439116431264872936722483
76302020969977956657267611478293442265725962008262752660919431037464102466
150784352314591962846087256624741884901894013593023174820740888085044097612
118713199532585015700677999993576129936553145548730707573016409557549009476
145360005876152778442000370175063083490523132941660925345041083765211223664
173760258425058942320197172295110355035333579394314488222433586622504592216
131591399460519928226617942568620828031756826369899021962938225920047401321
158031346251624462925155861902150356738386068377841905678154971020828617575
196791526791337495185757805953193132976035661632742478594330443584470544997
92686205688928605053403589760650632926340131010983534723312615599813589619
83602158138743168127447498480958679091769580837316803377848465158978169909
207428082989120305845855279319678383404919794470185592512099718664251472441
83857734742687739849560316659079264151176129586773455875484381313736472657
152434784112313737117991321792238127377328834254484941669444044078388956025
211057463321821544100192939285680228211025016641489370841424923779832103761
85376498185852292401575186380515247058349744725117218910661430564767558753
154057125967916409130580453469275533272034973328323141849714481790120577094
214473151339723528768666834978500507074828159766049406022498802702037313865
193106797357394923915852942541823185461606235040066985081094049425595459183
133006396355413748840271753700254086342434880445442896174568225213656490291
207248583670697669763286861822916808606911447785463660837862926329480635191
141681159499463443767750142217786324821389549917420113395024553221414401381
173911668648652993621261474732211124343055685334236749850648609412370282543
180599270646111747114656187252105420493388232534278758046691589301622820181
124247646466973210379911417003077743326841685828743033332549676325870987635
203714188372349368234796009004780833393975734613382016829355851260440498539
138292511254954099569259660003116645091596090899389001270717473440324409943
191622763909959085892939772275766260012426358973611815648538853225746612856
175679159483316639166311684244211896968376754548258620942124983757826438249
131474371067478486684010601834504536376722758467530813049300426309922811446
119099539447258343784942501769919506794276470815768074562102103507528528500
97902713175020877585150218145292768087463877243250564813856412839764112207
215950583376644197168293530417473460384407380748676314890772490435834498904
192953293104195035734560343925627864959281193717648366588053635569305464656
90407255073111577201940624145225928066052170779751343241783632793413702726
117200907651602240607365163395223020032511960684388598012669528379395108722
134744100358831369265911383493936713960453436887346770143699166648073278794
120713412927883856202453293996514799246153760975595452141898288421356001110
198565622264651931406767590287484648597034968244578364279238775742517573475
155996570604640476972965406403535504502317633028061886369244073158750725449
186136251748025762664547627663561718992895129751540935546823943991275188267
182753964573702248037649009006025267805918480681441652993534542028391674994
178813609033589194651402905347537311633444389721199169202795166235241369210
203513983379743663402577054376376874160362873065841948947179433715678532716
94453160382430620662625139724217175024032114481556967251195518194541080442
101037851968706530770035302529295883777757113878108614424945164338186110328
143710060622487856231864251160927329967093886405731717411246368101883408715
214612938054285369286220376258977828806574867993205711787563666464921962051
143448114193087616213440750631975287465847874337257624744219873517845825132
171985950931815453442746187468427453587109824611498801210646248719876776776
124517080281907698105083429876139063713684920280379457560787820038538217577
129734159155999379981127018111037048473615723827545445603350276324929975910
196639580426163995540153334120355572781625848804933715664680195473221640801
90918765083661263581261011841884613090822426583568534289349818321898142307
97730030592105917204299136533898746201845167257523965014637655732115237685
179130895998275618044246100210707469803040934855274377074386322461071668792
83747277945545437502581608266370707042694040936491117430335380481462593613
150667342875174282117626816535816346280206606569696138914291799283020614505
203983170997843687621746384495610554450605865854029703687224384442637369937
189592841053376787716855253126379455588429824195766966805225603668936583258
154464221057242714353016178550086122830164639492919520511456844407870993218
212707894490137825171739105105729174621830789322528410212647919872918382644
186032513563712692444855653991422477507107382447203782841242480925998212462
95874974073998606702907996687656347928099272895407517779824946211627751218
205336691987632507534729503125808597711329787808053246660910445962599222579
140424475083807378432269149161883818454997819184223414546648969942881940815
156236265501686082861668306408836313240315775088014032246685930227693139759
141700918522400088465108880622500770047706728042157920334266713419008854356
124137110580000974323203345221516886029925872627716720029499424435715396463
201946909526762498608690881426465901093241185481661759546736931817077690709
131218219562849986702454848234649856105789096497606722635928149084799785303
152724494532912348951221270963451479269745782976008614633923909778909510007
175527221016984425491922098692312743631383084044702143597668873588745727845
129706930462212781694989106724793839620222321072512140722357033725577162352
76688306459586550578478858973375282382948676630813496656235060960381055348
202119056045023271364102957683706528427901306391168995480561525565465066062
216350318400540011894328611709293781095641952891738958003910876220651481940
191188440653809377206959509532282923049305886309760429380458452232550361903
215950021012215648094982745491141120976959899144911874665933398605895652165
212583015197712712738401419820247594281982028118846664495730425280512355185
133351861647653376942521610900480520830836975343769881670790635669075084614
118939097536218498582914685481931694027104889349796382790804724367534610246
191491303116892911710006857375033744449942908614955514669362556648664954467
127699383508894873675720402201443801357210422294889797240852473915094163784
186025715860933477184297514992502682632485870593141339999656738152619334198
180986523968434904725075069037185327570581583453207406055218989545414489186
171739316709611331780444158399570457805151963100777103524863574253204032890
175299617345060462367825746075634475044271863475285979842377442270672932971
94342624495747633600900103868322757392774775186186220315891950240622409334
99270573432064309321909119448893947460724621822442830082272194852392420712
136635768296041742917435887309297758321373317116335535317997629840481022027
186315751063440681511018684392442422890208488335432294132796871387454128706
143855209282413883773266063392701319530418499647689850321933014819033985384
159619611693559444015438244514323940341778881341824923107942436414804025907
117442796488225466632074740928351876632980463714581977838419165222316492648
92602736874584237843194187437035756875791300850216575599047125908333408869
194727688743098833311595959443782194350117366441065771009704123338327346263
89144449691995905961722412158731115626184076827406155900849491494172392013
90657733409493723380749223901802452973041513971844939577274763804762991157
140191216029608323298258894380600079598966211349611452505070506817068888631
83595331257562188835981814099848813876890597559568770408021220810046132809
148900064029587412490947003129676705665563045277504010919830153035282074451
196908879305739576593936221338036087682996185933981445599727729483391254865
150694571676330050775136751814064674845749369892621387700633121442235180121
154312274692488625536837590654334893217888543492928883007493504785031785785
210940453915725330632490223286424150038280673900248273764899531991277791343
178958221239734835966409098773178496034592367026127015319978933493545133166
198186434952286804876526503126071620969486589718158438530933312751649903409
205743787076968454385428537264630526462659621515662303030702262809183991930
138659189483966087128959426197437073066948595334781634038188060561061262379
149161983287688226564711675646515635497669998455949494159482336737613461035
83885366814163030865786008884491940247707992759188903042129293799057409363
122742849872824584025381908097434219757260381181756952893577274862942765931
200174624029518575246594342626529794323001137281881543368018026666648359237
124143900384237756580920335542168091787717251255315969188789015045044066391
124427307437287266007198039338625521672181462268070497047689631577392231798
175416685129891669229042235394648322915972509002775690124511093904200194401
127939651616625443125248582221429596743611988507049023344129305626477293146
96116720107284452644080389528544105040506714741647515168469934047713243252
173821869054178583563930515066554336651894796749673068456561406063603316301
216240106033217030640286614411244006099094722385525848749595243441569428816
189421161808223637459166348610227916964606303431262268442120816468937747318
208875729321318352099117812585511626849911555385316954363358407513671291461
184285828206858383334934174012065470014501189795050057329482973175996835696
133241325760970389880899729291626866901476169173231704258076702875803725890
117173840686632794985986955609160361574029634458039639713846060124449756721
184375608845129936854848245719897603538018399030305875250537445076677784930
90567961227479731537779714494640218825299258677041652715133241130073282375
184113824177868314955737917371939446571354385044010530143080822770011884082
179212208576769547105536469291612044295256019547097927938288883062344938572
154063915142328795681409860737128954297405880578285904653067432838607031418
136401355759066428234869959213071141550642203473375179070587407045644078186
94190516370870026980798591345548900399790108297492224516793060335763023474
97503132825535990427221916502188052799718218224876108206094673964883330386
129561476603937631889623479285208351286912430117535433985532839229655314251
147417481686393944576483755926263940281192867291980988545967251150581938497
143703262917659794957087475496950089918142404123068187903555700435335933028
157852171088293739026416749404613243585278443944949340722070973418109690477
101534268840476208859031122477058949738253616004333125432325692270520256104
196819079742118374786739808124546683756985838986889513005091956052439955812
195127342887154646585711656734557254010435285647404641793888140395124307795
87379192842410240174524657760092970269541475093450884819172384577436743992
216096979361884630737009792849219797497620803369352003648797628669266258228
76557087782688058307100197514939697881744580997120167910789544533463952950
76302100999588350511401269129150542822174416912367196851737384209485218373
147127770633921620386762840640167839234607961804667611621333850937220811587
189834568056402430199969841730377163202615000158198578297793183954976911185
122397384580584447477891747611972971700642159397133786115034534979210467928
154201738805396340056587499905800416821023057865163499735672277135807108917
209173175070137990223755051319674729879033617444615129597898403213092415577
171883929547630723106787859846365555397545672327040699185233806625487545198
159391691767973669555637714088458541834788030073265266837071393796209659696
205633251190285467323709113660657275713534596087375209565764762342379844470
136891911902127847403852527144748647617540848818741120122041783919225353333
142087691595584119950488668608692184066841705122827884885830530542741370155
209303874461510750703716284043076539660025566844546931411331400531879412050
122632313986141559301149614168496008334340534157054622396834120753159502183
198407345183932835498801584650752291221512087735902259654378006665382023216
117069616590555525107911646594380904707012490453392568578658220457674037078
87295723396192120965420828496246357289367095318117461273156115758169141621
173504793446826507000482607082550702905879747123017851851835896949841086807
126165336224960085505709973792481353086920709744747112160005449755721363018
89042400928672222522545876870316285339402538670136799187089251014093273716
134882189091681930906461117324966217180613017883555970132293115957764911692
216088159698896741444454755868812118077635231526143384684080438616471659852
187653720571082449978723279576192913069899973179352688562908980228954270566
201801436997335563535102250696029382885582063533761483523543164267533979973
145387558829811646400399236776877163420068181223947377354977696159235662703
133089379396216301064749202227305857203784701903530722595628149671753443897
115406400081367089996965460499449664817529197063020967386902667538845816428
177301316521152080376401690501653622065503383609221854174356209869176468578
192982948298502002115435017903154129747610797946959392706475098176327275334
184520919267194620178173642452750036129484051208606908804823185387762300281
177446922660991380796555186233411215856226652522122070194167995677680431927
146989631348646564356095429506037599978796559827760166042918206834543053689
99787564453221884295481104544920701720314179488196192919063063009376028777
92175098492627110366093580185174496017879727407052186478225044125550071918
95707796580062395791683226247653344162583249247347358101268834026869769538
122487165323747275070883319897512033214106576235217190968286663244414283339
119120294621622072075049564744034826354201635935034433390623370111429653551
143592727030567038694207612199285669202731829082070189459861955956964742746
156084892242706400456676224986883862271025704244840263235543815546312286807
94459977148372095992226310708592160752446621602550832630436919306059990376
157920810365071637845049367643644613359417729604457590004015271472173970787
194975800921590923400864434902379077920065369398791777841958992274204619343
85611913996824500426731518760897031242975221565996019402203366264945670515
209022687674717037794750404021823559272399118772021244558826257470963607604
207276136624366217029802403948674170195826716345083464525563201061169097269
76792017045085802542018184266488763913628782436138126650054579938910304321
145360491788335880491850510741265005830409697255351749184709341790186850937
182760276364298323585746836266562608267814872970907120888300352821676485456
85265962299169305339951059905169389168730994590863274710847481335708538455
152289846490457427816684760175204454694325205347389626731556399388345648945
207398859678472632604216442770837680035041708696646706584024159523696830537
154208527980348187007753562149760791162486883050619267763454760800566207086
131094504672228066258392709886500643160840849535476024772823426282427665274
205481143065431964774265873825729197121849901638679439650435589334153913202
135124471296981024444598011446574354539129538785696038413664260511584695397
135013399269137999868559997867306310769568072932778887256940934502258455595
181006687470666043662555338242559053391300162416991889523417673017267271761
122480367621387470484999087069921054011706030217323752553183709514812778851
196639904578667130509780199153664368761552996545004371236637460803136082026
101161088942685746981548603872422330655360055547937706266786642018752943702
191512066263726257908966449183757284170561633454790370345002048684404406388
173904851990072687744926573111490210370420026573290968023677076078928016467
124400079375374382055901815842835350936554669856326947806031274658404330805
214481646879829001460815541286117402977063936883364433269410319089522932083
97750766810266788769097360312368477745428788389986230845293490316541521483
214178290011829901865108220654521736906220528785575660311304440446287368008
185879000780217179256113790625604782036955651857123788206199217714340506448
194727035706013144987723987684250932616658319473690536010959763525105635397
117090371764919253545743273017382278424356541007209668388245879063611398510
132978843509244535937790474918000274727507392406042650114552587636444255284
83602721134547215985314231020070629889214914360505927709293077226210022998
159625942440377661539280666570717681511469744876012113509208401145813562210
154084678921455265173716516590839349004930343643813813546542383728497217349
184368972902440531361995164169621512416993550781331784105600229588620636277
175679483635410013173281079272386351340046161139900307236234166241540469618
139915339656542457741872422553850316778664099812416069642396746801589406329
204003907323243561330964956351145877598568457198399388170542628216897225832
92685719777164915673604135679056271300356610748255168105626503721361420138
93942863249836735884094526071665653072894258965798969337671904371395216504
115412873631643168456085628605872769957811491176818950048157173950388202826
214502402167732544206085821169059400603671703369492499873684273609616666667
141680835347501876465647983887188049192639067197670076316567744077377193558
154310576848572786001155807409068303278140806861567090085999881697568645703
87385657969759865870691798015976591963183592621501605145552548236477809768
129582212791245291165079754906380554745884788858836665457578247853738455394
194865265034498167137984571604715179878370263224816038615145523651103908427
216358002618062231821561771160267813607210261597101604451970470578536151395
201948395350739645699232626066905891876751639004702186375916482964982032180
178978949633511887599899610066703935375019498869331182298629651855954044468
76681481158402815405138649321955492482891573825092989767679916940806350648
143593051183070175502829125244043278899259422327461556516260976169994439273
175685984040320467107300281476492934507395722183440200179182129009231608144
187680949370191105134976209312626012406835793285799741225994892657403449942
152696941579783733039120485256015044252454871511986005282618297563838755448
205633575342378803668166129512395306470247585266373716985948807928377206580
147134244186665955535319559029798312403277080119802650663960624373921833325
94480713366378701504871078247523577444235802537858447097903762727452297081
203569251382366802545708499149155818686353729345344563898224140845200264558
133350163803737535272907891542650614221851216206240076782211498067439793231
127939078510841395086466614548121401819410698590111454782436112187265266475
142108417665497360214272096886325086471732533310493620306021307679679525968
122369831734415234575410587211485527117191531622727120877532413354282996569
194872625733080262722669719124369475314177554407904189495386653187643035732
92202620497907810200774103753553913721033908396752912102437948550131111254
152572386408598777584551400167682858304567793822225152716853478628141134963
173752905625318598928747985215738980758143931048669305605083588913116180303
122632638770108677066880321161298961624975269942157285392053328786021313904
207407354562021786925203936802829225536737671251400153675369465263117531251
201967109680269182548050104235293688604249820883712811497903719239552363082
214585385101165924041028079450639803999494959557881141542755532497879247684
184114148329831520728512956232259839205825343285799743395059648464594024751
187652753176078413685376779321216806635029286267900761784865538213468458820
212472479311029725676777284575891912406945768762483723998218358115858077037
131584582802068145639969037793917608454841900960082882978630438089441428528
76527864548546705377025729969004824497740553921892513934840659405884905030
152551623261755789789480599936582665420843852658106226844106570349046428258
125787491825709661876471512388747123186107542586846686671733854933324745540
184258275255667772195276532869866574688034437731544202369090709965111122545
173912204789822672764545907305636933222493305734532595546757819928438862690
133358678306105630311800288224313684833964457350035100001510974747643890041
175706720332398875369759080019122784207064466880548394769569937689551318887
92575183890481890949268577890454825070587832554990510753177544544778548838
92175584404250996136007792887545651465540457847786455313603522142766253159
99504345983773390329722586312087980944539330343501308359951591710550748234
186205215176887856430884129302523994687305323711719053884718581327167387449
142080893890748055371097300877060926627162914067572171888892538652852564306
152545319998987082551347649459422301127774766973146925731593361036024045874
212824903927087286751824474032558016065197472255021047306569106686084596583
92450790509830149027141312066091912480854463731750164926479618656176860513
192955395347431308727332830230382507199587290863105975994231262514049666119
214583687226396874202023171414694530331869120777205146135441788406583556429
194874076202980626001322521533059515702827334969623710693307195806514112052
140080680142925336236637012771769161976228300894541520561850780965348467251
76529534791976375235418792910407703549612012773895730903549462388706398516
141825772337483305876723997665728346606500241170450794465656357093074750035
158010609959546050109173906156449316171592072893835963013039306029057390672
148775319927704236068593763905192475304981436042226808545115069145104010837
152544833455349641319103238970796003526415833075921297401258342212056477044
203866134737113098679144634402684609713747147871355044659004570917843134319
140059951862688099056873003813226886819218787501385449587669598217687358061
198697056233936942518505897961342925434931077978395105159914306518457467768
203976346471702749396407533305104745291270999003523183353898399551930775658
131584906954151869779949280990330031905606835554568776110150247694473704235
120864796296843538789509983785800724073166660234752244399906173439712965177
83774830611678119793873485579140673394809826302638078382437622469399490639
120975571027238844277589141318393036859108536896770541199137262149288215381
193100332337414470618485556634860608883222470935067790196890351089682436164
85107596080255208387877286793351513855413526088787102622395068987849987158
124275199312853136624695983645506572144724044080739054517122225380909346930
173642369738225842665868121918074558001039154482040527765728868097510037835
120865359292647586646802029007041375383644039509930933692773482273699360090
200333062869917674058399125034362436558906044822470460219096023480161498995
173671944685414889417568624948682239882476095555334232505298309971784721993
214474849214482936986492118996217838790934397095702036099782982925506802735
182346869484245780833600222958905196290662825099106684369155038516517878134
180578461483974307071152625516744663815440624894781049569472596290217397828
182373936523672700753055121429302200805795448137343054672306499638259175788
131474046915385158578347156185063954525481094789544705455236040853963111031
101265286184128641377541306373897374646803937254986734409372539952792032561
145477339468073558317046596816620186661634049727289609744610745072541790561
89173700519884401193039189388835605541628872469777123872121595637623506755
182346383572602609966716913326778778663359179127140901768269499743515527789
172137897296579183519296001440150527704014325851869046656523267394579624780
126284359127493400190265775566085865132860220431204903628725609777739221113
136808450848103486448231573656943239451930429336647752395259408733150918502
92423237525284287233005833369771486111998804437901488637018252080362120802
90408143798978758524511527197695124399192350665554597063043906353379492945
92430054291669279301912423154513514176960804204604259238204992612111051594
147265535321760376113652653132585866954976444975417920254612999496463446840
141928918775738341038806744449688139372858795484589465120607851842257644622
150777878761847627550983034590377745734111193082380429008310192509138526573
205750611603109430273377918814314034592682456833944279785305555955091718759
196667133377364285970686932753609372783488285941870991263950122711518636378
193362490436757708106292341244889614027675944282795572314785991200733280067
212818430376811208414825417016123287310592094964931787409568909778364102712
187799792409298394677157461957617839364844569770200643842570531742074234163
76446551896005071245478315906108780258992614832193616153916200145581529138
101037528124444774441692775845389873657615058005904960606612950436450418992
140053478941817513772539835141965535550602120575426907618166019832387619395
150936298679355693290433746768752998098786219011517719995793130043816752976
120478051952118631319429375702054988427266614073826413771887952426131933780
152434297568256884909103803750006252408603943428493617330165642004059477872
202098855891525758270409462435935189546524723441016032037447985338364553049
132985660168115729354086382981527644059653651795007089568857861512078121325
159798786856890205576787396649028144692281777456393481466175401958055160695
203865818483441599813866590026641419319701570388959204529708534671978558310
129817628108566130032184202394062027588183411960575270021392029971414004596
83754104503506898571796233405850393666902144813697476517532503329958277433
209193338259021125527825795031089168710672164772318275533230284081787795278
120857998594475730898980851618601670798166543456828585459582918952110094673
191333053491828730870692798659083105781733421389088506482817985524188729210
210650368232784487725793423316430340003184661608100947947757749438012347221
87143777031437994486757540805217929879693718953652553986023589586277985393
171732500051159078411740166905613235119412925780020105827921276508343585095
119091043900982229027263420492458270164595167884131864341679918219978632522
193258743722158654360201677586603706224039550719801329898757119954155632243
134773675200998980142823835742266830113564011398606434972041780711433396808
214322902849309908123517402174490574944234654761546174215508332421770863671
180579428878978343364500274112378358482028352811148686418392185079036131686
173504169159996425074649528225922011130777767013597980540694922985869626692
143475667146625963818520192963123718196779948788349370995499340557093260651
131321938790951066858357970731275133714026685106981029151993440924936923763
99497845466557250351347498887110031180764327894896339252937321693645526380
138403047141627445002618232536816307303817615804276327284298995390313164897
193390043387418538136584810076346532422823410606450061278166425768845132610
182753478661928915189152638407589393742666342495149186246150243899981706601
159771558058323174459786979524850516479269159876160376435299190894463644215
119210075333811168864951344334994772151498421461623234988716244040427259768
99677028566688344310872306377375381571358022325699507919819988412004184933
90407819647041370618300822209397081730088368642344823177303151422742286424
88737031083155328879327737442791979985349253664116514158449891902273373249
85355743011478922483172263766683391632963766583527471347720558677016013386
118968348256867983258996689373090981959264804758680211287881182400839184183
141818382572708709770255321058269633564742721961275401078524933417574159946
149010599916260287141673176795803617252979756491569545674910880447658418519
198676319911005317406573107045847245606844308651010792184766175737501401447
157768864000307907400702877499641340268254088899254333716451302936574715225
193210544072003619290113753349138384415399970452631503472232323604794208555
211051151562078678969685318955698871427688167987530527909165311917384169587
180725500717194288062934564616379493409669698934284130876924895148923053107
205281423985009406054208589122920150936249468540750304909752930691076543537
101527444169942208057841027054186547467442645265552148876733234270873810807
138286172609723648531321349009582807011099082016676515395436779477981022585
143862006987251586676210741304938443163986091824226262586298610060656064079
216378194903872202614341175650465864946590475503232157218756885266441848403
150522405885191722680544184206918456383928684824090316729344431756694079340
200324548398282269392958477610924843988190887088273145806131818232426751817
125911340989503499232551870289045879741581806552716336121718727472322795629
131501599761265122632758552858048640898671462863795026845915878895474783862
203713872118268100168262118193803859125291757560221986570594251354555310946
128050187503298788558604909905734236947954757195206854727784975916591166308
97881976956869647280848941736611996333332037581327592253010185544059072569
180896151268176437652944194795410196470382958133710000839890922074760770381
120706052229721642082830324554280661100475076662496578882720390986949290317
189565612254689275870328293402661324684611193704390373164136837916923350890
203576075908367937161264163752963402879460508796535619009191499561517077077
191360119898962489802037607551082138409773798424302301880587762690346346608
172139595140485383634175891986423824677542591944616484489663639126043669571
117325787051396525577455262542812268113921227594162527744800033675547208757
186143049450395679506479780466775391491882954327706242073219038600156575090
97642252919583838005460078729669091699228405036993508458363013899377006663
212411011166244745894960045035936844483561184899784038677404540984848764467
178804709088113072641890785161790227449084031274446674235818566765799684432
155829170728166396506765054039762735564636353447179923448132790603993795652
115178480081733570963864229203628310527352718010132136462856436516352379242
131211402903978830948769470872839606819512186512384397476342144764407141487
97730566619735781524621422388744384126623890585820274732151329092256486742
131328755449523332135811175901834578051128260542590996438791479522402529121
154491774010371801194866308764031751680142834608846860263551482386432535361
182601532297174788710363638191753581115653708912951464927605326635235831909
158004117453057469470765484415139819722768722956510679083261359429124387441
76798842346259896011807125809116194897096214471852906323874243655259932280
203893371436690738089825050728468361716292170402158227570222701020326754916
90911080866139043801147424839150251146796403227143872742755638651435626324
86972097752929668899807519048333423476591408779973892029508443059708969847
210794981070384468222487876607975986223357689517326298654734562873657616713
214350455802978455390032945798115556208734872193138277770942079301956430646
140426145441335612828542772776075195035318846898108398305742658985189000774
147236284524594929522134568281220512033930884865770476323817316393837027655
191602000763246297709812374133402874881197131515255414452938672154573352807
129471676904562304103457873297549637123146878403766732130852716473550004568
193100008184911333809863640678079870728706180161254165758871934842831003958
209283710956811335657111378986858931192351270759292654193390915546882865251
173651208393216425191970205502125288914171370164104434672197817788850922291
177067057950326205018020566252950492193425467959363956719398941166543458352
101416908283259220995829770803265926482129015552120085303712377388033861491
136518732004457943542299963512494884551139990827635537036624304026824493417
136787714660805473361782377453308871518265522534830434670536087022644704591
188081007913025801190365723218409375970211185681302076822644911632179872338
150929500974517990240369496967644488448499310134522542307057573057881846376
198559291548696565943150319661278841837824847199852981452157643135109522996
118837057195821267760117867169083400982761425885956167568150740618150631276
94370015720169977590986954181823022711871814324750407288543640538040709749
201801980435202937939704743517230480693783275200996317118278587470403095896
126275872111633430939066310228668842922515267556683727427717651779998069582
90807656198573042498755558417427087383174663237822374185435582542352513593
141956472880427646353018351051776304451998072505702563225697764816706432844
120595516342749406173241824695845132164266376542269167810327254643040146249
187798333409102406244223165824346392391852012547379611113532218840003661652
196501784216259003480326575013669988007345337125794564799670754472747422037
152461850521915752860319097469757533681675834899047726478297162528049685615
171987648775731294817997304090672595065266495944625846985700299503456120363
115558346446130820441314195509976240955019475597356448937777861391189175408
179068757126417823028033225248531410019367938908486384610451216015824614514
199953713797872506961708739169141652424822462434725617683069134510344393798
212818106255580692745659079193558301437252333915707705551038926580975024506
177039827887471788598177982202569782251290563137667926565062009342744148015
148754888198231665204136863183687707764964082528098765497955188264282049347
211078218603433924549406495856407209579655574702875711870591194840046978409
129817142196802440650948033748756940546846695066424630340419995191634510955
95958281128662971035109560246274143585290844676979159669448542131462362438
124254436270911102014276663209352813733056415300300242991652345482646810209
126194586914746718250843077139205819603756032973150412489340831979879806255
182490996410082032447483774894089160400243133871953466483911582156864641633
156236838607470130901024959911775578887852591441309367399696939209230348897
96227255993957798077408656364285017554654252582686910669009668133656479096
175596184445846050289652586188791609976741887705389809801977286653707056739
90800868498816062547099815374814432167332246974872832320137068379855418960
85204818907343929152013240077860346285040043517030179073054724136217756519
203720688746406611744041321817906312462938538729866631500534026836256057417
186053268812124125986565699989933431941254033869341671988200432725657282357
140315609554652619072980368665012474375254865297241483929195346588180164930
145471027675009225925206838408449179580855629974013733246858652150752172594
184527716969564066237378371013440396121987328584438797353444535727928978278
92340254623147161965519430457260994858118074457399202101886611297755879255
191188115869972421569960922870007945891836510137272903755604343335454657330
207509395565145978037572779241285647917025706853201309963971201283542775885
155975806825933889092935907839707567060484658188947764124965867791016157747
138168788459739653654757968958015718794634269984571022382647141445130407034
101264800164557077279814435476142356591432199592635681250531935367494586735
134751453158871073916194835934179952250405441695915279754001162136688478547
129713422968701362333972214295734404750686996395933385548789487924205007951
149182738535979045417342015746052303720162340060699627500963634793239230801
150777554609763901424190909037639314211280177464502016621892375400997875044
196791850943430860954128824551568145081324409802977399066286180138416170606
76425823576275724689430676108156340871812352392203788827892261426641983084
198586358587704114534532574869333949593066352461430598249504469607335229812
202201634579258753052815089847072170384117626987706208169937595754039687252
124510615262047765151868555830104133222913139710651560293321179897440318009
216246903730648324883373927833614847142872139181082028228980730031694707000
83622885826608405932618642156728450352348634100529476834441878914910481227
119203277631571413849852051674214631222861950679349578443642112341449458501
186026040013436614140039003334837525960896929074543211815035916741942398788
189427472966945962996018729299204289566920819327710678361470646906011340885
124164663426170149563074093267665830536568624403560124892698576065024973422
171877112888639009337747213342138118768093110000736407736582289150305523765
83754667499310946429662966030597206026705192894841409260168271078553381978
171994465434313710168411986321718469390296612182252653654200867694170174322
171760053002229677618319735135986084385088806171086159682596620541531213893
212707570368897705683939655503950189125769715623923453919131717931105416310
175272550305633548873071061227356801942574547380431873855289549351328168054
141680596506127558589913851778487623243874649420037915786732616119566682691
182781031612589236774204803989871803663289195045102294215824399775468962152
129706606310119415926715739819818729123926848041722299849081160634695842407
94191002283077231261168597104472386316884985851975154327043547991118926897
117180152477228870541267974261565626652351654498376842381521550895276780890
89063164633331576112904634298917177338725707846063911958242202782318211371
180579104727016870218924155351001364375567881209662349361614327107229076055
154462523213336516445504542419594879415631085395902571636875068978612040267
89152936815345567955874143706057197853550076511176265523127072569644827768
136656504483349397632183188447203583402546278255473236978976825420590379618
90648922133618458830837070854131093208743218857783797420384131662193649228
215950907528605689292286570229214740011388317448484246020720846930228888401
196646397054302500716231158660331845695328858809818373413037355383077234505
147154999435077389052030771523754949332238534520347988311393273644491367220
140163663189898530183241994807698579561778111994036005611532529100528053049
143703587069743520936185343298604678353164008840145846610279369396112349805
177453424645586209758931815795196414649472313163354776277263300520427665766
194651715498967103303730813660268522447553745657850131443485636288385995606
191595210959298726792396647950818535449966176301869310751545596574006589049
205744109649367811735775069030893673501551091517992526517770138083358111544
148901523032251657767621476608616499599910651789546725139610706767554437426
101554997160065751805323636947946413398818426415586382285701009450365634681
99270087525349711542338951612528157395527960076989854923694485861898076523
132979167661627150554098297132571289590275596760512631149915942098280270147
122639111688511005515232054908038086677881142513615142531543311938963977039
120885551471207267079617428211843475832389689438040958989618716402374751568
150667018722671145161311045739974893495869602423504018178198630922626684762
195024572097843522384388300133838763767461092367258461986097706709181556312
93970061103173552852405638500431701674898463694153279035367660977409447276
159688089210657377592842134388431879195529396860142630659281280255766132083
202091503091775773250692476550067656446462417392926366537123249996349010768
122743336416462025404075416830573683018368926836073659102262436162359145076
209172612043480731941114538920583747375231281657027849065596756554682759224
209041393473951411666570956071174102145939485180620060166891456034246190922
119092741744888426788230170065360977293501144508811401030928179548228450625
184258761167850874245126673435934692556698664525227349378432518218161737338
182353181274841856381693582408959952389281173354173030633115452592480145236
87033241144755007425133405560862248004657459597289613488511522421523043949
159364138816903541131687808794592811648452948015079393387031441720954210353
76679810913310435821374465013785345260173869601626858751422872620845263946
154319063867021532441112134683460453374708407955506593777036282750655623794
132861783517813768343574945929570674616176722252043204146320180224171658308
212555462244044203134496415669022110896964264024509717306541872379413554290
173505109700366111403971112380829964133940075092473875854590783240982181990
135123935155690825022128604471419677281058261777580182403260512106560309571
143882762235542499839669875523693321054273574001650988628994779474167347303
129554659945365327110565212755497719426235381247390293272218632669535038051
92423561677811526271859759080849335399442358387508888969243571409015166059
101271624829359092414904931539606529926983629031442100326252957260382891098
193279507500865713056450254986428104219920245982736821030088135708553476153
180978758871063041864776543566638112530214114300289110804354948298598724947
152697266363750812995696384469948877265265045507482407393581358297782513974
214592182766502346894171868953295068827240985473192052239424389958295110519
99525082201934255494819431434605845087901249208587578549886551595697466977
88739052446575723322154420493973841468713329321966832211883829632796479560
214176268617580401190291259119629578529951832616000635553510031941805032257
189572085804965354322264779052666387793502791015536980984441222687131723337
118857812370184996197374807764260064336526894303610279344661456548867103027
140053127302926765424110258137643076327841500077541245187660088013063738677
141936308224156180527450171331855258193916952384516329220737084505451092567
159778050564811790921810791864260474095440195610865309598077752283168520294
155849612251682092694159889590769140727486155048859754560933250639443545941
191443264594544637976218169667690011737475797569051779628146287240602022261
203976832383466447016339730071959331103154641958637298803270350843949512563
141827231340147551153398469656427909715489215370502929380596708744668797490
205771340030087428840807488753837078099172629231544564177518806680235623544
99760003570847145158487202838756460722846674339021458764836867022520481639
131211888816041410806305539156793786488786547214533347436275922097014130809
115564819996406898900434363616398823421586057455216901611413905108309979726
216267659017317739210653285646921058744973665002240251291746563794388988239
148755127039605982932751417427877273485776840539103905034904419043039135574
193208846228097421382125083084081996395697514087626370315673167510118032968
86875036685520951039508821540363106280469265125036683864956449459513545836
131349491636830993250262109331083237567228763087372000532940406875148611954
201939556726602273605088004717230096252052604565117604992059670151359325004
120975895179320932080158356674225576696960171643887830235497900876880228964
202098319719502868695167677242430327851731367662150537303420102194393741112
180746228479097118902739034936994171728782491316381806315916568907263468361
118940795380134337972079643001039967595809677239110419368479626343926491192
182491320562585169256105287938846770096739573336186371019620042767005208170
175278888950863999903245904757458500783324977503137483451575121628785823316
189448228215776807220158554968318869201068056766595299223411289152608686700
159771233906229846354123533875403401206582614179675771938093339896447316856
101417230969207996793532240915653535529237731005895784952011064990470728501
147244780073339300968678131563497974615498605024689976677974491888138154353
96247992211964403590053423903216408717290540530788080192626986393076058179
210643570560979040905939040992448732465845197982919701245181632295992446574
171730802207122716388807023277117681353503099439598971876123472734887229520
128049614713331095172146995284426186180711464921200817467386545055341299779
115585575170770627338235684341464181606104823574319673609874876610141893734
129444124058393091200976712897062192531720882652793661596567336509005255769
90656282832224658486186103233739012574107309600334462353216213484724638805
94197333137254979548100119771139740941176634629659821691463632904858266458
154339827645738232732035205970353678353926412292283791972197230732314047544
180827188155253334792082907144491630570370100274472742144657478042157543503
150929825758485108006674889788412487953685646068681719954508973544406282609
207517891080568882369903384657515057488937313754598345048678200359220691575
203741425071936649273772175357531050842486777888237207251877669042185136730
89146147535911745498074279290090601877699087926716668859898742903225659204
212411335287354741210771040725239114323996687446711077547892888166921093751
182497794112861247708041773588851832858702663828245523574948391553831298376
214239919916295468328408819322769698319116122058884334954633935923236328754
138658866595750375126288819455005929620266297335213279715093668715646174513
140161992832490822907911562783018208349925043636529772320649485289003833927
152703569626519557896437511169688187659584308545708020907503731621751699302
127552344276096487944995501387632176523486923641939239531103132623769848660
191332566947771878662379966444809743606115248218376894354215268203958985073
202209391778199103703765790103119390867817744730403051870363340033887401827
134752939013701431439268728637220500861861276833030977654099484973539416370
177474153039242741039170248813520095050919215342492171348502104903458828151
99649475582585995577378484396826070369654654831739278085731496369680705379
129444448210775705817284153659705864028827456023635459018535376234767206504
99656292348537120774071321322614557082029487183379139666605338064445321550
187970472026473051435451589394208184946398156262187240355622972655880140878
149155185582852161838200734417750150912325319434296505369806371256832438866
191443589378511717932316925134435994245331474199206205961266646848573433139
212417808831879588287470435405226993522459152511816055384561537377733399403
94218069355415851112323666490794595302198437960285500001843466527446887793
200029687039535415194436263771071731385057596520893333205993949911663988040
119201579787655574460619756928652293421636128895287250277136606237761745486
195024000571743849365056502516397277683810350138504018877267789457558828600
141847958989744695957179999259763271055967115909897957342960474795032009032
118830259493162572845120915691734385019840268057753656419186189223363891764
180724041716998299630000160360531837803980392179175608969015423690085518932
157603514870089582905125142031876540926513673500056393766390202748967865684
150549958838730070278440053656004088458387602463449720118818806925907283563
159619125781795754634106287590184360480543575766822439793335953548883881588
99649791831320980795696233897636607318254606429231820803812515545988885360
140170487749361444490231576346926549031440312408129685660179190580024799345
200464335081990901439670052680268210481821841728798842053087899966219240514
211050665650314987756638075148397659050824047704324582607298785098517789034
159364462968866744918348627720339582838058312781019443218678537580801505071
120975332183396363869518804428351424366597017047880804298940678282300180290
210967682716881099469271940766488755855574891008777740092935780108328906853
128049863351216700903155267003969702273637887926837081918172185305268765781
88883989436558866382001940738142042703953360067746624779967394708051481669
87123013958642749426565607078524172151913605648610523371086240915248540250
126042639918118879423447081580753809106796607883425617983303976743423471671
180716651952223703523531483753073126803948228276789458882822204143658818123
149162546281024017586021911806330193390470035025905027225786074300001775969
200443598756591019491755452701540102409083093412298079189110107543073407351
175444238081082319845306096044788075648412551403315304110500340041147246169
89035611649228758436349133821573738662666848028712557950410396411910124847
210644056472622211765636537293082405220852047223635137571493526611515818599
175423501788883391229595218798782159098283513040778602865830167741386417224
184141377128938443404686656176179988759660002959374446408969722036246696241
138548330709067388064666937829018769956990611754197447641124435937761374328
138396708496396993964677676676766980761545014735338499457586089838546344242
145629285832837326424003508049725708900374505614891403808007906345247061605
90938957369447130450496103926190512250648784805155848330547859771305379667
189420675264706716433820346901721947581439989613973593753394064579433155437
200435084284955614458515884239305541239228561583354681850577414612908472141
127678619835089201317734215978992681160757106703541780806150711361184880690
138575883554947352119079457020902321100496128136526810057224611003392931702
1380805597880802213995413063786664264519253167034475167037
24
