33
452312848583266388373324160190187140051835877600158453279131187530910662655
452312848583266388373324160190187140051835877600158453279131187530910662655
452312848583266388373324160190187140051835877600158453279131187530910662655
452312848583266388373324160190187140051835877600158453279131187530910662655
452312848583266388373324160190187140051835877600158453279131187530910662655
452312848583266388373324160190187140051835877600158453279131187530910662655
452312848583266388373324160190187140051835877600158453279131187530910662655
452312848583266388373324160190187140051835877600158453279131187530910662655
452312848583266388373324160190187140051835877600158453279131187530910662655
452312848583266388373324160190187140051835877600158453279131187530910662655
452312848583266388373324160190187140051835877600158453279131187530910662655
452312848583266388373324160190187140051835877600158453279131187530910662655
452312848583266388373324160190187140051835877600158453279131187530910662655
452312848583266388373324160190187140051835877600158453279131187530910662655
452312848583266388373324160190187140051835877600158453279131187530910662655
452312848583266388373324160190187140051835877600158453279131187530910662655
452312848583266388373324160190187140051835877600158453279131187530910662655
452312848583266388373324160190187140051835877600158453279131187530910662655
452312848583266388373324160190187140051835877600158453279131187530910662655
452312848583266388373324160190187140051835877600158453279131187530910662655
452312848583266388373324160190187140051835877600158453279131187530910662655
452312848583266388373324160190187140051835877600158453279131187530910662655
452312848583266388373324160190187140051835877600158453279131187530910662655
452312848583266388373324160190187140051835877600158453279131187530910662655
452312848583266388373324160190187140051835877600158453279131187530910662655
452312848583266388373324160190187140051835877600158453279131187530910662655
452312848583266388373324160190187140051835877600158453279131187530910662655
452312848583266388373324160190187140051835877600158453279131187530910662655
452312848583266388373324160190187140051835877600158453279131187530910662655
452312848583266388373324160190187140051835877600158453279131187530910662655
452312848583266388373324160190187140051835877600158453279131187530910662655
452312848583266388373324160190187140051835877600158453279131187530910662655
452312848583266388373324160190187140051835877600158453279131187530910662655
255
1
44
83367466209464785308024453054661943460534455871401754133800650250795298607
83367466209464785308024453054661943460534455871401754133800650250795298607
83367466209464785308024453054661943460534455871401754133800650250795298607
83367466209464785308024453054661943460534455871401754133800650250795298607
83367466209464785308024453054661943460534455871401754133800650250795298607
83367466209464785308024453054661943460534455871401754133800650250795298607
83367466209464785308024453054661943460534455871401754133800650250795298607
83367466209464785308024453054661943460534455871401754133800650250795298607
83367466209464785308024453054661943460534455871401754133800650250795298607
83367466209464785308024453054661943460534455871401754133800650250795298607
83367466209464785308024453054661943460534455871401754133800650250795298607
83367466209464785308024453054661943460534455871401754133800650250795298607
83367466209464785308024453054661943460534455871401754133800650250795298607
83367466209464785308024453054661943460534455871401754133800650250795298607
83367466209464785308024453054661943460534455871401754133800650250795298607
83367466209464785308024453054661943460534455871401754133800650250795298607
83367466209464785308024453054661943460534455871401754133800650250795298607
83367466209464785308024453054661943460534455871401754133800650250795298607
83367466209464785308024453054661943460534455871401754133800650250795298607
83367466209464785308024453054661943460534455871401754133800650250795298607
83367466209464785308024453054661943460534455871401754133800650250795298607
83367466209464785308024453054661943460534455871401754133800650250795298607
83367466209464785308024453054661943460534455871401754133800650250795298607
83367466209464785308024453054661943460534455871401754133800650250795298607
83367466209464785308024453054661943460534455871401754133800650250795298607
83367466209464785308024453054661943460534455871401754133800650250795298607
83367466209464785308024453054661943460534455871401754133800650250795298607
83367466209464785308024453054661943460534455871401754133800650250795298607
83367466209464785308024453054661943460534455871401754133800650250795298607
83367466209464785308024453054661943460534455871401754133800650250795298607
83367466209464785308024453054661943460534455871401754133800650250795298607
83367466209464785308024453054661943460534455871401754133800650250795298607
83367466209464785308024453054661943460534455871401754133800650250795298607
83367466209464785308024453054661943460534455871401754133800650250795298607
83367466209464785308024453054661943460534455871401754133800650250795298607
83367466209464785308024453054661943460534455871401754133800650250795298607
83367466209464785308024453054661943460534455871401754133800650250795298607
83367466209464785308024453054661943460534455871401754133800650250795298607
83367466209464785308024453054661943460534455871401754133800650250795298607
83367466209464785308024453054661943460534455871401754133800650250795298607
83367466209464785308024453054661943460534455871401754133800650250795298607
83367466209464785308024453054661943460534455871401754133800650250795298607
83367466209464785308024453054661943460534455871401754133800650250795298607
83367466209464785308024453054661943460534455871401754133800650250795298607
796343613
4
