528
176612944418278723574612257271214034612927639344903880292537979739969188307
250457623131074556448019458550492133842176490957448302523844599131107287884
425088951945810573290034248079254942188694417986745184077221814794159928925
331407832249841389842882520958309433671495666167311374261370124997849529141
10633943053252773270125341325919868184762624769795258488159133916614214057
35686401052967609268222777866974854231132630384818331852475877484179635218
377589211847137814649561268597730423479718927489750565930775181744072996738
352948715921459533548865917146199793934198953452808425453187847040842677371
41775330443679091030766118464113061853637542179203238544101060674635568499
78875851672754665147154352184484032136931205715506162144155740695410243997
303328858821523172919803679439251587461847629371418853719557497129148699692
301811267203943774884718710450905448419840044060695700539580838570367813982
342595538279348751229960620392395557137835748355458813962507450607100813748
36646097696062576921653728355325751787128122098906918294069741233546789350
184660701303276790128495388057627755119405799542044192912368487526520829082
330857925824819813976720320935111366715192135323834397036385840777973118344
289492122487884996921745587575004379991466449595803784030603716322216482641
167872289993121765688098162356604326841827587181164953515194685589513803396
203345425979434380925397180487814002430664080196763547202511030057102031715
177898543675010110722856065129828356203370508306824579593265873739921849390
337269262769336454505872642552795310076615134169589247502570624915480486103
119233760145577047090831508497973363770773945047794265046617763088483299620
410470565397564005074701948024030844121576561529772625532091213359828474139
22977732321292974770880083070841174045191374292829477627255474632851418911
413696528801949592948544445677443428660630748231014316170826138168388725315
89917044534498578098878116173160762835968949180904877736758987951490297827
221380949604782220418688347761977330559492032768515842416819621853611276592
251718585945302442073152240479262623542894072936009439604047283004982591708
279132061401626639463434781872971386678274331190369542077532792476354849483
43213095188071577556119225149651830265553481792374340726510368491315411211
248573293112914833037067243575736125152137682947265225127792626085424764707
291401814359069479273539766553718042168911636831874281605230580081700122678
90454202615558579191331020004857775054144104031792799424866345043562809962
330730948153762685851961879250282103946988933214527296992047098136825594842
441443444252801322548765421817638817235572088552388128625464381038070911086
12599793606191027730530185205311755952553429625618663319630408582078681405
14837199744826573124132794154864449497160782515421537347249690641486554658
35576627408048431555757990990622269776691538725051316102291377608573990958
437519386893987550793071316413405830045698429851687526759281587794776746694
40556445568080538780160236761450556776535872828776321532257995685714568088
451764899442629608075348262834300283114650535289684439750671417204422512951
302629495110723144292246004423398579133671645514521125847302043724164249443
391686479581816034354825919865049146022537131412310425634630221200130028925
118137392741531019813459378316675802411206994503583061499086745033983378819
156611999485834636304341149222612875414224048580721797210902534054204323550
107389037041718130114944258070833960351365782785684842195613937142240603825
257664953002016112538486717466024416790669813128207761507632973953796881464
293461336445610610195621788669786631956024061544418551993974351725241904651
424212750737435202499164319699728156947506011111773536087389888893381403408
100220284216641361379605856550469766240139195669393585433417412722787190718
116266678278354476869696992817255923452854368320801464249747451866693246779
198226118196767720951467353252220737632733425758150351300304163820179567946
112090964998592743628862775018650620315979463624786388270297367099532232342
415022207705250487767380942776759326605587578777977863420560018016417918049
177143518270368957383483233918216111466890259911572756011063979035494472964
40759323869320245593550342731987022600755633394663437387075886109640908991
339658622655400849369516213793054452038657250272185761778924546139069474672
144682190379863256393083929869340477052007704932871381358698950688592775077
127580128848640492073098920406078193734713327773256086105683208496070188794
209581158210501338787482886103613072777515699341555597714226261759182073845
244648269850420141438787764021604577740662003912595447679269583363732255014
420008990873286331951025355164112302725231150866738032036835451841205363090
266702512017190971320420097719092359904634551951706973145624543586702148947
136963631142519105413657803328181188345297642969542007126029482500759678494
133711758056253007619569275020352544047667113144245166441204099868509130415
63247129594606987018900724756490792362499013712931051119108160477670633560
284815007043245783162788335893251905229171457118292727844294730711649473174
335497414225770187351798338649370564620648559326339398121287905039542139229
425569999255014599750562590314856679279472778195405060149313947898848817144
420149281445565378906350428816982513813532172301012154067574093229274870480
182395653493182174351595927859144223346746029857949370490402418450453327428
344121619565647925652238353125796450744652165405843629277993040321721089495
291327494537439947289853270584720267318076939733819536839794591023702569794
423932872974850461741425291916212869909190644376453363277057728878559133560
250775354717982355007824324210131746689330840651370356751804185813427363988
349414028637479597222862789885701638613842064801423622667501284232908662476
428651362836680544652073803263846045505378169735648096358463891537896447183
92903981595674147612245792485976918153063699535049960691178551314079685474
353783421526121594507125366657278401863829585757427545193833492883694450771
339492378103550334341206907244347097033788174862134674948182915181193821516
104724446108911031785305154596561717745042283717343097333064741051082259359
81626679241974872221324250561914187892722486064110918707986509419478117039
219674694454003643132263649439216617001133064642164972975801217907425068621
256871112761263167765769785284461819697992099084388170370973290111250167119
354523781018117264659762101286904964358439758454054013682040625535053758771
316516909344665768051522095043348731019967102621465633993001293607912418971
223728344394490709443743833132224141317275554777528849058466615023962102993
217100329020654378140669199115392614914238776376718233918789002082165413186
47706817727894734658877077701479352077273117513905792963465860015202293922
20829606394024260881029994867632602375685427047148582668787927709905754153
106510346610837867884129068439368893057005963402228389280535416867919655475
401458116220794300141683828964581640661523289162649813902928143577376934989
178325826159494681904437928852862249521912789706308238544272922502323437408
176504514120757482753912400220689631847715560058472192810281312470661191419
374239918811909651394856777907155938376732973519247449238041158069772841834
412608754572445552478526536704323355869830184865218983907292809156486897895
75303335133108445468139719021465278170393727787900308995139213765854350479
60627681583068783508206092086974905722030267679554712689353789037967144160
311278249549124531239797940525156466600804321025207478790257839827994982173
115689906067185993057466584343871441004322956814103259210931319329841772155
229887183053002694536439116049566938752802341405474047094512961565836769993
430087881832453833356627244205574058911896834856983697777945045726650806050
390967725428757936108765804164902697177070111853992487884082844922698436033
226237007911703280484771194314522530678031555324767348110096745490489390381
234086947284153691679799731073183411655373918824449093910160900753055007897
273574550413858628576538063012750292065672822267678153788292620579069628592
48990906598271644859117565183880022985924627614642318002666826513065280679
373220814429669556854579359382667601062224190475450729792914624061473846804
341395794964171643130825287258475280535148708920692328271680745058597936431
348666926126173081490871673025532624762408363229673831313497000277399302544
142057824513305040091501674138644329763946414486846269236712173072862041616
304403986208774064195450255338844761951538183384345306130957348005891524199
404707611303418428211681359353465855543145933187051890069904808614607275517
242139277531562678670242634304916258905058464272921716417709618491038714953
3757173660148822759326184800025099717893803015495497940658186112775878051
12339406849500334534018178506474300787896840662164757184548317298763935596
388814835960871218889705859592801452157971923744002905883022964765622577473
99365564711044466061939224469539739245588256176483407971805047934514585909
396581713137684150799751543922749126539494773396761759312605229194440526311
67501253721555450638615044557926889322381786799908804709026379693282347844
47548099956451334402940188783724627807282727524883873446037067325604569521
304718182048000014574045343720685062609311900582466152918228095158799245279
253516467291730360204940278868004039245303862870248824821825087537964150679
27959119544174355729552827677065302681562821593980492596731560677300065481
396471261595118993683797560679810848971814462048287957381475380643815693265
137256997427406601581681632704093830839638064762082985666514951745531896025
97192112906691899754207518209698393021355511652641935572153778097574541807
36258386551264865917828921641785715214268038323352262553279719741062609686
255638068844157661501047404188832296667885956745390908146767785499710603677
183289658371706800498307246417658423272077794340413644861920685312587751357
260852845716728299165857708429220766519628571438791856565297593058704232013
78095576714359568341779672043807721397786516028558833225429147188526509201
231505017824464370507789789475751355270793887458863740440066899246969559703
249615216950325378115834423223853797929870724530205531066531991297142094915
211275365593794143621395308207372703982654082993035931468537010022643426498
445247444595085746877695457889224505644556653141336773034079078421539051874
404111386545673129045417703561702436176222929853413993149474710425344623207
58253323291019753400244990553583416654870567481046617360368182540075443861
26843393659928856707817494097413431712467637903219915491851808645650081138
341332637565512752648010686489881262209929131788649130572278265405673825994
225495763251133043753421480981358328158764951433315781734373272412322871688
130303298927160494121435636874650639009046301439204986272712671619219790662
140676014940872203665035812439145395449475303450002189087676164960092035286
231940768312365700195833758060577246893586705990450897735769634449097478600
257230691135717891461175907994761402286833283166354441062286412848388430798
399553188310444398075210051315918339932119246219931289898493142478122925489
141269450030691504871229594775720940376815924835296751127661213156288202056
115451509222521758367453875665893059791733402494541935004811945865543072998
7795895542894195492068345860271853017944467319574803560233309149173975729
78087901350108895146124465600747437331863467464491042413330345640838017930
273610108200384962978558540010288927699957662194273091188986296403485011055
2171031227548928827079644517327811072511207178758230822478533010393817403
290492615726162889552076300753243283926690116324207397284427845322344831129
145824858703670648754560894776620904959342794438406647202349710774109282026
267864263304818528522086995806133313794204302278731918183569335382106268002
413698064037589104176943395666565565393479873835323175776838357182340573409
96467097958711845562031147076943024485829248660080743327487698113203862965
28795240362441168694309803386580220446404736083059197086492692540360953392
275399400989505932628714239889903687334332409026028544331575970338977088682
399230320480124395198497535680126113113674237412100393401921604415567386498
234971626607633969785007578320666047277202945663956344229607743577245377292
436976463466949758850162185581899214233562362443291284229957929088528155503
163902980395355075563199383243507470519061761046934136640260114121966582388
130702736278319484553689307628397242703630055092261572933607122362302588333
335177935611655249108145103330195516685254251442813768669057805098673018056
91217957181709171473738678246586352884050156674821243237530768336571213383
323394327794455293765057276537702941881432717866454274933224586682734600852
375035620129697494801577554739570561900195082486527249109781449797543696915
358210205089091109982558002356926467946166982424187666416251016122444242681
358859520952677321631430317140770536392954025989400149667954769457583523683
34078273336849883938026775899616332410507061218999982229958250347851340085
271429244142967451782134468074327667080704483987249188183916065002676324081
179593703415071756711248732033470162972671261199613897440527917149520421960
312786353566267508171912660992218000865623532861498429276115247354180077830
367066288886238612929777819168264979594227943158349097301353891117590205266
368859356557216365162964463565088817217909247916391522090759345830261294898
71493122775537516842611800274154910210138352277736291437251702437042883674
69998348576860657051593020212084624665638040621580733084666869371727204931
243680319713308556832436648017512199432962181083858968442750507127850230094
410712870655837012697810918615970857449271712344278187942245297828484077078
363353609061508723105475997045682596313444386161839794391515958588815861213
143210136417165391542751187819692991986944935241336648139997861679004013541
58335745454336648861324880910212560880435992715771756201038840749016407894
401973017123118021334599491771240850292296681130459841381592118921151634539
171192723125454365340831210761877191826036239233682366894517554309623368315
426509889249142169831272429919169713321981561063292660942482170042108303904
369754881635925555477641010753035540149566980024068335347378962087366781525
38919405287924261433410055530884349543833736488098473890007875983047609252
67087746126400434509102497328960610435661471892657517377499037151289611310
292342591104987865358380657648472303111327834975441921504443661509489177212
332667441387620495568050444146256154756667312201014776536892917857827754666
376642152887333744992839698257191844591282112055814373039460767568830837592
141524402219978712785873363671854741348352645348296664741922581063833393847
73473996293950650540859181220444769221927273665769144295681247274136319915
339384305661140767529677644406622960475599231605826762251971842577771638757
269209466497446745446356914604154398974496697745800574302562470279920750835
785103717169831078397051680405714358073512635164843053058385646017275174
208090880913025276775225193700169146609585546091309617551800738839463821618
232557528096841803345728055272407199586007785492609332640938387212727995716
275337738628349682427812710959706159573015818173794132194323477048815456433
1188365664801196033200407423363396167805006699535925461870034347144199619
326462254105491029907358355828134203659142373912413852708060276780328581388
432507633364492122847445584991087379689642766399875183875019711341985631411
41918821208222801933766561753133968230145946298584445604163183575309946657
93313629276925528189235477769483446169561004973265872235538818002254530243
224233317887825629852216997785893947451041073901095850076059622447162159297
341396597360605906869582901791505572198135603156501333927978158232930218354
258494318692997198865669693524730689730233674947659942004323929268485257658
375845407110287378738681382860548710940287401711343060936997526258902341771
271910920562416298898754399226748267801018097316978260451733578816159687307
207516324781573578167571281858564831459571453791042553337062463993684134600
378039749551397993589417273027442144289804678066677535217411024444611075431
353227342489484291543261207231444573213351815852557193096206258522985492351
227657280390099004913256968003662718288323561097540212027228360643084367751
134651327348971060858582254389086698599232149792628082153215690220628693325
268567419014719953396953923766074801007063995149192213485655000842598294769
335176228980900337698076929191539330077605473147293334928062714723404739738
139959624048170180573670917823245260312494619207031702090643177690305535245
393876923667541870707900755582678386312167513399468413075704405052564455352
416010493530520418171128715362883827606715570103809930097149235350038554804
419888472272818992842227604975691682746805194646462810071435180558390149184
271045633878216792657669021286618289723067841143171565277349164749307797929
105530008963921217783470598043603907871074110371182142597783757390714697792
414169980857103546179438363304369610377455233224857474299280703041778626582
227995839721081204892350528288211451706451840983964616773712992195494248985
299166551499472134613117585005992727172832721473797828786029621646953403481
43150668157434511807554006876226044090608172841150377291642052136247720438
138852370381859943689352450075745081411866002071120733262525199168691010967
54314184962702716952500051581113359826509539835859641943743398988493650653
432913439317565306139379775631877572299621084643852088360866810932534846720
64313261738324440362638994263334560221235842952814491289612859818837196455
378304236844992219182096549543962152827217329836421486094815256582558479746
41679247964403857554669599188728917000553836315336460537132990727218509658
378559364001102255689220689541325680452996113963143093972342171916929911093
293867461597770828801908487212796549169304467126326951165113328273297685812
307054348471382632245328213260812616540067324549080939332402561593866853252
85459828868542984715886451346443029380280100866332084594891122801921555247
358036558845094920047740123312291951282288731099819784429488217325350176736
434740918953344400974177456305858152980282410087589363044612179222554423660
108332456919134055738717895070641020310046409454481820744265359255818132171
15660101279473089986756338127621344709121033887045663914056252282938947568
366862345961982750886038253466083702113952761923802468741473175309029165901
226695174377501444185088620163519842874131999084841263379507476612473754831
39116843563682694218774393269675346252221348138251187124622461525393020506
237772619958355464468302732657270526731652355779995083208106426694009868216
294461072168258462988744637718682235016679172657670001188125196268661053605
155071420945495274992358113014750802226724244906327692143399675307283236296
397613545805804604881313157461021002068979862702584009292650672650227696826
413678921796242244177571758709258777302308509171676258782837299119946336863
13982802994092686571631483274142107751400060717323476101851870012211344880
231194319935120395070941736966706316285438020281678043252017655196308154705
205921770013369682673637695680554109642938510461781586759483736418849524292
151020612886321575206726964647538679803736513233566402040223913799176935636
26320497860996151937898520552140954997833743092652351382304901965261010712
274297267487579026606683420382303244311661307062545083738183484285545504260
250541179287976747500969094079230454784436993418201103348246828518020813457
415711096247090237417046335265152909014817520047750251498856656453752777302
211295606402778595220533835961738275780120261327029999720649727567155018132
173093671023725909908096609385228512506541357010490879354169867194170652162
373662627930477498925019683406049443753180236539505677525374507136658547686
421044865066853906284484796383143359650211787739110748400232849852741334656
186739611418839477328945210763638968938334810589492126432618113863162653599
128106834160620203346550346031500075008914533423548413028899921678263263826
5083153106094106141489547708021890377781600053684935172192130384740689565
170518530502675754193446890613011859751466474979717258725249660760325708408
418067894330715805224597833468819254815822917544167952928170170408418755894
110098981478155675818952867087021768387453708446802730097888272894192074882
226624923442483976278113760640479623411394530235240228323005952724623501531
53464203597576565846812334947925141680317661852000219017278762758997381286
111285320510385759628847539396219999611522032487791798375151683662190135870
65073246116231607921574883153398834957214648811333019278771012689999471800
325318063645854487660766802693165276501122970112910992902900460161652981794
208211592048744671188359941407706304628420740800783135932052498052829663933
315892281217921920304018875174384710876098202346367250313015573948398595454
327872627159279103131604776354901094513731152011139220150958311151807900031
420346106747587838505659739414858251721673408243576411888097783661922133891
290076188471646804882731996381815401587253882356944922384726158965121885195
345511691157205935573529955918885600355159640336450728217225280737544598375
397761049674641839565570519126789218697913366056632086071798087955940593922
203835355626509652348425227138297885136017065911147612598403222982845099915
393027451546497795745892616721230280510546095500944726873975314221724676950
242372158966231125803435037569834411179364197512555068360476817598651429563
291777169596013171025666035594175628221706792164116479216118250586488702833
197141686439070235509213590164657904689945474839495112640721003060096377631
295046359288541049691293053902763956387846315611394466254491911088801031607
328991042151192870121599695908537701348481581829490135211506678251419570337
126296726187828549385684187959541179525102743679139567953318283393581531086
283341448478324476484512718430319287016712055718246708019943696121511036144
287567512029688003892851343604720675979439764643501272392820923788423190321
409374192221353835228243281543528688555003580831941200096298575850034940334
109916514784591490473584708929386626457490938965457983281492025713847916647
343736392731273106316993936959057561723719300776399662686721962797500291900
129041164205183266857870913827102417752667032839355652787960330797804154628
275832785989917742160796533501014380535749076896381214731117881378632659699
2019487981172965702624713775231374323450549379022283849536622233887062689
247921660249938238811560624164212099031458595851672510927514161189933655792
431851644708342000052246707976170289375208717628830277457928166664405674236
257395181629892928966541267155148671883780749158386926087996742418103877662
434726161159571404378809627313703954433598533154917979915038156745490201838
186817312599535858308449999090681858901482038060257103211005961542688938361
134498493575048176111949404011153346865473425209163010269966812412629912617
48103689479798979948940014015131989755620866671784602021890154442023926314
411192935491266618037883199867636065480159111060425572111910946330890284816
171282386920988770914430039358718410768014261532613323154238039419743922385
37215892855667108732821050472459685123149822645947949546500750075623016392
227112820037211310244834471410990527489112388372158515253063305354444680521
372188525812542693701128005489169838860232149287213418611124327728740500474
370734210837638923677941651053425490559974233122424413544917818681647308172
333007633384442915804344730481709434138889877032741737124238579757809728863
418092647980563177342634228703076473898331238993481934021211151762259413226
421882093695900485178527803124034257210833451632942126532160978879679554038
434815671717530471370011557061640409299460832312914449075671017772422395641
142842474247908616213183854578521050159528722450745839344766788043127343664
37933573469442697076789398920778840007410435488684394822456600672868575767
146179519577317112165449820456176240671649317917137617383679965871888943591
143033666369121891551147020836668081482809918440948720606702080400039118753
306456998989986445224753674052680711947317104558087972280767654660780188826
404792054400189001179757128413364690999446930468481237966202299185145220747
246705130495630939549052017142462289144445554427234705557523838755616713661
213795206880966970148041195021716583046675994410465387460787603886966592176
3254298008061640766289996456840465190114813598519408035483359575045538068
283118384371946870503254799498628969078856066090664950391615254290687584809
427539618171331819385379991468208922655659877859262937135930211601276626568
418579308307643114947246112454927352402719596466798769228304840199966286349
24815917786087963515159212539054877797620758572959501380318873898011914692
191978795551129067034431925085603981416431903849970904809322689835993341905
347382292477990517511958622980107302503025966285714081081756529250019908275
379877561051498778339520925297574484649155917576732026925111657595376999228
304346125399981408908083209980167793403039055660695811513809204777354647016
90179850970696990095817032060480009203372874468876019039179864446374483116
80574894265976853610863180957869714546039204515855803087890350648148389196
432759332614432687940871137893840329306914631660177261806050141434489124421
242602106863623475740273216349687876500883016397085151639729399932235392152
92145665040698274081605435909623258805435834691312899482179292446454258025
338327198796024439385188453811494736408418965764861791072386886918526209654
6853178809205817843626108897094407088395738991284737805775601387710066750
62513081205265245019252594546804052510510644561620021461298782042290891150
361091801939629648123900236338071685204993044712920625666931784229938999819
62368801462640493771528841411938951944513187624926376560885916265603920739
189229703935339586710141081814441771151861689376671963257923303499546535727
196887873469881063783774998361813504752403419743467286720932440072031756033
127226362401171984994905869029338183419390118091393085234563862694188179006
406911623934281466700606568684144024999159384629964032477195803025188860774
11921970212416560999269416991716939633040275778345282572247307581448279151
336559286006764789741713790089287709531476252769852345536482889760884580032
348088416422469499786020465328649817928670507963233720474418747833915750238
331108429351122360354569240142930096609713571657188453217568472928659764233
111707072941444381234268644602511711445475627108178107188999379294019497917
331782891489424460009728028554497999100743346781622052798966994386863278096
194201101998712350717277958673835796576528591105932631612100779145080576405
265894508988972769281992746066153914731927012535304654601903406191979136818
396691531519794292755907697432801327556235988168455351136828319223934840224
293966069412549309138293819334751912183123739854900975111976266142944482572
281051110350004286063641450581798674078031454337260732250555571208725596094
180976408855196286658014935511402006557624258615714038820165921316567055052
150767208903559843674862859950938866076930845736297591598720813484598549727
57687081899946842785506141342330614465064562101901663557146522591019039357
359866990191291009879007481157627141371581413927493249280685431086945343236
191296529743638716815598104828407652489548053268858569187383872972005682027
102276228280578305822533695712899317989028490720192707865181109358732365845
72237056364704533578728041987835270236416341381774535227593603405256214883
33651061623067066365985920986158798725205169333545827320031853681727543895
180077466280359009978434320001492432188210762476092921085163121124170965489
177959616205854081474606907026829485844769339064970649844139574383135336634
70441822472050600810798846319401906614393538825116706203751385918172497340
422413823600539820056490051915792169226380317304255491171030195927954141490
23735573006742962316115870882174934125025903749080457667987043162837142573
408017386683162135980451962984325613933977145346610051517379381559418952739
54969388902483634166626005581683623603369657233061792775186292710713949741
215564024188812503347287261179225746140258695866724656492768117554284669526
296081986106397065197533318603352468428780604645550336536537713298493824739
271318132140407398221459143619800362748797824002216568949996575277011753277
173541492432371155851306045479137829195036397609373471281530197657589400481
36747270225900140426823231100187206198799191918020955101443402906598620264
262137312633756544724686056583595606492067389943196942697687909748996233943
94054628918871608422358769253059289066968099425817301059535514417065173805
186364394705250071852169460532255380487108606522607377576965992720412193791
231091002942899680593492970357961797565945779671176892691195703550360483743
93139751850200114212243781306685403614167830672317377931986226686844773040
37224440065269353356573001965745285672916670878944003922279955794656622584
296230106415657432597316431803158253521837463890806495092676599053443331731
345309162693829164334075480941371132137023863111020487495262604290154109424
225122159940512320176453132930638788844839964486645128207695388836596451797
36399092891375882486239139463895500080895354831645877633272190805181426661
204330642701007938832222369570740639332063780925700734067579576173264237003
90636058864277829863460332072892249923718658390973348873262506164414451289
72523478475939048188088825538658025187526604280888275790724649100745786267
95819301023510071881660534988656209817566187632806407434020526131422121291
179095824728453174729988027951415891203835515849122767135436732417491909456
340234432961489974511224539662613407758840139707350383978760982146307409739
94659309734205016465919631084813584662106017965304509559212727935430797935
449343579266516256634574355144502849573774203753351038078445213903270720228
358955472516903840074439698881910347244432058347336791694462252772404700341
123355491442357774054828626484916000078938847532091947792708926410948751943
121469009965406449218257334399822624239489032988555750249850489910322085050
305858480591865620564028960016395877391969632354077555612372451657773186792
451537208818596264327742421937118518961459069650739301525726805071262993982
130442016614786447095405671647716319589279105236572485416721786395773799473
43257078231030844271259759496905258673435944881588991182080647295833493181
340947457131171510919504751758568165641530254242367795886870531752930054797
362222213854257058654006828682217758087811696590586714877214238443317067625
348872600396091736340358263705012630080311219074778519403693473878120777201
448583641168454723509453690170795475732364928490822201881787237230286716327
195575910655904468718561670035363246418125401168187640148283141551132879771
106363194820363656357878609312038911433770143885665013964826984158078997585
282976378850257580218184629952006054256086591509371433073867599158907711584
73676642388026638328116712600268050551882523100945806913822968004279942802
13843518486157869068190477080189764350502080556936657550867180693491557700
153525006568858895087889786131330096519899854473641020389024768501104393993
20431061163977619832051426815231866056389450666005381082568606128465430941
92056205219061722111754097145178087208475552900196373993667688498815664187
175489372008899369980968220086287862525477742032334866831422459643116200042
357677432704443657492712566883565552509666529321783944234060638594022279040
418786558022201977879205620945559995115579552985863380556908414227117358146
110165820427429782967136672195801805779726305355559659754764565884222226317
351309899088702581103031836423148733437394625372406095801032520166528566517
249813106887047178187019558893442738365616078008693935308593256308100967334
551086057925547548898045770040879606349454240452746705620172803785355803
191949168455957232649689543205474843204010748603747990020177878641449271911
441111011552273211664081172309510117350895552036447718709473447573434310401
354974537406947459574789547447142197822908364478092749274433715095931182531
179716325693354075755556463637785895587982253870742987091747369829392079704
342850087917081706483465078851415688404024389481957667250626074420203137068
176770245706761295513484242888443842699627932599202438615540926782652274150
333716419299706072959140988186265828713854597608035895288844317850245821518
314937907178425527286088709199941457412801038634706168612618866251713331546
264438239311302639039267555573010393475396572424426257087253413081668318727
212465132791114654874010402770897685645312307581379000995431173316332104818
190529979929616003604281467165289204752173437150126612083721584552203096749
370576702986616157086758205891387088945270522373690706324657960198809336965
17843169069829457943010034400159679040860312048208382874043647342750386162
333567654932108870881249227247145310647252533943519943343066711061496111070
94176766470070949523354634194527108273646350127430231716724740171203697833
104200761122719716577270887229347267138193204610208547139245364884163901398
187206123283072550792905538328872589380088269467330530924679828634599856862
84142455619637519334590105567382937160825843382775610375926824296711026753
303798874696193295967612012406533815500376703213477696405000127792360338826
145308305957764077097889136372983030635311957280238539701915956203254647316
99148542385738165328244617467784624061095337842973041382369614852382759076
433312617130232936495030327839702277087933816742028640483554128494764768669
137363882489886517118709235040183980869805624845028613288871602308565610014
432603491363010959765975816411506040544765490488952870906710540070081172944
158683938562931123142960073648636597760744619193760233255577216762352455819
190738190316048894449780394315311541548880995244904473596171905856138825921
290575405745007506738111246278908843158723031245311956702376893269215511
232364035835818950062149975086279701650553688758790822073966088142612034980
310655510064612763275200361746810561941544428843622413748124759828499285899
52449888290290812452833092197275726488450783365549126549199531973871245213
167498966487149734012325093233652463237562021822988598009062060992191204245
450114688095112474549572694351602876264172092208078329880398616939791296854
5920201597600035821427689476551934671199223513272240303310159893425098399
111863068000142421136493364138011857376349753057259726840021101387441610691
97532307621074827326979265508663382004450576881367644559462626017128544961
412654319933998810119016963458535333028076624871449493567559736278596110803
42913387193055074862494791936137481433685689030388463206400092330756934351
277745252030564135442319389994425195358443797037158880584998548711494184236
405960726579811453966421798282400676679581850083312028714208326242069512641
42381274669686809905152584221186567067429609432115412347623115752586357791
122062792924065981655128865208793853317908706569917795660492405130736573115
62600720026091385718485714794611101994458371806931378190402311053131876240
135807997443014762645681501915663107637828087779298456257394395152425966205
301563697664147037790292982436619936489883661487139291576151495614458008769
428206214555088041719747763543279982248550379324507558330876318677024949212
217406158571476893822744921654050450535312667744476701167520923367862366413
290921177468846177110603128352764532906522018234390219903642981374279611895
332352549069440168879147913563325885742127230852475327360343119011649141043
372512757076295947621019290539652164621675149558897102364878398440023496893
155673664435546501472665665031264904789278310361077773372151357924566630716
168244389400762595492968395172691670794773195687136782801624082847622789416
283088083904177335003338832637374554365594203337066102306651818897667743843
325996427295567688861669199650180939218612591637058016787982870946835265501
190023707792201624416148048202975433983853754913133469721518509029397329138
388719405744177683425621946376650236214351695447493922496247568631278722722
287861848380061437601939886313840708671391132764540410162667619781159797858
172987915629415902472023861610039083991748166957667371619393960010948568836
63740870592427785478723586461499195350982995235750747259183072286981459520
306736007421229561326988280354062960259471540246959860479311442282440228477
318515285278370042606365971358378613972315996670644671572863875276586252964
263141940926033773906421561191539608600084961956072825501199447246880118079
311887599329122988247623876561425170752256742221456645379190470914063640061
265965029626191547754831742795974230657351153544239682099684331173320051511
214747896927509580994265253596729548132831822158125661285615256260009930133
184893967984733062950718477198435947219077029145622993813508214295027667644
391383769887566835530193323850619076233206872593283130908917453595492384870
292188561751840540215384053490766278288975167670272721688047473024472850327
250009150985823385737577365354191647271877400824540614454669159703281124949
287954068043739946348287893800130115747705391383984839152368313435193346123
366268494177353330808712778130706884242722738969184222394914687768323937691
435587379363371221681412846278017505984646812065144249901892005263540371906
9630822988237893709928416934942869679810531296741563703850347561707561438
182414486300020465266621472807480041759830130371669287213144292685319800381
335846267071795863057756962239055387270201647091441333588513160328358546444
9712538681096987096791386347641135054883272411962612881458610114907316483
245608687043517362603260064286934428505378000257843866866583645855371603182
347865233449963064509043501314697039366931189813510360469312286207650111183
27044662588176225783640372255894242456772436908994113189790438717010270819
297163464183166829805186387768772708186503454026876837665651538225528201476
227281009748655936882613539989912195863131500838680249934001614112912148329
346132376335831809567161339353550974182739379184021728999373948938244417918
264235892076351514776230601615968606122975153656125382423800412756071311531
21240123907091486001934753329386777272710179227366761382047396190955743338
41134795163345064347537927801685804595505295556072106779831755853174999843
12087012864517471758923260282100338022483474053930538518009709339963310291
355496289074109891308609000791054059951923763581599266006216979868143973841
149473260807806744840793185479672351760105500939399084964889180238728454943
144608950687850047933535580748585852323849112289349149694181943348815479347
88869890592614515554541917848614804629497227188587193216959887132049911442
104127588335325815647024416755325316918026208318362690999697184058657523642
318441158214713323958500190905433575483515105297533588443566420052992154555
113396961491972411261501878341752893374056752242952041598518111047268385860
256800495131704636388891130651933468312132990992246736697132528917289661023
253705872868662816705113321001338367419671541766528975880922100750552420745
64793633841978749560532634330501068307389356285625557946433120439110328012
31565187943741951295641810693691063279380607578262796149948395517552197009
325673281791130364343608302469883069104769988359897841115001232215076162359
385599938013867572124980137810541592515485476346617055823669077727056615638
13680252201131735515089170437922202275639112899140918585049730732336697590
296847422566022114426661547217094241271059701276309214648997678721861242477
79289027429437844182980316315139826889972640489589336221514718762012029016
41087521446123116925852881997953869952042240412986792777126168945418243307
174609799475422999601867161332486405262252203419245610198585715789972464684
398990685741931787051474097256728517032908083682563780307320050301754658446
86940121894067700698158367284667048174517894848602770911925946859754860665
26111742401674387092221759927886338079168286348667286896214224194885261127
223173160871081086512417295173067575465405079966007123371807405114831460220
340341910102916731504958177125061929717627478394288452658093326916457127814
153544236095886268312668275435593027351426729993641225963652426436052978531
14581989638800886377074468148867550190474951738326594368127634600154366
31219969158110797185066040352299626857
16
704
157576126606082444255980434399165463265223722884957053005999002952111055476
210753080370227483186908236517105300307652716525022494722530362133765906741
136601154973950683637295647019235817517479131069524867700006934314057349474
152737814958589718525039365084173258979074403343225437965850081892126448228
207088845670026720777101348961780528003279188535534195970343563108742744435
143662558979298702943384397170786983890921275943835660818364568420986467948
85412082476112188981204957792597097723876675002452317211958230748106274925
122652993625194702318389046487233156403912346053394653828439486662886192979
87254174632323671231916999004943662276770571734581775343849137286005811054
181049501864516292393828452394100412596211078744119514959103198592417287494
101091691933803653763214091778847257801910380557758781133001867407275607091
149212128031153839316096276904121109817300901679627038089049199968290100858
134800229801065368063613209641189111058822931785573154333254770919201790001
210947252445660166260599826671454141364502172132297897171312598332983883073
196805247274082392704939732493988774959468488199762725908647424653142350180
205523149376261483876882224313033131858362513878056955228430032894887423077
210954524479601539591919310621754319916942731592883960147602728410701387849
97731887574437939789164862899164463915052582383816007164506956224951176527
198406342713371320801054091243321564132972097483565923533249675454597068113
124288138085498425313097056251531468884155516779618885608091474134610432865
207054393381514111674691224506551475838585515877730017047641147341255308871
196515725670201559136675615817515331357761849786187587846386780614897858866
152433807642403413992795746698499470863138003544440860027873413254328633463
209048323027710538885785459343361824843592422320365333989756913649158807877
175748722451257355618401488376049731100143407591637832023104251770943658610
143882738337121578047392183349886371038255806463679231221440322348575179354
119002962385959839146905634780712867001975281988192060061898544059958768751
187902290432002437349741936957137425537526334262605362318419994858690593880
143469793560560902146035202904291432370210759063030829124265513331008160086
184078237357983999081285361993143419754726662773213840688104113889930933360
205515549946628320661522548516879619535560006908758687666969757042705312609
177060134715736904353971613772031143892188444747058623209305803408524064870
96136699006949492955435820272546590134936578046939115846822467955654742067
200394535460930058078525132581930335309987020116919034883298947342479284074
189661398526262864617672506673774578483157005532583158469723192271790355797
119181169631951340073669154308939299085504719845965173166971574619170040695
188047709534711419893590495508534316546464675882924937248627836082854058361
97524433093460801942287749506147052073507514245085405901153534781418925921
184051736566715158911555708678975473280744495992977416999891827827583693938
136629648397552007145107743757544371706865684936537485820282136528322587468
187804691931198666475763976408877793219881661700883247114829822045241164624
214384802962237115006243166456548868091954794587163294809805567118194201199
175589952790047700600143620297251384643264637445751223993067238002560095555
148997254632466323434279854905982816291013752454799943693590601271860031601
207557496319518698003464051177974186476147841374765627362322596227063824949
194721622728711401148352914053782792078602043300978898237204016730079447863
122680789564719057673008160447655731349292258203453986237892943580272552564
212583909301934224822517688680972669836297328280651363930594250654367499577
118871157318299557964918730400539926004818150237791562064804025471246420556
117394051959822959938601485922808836643147911096318071903634749378104546905
115399878611568649905077289012794003471434397627802337514487508467965261125
209296759355037169577017180613669902644615455144439082383385189370676867655
124495918406337839859959307636947577304128405771496080069672967313999149423
122466860267644068008217257376917364876923479743885177960512817102559210614
76576236582941494609620734828903891795222820470767127382332511273128388719
119065191318835551206062447978216087508605718512290688446705148196966524010
90779944734750739471079610908095382138295526917401135070140363794017300344
88642105748177999722763213529090957954541411647401314222430729517407298388
85646150916698041737267470204431693763370358759883586284810660617999042145
157865759409442518657362628686191726999329326367315269166747981820804096613
141881935187229388377727034602602571913896902783254221785596138234756416874
187977836105316645161887751631532107441204218618440842274187400025723524213
196446760781843378847503924761141298764808865328813502282441776894596242034
177355696707802866565479426370371034996662975097141956480968808775908799564
99401789936098049597066804846484799716102005728767418542001019217809125462
147153894835046247338986912360630251487069381230806805882052293988924608084
124006647192109376923272533260138469175015566941254033522810558736770490667
186335216034759383855636184192367031671350063136849347134219299651399596087
175389050021689001475590360040212755685907585813712785520795260727218567752
150991916513216725520401480037799584879987015906990097205200590376046323287
117104930325792840472884142821049510108938607241648761186520338308731070789
193320885332073103937891774327758071890143688462405588637977916456236185704
159494457084810406834895341086272284088291520888332353925634046741387422580
187660617555442183846829587239618034736294950989232671347079093082732001397
196591510739752729863757323515265157705414242470796359180500286065021778507
124453806878800317419630551899538493502031376602978916549281309732666434679
150881163698080775871766433127300534014109943070681457741989413555027925609
203665069553307404790271963979739408386799809830275492894383301231670354231
134993961140541649996871845727711894150457873025357343138556996005382867499
125814641778791015217457895875604148620025965913004453659347697609957912369
186280838050597002185813021873439104368334378664308423465255769737486610536
212624235573912634173733887276482870157623921118451022031003794428373578317
118988027207394325441959618710459280762221021496183566281830291990922817890
94252277306189840187020848509849706377138472366751790486815115946279392852
149031681124739530349673278023322589844984073271684774564385030613263281987
136725359772066797354178404125729033820841412579012174863875283464450815561
138395933386450573407000260275884923205207460987592367761882523123542149489
122757619807688432056473189019493873600726876849839935813712293721642582617
196701856116035514352036051329264430940710701513193170864310146293484515948
173884787143132187518802478475109942865599420314283546263258149524813408069
145345720784594789620040840687635885165974006304797698935352558685705686852
127690376576407048711504877544578182947622955377725916274503912906284019508
97863050642744025604608716544944680821036474741685527223665428866228178792
90601173128427102060352455202860231202183518131331177215886907694221175659
129458414413499197107751169325701132123012596776871520241414812376287834220
90836803483185660655944550922981446759648955771298861832866153838142960472
198434143885959709923501351036858773097381496452190224640382690450304623736
200029659752499878222780062694228478868456260672929437995787521885927205960
88931302573919691886087589415018779659331558000445731536944369453828368722
200105521571648707004523109484845597066519808765609847276178029053428187989
212706981142908626702503857423637169049582428981723945143970114564319760965
209298594319673912091532352576666813256348971410826547626792547164367438648
171999806128286824240575178205664214457859527409247485870537827142802427719
214364527937834117183531101827947481658316537197206175303687512373944939625
214261000801451653182291738035283252725480157045795172361124053239286749049
201982501810953925747012068809030272842150447293027058095005475204965151347
178784190780954690473755231028239664658542604587753549704040475725075607880
122362367631882125365648471206524534486834062107956498342959586673337070950
135014016202534581087901961627346051957663699504747880931328740426477427308
76673292191038317230834462184152089079643156123452034686925751834289256314
122280569574416063934479003166289430816990596522527372708718559983832221764
136497976118002475278427226674751401899242325134161790240246186496488592976
214308828781382864938165524451944614711149068378257873481259295676707328090
216027500232414079343749232662629508540307403350852277111246269362467263557
138561356048424583119291450609198706065483681904264630054351377697869281094
150694926275562537562612217322355027840542259623018629206546323684028086866
179253433500745261645405553582455156645585957790541359706824487916076104050
214122430024909166163398311813727688034772902707120914666671451252463137098
94480093815824968497271768494372000933709103896402197198028991523319263607
145269370532862322487651010924423550102416086645611739868634611941553235824
141826800396877616703236965151224139070959518154293133851009911423164179818
201747709327034352701438542044546761750758851805847576399137376016859215978
122604386230627690295321824374199340126505542144098506435062291874722172009
116938693305231179418304459566403348919661521590054092043093388731081963879
157548547636131980862583712887539479119212823229210276937143843241030017642
76424795092800489320908604077819955385711354278142999684407779225683253838
138162182456643994612647918634951336880839923494860823554981976407831312207
127554257914422754344407137570402425559700076322162802855376568525066421358
133288015430668999004499760747172954348892088116386828111459734995683983721
205529724778283230573009931413546498745228568629297784921265323728465053284
133053707597254553943754110143420202011665782619394541269717130288420307270
122604948692850848203081633208728352114979177475598540973137657574167044964
143724997264306773215731633197141737736718231269412057319715922705705168453
147431039927769306379740879699151417863719654662536751886468843007709573457
87060580845063221131295280361875330645066198952574555069803447945960899122
140198252683478370196349868569997099092008303342567782664271023349658892393
90698583199238948520464543423231116114168877597948851255496146242297801562
201808499054919994329225918580317873506462332772612506032597369271537070903
125945774626160459844645361230768684865570107110010278287358701775373889625
90464328141899119366697460144316431481712616510630886748873331689643332442
193389364115364427569436774493158976657923572750595844659543118459500196212
186356108089098629221352281645210145536176287396724948551161284263125481337
182794246614048998628436519182564139879634997672828209314971598354043859566
143737581766872717172078513060508003937242725128133585628089357877098600789
210837443088472448370268212329067949464818926960899392703736125577125900865
205530000471929134131648254409948553318497575219508831558896857294062712949
101250139559474432971954358469527136164776804060846081852468233690380268631
90573564363002586472592631420311699548055761893737830297509350617725557073
201899707914253541506951828199660421990238310209407707527143973690033981526
138437661724543109757121457695426087266684981672484037219462631055292321397
215937806047740009492915359010833527097812710680557279185848420786236711735
134842393162889922655269712039146111867321494700745905852318665480592521290
115571532921064044002606384726439182424854671000629848764706769256788407105
90823027172194597596450412877721468687251049613151515518914511361986289971
189557900659757281942037655595626640282014005729659531221278362227669681995
85156371778336992335707947036484848548972743891706489039217066200665910338
140051542787231047675684718302681102654500720223022911693897928536760667700
85177347683088825507748826298100854478505959048400274933494726306210720618
131245473737714709948184346258161540243047452013081241476470600008664175928
89055210392234574408800778198762021449153347067626960439043459563471598661
126256565417275929962895142339755317714196031318962205834062488462087377510
147451799068192662077071051006007886250540994043809168777404551924179552880
124206102995484316168894102427513039693196556503791901230031401215080344438
150654210852026076877183851911716007011975322594627834403425557911840435032
120541083271221275102260685354568045810906205932729759213805991288978427238
115337840212925776611585369752812995164475733343451560880708127862831535937
180711368835685690671971068855721713750650554199215940772893386737628112178
196571803220287634150862977831200110274702102147438202933369747071049352282
138637351914040143339054836835230387826078982579982427887741474014961495396
92265414542634269979627519684692690677998143707095002227253447419849110362
101514104077259683245501109334328991977151868504865736746259844648959962211
186308606779617384789805729143412563710956964778241032766966537756986787684
159399125976551761746266992596205208568736039503113338503087289867093561425
156270674163251342856685711512913952620865925726934846437147067437714528100
186328882868273366704137409830160568577474319326107645282091960449338010451
129500682644059921732505116348665803374051327391128041489029735957801564498
182809202864140754403668575578598794286457412594134786868782838336423610423
88896250954945344570966643707030067878972422659575458022268724821493573943
212603448517923491746653300394774480039443555411999122046492246952042197352
196882484066624100323972799201641733580164512307368092719426299686956782659
83492212751714782264741861824838950028735280744661458968708047787464808496
189786413376270875144726529948324397142872677304631575821087853031790569557
76514740334471298502637122167759926963926994217342880789470559739244398166
209256780909793054882468229918654822303681943719987179881538710186318979414
120989511131801834767999904735050491759813210214820179625412196253326471544
198233233922197116333779479987028520077438645836137258597593389523283441264
131460620008753834981374250401038824894251091823556933582388148397179022150
205447125297201099578692898564796998664192230964385198588737137405406244169
147325951604562459055385098061015193648354953813535960376616164869479811129
90560110510878792196401590606391486191409073749518339156567099753801336674
178819132742685725053073284442260417876526210378699968868341566964401262920
157637731239361285219119475187521159437692943670022775294927033847063857225
189676230390280284371907194816865467132023165619857612597899865503749134455
198475902522430426220285156848260813339619390865992809493197687334005393252
149086113252949659237281889928048026069027998700737320057134653595609626162
143855912333283174096750515116395060806828994229422138666581870097934341705
143710923025718806619147643950558559944496144890694881469792866319169976114
127904491216554274073384712970500181966634376998843839681103924940166033009
192962191552260201160099065598790922285527344428433456470462513016153270594
124165177689943974978264876330814057943720179362522594129804214287430274891
193390097189746565467078685309375095582739866144957453095666936164000626232
97771552594292150210585598688535127918673418356019018360523001050520442969
175369312929158176651036624339638370847519667854280271085906579859895433524
180911011152117385980345108167117588166372397081504603062970578963388328282
150950937723007833997056136535302668959145493426366679059836380300220847481
193188625627134446827507901604025924959601879256721914831830621415896610634
118968700180114585538809662759159271474826576031787344957954805457658932304
148880843178453221023650389498001821468679341223107223790763950442974112360
138589964248800336578519928557562583323888328456040466937508022221995404409
157837851448474506653445826304475732838474459283348875168237793559330570804
152634176491790265484324993316625471087416315101822023236664168192459158886
173837528269068932713509076990944125130931758646108289124285273269864584049
92582299022613747102440286405040726517402357950851741416198208946523104359
145381655772733964107367750145485874358288503433839666566655983718437572984
198642186841373179744910971921613365769167596715057509142127716797499471714
145656245981437276843719873982224810366247988193424530754237874517278019190
156016167969097374482175024067686928084782382197905879575010275089777258853
134841828581261577636840095196646746832320260827661297676312286333083272560
189545416727949108360453818138166778480305565907872904329356009402634888297
95708813685419638310546168201915244288646704259723516979973584818465821769
136421736115030310071297742542735385270344746617893765727276567509669802605
158065638354330680126010918489916426406261771644713940392000629516187368003
184444571841911869208744833563796097026386956162437685880772883090674893387
90905659074203253200152420247162454060913510815819028893100568746606096212
214576626040500798981518693591902038034231240812555408721485785124645594700
116994392772997903019046198352805632136884154011222820183397293707504216137
187840794999347449941144771882219888058251530999792447314904743246111455061
196744346444103730023082909930119279894764457994999535713376686368657533745
193208657178466476670026147382113511350306629911021674765330072810507548977
209229335584872022376349740714685657149852959065733238112517488920958494060
189517195113376724700089412846218922328784649458060752536374023373631945315
203996461002091816524459354485402170743768151930171943016594836613812546375
215943654265506621070581435715432524038727910253007390056721895939736356980
159507667657328598153596578027832398781331009241773671580697402314901769328
127822968114675337142407384029566947990891575365633923348478591102222022488
175438542051911911818993810972312846850958500231793248785648371799520409697
131113888037164943723850629985648832602243341470861744669486655611727405394
94465589253456362984503891295035493181577537731757849759710271476239786339
146982621554869189827657926962690645145529843951732755126559335890933601125
196894781570032089580524859114901093948917586530349231744243741905802320215
216227437090052073227172668817939360214928072423867991757554780864945420355
175471332630872542815427640913509647445382574005283845637399047842596079989
200478160799768699501194890109113412717543228467260022464875300862223011958
97957869424343012613180460264965674685052565818166076486841296786854000983
92236911647039042045074784164717369622040742174476549210610937425974941302
207550671552030286831705250746011254130633858923785667558271506622669997687
175431724573087717602147912588032510220527695801489758711737272926960174915
94479979548785936765499730680531267649155726648888082722652346269530419047
85397717249642861327226890238630428337051255953364664734860491155644572793
156174211398407096045452292788557715685231920387431025969783608392119955545
175728472905499937828061518548529466467403323007128137213207326091383812164
136580822672084222993087321740383775232676089652047334723167928615228166517
198496604817249986908664019711761690068715111351490371613781949776711528267
83575683785050862862659683173917940227189894415483374097657024809532475212
149175860593556061769699876592405340314462213580146012492513918115427530594
159578146566642936507887206618394458337279607700461968658354454473942912601
150640463687005752307200162425628719762716531063232504533046778159030750265
181006661250060667519314083894989832549502970492032249616282291082555239280
152766419561171322891616190370830173559081367264340238994672386508489896057
147113672789279739816840135900632540119542783328417824766131478309713817452
193070831819812443278237156122329068648577708852446819223956834685373994842
200249676912488597137490606883902963112282145974016559224029574018421185106
117339589377350424967590289215717461463859348538088467015352775657599284570
175436847175558863701786247965989513053690387208403084237712411613462087033
182352582241345475877423239587761884120773217618656285588265154114854216275
86950877647483487151581637478147160386764119630742447651406696602353224249
122301809912992878464392751502651440920429362957401552074057342224072071524
136774668883896025414780550908425824299394241932602628832722029398801920836
207254871109139115642956292732964799675499301410796573765939071455224423009
131136074092864087721819495536286742647993801590663829739124407473736804183
90449499100095758528908838697030978361759059238178541637356843415400694891
94431107882831530745616203941566579747898379380744763352969308082311477352
138354194544171817980731948014725661229009235015768133645725046913309434472
212831400451886739561597338313238196524534399653534582520298206154630508869
145366452158355058257989447224297167140467458885718941495002979750530020467
203755360094778004995432034966541796544051309390389910926302667634341463673
189792449229752439395426777515636330684228065093087013562305373739284066899
145662656554530527551234191142932188458238693387816340374579505806652880487
124426683148826141155104366830430969789553279814370747329888396790729304691
191215509690893335756442009973755926458750933353114266286044705753025563468
177294141582745667432097436512876187486236949641735619656966662425662600524
178812743981647394472930990260936926832627126348028361149991991732094524022
159804361027465252469222989643190579274734029878883173939252800020590842965
209112276433620612812605673303648980082897353426082156860412659618334718255
182526500742458600886904922898679505785070009289481316750738662878671882322
173857427234787152975837400017906206817008093464341307400517889692647240811
136629755074489579182077567751765942012704913196590925960909557561167393625
212804466071777410083723685422761797104465278025569307738768156849837003896
209166487197805749976476332077477136370523712522702078124960698580068427380
138361716276351603375781477388398436708569860409551839603549606955093017704
89097404908745374045553931728728463322178142117104747282903251148936328787
179254001217535654460023141550902754489622492712584724338379850572368194356
95763924973798014520933688048344393043545952414018447574233935554408170339
182339216840350071719254646353433694293232497890293105671958043492982086213
192884376844238498507820023879099088252042842721152109216467536679111970643
157603624702686638102351858474118494566988939314431284253053663225944950640
139963542782016971688802997314746870749048108773086533499765301930328747587
87026554438359318578430422797613904652684279563687053054371454772804997210
175624622571886131537557041723663242054998409968813307906371209995832416844
193175789948600084631972553798808717088297370357544176858898329668901161306
200249297377241662342973327357243852298525738206401857169851072225929744683
150535857538114081356652283453670437620661177903847964200434191476574990391
101086089229271788988483657692103010827717665090414861864466803938999555649
154276280316214987125674897622304025572050745185951023540417697760145846872
128001146726372555674746894724965809218576662634575032502482924578891061838
154477806876882759339740079867827758544857934303192717024875892958957684278
156244839915768323684672734311629168256721231113238414841484798808298965841
194893571610707033237320114293878855829166786638270532674722752516418844270
87296585886538118510813915053311189354083939175552059621572932292570080333
179136746516502244927212088254630584239510683591764513918088809715436704076
207393816267820482113994158485796423374810594370154310408002394171005299505
193195469041962553130239321119157210314527489500252986585973118370625448753
198634287040545910628983980255559419452427766849063731696833781683893259587
83838323599652603631267241168196606701627445443527605513123347130369650739
92548815278461175703029437971012463866615069075975069095311198902014275906
182512488427382247082784817541121847991419814270010021128406210344200991606
214570581645965398583120665440442348067348637123063232626758731583256680043
191172886554483264263977150845488455717135584903353402673413920976011679096
126028677307591224032652653653732500554643454890667279940725250074010142060
90869724738991955692478601527376761121177000924054953503069162387811889740
118918390624098556132679173946256019224180859693167760555710540683852997990
198557724592632101741051458601259305948003144220333191512427323333391315277
127774953729777094043477320427419471343156523980823159223294059036405740117
140149212436787397760533983155398700421617611832591185115132635934289450064
124406119883967128228433189733820184835014356763736696708973872928503781736
115191638111300352166160280283457835488360596234394001568818985517516803128
142032880243535436836508551793855487787843044326284766639344664748265452153
141902719719099599596990925009927625043496413124932583864520552092601444716
152337568450614791031886906714857812635170285972588622553865019246683452278
191346042275458609840075670703472815811745557373960490733737395612074731825
124468020457092900182468016928253074280620780731388133747078081451941309284
126006516748130506700045823921470108604163180463564256538269077323817381990
116911652668749668633332839591773714548832859382012160825144752859201488433
200207994861937508914958231613987244929937399905579968306294473254958551418
120837917240677237349499569111490965501944146003273813401653746735452408389
131439585676975080778139332378548631395971103701089193042751849323811008581
152559146855358018846159669619131788748626179800122179627985537877357515379
181029145536571605449973118807404314959081678607315732837633236155419871567
99677458014480288440438617154079368665331016438718215906645975624116886137
204032401346639199369038632907559592958768240058798935868390771234855203909
187970366699735311239235346784701212782231825710268468074036613800688118096
189759883287601743448852318232433538993321795731471472140646345796702335058
87047074003171094355722749028020277569603027916598493736726755494237459022
88959447297912714493129561720460367973289193411804989293085835524598558037
157956102513619164953521246626212552278875442610465440344145849135597645643
191326201016458523493777683015150513498428429773799414057588643129634407514
143675174124837357377921603690692177307478280032702413718968615225243612758
99324877626393331075769543761034680447801096866137843894720858552336539969
172062380263725078958387488908313608768764043855071328353783360949155554151
216337538341316411623860238971551772946883949766758892324341108667786802250
189642201570336177838354627979881950801399810220736421882063027003731564868
138609720838506523531202610290177104973838821825088806091748988247483179364
157755247110743187204015991090038808544028916349526207500395949356006125880
156285286270908227178578773375972453467569694215548364052973384234807029863
124274874871981798008940945843098745747253199030391421965398296426740016200
149107600104556215722345384496441395726072282570260751305397797900300665667
182463635963294410411314833488618775274768534358030420172509793895529796674
202010157975127981479781547791758741946123369707129442287817909339894011970
125835481054132619112155015828219311150982963533671274042570288011156813879
141874327514093971705576896388723150141438856370261842908462058701738700587
131287263971467705945794464050537927616647116429923676482981610356105434167
184569772272325633979327183262446938090665145186440934496168610388580915503
147341104790237000438032206022594830246428205688588709934079508805870844499
138437149247767989393881052506834696450941094730762422149994204599231793977
203984090480627508672842440590419771495151062601263037234858569518392230512
133026023405163195817504376970852709652861820804296964515797653520002461795
184127765722181418070532888909921169807586365037952591958356182310148405589
94114378531601740638698927999112339242382572791479512033894872213573297476
198350620480842922713860067538990653087284991050360393593659587849070335304
118905725354851693784412283059519295631370361657294370171984001876267317039
115364616291819817318725722505318054773567616081746588375081150521197285973
152502343741796747006801086696358494368516530500557391206437466580626523459
175257430937530037032167807626377677098774280154741676875835857830470437448
135055780529031534690803620013775303017544135454256298136518618246020614766
145477960694533113751980869706103667671909750508009773791499567808739758164
148790038793582327909245189440987850531678942483428419008468589751094889271
198461882418740337149345828731360446145925610563857653772524074430061888338
189868859523922666125625603275752725766107613619672327397659717354981379153
154463407727923574014423876611685978550897774770570350754691593758896775510
189449253124112164584165971086913257608205019687780646806685691690800797491
207454856509103520431861779298108765681311176670830328630669592122472623937
177135348026365782551492809550946894641941897868965788557643399458176250190
138375496587941846084978629244903335716872926250118825846186194917277460304
116979243071715009850005334597802750822381006645829241638856501649138340983
196915677741027186762643856748404800063324844812537397117982707986924262709
214170416329706198295348051964604997634530003785140489912428596154608136779
122432003798905646075568495126188235799477427473318628803722272459509091159
95875027969613993764706509286619381460095663953523619172657456792885880942
211024136947953228832903814122882740135937221371833554425661468631558800427
196852969642321628300172752133347225752523090119076496773962245663850262886
191214373806855300324121074535599737394016259664200662693290676597639697749
150943867267634606464476712000208938174651860155801644821033597374141320314
115420152066060683153564200084134252177669442495661293192216929526580607315
147430534942147228053361699258482807079453947124647212600188486682535938384
214626715310738932928758968316387163649156632646470392507591712271286299440
158010394912190378034276901581110536628310107699748049956984557175376276024
189723512426788696261585780695029753226135493490408755276393920551128150900
129651256711082288944782448033641414543238812873257089560688826370088521037
194879225022104217400033874112264065430023952169217445043024453188906203505
201932758923976125964712080457384008080640767850396476850238828577545677877
148871838230437157133242639208905553400946551772213149796490620200445899105
95964854299820733616621610608015768065301637833808460263481650207750572912
216006097277550174684565531290338078111973263297260570809926952628913327943
118732716211395246649297802264787188546529753677426273179697036792775784529
157803422534863753806569680685728097268972930880090144852510288789627759950
148865745590252624855889489650375540870194621920458616114517625705193681737
147210081247620535797332891227855307484279333180274894035880910407701654903
118871804341414387575350119117676449761597061070068518762494156123486630218
85591176979742537894003047222794175165459529734697899020253540632873169492
154525121797992859347510767737628932154882907062729098508294557754378576758
210726018178010341000209920727773898581504088693123772828671194786349926220
115324148028385674746372004127160900023212250459111758836320732009108353382
97696169006927487349209476195245417185510997348274179228202268944305386083
200332420170815867306558626350104752634638526268640161184691631369873351245
115675408955862002061692407097291743045419820350962103164293061086562317937
182794082236849930530765456525483466161058788855977060698461991212732015157
150723176171574218974641162216901476281428519239540170968754241142149694584
159845936867233923156975246090203816005705278159174848996365096360533184579
191662989408403702356819402180276933452458445872478654192261478239830239045
175306681490836816418297949575956263967216147139531761098689414109608636014
150736358345126197054535744424623810003642689365646765381802200865143346532
205673315131427595149595953969403604033787842760232631991770648634260542321
173761017523841668100618030190737362284897910290290093888883372587283263578
177031173945847598443925928277054543029914921286852709463985592094656771660
185893531957404114418645155472777170535646732919872982150926472146374179126
96171021540883884409279372984076511557900360081363433068005253228190445649
117360103710735387480603456641613658186712327959998958940719556662856340045
115378471057190279950531258521291987594359967208605048938486455101763634517
196590671288887028882762939732634432830794814695393580413757257123005221994
129321025589291764871233201268160936924082663755962076000122054862658156342
148969081164002533132909801288634030524335438906812405747517641379351114801
210995530873159442549207744987914399830438228581757370896396525034348955982
120859644114239525600498447774281481813686672717687614786396934515536908373
93997996576524915025394670772417826865433642907601350704782124973769839211
195053116453936074835315473328560858440325988758784781291163096061625647716
189400858548355493967239813607847967671197132542048859306502937907572142458
87398655079976839610598514566740842841320427505848576909110184380967908697
187840094897537643330730045684117024918659918829481380520672777809865107564
198282675653014060715700738243629640789771961844532261429843155106756449337
133226247577755451229996588312369530405055783315675381927550381375756784499
134904589121456642945224287431188650064386715560416438605523175769232921462
147264081081546243075760606527901697232085040725325917815443843614629184858
156044583543457137993759839717608340768666532354720330423723034337210091334
139949553102558943077508501413699423296701745293597750060690599489206047577
138279165669987192177526729366310048964861720884383520628476118382990017875
159571244600638700686862895495222405648327295270755193708838334096337168981
175388588550242677482736179928101684197150349257948150628414189499767552559
140260373690843652457292414840490604520040342975669618490517261730003435819
129326846076726177849545431770722638668685023143011211840321488426504498018
126290214158568003381631953310057058908089530955415589413050605632920972615
90580551299249233406013879000927665250866314408984661936782009952147948342
140266382061125531087210983645510626511075710890211879653193416822752235114
172215325083538693708202997185845580133231342232642030333992612683299570505
212714064658335235576579102131382168644380521170106230677182304403158422603
203886846174389981967810887099677803151219400373337880373599697067693010807
207399237221374738364060214310627577250410643266490678688342199715454792747
94382763744588752969050286049364679219683062527363044397171946975951804752
143662854377464522732953273801688963305059700727222280632656283171301782349
178811932341036338520148868891100630153789169793117770681763110663698659403
143414304840627937014899413066817770377192733532141237459453332810351523649
212582747158112119165876711293719214871464522295109755451601427115812286789
138367699489349825488763005312954308401914173000499565167862257113295309892
200153460573001146771669616046655892155596925918095121386150156010906793841
120520132557382715814813117218015729857101508051162328370887752066458004281
207110416674023214946119547112904061191137575012417519851517757996746229069
188075696903893901122564240231702349302681459061782067903052072230048777079
147369254042967179333270634427199546896628900676774108720580337884503110465
203645632386116085921091498223629110022796694507225199129907074121091998585
92382145221161372617560667854334231777355014301101007447452229412670371141
193085262652470143868304672155876330524093319994761939062484146705394716262
173511236025317585012634373633860800773482232741881142611424537162268570992
172001613060619085739251214414952632689485609173830231640866088376074724651
159769910119658214550446153003791422171895327275834857300576930194669654854
216316830147738931414877445549382388939436553134170501606199517920682127697
189737991601096614324013075989438496864171752179703736129360253866201801805
150729864795347980863886999758889553750730324287843594710216415633470287929
214162522753780907352109271747554872847411020266970421792869073882061371439
205756677504651144118383313431667531077495504659444884628948672473486797677
139929194860481426534110872371379519097055375070154108622472523860246151794
122605841232277739634331819947240037622051009600630054397147065992299692374
133060768894185008622331153381712686294480105846427813556078552384659678578
90491905735291969048441869432872041054171093814850024393005134466366789737
154083896890445732553557196760965019150479257652595888936902478069158536566
182685030729735219908601204477520209849906578064741640719060216056267229304
159543604955601824523605023553055756115286325988807081428001646424047503939
155823376241094179285308587943792090416303957560354632813508143760454075213
97849223880115464079034906107842497863499575005327085016233379847547932777
141909888114078061728987972032857933919163652680958831081223669445219730809
120747570765242604009191855531731261709253363247255834142400005268420196459
207324643781413080696498892817016211397802818724651621106745650466203787894
83631323639034900682482919920674827067093721545813091269307128587805616494
138196317109211263649779371163190173936697519472897322240171638050170352756
179164327696285477867647232750204851396521882707924790795700028464835423799
141928979430749633760847422610560388122813157473381589004614639270107951982
132964096515879689540345017595939859967407895908300410327711261623556527474
138645307527152095901848851972290751888015811156666467080976926220894497593
157983813566555945424785476972476169615394741805734473975335536181419005999
189787413424999725285156263075545267067048198800480796017453043168666408806
156292186335041278842087498838827644370589584134281523233046995867519973702
209077444084982496150295034686369007108572521642083558188267126478603579992
138396983778187771851235978786117804620938228822851131285509229670413985089
99546266916729823875608611468335369892357161928231808084262238059374264632
159618021591901412270457943642034247087002974705838127543350945554772223850
205411561754293009603375717217836048730665483600584090765318315883162002790
138341282325004288647535789978189987682080093124279376569361951085428828265
200270273289089965704396698761659079609769369397624072177960868209046350679
133302491557952355595124054748668892449203122208956601033789806998937423436
127926224310156291471216764667876064771384620376107881117085336531713286484
210608553484656680379918498855035947485312282918368227361387059528069572968
150646557814314714877550839077528354011036225041122410540763013392957131610
189385872822652367760774689580639402517927491657214749463569564373303586130
85543241985130809457415368330356562061999814965045286738054980467940292204
175292910549038314801708281636141383441444038159678237896230255470692030808
189821785237203438619566089831648178561198878168016515752930731601871450992
205468178795689970601963126353961345016624016755460614509116824592915183723
140121046162492047925453357656998899634564475379343960049250178978072448866
138548792826782246059698195405615168770053549959085705127858689609039507811
188054995573023394673561287734031195069468150528264758554705540942817292342
216351205456265405744569952939774848900119224616772236592480918196267153968
97986283845229591529249642420137379918174314111892580677923541978361193548
138437338389463514588956369570919806743804968861125093300310560986041183593
138417603813832927243590055075412171864202629231072707480913045896290849331
157595997666464055821799282518599739849413262619093343897977805090949842810
201967756831307865929219039865680893065102096078946826898345226327998157617
145573503281392075589425487746375502436519994407521060883073845077332865134
193126643772625444161917182975727042601677773799464322112735675168713830739
117421577655580242655948139884360466725360262747550620342990048296094353253
140184051138308816289515025041237856904165952563460878786549433701699368815
83401872686285213442815387501291301389522656488342006963213012717116749419
138658060340900279927598125231286223314999646505204157988837760628312658804
115529604733977708853410249578815190695720214909089069448749558190765715563
186253259269182205941136218090932404167639415639751966228668497993732011577
210809729429892110609349429828266001183178331883658620808003470686001785716
89185537309734588852025244157357415808946886694972849041884096879367107919
203727051724187049788130222008242899076814934714751938984968457788301404746
188046279603156653985022990983765326838359802608465666545553109954979911800
83741030399223873044580296425956716879596470811904468396814957170303976756
186134477239583327851141012938336808249071834906002842192894459133274708066
76480150301297715884655980511562777651144430359479362878437148228605996911
210877826779410002522540547705509750124106678388187968579138998598168629842
196585284660512838623690539792299489074388717227957976740327113427431811947
159556094060021528195393363320664117545353742438566114174470826379151502904
95798380447176440934707582743619485438188788123896602630187297161906577999
143662551708641644468883216176019443766905917281928996070405623312067810885
152758573265136415032225024803401816471704649650085991208493886525731713363
136788037017141069716060556909177804685985475229172485365780638204154182215
157817257095560582384811532242576361755142862955495477775847517884851188080
194873701262030524060684873289592213960383462401283337924646234606077034807
157589631656434690863600996077798906401758777242606912005228978820839981658
83424276843857545933718576452323990958854285271656898530994178351188964217
184258814336229056970783045947702913258282235418562689148087287206566328145
173739883028204528202972587995738584283018261132288338915363929625676904515
142096153750471992536964714567432403072549979483498394372786920647197541986
142059921583062538275029078538490797193255269152655783437591039918567864143
203941061799447424020589598397792037197588607909017361527621120928635047271
186141991560052107113234122590390613719270956245723079749323503328928822637
115322556221215129467508267593935023821507174225894849998571676390059178292
124178115717571067166441083920313899659151124950668282637899238021773283908
180808320173907141485069559447459821383914474300926710645261027592416814951
173732841843038711038427233674511957382275094009971388659383525283518756930
214336572265866189125883047315392578992539418947727823356167874263886221103
129320321144773368711790247831621586637977457585215244514474337001145724246
179130848911690076661705972444621363862710628034450073406815936032088736577
101181959431156689777384924313609626286212165393965830534622463877251688307
159468095824441582150219240721558906879489634340409985507821973359900060752
191119121368190024780405589039922897992322553919302373188691731541916149062
141696071524655224808929477249132760944382589859779996492686050042233709921
198607033614862802726422519079406256425579384993914800444262627330771600993
191492011332918871129159341055273991397592414292465757013832976510390729050
87370670049024439985927820632560949546686007801759540349306700177230229881
97931289027685578973332960868551277429582411001545924356487189189605798242
96212270364915166324346638304505551154672746681027050920695271864279911284
85486336566103783781081936750265340452817729852154803104113822439786425153
189820251157956546837054578866480879766917098253434111579569347215030694726
87273856551362969524928287499138776778629528054664835381267160432341252172
191174415785625131310335641083096730850596390414776248195979474195981152101
138402050784941407411340162173732176192047484340050489851748855672378190443
131088141500414836451970555410802665057353400975174077723455869845683652180
119127303469712595609300189857194540912730471536615406962064310946407348040
200214844158715467294479774876239743167199816882872564804503984933843268197
134647711808166268335453199572236689944688024577517448149132538559636718662
149252293939664531498123803836318407768644367241470647038414448100835095884
115198403349116486590339445289278993953446097635207785414793379626760108646
131307915607016293615316563400233594261433644310535075714054969538012213077
140037786764930293110265904834328324888511104918268443948856738165834993259
182684115882372969988645314599343014952532246334105372571512256751361085490
95937278487725133674868790679504019013183074321808541924216584111557011763
76819657527519399943308095384046833525709863168644889869620113442461529189
101251430780238549459946454211602831992389552306455958261408029705609828175
131439265204730785827738943802655681460583369655410388783893447619587499077
216020652287427839070430118630645290519901962595819266230821054264355346022
120831877684866743974216431823785466178832829087641578933217734017435321410
115310479012941750993265042936406559003694149356628491189852487120177298019
149121482383231850338021530527578607622134343424951839999843834262801832565
87301576862636095221768684839327977706378249099441123296611281673601439810
147189052500311318530244190298559803632055486782377276669657753868531230028
127883624434945659921300696732929372903072582996604445710847536308057361232
97993697835896666211926059721799114328353740447711600348619746922454462305
143787187027937858992156589140423561610574542666938818652296889411688607605
125951968687093645684319920361328196119235592553939826062638391585359883351
115186218105146739166711216404405811980409813561038498427856254827294849074
216268201142306998068468203051829101636062852767863261765305374835182029378
124357046044766521926770994043813721686200840621230119003303620500501522546
150861049968198598633855992810050123658133993762356453923564643546110652994
96025381187741158695902631739087429850011268054193756887741205109512811377
142074723752171549250444417424133884192436191855082960533373583169016050484
145215771227397652919290796011748748209294783705455484367118911862930172737
118898659822072848972627890525736870892063172166285163872674407021252915315
94328357955614650531932019762479011479044332060236996906808501144947151929
101553653996037289297178048563239020973557563448654391795632783989175632181
172132289407136014633519586166975557646811118216851458571112252248768010614
216020547201000797162650631738715654884699645550331973847093586016063746359
129326359344313457940493466705424586012135194353419649600364879701143938145
205632525561848407589771819395615102003142626582826336797542001432751254379
151027091966364149295580623066530037610498252769608769482738645933458278453
92360523106147742603405233886433248446338422363089600568229930794287256642
99691936665503531815052938982166918497803138164515046138967646412622682182
184568827713540434763055543593328725174273379060123029989911183655542600043
189504361337897551954686372771220808297951614546942615665786544945496667979
188117192281382409555208419491790999442266930280823431241436928192239654963
208946551846573871762019950549207905078915428359430858434318722494279275888
131217847375269669096802740843260432356301230308302129158481171152637159730
96116693667701034214714916467569111869134678121603764203605669574132445272
193410314314038052633147499529202124310349290867597111138945370937454839096
156327448348382611016253181688226089616767750075556198914870388605937920874
155829577641393718876638454790163629939826904784370668765570353519297253226
196915970207700888123466646413640634199597704754951865149715296177404408131
172070389593727169080318315016342644087406612617994889186367625064602822244
171746331123338370848351856767564424093006249371563692763192901997153183033
87294722391651524932546488804399438261318735391391428299139173315827290703
92444860264051908778855970537629144624093896608684908670328428931603118197
134731071751437934559339713415033549199347762027763511699033143017786790505
157949279657305171909095834242115097802192791422339204716081887371269916233
215908771988639584272498074020241626719423711092621334211001496093006059384
159722137101889911919282779012321468790928129047469897812450001592673321840
149114506610121773900576450831010201548836633357515926146845036713824630073
205432857586264250541275297431753772391725208333066576903693907104007334738
129527292981959764335567695884804985585015387322874018317720911709012708675
143510175674814027890329693427915223730227044739489461650876929733250609997
90623226049344418906413209426067014366282308780182829691985329974127188025
191588338372507272915981213380881099091916970536420924555022747411934376034
127897536380792346648619242123652225000505797284906050021840480916826714983
76743653847820549811493850567026504938779686462439889487293123634297062728
154062755962574208283341618133087258764490550448392181409032542118568807224
90725624866957006848442120483632114378942088811554461195584490621568172595
216393643904870497804101785826404386881389783355775670876100858335235690055
131238956514892802139712158932569753597801383442205766834251693565064476243
119215920576671099899192922588912090571413121132906869597513613529067313750
196937407780608092417201937039447588419677129893420792888615979413532605030
182553926495224643652337052816533445336032446791217798353034321717617121097
145380145595627075923838940874154048251486674158823957664847841785587393365
173940002687820028234942926317606374958153067637030532753218289460289685571
117221374864236672269707611620954045412835394987865583652361122478030212961
138209717150176240158110342771224203055453916793069959750557658398138984496
201747111137068022487509494678568552528727917590964490420592187210176817970
148748842319158967270720419426883096723902702473429528782160420983917999949
117220803755701632658413649637715265783940002531143405383770002665287412066
120906604640140834202505253847089434836155832195115570050734610124053963065
200215921718126958596150991312040094850817547988619809950089062908462254423
101436481121917259737932178647483019141076625917182155251306139203214128976
120478347578172640005803087258358191445979550231899400926482774870786393454
181028582535826035405011500468164311337800090736541671030566208035640014660
216392541258079225200488736076012652259969780525604123895999470215001361750
83783061592385063967588482290862829329447794906045399443963532416866935920
210554283838947607395700670294327454440760856451171661674465335218327931509
94417786427446828663780435873870590730941600250525298894027294560149066551
203914150802817402377765547920477771262891389091924041218137372709130497380
87405829819240512050261167009072318327745440916180082829761613088865806449
124013363589269395003125997961141644258671978943838134321876605452045152076
118906418512974577175265355789839317264207086572890523312413069226974078819
191193482146654450570743787049823713361325192379946284083946944311943852867
127540372502329031969544874869631722928089375479792202147585889415570282578
152462496936608473608462963248461763677879289794471532065868858050853560641
134862501388236392785742349157366000278203911992485409081559557212909678693
173988965027243371420564146922750231421271032580008702980702460406072104259
215881865327925827493748992493884369934791582824479911848280020542386419283
140389943277220454241283956875873308964220666152797593956317403705003626074
209097637481594365515869968835258278768495343338800311667383089206694273633
92388565162644170940505406199129163316367215589370195983245494330074814314
200049745347235071276582071374045034609080545318144299016384438501351903813
189648971044488058221664317245152332330987110360631836731902055895876842566
205438795077612115176270227024298016125084360328046034406538330527668203344
122377892035233950381063746469252077180654278785808752865592588060570581328
83588406154084971820331220249724102530007530511411464725450034025557407565
122603977074253047822003446926642006105011232393310437298585113729799435852
83602936413914680239179129143695229066897685366633789960689150586315699018
214369412864930325947651612861099332313554553367734675036178230221410087525
198228190101116839528445772070559552414952048801125625438635468676063849047
116992915559185853577488324948983139149261829516019804839825074778910632756
117104904961521112521079301904207120598318471689953905894109111214066399097
149086037321976055835984019516645080288858677121180272804734046121103804775
177280934678057146569191551926896370028861781918003512447692794381315359321
124012443671503962339661794113386429627165044410385576127887913500319503737
175541828050273107980709726767900849697823164365668221306539978369233219173
148954902361286935715495066760790209977431906145011374573423487926416130865
131094985541807439840176625723238263940518594676793339238387305703311685199
136629244304057682547047852044157552155658054485884798638028282664911141175
202003397562356552398062823035819408279642881012451947211174288150145888621
154560816762827898770382726012427128136965569050097462596891771152265390957
94176655190178961131828268289022321607101121633796155319854851544788657208
210774223496459198801284868891227739511472944105466959013842425681841770819
95785194057724391780730990349113850023761487739642004266676718525409735249
189773283331358180201953710465713059775846361738668392577172722779736599110
94341892690513701372015740643229323825309221661267810684612976278384825387
1721325175959193117721006115871098453129727915826296732989
24
