3
106807716850814296134140049296529076090925049622793057818163845547793264434
85141242008624648628017659759041329482553452429887932584026625492170143860
109959902074182448716388542695175305188153624564173201028803982910064916270
0
0
4
141846799097912995753374982500409947119594071201489911996593615827814873397
90643902556200815831577129625466100218074578069990490437229521024641421419
131494480133953796290751121123624652496629114541070625211370381118158351171
188117298117845900902290319177022883520516528976218571562020900181697061749
0
0
