33
106807716850814296134140049296529076090925049622793057818163845547793264434
85141242008624648628017659759041329482553452429887932584026625492170143860
109959902074182448716388542695175305188153624564173201028803982910064916270
210608041666587808869456413333176185103516828644325734446346971224375042865
88695964896965961700165544134035899075243825747226594470503920686999303284
198288444659609696437271673580171862198413903194568881506098534081485108286
117311609929910743275741821727753701234350254909198659842124571299977132141
191581781926283625009874181677788324276779484400620942114548869448739288679
60502338330734497059742294776714262473865274915150530237493516028314281790
18085688291732336640106959574993751861755014943845224963318264534597265199
88674936215515406512868069020579680984665419267335197642736664070459778424
205383790381769857421960902831081576371879357133525600708625084908186335095
82097652642565787789227999148756971201124871868170369473774928115805724707
86921974787019605437472849193176585006309382141230432832609109803521960052
205728823751244182608370602561101094172700686346925583835489516748699695220
110002766492548542275085311537184985876750682289527432668547883586782961784
193334696396493437334774248603156978866901914620382391990390032462179693430
182221584931278017576219260915492147218019377608326059445265647780125439591
109615165236149407874164862856900767324513982133412770813552546450980696679
83388198514175920547105873429528809622738092447167119147507431554778362981
212823928204584908055550234865834134307000721363877109352360810893036975991
210575494664262757828964074460082135302224977758933696522228071266774119456
62179186231255246869155540843162994089142832414635844912508596380411699816
205757887732070879819976457752432848985100244093614477203963700274743502200
205383957820904099974924562084370676687069189390265265675967834520204764960
212776861431204922039584661997756303847996903229060143693305205219419762547
209199756709987155646986211575615526067713488025105560728057600689170248566
182413431911377294571588099072055375752592224120897396322515878367713980274
182310982822619585636716774894604704042819662051810499245695389637650689908
179282897012165977085005040679979434685712595152265159728689885748105523063
211077361234660011618181793504266999224494900047569490768511091357207589748
56781993519124139354748158855191997952140198889139477929080885145974816034
184555836485905372150959723115358966462406373103555053196225028138630673509
120
1
44
141846799097912995753374982500409947119594071201489911996593615827814873397
90643902556200815831577129625466100218074578069990490437229521024641421419
131494480133953796290751121123624652496629114541070625211370381118158351171
188117298117845900902290319177022883520516528976218571562020900181697061749
177528807809975660265524257190213508799963916284916153091972397806590903349
119002263448932364700131297447504452666730472909432586222897051040383651943
196509196428668930894060499125002496529032683526726496965908068489350099788
195039747176114457660759718957461985120436247813947496924926103361631572267
143869232147549713245835277671918216463138276015733216050931795882520771124
133067618917355047358408933581111115042997206606302241827857158908773885049
93996972177614528904756865701974158292833500354993705133715556485011353680
189566286244310380282173579146381439992355734444367285648743779089553122091
119113586535924585632480504109060786199193438781979823989311759627940279139
207414578484578683984158011716570737870565474982435371823243442730168509508
94107747024851761517524655420028995607086062444210275820378320274135346768
182752861720723073958384566401227648132297375298215028065298517125676360755
135042250935563906148567952708639393082265480255570273227105063889495476305
76536412973546892239448336585351426713640941456338073074428018983248747130
92395842754871903292075254935432978116165870475838053954463589494203626340
214155670510753310633113204096541476970956932382711588093392926748926568496
142088258487912583789641040602974033766168851337722826359293901490478148963
76439711232876481584708669501121514876672406935893723886687315716629292083
175728072610265434113059569806816787511727802177336415025223558626134078564
120513208791745961605092060735752947340359084918964785542192574501468985966
142061643548367320874313739771938276766715498372308169103108568435931755364
90636709096414647317141016103156966936429278272904888243995295421741950280
143413582610227048244057442624962928792626355574488956205797086753855517274
215916263163724106581396964055227594001719308350371755289095579954161345587
177521252065771063077990348527793966727166190204681862953150436249374972008
85363691369080856350426565350515456079118324125567689780303089464742929517
175216452035063472384936720813787688984407907380279611712971386254987440996
90795638087331450160752311482446722383419365467911787235394195791806944820
177155461199681190620849640936540886533296667363026602005684809873408340826
194908105420733086101328013127705170634643211071834914178935699987641033779
177038756122746302674412332168444808484843816555815430531863726752003157093
127773197971114871137200769438743894580175037276507412469934541363200871986
159859658733037886953830356957703399213542766767049345900042587725531722596
90802642694579519023896572336825539489729671671143605391362660157522729560
184085546656362442371781793848163976646367381228679870432851353877654108772
193270769326605858613583086646656976385291088147646683668508870418454100275
177039376939117071435520188791020159092058621583920926231048878706573723478
92568060888787239789194163948540125661049852744419008486408228755784229683
159777595616854328280080087618142764747265125762055061364456025694412502628
90800757944802078553570095710421831840345599899077720889717008948548620908
1698774333
4
