264
106807716850814296134140049296529076090925049622793057818163845547793264434
85141242008624648628017659759041329482553452429887932584026625492170143860
109959902074182448716388542695175305188153624564173201028803982910064916270
210608041666587808869456413333176185103516828644325734446346971224375042865
88695964896965961700165544134035899075243825747226594470503920686999303284
198288444659609696437271673580171862198413903194568881506098534081485108286
117311609929910743275741821727753701234350254909198659842124571299977132141
191581781926283625009874181677788324276779484400620942114548869448739288679
60502338330734497059742294776714262473865274915150530237493516028314281790
18085688291732336640106959574993751861755014943845224963318264534597265199
88674936215515406512868069020579680984665419267335197642736664070459778424
205383790381769857421960902831081576371879357133525600708625084908186335095
82097652642565787789227999148756971201124871868170369473774928115805724707
86921974787019605437472849193176585006309382141230432832609109803521960052
205728823751244182608370602561101094172700686346925583835489516748699695220
110002766492548542275085311537184985876750682289527432668547883586782961784
193334696396493437334774248603156978866901914620382391990390032462179693430
182221584931278017576219260915492147218019377608326059445265647780125439591
109615165236149407874164862856900767324513982133412770813552546450980696679
83388198514175920547105873429528809622738092447167119147507431554778362981
212823928204584908055550234865834134307000721363877109352360810893036975991
210575494664262757828964074460082135302224977758933696522228071266774119456
62179186231255246869155540843162994089142832414635844912508596380411699816
205757887732070879819976457752432848985100244093614477203963700274743502200
205383957820904099974924562084370676687069189390265265675967834520204764960
212776861431204922039584661997756303847996903229060143693305205219419762547
209199756709987155646986211575615526067713488025105560728057600689170248566
182413431911377294571588099072055375752592224120897396322515878367713980274
182310982822619585636716774894604704042819662051810499245695389637650689908
179282897012165977085005040679979434685712595152265159728689885748105523063
211077361234660011618181793504266999224494900047569490768511091357207589748
56781993519124139354748158855191997952140198889139477929080885145974816034
184555836485905372150959723115358966462406373103555053196225028138630673509
212823928858644026190522749159792294855106931646129998668639493508708922983
57370265687873942773382647609702128068385722603258322846193371899252191279
204004598999162585228825252474402877468862653953294248780578688151343345523
209200506112253168447749371099664601179176663206795292512734359402403016303
202132717661386671328889339986624760429500428548710445988541604563130727471
205654583330746355579650811026334717502729196862385334922296514216147431215
211079321650950625890795925219283346349191266931509474339785634404435845491
205176064176476660901016995081706641577988679689482500227766791557545358141
60793721438738135065796801443678600500878227388706806502682364860115598452
179282897014720895515219777063940208750353635036180210077581599352072991606
182209350272516843536038168543746006067997973107107730510143381592121290800
83838705009424542338965081177395306484004487895159146691014626961344314415
204004601926515186841328233566293694168516806981347724295362581740066911022
196909605118765452268624496566786708227278448602212104531141028986305524540
83845150260719791441897993515488790234136779078397783746255712219409955375
83866340644783089372800904117804995815568271539605299915855279095145456993
203988881450203559858723810222473545888824666420733221200499427178172935795
108015146425851514944681916300957398998683073285149892408319081266584632892
205654583330756335729768837340334564276419200924431878087721872472412929139
209199708918351369810891754183538392703846216913772676630654779336873357360
85136154050805512438509862384009289175672369580870175406598873548613500476
83838705020859513439013920947285504986737511930424980579744251545675265843
82044143124800856708755999473888262307077065696130863106918654903938265651
106338344004908996460317764081744989036501130605812128830055183453414256698
83369414937727747433277486066627346008796306713855674234511801144718541413
172180996851668137625277997455744633323894159350141028083110252412798856302
203609346615240180382331876320986244159999253895716296951204709559848870462
106814162102838826711442259565435792841353796316148199511076535641902549564
204004598812476507940403008500215076166660047425515604702073208380435935792
85141222211123406852961209185597625045561697243704984112519124511845020734
106338318828190792249368998173275444953503477218515360067685998060157480567
90429685237778854155266750660833720331838698528532078048213317261642117426
90524584459966776576171288803833160670625511282085520492444319326288508016
102802791534246790129242495223037036988340926591886898298531721398193503810
179124135561568645950511789752596272572497335144399003161231875754042092908
195148526135838058208781208973599889257273225741848227178342325538906335010
109961760836974042601006016372488431547090539873148329307879727197493607946
106807716850814296134140049296529076090925049622793057818163845547793264434
85141242008624648628017659759041329482553452429887932584026625492170143860
109959902074182448716388542695175305188153624564173201028803982910064916270
210608041666587808869456413333176185103516828644325734446346971224375042865
88695964896965961700165544134035899075243825747226594470503920686999303284
198288444659609696437271673580171862198413903194568881506098534081485108286
117311609929910743275741821727753701234350254909198659842124571299977132141
191581781926283625009874181677788324276779484400620942114548869448739288679
60502338330734497059742294776714262473865274915150530237493516028314281790
18085688291732336640106959574993751861755014943845224963318264534597265199
88674936215515406512868069020579680984665419267335197642736664070459778424
205383790381769857421960902831081576371879357133525600708625084908186335095
82097652642565787789227999148756971201124871868170369473774928115805724707
86921974787019605437472849193176585006309382141230432832609109803521960052
205728823751244182608370602561101094172700686346925583835489516748699695220
110002766492548542275085311537184985876750682289527432668547883586782961784
193334696396493437334774248603156978866901914620382391990390032462179693430
182221584931278017576219260915492147218019377608326059445265647780125439591
109615165236149407874164862856900767324513982133412770813552546450980696679
83388198514175920547105873429528809622738092447167119147507431554778362981
212823928204584908055550234865834134307000721363877109352360810893036975991
210575494664262757828964074460082135302224977758933696522228071266774119456
62179186231255246869155540843162994089142832414635844912508596380411699816
205757887732070879819976457752432848985100244093614477203963700274743502200
205383957820904099974924562084370676687069189390265265675967834520204764960
212776861431204922039584661997756303847996903229060143693305205219419762547
209199756709987155646986211575615526067713488025105560728057600689170248566
182413431911377294571588099072055375752592224120897396322515878367713980274
182310982822619585636716774894604704042819662051810499245695389637650689908
179282897012165977085005040679979434685712595152265159728689885748105523063
211077361234660011618181793504266999224494900047569490768511091357207589748
56781993519124139354748158855191997952140198889139477929080885145974816034
184555836485905372150959723115358966462406373103555053196225028138630673509
212823928858644026190522749159792294855106931646129998668639493508708922983
57370265687873942773382647609702128068385722603258322846193371899252191279
204004598999162585228825252474402877468862653953294248780578688151343345523
209200506112253168447749371099664601179176663206795292512734359402403016303
202132717661386671328889339986624760429500428548710445988541604563130727471
205654583330746355579650811026334717502729196862385334922296514216147431215
211079321650950625890795925219283346349191266931509474339785634404435845491
205176064176476660901016995081706641577988679689482500227766791557545358141
60793721438738135065796801443678600500878227388706806502682364860115598452
179282897014720895515219777063940208750353635036180210077581599352072991606
182209350272516843536038168543746006067997973107107730510143381592121290800
83838705009424542338965081177395306484004487895159146691014626961344314415
204004601926515186841328233566293694168516806981347724295362581740066911022
196909605118765452268624496566786708227278448602212104531141028986305524540
83845150260719791441897993515488790234136779078397783746255712219409955375
83866340644783089372800904117804995815568271539605299915855279095145456993
203988881450203559858723810222473545888824666420733221200499427178172935795
108015146425851514944681916300957398998683073285149892408319081266584632892
205654583330756335729768837340334564276419200924431878087721872472412929139
209199708918351369810891754183538392703846216913772676630654779336873357360
85136154050805512438509862384009289175672369580870175406598873548613500476
83838705020859513439013920947285504986737511930424980579744251545675265843
82044143124800856708755999473888262307077065696130863106918654903938265651
106338344004908996460317764081744989036501130605812128830055183453414256698
83369414937727747433277486066627346008796306713855674234511801144718541413
172180996851668137625277997455744633323894159350141028083110252412798856302
203609346615240180382331876320986244159999253895716296951204709559848870462
106814162102838826711442259565435792841353796316148199511076535641902549564
204004598812476507940403008500215076166660047425515604702073208380435935792
85141222211123406852961209185597625045561697243704984112519124511845020734
106338318828190792249368998173275444953503477218515360067685998060157480567
90429685237778854155266750660833720331838698528532078048213317261642117426
90524584459966776576171288803833160670625511282085520492444319326288508016
102802791534246790129242495223037036988340926591886898298531721398193503810
179124135561568645950511789752596272572497335144399003161231875754042092908
195148526135838058208781208973599889257273225741848227178342325538906335010
109961760836974042601006016372488431547090539873148329307879727197493607946
106807716850814296134140049296529076090925049622793057818163845547793264434
85141242008624648628017659759041329482553452429887932584026625492170143860
109959902074182448716388542695175305188153624564173201028803982910064916270
210608041666587808869456413333176185103516828644325734446346971224375042865
88695964896965961700165544134035899075243825747226594470503920686999303284
198288444659609696437271673580171862198413903194568881506098534081485108286
117311609929910743275741821727753701234350254909198659842124571299977132141
191581781926283625009874181677788324276779484400620942114548869448739288679
60502338330734497059742294776714262473865274915150530237493516028314281790
18085688291732336640106959574993751861755014943845224963318264534597265199
88674936215515406512868069020579680984665419267335197642736664070459778424
205383790381769857421960902831081576371879357133525600708625084908186335095
82097652642565787789227999148756971201124871868170369473774928115805724707
86921974787019605437472849193176585006309382141230432832609109803521960052
205728823751244182608370602561101094172700686346925583835489516748699695220
110002766492548542275085311537184985876750682289527432668547883586782961784
193334696396493437334774248603156978866901914620382391990390032462179693430
182221584931278017576219260915492147218019377608326059445265647780125439591
109615165236149407874164862856900767324513982133412770813552546450980696679
83388198514175920547105873429528809622738092447167119147507431554778362981
212823928204584908055550234865834134307000721363877109352360810893036975991
210575494664262757828964074460082135302224977758933696522228071266774119456
62179186231255246869155540843162994089142832414635844912508596380411699816
205757887732070879819976457752432848985100244093614477203963700274743502200
205383957820904099974924562084370676687069189390265265675967834520204764960
212776861431204922039584661997756303847996903229060143693305205219419762547
209199756709987155646986211575615526067713488025105560728057600689170248566
182413431911377294571588099072055375752592224120897396322515878367713980274
182310982822619585636716774894604704042819662051810499245695389637650689908
179282897012165977085005040679979434685712595152265159728689885748105523063
211077361234660011618181793504266999224494900047569490768511091357207589748
56781993519124139354748158855191997952140198889139477929080885145974816034
184555836485905372150959723115358966462406373103555053196225028138630673509
212823928858644026190522749159792294855106931646129998668639493508708922983
57370265687873942773382647609702128068385722603258322846193371899252191279
204004598999162585228825252474402877468862653953294248780578688151343345523
209200506112253168447749371099664601179176663206795292512734359402403016303
202132717661386671328889339986624760429500428548710445988541604563130727471
205654583330746355579650811026334717502729196862385334922296514216147431215
211079321650950625890795925219283346349191266931509474339785634404435845491
205176064176476660901016995081706641577988679689482500227766791557545358141
60793721438738135065796801443678600500878227388706806502682364860115598452
179282897014720895515219777063940208750353635036180210077581599352072991606
182209350272516843536038168543746006067997973107107730510143381592121290800
83838705009424542338965081177395306484004487895159146691014626961344314415
204004601926515186841328233566293694168516806981347724295362581740066911022
196909605118765452268624496566786708227278448602212104531141028986305524540
83845150260719791441897993515488790234136779078397783746255712219409955375
83866340644783089372800904117804995815568271539605299915855279095145456993
203988881450203559858723810222473545888824666420733221200499427178172935795
108015146425851514944681916300957398998683073285149892408319081266584632892
205654583330756335729768837340334564276419200924431878087721872472412929139
209199708918351369810891754183538392703846216913772676630654779336873357360
85136154050805512438509862384009289175672369580870175406598873548613500476
83838705020859513439013920947285504986737511930424980579744251545675265843
82044143124800856708755999473888262307077065696130863106918654903938265651
106338344004908996460317764081744989036501130605812128830055183453414256698
83369414937727747433277486066627346008796306713855674234511801144718541413
172180996851668137625277997455744633323894159350141028083110252412798856302
203609346615240180382331876320986244159999253895716296951204709559848870462
106814162102838826711442259565435792841353796316148199511076535641902549564
204004598812476507940403008500215076166660047425515604702073208380435935792
85141222211123406852961209185597625045561697243704984112519124511845020734
106338318828190792249368998173275444953503477218515360067685998060157480567
90429685237778854155266750660833720331838698528532078048213317261642117426
90524584459966776576171288803833160670625511282085520492444319326288508016
102802791534246790129242495223037036988340926591886898298531721398193503810
179124135561568645950511789752596272572497335144399003161231875754042092908
195148526135838058208781208973599889257273225741848227178342325538906335010
109961760836974042601006016372488431547090539873148329307879727197493607946
106807716850814296134140049296529076090925049622793057818163845547793264434
85141242008624648628017659759041329482553452429887932584026625492170143860
109959902074182448716388542695175305188153624564173201028803982910064916270
210608041666587808869456413333176185103516828644325734446346971224375042865
88695964896965961700165544134035899075243825747226594470503920686999303284
198288444659609696437271673580171862198413903194568881506098534081485108286
117311609929910743275741821727753701234350254909198659842124571299977132141
191581781926283625009874181677788324276779484400620942114548869448739288679
60502338330734497059742294776714262473865274915150530237493516028314281790
18085688291732336640106959574993751861755014943845224963318264534597265199
88674936215515406512868069020579680984665419267335197642736664070459778424
205383790381769857421960902831081576371879357133525600708625084908186335095
82097652642565787789227999148756971201124871868170369473774928115805724707
86921974787019605437472849193176585006309382141230432832609109803521960052
205728823751244182608370602561101094172700686346925583835489516748699695220
110002766492548542275085311537184985876750682289527432668547883586782961784
193334696396493437334774248603156978866901914620382391990390032462179693430
182221584931278017576219260915492147218019377608326059445265647780125439591
109615165236149407874164862856900767324513982133412770813552546450980696679
83388198514175920547105873429528809622738092447167119147507431554778362981
212823928204584908055550234865834134307000721363877109352360810893036975991
210575494664262757828964074460082135302224977758933696522228071266774119456
62179186231255246869155540843162994089142832414635844912508596380411699816
205757887732070879819976457752432848985100244093614477203963700274743502200
205383957820904099974924562084370676687069189390265265675967834520204764960
212776861431204922039584661997756303847996903229060143693305205219419762547
209199756709987155646986211575615526067713488025105560728057600689170248566
182413431911377294571588099072055375752592224120897396322515878367713980274
182310982822619585636716774894604704042819662051810499245695389637650689908
179282897012165977085005040679979434685712595152265159728689885748105523063
211077361234660011618181793504266999224494900047569490768511091357207589748
56781993519124139354748158855191997952140198889139477929080885145974816034
184555836485905372150959723115358966462406373103555053196225028138630673509
212823928858644026190522749159792294855106931646129998668639493508708922983
57370265687873942773382647609702128068385722603258322846193371899252191279
204004598999162585228825252474402877468862653953294248780578688151343345523
209200506112253168447749371099664601179176663206795292512734359402403016303
202132717661386671328889339986624760429500428548710445988541604563130727471
205654583330746355579650811026334717502729196862385334922296514216147431215
211079321650950625890795925219283346349191266931509474339785634404435845491
205176064176476660901016995081706641577988679689482500227766791557545358141
60793721438738135065796801443678600500878227388706806502682364860115598452
179282897014720895515219777063940208750353635036180210077581599352072991606
182209350272516843536038168543746006067997973107107730510143381592121290800
83838705009424542338965081177395306484004487895159146691014626961344314415
204004601926515186841328233566293694168516806981347724295362581740066911022
196909605118765452268624496566786708227278448602212104531141028986305524540
83845150260719791441897993515488790234136779078397783746255712219409955375
83866340644783089372800904117804995815568271539605299915855279095145456993
203988881450203559858723810222473545888824666420733221200499427178172935795
108015146425851514944681916300957398998683073285149892408319081266584632892
205654583330756335729768837340334564276419200924431878087721872472412929139
209199708918351369810891754183538392703846216913772676630654779336873357360
85136154050805512438509862384009289175672369580870175406598873548613500476
3419206727898905715
8
352
141846799097912995753374982500409947119594071201489911996593615827814873397
90643902556200815831577129625466100218074578069990490437229521024641421419
131494480133953796290751121123624652496629114541070625211370381118158351171
188117298117845900902290319177022883520516528976218571562020900181697061749
177528807809975660265524257190213508799963916284916153091972397806590903349
119002263448932364700131297447504452666730472909432586222897051040383651943
196509196428668930894060499125002496529032683526726496965908068489350099788
195039747176114457660759718957461985120436247813947496924926103361631572267
143869232147549713245835277671918216463138276015733216050931795882520771124
133067618917355047358408933581111115042997206606302241827857158908773885049
93996972177614528904756865701974158292833500354993705133715556485011353680
189566286244310380282173579146381439992355734444367285648743779089553122091
119113586535924585632480504109060786199193438781979823989311759627940279139
207414578484578683984158011716570737870565474982435371823243442730168509508
94107747024851761517524655420028995607086062444210275820378320274135346768
182752861720723073958384566401227648132297375298215028065298517125676360755
135042250935563906148567952708639393082265480255570273227105063889495476305
76536412973546892239448336585351426713640941456338073074428018983248747130
92395842754871903292075254935432978116165870475838053954463589494203626340
214155670510753310633113204096541476970956932382711588093392926748926568496
142088258487912583789641040602974033766168851337722826359293901490478148963
76439711232876481584708669501121514876672406935893723886687315716629292083
175728072610265434113059569806816787511727802177336415025223558626134078564
120513208791745961605092060735752947340359084918964785542192574501468985966
142061643548367320874313739771938276766715498372308169103108568435931755364
90636709096414647317141016103156966936429278272904888243995295421741950280
143413582610227048244057442624962928792626355574488956205797086753855517274
215916263163724106581396964055227594001719308350371755289095579954161345587
177521252065771063077990348527793966727166190204681862953150436249374972008
85363691369080856350426565350515456079118324125567689780303089464742929517
175216452035063472384936720813787688984407907380279611712971386254987440996
90795638087331450160752311482446722383419365467911787235394195791806944820
177155461199681190620849640936540886533296667363026602005684809873408340826
194908105420733086101328013127705170634643211071834914178935699987641033779
177038756122746302674412332168444808484843816555815430531863726752003157093
127773197971114871137200769438743894580175037276507412469934541363200871986
159859658733037886953830356957703399213542766767049345900042587725531722596
90802642694579519023896572336825539489729671671143605391362660157522729560
184085546656362442371781793848163976646367381228679870432851353877654108772
193270769326605858613583086646656976385291088147646683668508870418454100275
177039376939117071435520188791020159092058621583920926231048878706573723478
92568060888787239789194163948540125661049852744419008486408228755784229683
159777595616854328280080087618142764747265125762055061364456025694412502628
90800757944802078553570095710421831840345599899077720889717008948548620908
178950667597191484753292738080654863436779682323798871850242908132754600782
88966805030845145725078274869011954694552096276464734413502351422933847091
177039404300864134204516846059982576346380146217527300520720630520502300762
156201625867124236793844952697596219926593455507978999058579671314835126650
177439670420520487093539059006505355396753433000638640670240732904334063929
90800760369866026869043173275353766803655032731218757982291950948371162183
152310441558787877499590124766814977227027091118586117150358165454742582883
90733331536575938028592235380147214481995683138164594447656822616292407414
177039396938560316077679633260660686863374739687167668159386077195467245650
191518509041367036832313679838362757769668181496644186820298481099496508467
138161597634865716557985792069154722182569338082378219102288027261070177868
90800760476747851332984566467810651246054726186818782881860981228894320688
159626398431098043712472731913337651658561806404383749196017134957409354553
216248465615543046361871432039880220475471603516484257580954084420607167609
101064973162562695953705157437953206053743359593516603886299881407071402084
126041104261604302546896896477617585628544431252850923046752626875583592310
175272286489374798386670640993002633123491201427944732301100173391314250040
209179513788140602125507541155088840675703157408226035762097133616573927496
145629578487770355013456620372787922820391445877772020920738499447789729868
90648894044458795014052804538158979940727340217540856782570228872412163958
134635067393769505342600081019226692559318677436714301687874340756164471416
85432199728233924553250126644696563961510484106296834010134039595473129539
101555003261178621811099017823752137513398893073146547244107155365947323980
214183279889600764410648158361135145126272986520362068166645209268153365560
177177054541360324765153566076157545276609891372143344730311997577994726007
209172611012948471197027037279043301403281737336900946168900704304838954857
99760543103324446683717423874240502670228563683660544607005639200576449360
127781854205011524679268734976821335963095994660504611941477281256536552504
134634474165518376216354253824188990718282242335271809789048986254771962991
209013871875856263021073636654145739135452938415060202299317790896107901034
212355367303594533317781833396356067852272717953614496982444830247284190032
118775452571640729073530538088149572347603135516733448894319909062253756726
135117030360225962034309704425059991363538280016142205146018029146942827060
99635533496891711225278541159088427297575855613207096595162728512925749354
211071881220397065186025789452778566279577153014670925337443406330012530511
185908631423227715726104508765015196125441389498829289605139766913852328235
141846913050259072634942193555436689609804555479192112790124891733317927988
99469351542298578613759793845604175131332388234156817161798419874944410436
196936484627415724111172091475644212050348575593877533266729998464168716624
188115302020038405081602120365453878567761233373321916189727932455171150123
141811731793878717964607278723840315533181536498161756684471933248184010817
95937542397877386461694587323027990445947951837596479227418367796156713322
92265248671198218385305214340034451992160318323521276043398376875469844560
188110288402525914971712448318799278952242891322779167862989645642994307703
140307123708989345301635598296053903360236233280903699604126967116624197961
76528513289573100674562035475521420749370106610492209389815492013915923524
92264599522938088961041469233341154132135929779071860889361797544852729955
120914883548005977083973496032845194279590579110955673266592385744398803817
142082590580786521386513808342111035479354029067914055384844620839562594385
76528375862790364914131039714460497413133297942597559561277785144833369160
115219815235586689963780332030020281616465937483780843524886506083224022601
187646199994130606976397133572265122255807669312266864545434782246687500336
142082570996343113222022051810678790949605910544279122774193299406702528594
210802875410615974850496916644251263943471506514452186093049758919121066617
129278775233859450984090725505309307205208551450867419135806219460040602724
120506008996816611321668298289711197959597560963241588608868291209557725744
175390183176919446976730724042427234607075556490338447452736640434783415651
186073951921186551955412307141842815394227035847986529881615700435879617864
143413551215263155559192921934061011100046247592013407324886343652924207204
127663066067307682237668436975482399864643160643340583904774734407456217710
129712828697549128743082268857249712289218073180171226382507857312512366696
85363669152316913106021803675545552786866125138093300313173790237853181000
145704908043900233677590148641560924797632865116122833417897684126772638298
214293490053941767359985601986398254896395897426054844788713593401172776500
177155433075482247846305016864486035949778067660074558267664011891799312466
85493777012397289409751134426450820144903115942570094550199350163744121965
175644710787752183597322281898321756564554605149467474236389075257797012581
127773197848478293431400517404795058964188396229700867357118483772962859056
177183390329663853592070642406227329707219652033824944968038646435541103450
194859867862722077538315390194444668429652986754678129246433353459815176792
184085546569578208218483337747871125461632021076385048598995380052549070692
127782148461090157017800506571621230502069593954404419802794309321688829490
159853319775577799691246718824622034607662597193126232968400470590559110998
92568060778927087668981099010758661400957983214329352065556585013668569416
145215419378282191937587235429772641814044707340451418997808424717571947108
193272442212358548891756467744643437586776036185807573756490970766121325164
178950667596712435621629455846147250797654734507209783783395970407792733544
85500781727837697248092305982559414266388053815786838681118498624684581683
159777407188893347777880819559809715910526882698316167673313438403288182874
156201625866785235879183630603454450976653083007384097410791171417080810095
177183855495264566384180533303087247014397099038946288077015285400049824590
88966780269292567259208807532554605614060376864066597253613124402875360327
152310441558358736280370542481901768382261107253234204429964213721374943585
127780236395990086542253620191887682521664952713093203340215835652121639290
177439676955230458539938173776419365010821733578912706647146912983817139026
191518509041365165546643120142134212407796599669235635695037360249008376173
184086082165576336281538300647507898358036403610282288983245164069685130851
90733330800529215448505519489294351009977174376196864394175796884686453040
159626398431096719490149836123907410373601101824303300361455461129683751754
196812148625929037796184227790679139815500701221314588289299129302074739763
138161597538140901798353489462371685662723667303423538879007209968023074404
126041104261602626214009319984317143406494564128376892137688588001625124969
171883306831925116245135535775937657295116191718470559263343519633400218425
216248465641069257187833928581950197075526557815618140651176374186542648371
145629578487770347703746969748974530065071635011258706267905448194467510601
193305416319303174488179186567882445953156824461045131626595877363042763126
175272286486499615876592177259053989125553629128093295855578763134550164281
85432199728233919380506677833019102081491106354030894756874033057083576403
131515480249170475693055359694783310561138107982941563011503933619490092876
90648894044080963706397990856101233704321693066060565062948038179861198710
177177054541360318216978223980480590424180009078688368047073466176143325744
186190360969042562091578798264631200635694856795840266224891086759293046083
101555003261278333572137933825869598359492857738377538974850211185345509452
90678065844665453729465934138470776065268364814919296185560921922933247289
129734935011319334084925167501763842459910843317471141488293642840310629441
209172611012937240015347043280082564512664793695104651495285386296023470147
101044002222556320533828061752631586269672406756105713795575592665308559952
147162038721329221526089690060469984120560609174984739004607001947988574583
134634474165516900312808727208243452647046282776086339899519212072379185783
209180051513151539633864176275088137173987552991786663496033412479779693434
85535965206897770328168509716381304387202410084388461029778078469699237709
118775452571641118572597096353782843679033190066207007455768124124048280888
134634588117862933476961336361690208671893730712605319317966918649500560973
101217059782255872935017196477900120411775608853619152259370200516024290628
115662139722364267516724286936102526046414050147286734822807861624239127120
118773456473833610709166198415996757694307328929557508138661582645454386554
141922616896025938638250087911232192141669651629639300786465242204768912449
210780716623336785612259311679064504370373108270292743281703634875979484538
211071910284850983422107184526981866419306472607072822670752518471320892771
215889466767052332624506703331715673401215544833217655316733527176721875319
136511190599543566497338114964836689951837483458118780898237771734391286349
99469351987424924540559040261766289263963683110630776183395755548361319022
136442603127710030381566318480946523064074758531507109588876842345297442637
120597405638220619831651434296362609568637709870929927960170814897367828858
141811723996621658908496480521995968600942099753680600665895142910618388277
216109727125212989531967959496539309681506432495503791409533086410061991236
115668421384904890741712225484536049248983223251096063306348557907754580301
216379841552513087363154901280194581846653451327446891104393583582978209909
175761177642618846803060931883438447416144404012691033320120004268503427649
210788047546907202277042629599988696703594948897956932504354879249659219306
136435776144136471989400466308227250286153618196573561244830067169642509154
194886156044089893560340718513287234096742270681831785040208232307599493495
136518307603709892674131295972424892162343751113605979806458094745224565833
216109293949824691564273609467675105683300465495988327737187109459694215751
94487073054837232708274017381158038017300031036343366465638617287298152781
120597430175964919141124043431317428018647745703366683149559645742225311097
136892457744000097625426231390330485804054750103670499193740214935402731384
207407673679237446431570264352091147787034930012621992449134644317910355306
115668450021325087681809035320164659375284871066047876545499539331089266765
187818741117071772029538130650265875374143580639895975034502874786899112307
173912286395328890445883236004498542809283821388661563306230721134128298569
210788075347704726988670727963299588118479739005986179375090114886420286804
129824012658313558761003661341216157536981716915263888348100639840688174178
125815231728385745340680817933142363209756434924404662301890441140554512505
136518307699560456343308923351858309421914102816076435881416644865712290373
214323231001247004260928318806261618875297640389542356820189898070998409815
212831833998715640825119021434275577945341172820436079632597176359481210445
187737618749404540059586601622968755878397999596417359078646114912529763704
136780890945424154987404290880057326794396508421297253427842204354168047409
203866757318245951380383443976078201753009413067995639415649676903081462906
129803226648149027649380212585339690671494135952412317456061198455636322893
148922278490830821023907160614519280944887482169252242046074689032957749364
173642478097220671116900189517857351907381532967734113608034167262382029112
214321769477635911912170048071736336936304903486075192510376134125413681530
122749647590807139851641778796598337040828020292189357941719694678530602082
154547068987276919645720003742111549853340087984508677792644572232612143990
136780574061175454862521667719794447421366252245346165084264638885908792141
212555948128661682655415248100400445832088678986094967370795252765872842055
87371860694915230397161200364434562751144403966702186914426085413741030988
216062385757057220348417686546047542097638559387389623505898695614166942058
136628951638290401272538544903355191659907226786646301345856156753566713960
205632550444359850478212901451482678116876341150727010523387702815812573817
99780630039611537737571574291883656952496539254277142875553604046314104649
216034832713864478599207770789060271185018769873091877570295799115037622836
173754711836513214766529248837423637792708031612500144918544925586960379235
209022252761275817511385830352194831927882811754156420515709940498177214787
136877520660313178075786623370096914960247856461712093241655846455648413541
125787437930104800019153033491670787134498014506163876444268517187923429998
135124370617520713815316616644532305414207676785154031534061988077981942593
187819495708845810815800388769778093895134805673450946675522507949336316232
184555346887125250942593459223558379857452373482684399029504028148556724570
214178262924276736448866386551970810950096241128411914022071981622212907367
129823721794110589179108872908877818339722804041736949089636220659654359362
92554776711587364883513224916902948908156928386018514513411588582790292333
175734352587908782290900303473362194129139198024100950371678505883040362569
118913431155231098433939474047314981634504889279970033058372833636822901607
178942910722031289162987864112111609110820006453602217412642650225819923274
194881006698346966542503805615488741059047477393760093329056611783117792323
115578729115707660371413557816921649208064323631577150038355662880697380425
127933907987821504741491925753582158060897013908961300918464646603023923577
159852869669602545664250159389331302404747364160713565270093276794547549009
182492371585431830436060536611320911108120383581476787643906830220091611769
116973448371903003896573858583864274188786425195298736058344023303214429795
193272792375640410605403256891420939296012694751724110772644445104501182000
129444341319272177537838293624730375802416109195670066884511521575755083107
182684243417181520670372563920708543103319982028398136348293574085584446003
131507936726015858227220670545661473065995712577365178265565486285431667300
118830232750759983130406766759997890752660422354852318436484942294733249134
129479577556899483812477170389207981960331703432502064024590005220154305849
214412920110331388823579974775007715815144095913202681297050652218885694259
143827473073554723783887959031314372091042290895290279309584113360249434714
214245422370887249988549989224986360236175498495369029620442256697435174262
175672831258277393982673809045781046111045955379560199161744656291658815566
85314301067640854763505460870131691790197414976575296188604720793201042541
175631469738908413943865095401364200813418249470484707074149535701741172066
90622903181533600254948253282207834436365724492911899591801781446726076026
177148887074521089142432901506948093343500969462385537681053139435100779354
194858956725453914862805214028553880420555774372851296580972736850079403117
101547833161548888773840066818811229292069488746571228586748157583909349475
90671026370391173948528984877854916073182312689466294517754979208737082930
159853132011190867982764548462272769394146111259803241502899410681560135989
209174175640951996961073924654249467079014373094524444086325096816168425816
138147330041259449796417148264471596155599202608550525984222020891422784100
193272390489511502916547650609889697134623159796436547322263472564730482037
173505008063834529925159046687189638904360475505111095003697883435453011782
216247329743097736213624923612147574920576086080787956397402570383617975091
159777403629763394017429607934161705019866346712449656608213982869656402508
192983001284131192271352240341989099589617891199858760296922060931457701480
175272043109819389151982893920728053832831774199629504566998994315503487054
88966779535837930807222549054576678796820078090889554318201010887605833081
94459981056851838206043962557555343319634046429308290890157336077947006041
156022179708471490729097434550784921565301392310244118806827212982857660538
177439676753188087266597514334486733212180511405516726075138211818967956045
207398860516820320193765960113043300878785774041889258315086120408406252119
124524010666295878602915297409864247572457373117546405023189787881044392035
90733330786626364066628756943881663467435531657502073335327752136508203898
135034216771923346518140579745297702123160721050046489099651923098752609622
184436751155349702265537873256641369606342824393031674396861884755977392200
138161597535275844624712918140192084386093822386340816055040756399604052813
214157479139187831372571356818633590974967872015814379444004027450461473388
157858850404762422093574014419833751508510525385641978361912120715757447800
216248465640280029175047441631005147732563115541503312602066965197617456250
136857375786829422753670805838896301112774016989273789690656982657377059674
154202116552384654949539520445141193094071010641919265001201574621368250168
175272286486445307863381721155360970814840575836223394328005137959752592995
216082819312228213781498781730266128079871631985427256988881471882304115053
152669303630141637118638342381299747711188391789088510376570875048493337424
127752682404415842998062704889975258469212019568741208797470649447754577203
136883776640823045844213014419777513183462228309484434695066818231760087882
191436119130459110806299153574062675301198380102354511455109688961148863338
212866368342313463413960729158021335757628392295158272289444568237917566308
216089941027130190641793821675944247607174808922689863631815085396204991811
159618587847837342220893413818601499209997265604125703359855501767200499567
99628092996677199440505994889866565678584569224394909288903717342541991022
175761932925998440088830432189682785129732904353129352076651832177509608273
193182694528149132694574108605905070364692574414868593428913555921553732683
141846799097912995753374982500409947119594071201489911996593615827814873397
90643902556200815831577129625466100218074578069990490437229521024641421419
131494480133953796290751121123624652496629114541070625211370381118158351171
188117298117845900902290319177022883520516528976218571562020900181697061749
177528807809975660265524257190213508799963916284916153091972397806590903349
119002263448932364700131297447504452666730472909432586222897051040383651943
196509196428668930894060499125002496529032683526726496965908068489350099788
195039747176114457660759718957461985120436247813947496924926103361631572267
143869232147549713245835277671918216463138276015733216050931795882520771124
133067618917355047358408933581111115042997206606302241827857158908773885049
93996972177614528904756865701974158292833500354993705133715556485011353680
189566286244310380282173579146381439992355734444367285648743779089553122091
119113586535924585632480504109060786199193438781979823989311759627940279139
207414578484578683984158011716570737870565474982435371823243442730168509508
94107747024851761517524655420028995607086062444210275820378320274135346768
182752861720723073958384566401227648132297375298215028065298517125676360755
135042250935563906148567952708639393082265480255570273227105063889495476305
76536412973546892239448336585351426713640941456338073074428018983248747130
92395842754871903292075254935432978116165870475838053954463589494203626340
214155670510753310633113204096541476970956932382711588093392926748926568496
142088258487912583789641040602974033766168851337722826359293901490478148963
76439711232876481584708669501121514876672406935893723886687315716629292083
175728072610265434113059569806816787511727802177336415025223558626134078564
120513208791745961605092060735752947340359084918964785542192574501468985966
142061643548367320874313739771938276766715498372308169103108568435931755364
90636709096414647317141016103156966936429278272904888243995295421741950280
143413582610227048244057442624962928792626355574488956205797086753855517274
215916263163724106581396964055227594001719308350371755289095579954161345587
177521252065771063077990348527793966727166190204681862953150436249374972008
85363691369080856350426565350515456079118324125567689780303089464742929517
175216452035063472384936720813787688984407907380279611712971386254987440996
90795638087331450160752311482446722383419365467911787235394195791806944820
177155461199681190620849640936540886533296667363026602005684809873408340826
194908105420733086101328013127705170634643211071834914178935699987641033779
177038756122746302674412332168444808484843816555815430531863726752003157093
127773197971114871137200769438743894580175037276507412469934541363200871986
159859658733037886953830356957703399213542766767049345900042587725531722596
90802642694579519023896572336825539489729671671143605391362660157522729560
184085546656362442371781793848163976646367381228679870432851353877654108772
193270769326605858613583086646656976385291088147646683668508870418454100275
177039376939117071435520188791020159092058621583920926231048878706573723478
92568060888787239789194163948540125661049852744419008486408228755784229683
159777595616854328280080087618142764747265125762055061364456025694412502628
90800757944802078553570095710421831840345599899077720889717008948548620908
178950667597191484753292738080654863436779682323798871850242908132754600782
88966805030845145725078274869011954694552096276464734413502351422933847091
177039404300864134204516846059982576346380146217527300520720630520502300762
156201625867124236793844952697596219926593455507978999058579671314835126650
177439670420520487093539059006505355396753433000638640670240732904334063929
90800760369866026869043173275353766803655032731218757982291950948371162183
152310441558787877499590124766814977227027091118586117150358165454742582883
90733331536575938028592235380147214481995683138164594447656822616292407414
177039396938560316077679633260660686863374739687167668159386077195467245650
191518509041367036832313679838362757769668181496644186820298481099496508467
138161597634865716557985792069154722182569338082378219102288027261070177868
90800760476747851332984566467810651246054726186818782881860981228894320688
159626398431098043712472731913337651658561806404383749196017134957409354553
216248465615543046361871432039880220475471603516484257580954084420607167609
101064973162562695953705157437953206053743359593516603886299881407071402084
126041104261604302546896896477617585628544431252850923046752626875583592310
175272286489374798386670640993002633123491201427944732301100173391314250040
209179513788140602125507541155088840675703157408226035762097133616573927496
145629578487770355013456620372787922820391445877772020920738499447789729868
90648894044458795014052804538158979940727340217540856782570228872412163958
134635067393769505342600081019226692559318677436714301687874340756164471416
85432199728233924553250126644696563961510484106296834010134039595473129539
101555003261178621811099017823752137513398893073146547244107155365947323980
214183279889600764410648158361135145126272986520362068166645209268153365560
177177054541360324765153566076157545276609891372143344730311997577994726007
209172611012948471197027037279043301403281737336900946168900704304838954857
99760543103324446683717423874240502670228563683660544607005639200576449360
127781854205011524679268734976821335963095994660504611941477281256536552504
23582885236665019737443945789
12
