256
0
0
3
0
1094795585
4
0
1
3
0
1094795586
4
0
2
3
0
1094795587
4
0
3
3
0
1094795588
4
0
4
3
0
1094795589
4
0
5
3
0
1094795590
4
0
6
3
0
1094795591
4
0
7
3
0
1094795592
4
0
8
3
0
1094795593
4
0
9
3
0
1094795594
4
0
10
3
0
1094795595
4
0
11
3
0
1094795596
4
0
12
3
0
1094795597
4
0
13
3
0
1094795598
4
0
14
3
0
1094795599
4
0
15
3
0
1094795600
4
0
16
3
0
1094795601
4
0
17
3
0
1094795602
4
0
18
3
0
1094795603
4
0
19
3
0
1094795604
4
0
20
3
0
1094795605
4
0
21
3
0
1094795606
4
0
22
3
0
1094795607
4
0
23
3
0
1094795608
4
0
24
3
0
1094795609
4
0
25
3
0
1094795610
4
0
26
3
0
1094795617
4
0
27
3
0
1094795618
4
0
28
3
0
1094795619
4
0
29
3
0
1094795620
4
0
30
3
0
1094795621
4
0
31
3
0
1094795622
4
0
32
3
0
1094795623
4
0
33
3
0
1094795624
4
0
34
3
0
1094795625
4
0
35
3
0
1094795626
4
0
36
3
0
1094795627
4
0
37
3
0
1094795628
4
0
38
3
0
1094795629
4
0
39
3
0
1094795630
4
0
40
3
0
1094795631
4
0
41
3
0
1094795632
4
0
42
3
0
1094795633
4
0
43
3
0
1094795634
4
0
44
3
0
1094795635
4
0
45
3
0
1094795636
4
0
46
3
0
1094795637
4
0
47
3
0
1094795638
4
0
48
3
0
1094795639
4
0
49
3
0
1094795640
4
0
50
3
0
1094795641
4
0
51
3
0
1094795642
4
0
52
3
0
1094795568
4
0
53
3
0
1094795569
4
0
54
3
0
1094795570
4
0
55
3
0
1094795571
4
0
56
3
0
1094795572
4
0
57
3
0
1094795573
4
0
58
3
0
1094795574
4
0
59
3
0
1094795575
4
0
60
3
0
1094795576
4
0
61
3
0
1094795577
4
0
62
3
0
1094795563
4
0
63
3
0
1094795567
4
0
64
3
0
1094795841
4
0
65
3
0
1094795842
4
0
66
3
0
1094795843
4
0
67
3
0
1094795844
4
0
68
3
0
1094795845
4
0
69
3
0
1094795846
4
0
70
3
0
1094795847
4
0
71
3
0
1094795848
4
0
72
3
0
1094795849
4
0
73
3
0
1094795850
4
0
74
3
0
1094795851
4
0
75
3
0
1094795852
4
0
76
3
0
1094795853
4
0
77
3
0
1094795854
4
0
78
3
0
1094795855
4
0
79
3
0
1094795856
4
0
80
3
0
1094795857
4
0
81
3
0
1094795858
4
0
82
3
0
1094795859
4
0
83
3
0
1094795860
4
0
84
3
0
1094795861
4
0
85
3
0
1094795862
4
0
86
3
0
1094795863
4
0
87
3
0
1094795864
4
0
88
3
0
1094795865
4
0
89
3
0
1094795866
4
0
90
3
0
1094795873
4
0
91
3
0
1094795874
4
0
92
3
0
1094795875
4
0
93
3
0
1094795876
4
0
94
3
0
1094795877
4
0
95
3
0
1094795878
4
0
96
3
0
1094795879
4
0
97
3
0
1094795880
4
0
98
3
0
1094795881
4
0
99
3
0
1094795882
4
0
100
3
0
1094795883
4
0
101
3
0
1094795884
4
0
102
3
0
1094795885
4
0
103
3
0
1094795886
4
0
104
3
0
1094795887
4
0
105
3
0
1094795888
4
0
106
3
0
1094795889
4
0
107
3
0
1094795890
4
0
108
3
0
1094795891
4
0
109
3
0
1094795892
4
0
110
3
0
1094795893
4
0
111
3
0
1094795894
4
0
112
3
0
1094795895
4
0
113
3
0
1094795896
4
0
114
3
0
1094795897
4
0
115
3
0
1094795898
4
0
116
3
0
1094795824
4
0
117
3
0
1094795825
4
0
118
3
0
1094795826
4
0
119
3
0
1094795827
4
0
120
3
0
1094795828
4
0
121
3
0
1094795829
4
0
122
3
0
1094795830
4
0
123
3
0
1094795831
4
0
124
3
0
1094795832
4
0
125
3
0
1094795833
4
0
126
3
0
1094795819
4
0
127
3
0
1094795823
4
0
128
3
0
1094796097
4
0
129
3
0
1094796098
4
0
130
3
0
1094796099
4
0
131
3
0
1094796100
4
0
132
3
0
1094796101
4
0
133
3
0
1094796102
4
0
134
3
0
1094796103
4
0
135
3
0
1094796104
4
0
136
3
0
1094796105
4
0
137
3
0
1094796106
4
0
138
3
0
1094796107
4
0
139
3
0
1094796108
4
0
140
3
0
1094796109
4
0
141
3
0
1094796110
4
0
142
3
0
1094796111
4
0
143
3
0
1094796112
4
0
144
3
0
1094796113
4
0
145
3
0
1094796114
4
0
146
3
0
1094796115
4
0
147
3
0
1094796116
4
0
148
3
0
1094796117
4
0
149
3
0
1094796118
4
0
150
3
0
1094796119
4
0
151
3
0
1094796120
4
0
152
3
0
1094796121
4
0
153
3
0
1094796122
4
0
154
3
0
1094796129
4
0
155
3
0
1094796130
4
0
156
3
0
1094796131
4
0
157
3
0
1094796132
4
0
158
3
0
1094796133
4
0
159
3
0
1094796134
4
0
160
3
0
1094796135
4
0
161
3
0
1094796136
4
0
162
3
0
1094796137
4
0
163
3
0
1094796138
4
0
164
3
0
1094796139
4
0
165
3
0
1094796140
4
0
166
3
0
1094796141
4
0
167
3
0
1094796142
4
0
168
3
0
1094796143
4
0
169
3
0
1094796144
4
0
170
3
0
1094796145
4
0
171
3
0
1094796146
4
0
172
3
0
1094796147
4
0
173
3
0
1094796148
4
0
174
3
0
1094796149
4
0
175
3
0
1094796150
4
0
176
3
0
1094796151
4
0
177
3
0
1094796152
4
0
178
3
0
1094796153
4
0
179
3
0
1094796154
4
0
180
3
0
1094796080
4
0
181
3
0
1094796081
4
0
182
3
0
1094796082
4
0
183
3
0
1094796083
4
0
184
3
0
1094796084
4
0
185
3
0
1094796085
4
0
186
3
0
1094796086
4
0
187
3
0
1094796087
4
0
188
3
0
1094796088
4
0
189
3
0
1094796089
4
0
190
3
0
1094796075
4
0
191
3
0
1094796079
4
0
192
3
0
1094796353
4
0
193
3
0
1094796354
4
0
194
3
0
1094796355
4
0
195
3
0
1094796356
4
0
196
3
0
1094796357
4
0
197
3
0
1094796358
4
0
198
3
0
1094796359
4
0
199
3
0
1094796360
4
0
200
3
0
1094796361
4
0
201
3
0
1094796362
4
0
202
3
0
1094796363
4
0
203
3
0
1094796364
4
0
204
3
0
1094796365
4
0
205
3
0
1094796366
4
0
206
3
0
1094796367
4
0
207
3
0
1094796368
4
0
208
3
0
1094796369
4
0
209
3
0
1094796370
4
0
210
3
0
1094796371
4
0
211
3
0
1094796372
4
0
212
3
0
1094796373
4
0
213
3
0
1094796374
4
0
214
3
0
1094796375
4
0
215
3
0
1094796376
4
0
216
3
0
1094796377
4
0
217
3
0
1094796378
4
0
218
3
0
1094796385
4
0
219
3
0
1094796386
4
0
220
3
0
1094796387
4
0
221
3
0
1094796388
4
0
222
3
0
1094796389
4
0
223
3
0
1094796390
4
0
224
3
0
1094796391
4
0
225
3
0
1094796392
4
0
226
3
0
1094796393
4
0
227
3
0
1094796394
4
0
228
3
0
1094796395
4
0
229
3
0
1094796396
4
0
230
3
0
1094796397
4
0
231
3
0
1094796398
4
0
232
3
0
1094796399
4
0
233
3
0
1094796400
4
0
234
3
0
1094796401
4
0
235
3
0
1094796402
4
0
236
3
0
1094796403
4
0
237
3
0
1094796404
4
0
238
3
0
1094796405
4
0
239
3
0
1094796406
4
0
240
3
0
1094796407
4
0
241
3
0
1094796408
4
0
242
3
0
1094796409
4
0
243
3
0
1094796410
4
0
244
3
0
1094796336
4
0
245
3
0
1094796337
4
0
246
3
0
1094796338
4
0
247
3
0
1094796339
4
0
248
3
0
1094796340
4
0
249
3
0
1094796341
4
0
250
3
0
1094796342
4
0
251
3
0
1094796343
4
0
252
3
0
1094796344
4
0
253
3
0
1094796345
4
0
254
3
0
1094796331
4
0
255
3
0
1094796335
4
