256
0
0
3
0
1094795585
4
0
65536
3
0
1095844161
4
0
131072
3
0
1097285953
4
0
196608
3
0
1098334529
4
0
262144
3
0
1111572801
4
0
327680
3
0
1112621377
4
0
393216
3
0
1114063169
4
0
458752
3
0
1115111745
4
0
524288
3
0
1128350017
4
0
589824
3
0
1129398593
4
0
655360
3
0
1130840385
4
0
720896
3
0
1131888961
4
0
786432
3
0
1145127233
4
0
851968
3
0
1146175809
4
0
917504
3
0
1147617601
4
0
983040
3
0
1148666177
4
0
1048576
3
0
1161904449
4
0
1114112
3
0
1162953025
4
0
1179648
3
0
1164394817
4
0
1245184
3
0
1165443393
4
0
1310720
3
0
1178681665
4
0
1376256
3
0
1179730241
4
0
1441792
3
0
1181172033
4
0
1507328
3
0
1182220609
4
0
1572864
3
0
1195458881
4
0
1638400
3
0
1196507457
4
0
1703936
3
0
1197949249
4
0
1769472
3
0
1198997825
4
0
1835008
3
0
1212236097
4
0
1900544
3
0
1213284673
4
0
1966080
3
0
1214726465
4
0
2031616
3
0
1215775041
4
0
2097152
3
0
1229013313
4
0
2162688
3
0
1230061889
4
0
2228224
3
0
1231503681
4
0
2293760
3
0
1232552257
4
0
2359296
3
0
1245790529
4
0
2424832
3
0
1246839105
4
0
2490368
3
0
1248280897
4
0
2555904
3
0
1249329473
4
0
2621440
3
0
1262567745
4
0
2686976
3
0
1263616321
4
0
2752512
3
0
1265058113
4
0
2818048
3
0
1266106689
4
0
2883584
3
0
1279344961
4
0
2949120
3
0
1280393537
4
0
3014656
3
0
1281835329
4
0
3080192
3
0
1282883905
4
0
3145728
3
0
1296122177
4
0
3211264
3
0
1297170753
4
0
3276800
3
0
1298612545
4
0
3342336
3
0
1299661121
4
0
3407872
3
0
1312899393
4
0
3473408
3
0
1313947969
4
0
3538944
3
0
1315389761
4
0
3604480
3
0
1316438337
4
0
3670016
3
0
1329676609
4
0
3735552
3
0
1330725185
4
0
3801088
3
0
1332166977
4
0
3866624
3
0
1333215553
4
0
3932160
3
0
1346453825
4
0
3997696
3
0
1347502401
4
0
4063232
3
0
1348944193
4
0
4128768
3
0
1349992769
4
0
4194304
3
0
1363231041
4
0
4259840
3
0
1364279617
4
0
4325376
3
0
1365721409
4
0
4390912
3
0
1366769985
4
0
4456448
3
0
1380008257
4
0
4521984
3
0
1381056833
4
0
4587520
3
0
1382498625
4
0
4653056
3
0
1383547201
4
0
4718592
3
0
1396785473
4
0
4784128
3
0
1397834049
4
0
4849664
3
0
1399275841
4
0
4915200
3
0
1400324417
4
0
4980736
3
0
1413562689
4
0
5046272
3
0
1414611265
4
0
5111808
3
0
1416053057
4
0
5177344
3
0
1417101633
4
0
5242880
3
0
1430339905
4
0
5308416
3
0
1431388481
4
0
5373952
3
0
1432830273
4
0
5439488
3
0
1433878849
4
0
5505024
3
0
1447117121
4
0
5570560
3
0
1448165697
4
0
5636096
3
0
1449607489
4
0
5701632
3
0
1450656065
4
0
5767168
3
0
1463894337
4
0
5832704
3
0
1464942913
4
0
5898240
3
0
1466384705
4
0
5963776
3
0
1467433281
4
0
6029312
3
0
1480671553
4
0
6094848
3
0
1481720129
4
0
6160384
3
0
1483161921
4
0
6225920
3
0
1484210497
4
0
6291456
3
0
1497448769
4
0
6356992
3
0
1498497345
4
0
6422528
3
0
1499939137
4
0
6488064
3
0
1500987713
4
0
6553600
3
0
1514225985
4
0
6619136
3
0
1515274561
4
0
6684672
3
0
1516716353
4
0
6750208
3
0
1517764929
4
0
6815744
3
0
1631666497
4
0
6881280
3
0
1632715073
4
0
6946816
3
0
1634156865
4
0
7012352
3
0
1635205441
4
0
7077888
3
0
1648443713
4
0
7143424
3
0
1649492289
4
0
7208960
3
0
1650934081
4
0
7274496
3
0
1651982657
4
0
7340032
3
0
1665220929
4
0
7405568
3
0
1666269505
4
0
7471104
3
0
1667711297
4
0
7536640
3
0
1668759873
4
0
7602176
3
0
1681998145
4
0
7667712
3
0
1683046721
4
0
7733248
3
0
1684488513
4
0
7798784
3
0
1685537089
4
0
7864320
3
0
1698775361
4
0
7929856
3
0
1699823937
4
0
7995392
3
0
1701265729
4
0
8060928
3
0
1702314305
4
0
8126464
3
0
1715552577
4
0
8192000
3
0
1716601153
4
0
8257536
3
0
1718042945
4
0
8323072
3
0
1719091521
4
0
8388608
3
0
1732329793
4
0
8454144
3
0
1733378369
4
0
8519680
3
0
1734820161
4
0
8585216
3
0
1735868737
4
0
8650752
3
0
1749107009
4
0
8716288
3
0
1750155585
4
0
8781824
3
0
1751597377
4
0
8847360
3
0
1752645953
4
0
8912896
3
0
1765884225
4
0
8978432
3
0
1766932801
4
0
9043968
3
0
1768374593
4
0
9109504
3
0
1769423169
4
0
9175040
3
0
1782661441
4
0
9240576
3
0
1783710017
4
0
9306112
3
0
1785151809
4
0
9371648
3
0
1786200385
4
0
9437184
3
0
1799438657
4
0
9502720
3
0
1800487233
4
0
9568256
3
0
1801929025
4
0
9633792
3
0
1802977601
4
0
9699328
3
0
1816215873
4
0
9764864
3
0
1817264449
4
0
9830400
3
0
1818706241
4
0
9895936
3
0
1819754817
4
0
9961472
3
0
1832993089
4
0
10027008
3
0
1834041665
4
0
10092544
3
0
1835483457
4
0
10158080
3
0
1836532033
4
0
10223616
3
0
1849770305
4
0
10289152
3
0
1850818881
4
0
10354688
3
0
1852260673
4
0
10420224
3
0
1853309249
4
0
10485760
3
0
1866547521
4
0
10551296
3
0
1867596097
4
0
10616832
3
0
1869037889
4
0
10682368
3
0
1870086465
4
0
10747904
3
0
1883324737
4
0
10813440
3
0
1884373313
4
0
10878976
3
0
1885815105
4
0
10944512
3
0
1886863681
4
0
11010048
3
0
1900101953
4
0
11075584
3
0
1901150529
4
0
11141120
3
0
1902592321
4
0
11206656
3
0
1903640897
4
0
11272192
3
0
1916879169
4
0
11337728
3
0
1917927745
4
0
11403264
3
0
1919369537
4
0
11468800
3
0
1920418113
4
0
11534336
3
0
1933656385
4
0
11599872
3
0
1934704961
4
0
11665408
3
0
1936146753
4
0
11730944
3
0
1937195329
4
0
11796480
3
0
1950433601
4
0
11862016
3
0
1951482177
4
0
11927552
3
0
1952923969
4
0
11993088
3
0
1953972545
4
0
12058624
3
0
1967210817
4
0
12124160
3
0
1968259393
4
0
12189696
3
0
1969701185
4
0
12255232
3
0
1970749761
4
0
12320768
3
0
1983988033
4
0
12386304
3
0
1985036609
4
0
12451840
3
0
1986478401
4
0
12517376
3
0
1987526977
4
0
12582912
3
0
2000765249
4
0
12648448
3
0
2001813825
4
0
12713984
3
0
2003255617
4
0
12779520
3
0
2004304193
4
0
12845056
3
0
2017542465
4
0
12910592
3
0
2018591041
4
0
12976128
3
0
2020032833
4
0
13041664
3
0
2021081409
4
0
13107200
3
0
2034319681
4
0
13172736
3
0
2035368257
4
0
13238272
3
0
2036810049
4
0
13303808
3
0
2037858625
4
0
13369344
3
0
2051096897
4
0
13434880
3
0
2052145473
4
0
13500416
3
0
2053587265
4
0
13565952
3
0
2054635841
4
0
13631488
3
0
809582913
4
0
13697024
3
0
810631489
4
0
13762560
3
0
812073281
4
0
13828096
3
0
813121857
4
0
13893632
3
0
826360129
4
0
13959168
3
0
827408705
4
0
14024704
3
0
828850497
4
0
14090240
3
0
829899073
4
0
14155776
3
0
843137345
4
0
14221312
3
0
844185921
4
0
14286848
3
0
845627713
4
0
14352384
3
0
846676289
4
0
14417920
3
0
859914561
4
0
14483456
3
0
860963137
4
0
14548992
3
0
862404929
4
0
14614528
3
0
863453505
4
0
14680064
3
0
876691777
4
0
14745600
3
0
877740353
4
0
14811136
3
0
879182145
4
0
14876672
3
0
880230721
4
0
14942208
3
0
893468993
4
0
15007744
3
0
894517569
4
0
15073280
3
0
895959361
4
0
15138816
3
0
897007937
4
0
15204352
3
0
910246209
4
0
15269888
3
0
911294785
4
0
15335424
3
0
912736577
4
0
15400960
3
0
913785153
4
0
15466496
3
0
927023425
4
0
15532032
3
0
928072001
4
0
15597568
3
0
929513793
4
0
15663104
3
0
930562369
4
0
15728640
3
0
943800641
4
0
15794176
3
0
944849217
4
0
15859712
3
0
946291009
4
0
15925248
3
0
947339585
4
0
15990784
3
0
960577857
4
0
16056320
3
0
961626433
4
0
16121856
3
0
963068225
4
0
16187392
3
0
964116801
4
0
16252928
3
0
725696833
4
0
16318464
3
0
726745409
4
0
16384000
3
0
728187201
4
0
16449536
3
0
729235777
4
0
16515072
3
0
792805697
4
0
16580608
3
0
793854273
4
0
16646144
3
0
795296065
4
0
16711680
3
0
796344641
4
