1024
0
28672
2
0
1665220925
4
0
28673
2
0
1665221949
4
0
28674
2
0
1665222973
4
0
28675
2
0
1665223997
4
0
28676
2
0
1665225021
4
0
28677
2
0
1665226045
4
0
28678
2
0
1665227069
4
0
28679
2
0
1665229629
4
0
28680
2
0
1665230653
4
0
28681
2
0
1665231677
4
0
28682
2
0
1665232701
4
0
28683
2
0
1665233725
4
0
28684
2
0
1665234749
4
0
28685
2
0
1665216573
4
0
28686
2
0
1665217597
4
0
28687
2
0
1665218621
4
0
28688
2
0
1665286461
4
0
28689
2
0
1665287485
4
0
28690
2
0
1665288509
4
0
28691
2
0
1665289533
4
0
28692
2
0
1665290557
4
0
28693
2
0
1665291581
4
0
28694
2
0
1665292605
4
0
28695
2
0
1665295165
4
0
28696
2
0
1665296189
4
0
28697
2
0
1665297213
4
0
28698
2
0
1665298237
4
0
28699
2
0
1665299261
4
0
28700
2
0
1665300285
4
0
28701
2
0
1665282109
4
0
28702
2
0
1665283133
4
0
28703
2
0
1665284157
4
0
28704
2
0
1665351997
4
0
28705
2
0
1665353021
4
0
28706
2
0
1665354045
4
0
28707
2
0
1665355069
4
0
28708
2
0
1665356093
4
0
28709
2
0
1665357117
4
0
28710
2
0
1665358141
4
0
28711
2
0
1665360701
4
0
28712
2
0
1665361725
4
0
28713
2
0
1665362749
4
0
28714
2
0
1665363773
4
0
28715
2
0
1665364797
4
0
28716
2
0
1665365821
4
0
28717
2
0
1665347645
4
0
28718
2
0
1665348669
4
0
28719
2
0
1665349693
4
0
28720
2
0
1665417533
4
0
28721
2
0
1665418557
4
0
28722
2
0
1665419581
4
0
28723
2
0
1665420605
4
0
28724
2
0
1665421629
4
0
28725
2
0
1665422653
4
0
28726
2
0
1665423677
4
0
28727
2
0
1665426237
4
0
28728
2
0
1665427261
4
0
28729
2
0
1665428285
4
0
28730
2
0
1665429309
4
0
28731
2
0
1665430333
4
0
28732
2
0
1665431357
4
0
28733
2
0
1665413181
4
0
28734
2
0
1665414205
4
0
28735
2
0
1665415229
4
0
28736
2
0
1665483069
4
0
28737
2
0
1665484093
4
0
28738
2
0
1665485117
4
0
28739
2
0
1665486141
4
0
28740
2
0
1665487165
4
0
28741
2
0
1665488189
4
0
28742
2
0
1665489213
4
0
28743
2
0
1665491773
4
0
28744
2
0
1665492797
4
0
28745
2
0
1665493821
4
0
28746
2
0
1665494845
4
0
28747
2
0
1665495869
4
0
28748
2
0
1665496893
4
0
28749
2
0
1665478717
4
0
28750
2
0
1665479741
4
0
28751
2
0
1665480765
4
0
28752
2
0
1665548605
4
0
28753
2
0
1665549629
4
0
28754
2
0
1665550653
4
0
28755
2
0
1665551677
4
0
28756
2
0
1665552701
4
0
28757
2
0
1665553725
4
0
28758
2
0
1665554749
4
0
28759
2
0
1665557309
4
0
28760
2
0
1665558333
4
0
28761
2
0
1665559357
4
0
28762
2
0
1665560381
4
0
28763
2
0
1665561405
4
0
28764
2
0
1665562429
4
0
28765
2
0
1665544253
4
0
28766
2
0
1665545277
4
0
28767
2
0
1665546301
4
0
28768
2
0
1665614141
4
0
28769
2
0
1665615165
4
0
28770
2
0
1665616189
4
0
28771
2
0
1665617213
4
0
28772
2
0
1665618237
4
0
28773
2
0
1665619261
4
0
28774
2
0
1665620285
4
0
28775
2
0
1665622845
4
0
28776
2
0
1665623869
4
0
28777
2
0
1665624893
4
0
28778
2
0
1665625917
4
0
28779
2
0
1665626941
4
0
28780
2
0
1665627965
4
0
28781
2
0
1665609789
4
0
28782
2
0
1665610813
4
0
28783
2
0
1665611837
4
0
28784
2
0
1665679677
4
0
28785
2
0
1665680701
4
0
28786
2
0
1665681725
4
0
28787
2
0
1665682749
4
0
28788
2
0
1665683773
4
0
28789
2
0
1665684797
4
0
28790
2
0
1665685821
4
0
28791
2
0
1665688381
4
0
28792
2
0
1665689405
4
0
28793
2
0
1665690429
4
0
28794
2
0
1665691453
4
0
28795
2
0
1665692477
4
0
28796
2
0
1665693501
4
0
28797
2
0
1665675325
4
0
28798
2
0
1665676349
4
0
28799
2
0
1665677373
4
0
28800
2
0
1665745213
4
0
28801
2
0
1665746237
4
0
28802
2
0
1665747261
4
0
28803
2
0
1665748285
4
0
28804
2
0
1665749309
4
0
28805
2
0
1665750333
4
0
28806
2
0
1665751357
4
0
28807
2
0
1665753917
4
0
28808
2
0
1665754941
4
0
28809
2
0
1665755965
4
0
28810
2
0
1665756989
4
0
28811
2
0
1665758013
4
0
28812
2
0
1665759037
4
0
28813
2
0
1665740861
4
0
28814
2
0
1665741885
4
0
28815
2
0
1665742909
4
0
28816
2
0
1665810749
4
0
28817
2
0
1665811773
4
0
28818
2
0
1665812797
4
0
28819
2
0
1665813821
4
0
28820
2
0
1665814845
4
0
28821
2
0
1665815869
4
0
28822
2
0
1665816893
4
0
28823
2
0
1665819453
4
0
28824
2
0
1665820477
4
0
28825
2
0
1665821501
4
0
28826
2
0
1665822525
4
0
28827
2
0
1665823549
4
0
28828
2
0
1665824573
4
0
28829
2
0
1665806397
4
0
28830
2
0
1665807421
4
0
28831
2
0
1665808445
4
0
28832
2
0
1665876285
4
0
28833
2
0
1665877309
4
0
28834
2
0
1665878333
4
0
28835
2
0
1665879357
4
0
28836
2
0
1665880381
4
0
28837
2
0
1665881405
4
0
28838
2
0
1665882429
4
0
28839
2
0
1665884989
4
0
28840
2
0
1665886013
4
0
28841
2
0
1665887037
4
0
28842
2
0
1665888061
4
0
28843
2
0
1665889085
4
0
28844
2
0
1665890109
4
0
28845
2
0
1665871933
4
0
28846
2
0
1665872957
4
0
28847
2
0
1665873981
4
0
28848
2
0
1665941821
4
0
28849
2
0
1665942845
4
0
28850
2
0
1665943869
4
0
28851
2
0
1665944893
4
0
28852
2
0
1665945917
4
0
28853
2
0
1665946941
4
0
28854
2
0
1665947965
4
0
28855
2
0
1665950525
4
0
28856
2
0
1665951549
4
0
28857
2
0
1665952573
4
0
28858
2
0
1665953597
4
0
28859
2
0
1665954621
4
0
28860
2
0
1665955645
4
0
28861
2
0
1665937469
4
0
28862
2
0
1665938493
4
0
28863
2
0
1665939517
4
0
28864
2
0
1666007357
4
0
28865
2
0
1666008381
4
0
28866
2
0
1666009405
4
0
28867
2
0
1666010429
4
0
28868
2
0
1666011453
4
0
28869
2
0
1666012477
4
0
28870
2
0
1666013501
4
0
28871
2
0
1666016061
4
0
28872
2
0
1666017085
4
0
28873
2
0
1666018109
4
0
28874
2
0
1666019133
4
0
28875
2
0
1666020157
4
0
28876
2
0
1666021181
4
0
28877
2
0
1666003005
4
0
28878
2
0
1666004029
4
0
28879
2
0
1666005053
4
0
28880
2
0
1666072893
4
0
28881
2
0
1666073917
4
0
28882
2
0
1666074941
4
0
28883
2
0
1666075965
4
0
28884
2
0
1666076989
4
0
28885
2
0
1666078013
4
0
28886
2
0
1666079037
4
0
28887
2
0
1666081597
4
0
28888
2
0
1666082621
4
0
28889
2
0
1666083645
4
0
28890
2
0
1666084669
4
0
28891
2
0
1666085693
4
0
28892
2
0
1666086717
4
0
28893
2
0
1666068541
4
0
28894
2
0
1666069565
4
0
28895
2
0
1666070589
4
0
28896
2
0
1666138429
4
0
28897
2
0
1666139453
4
0
28898
2
0
1666140477
4
0
28899
2
0
1666141501
4
0
28900
2
0
1666142525
4
0
28901
2
0
1666143549
4
0
28902
2
0
1666144573
4
0
28903
2
0
1666147133
4
0
28904
2
0
1666148157
4
0
28905
2
0
1666149181
4
0
28906
2
0
1666150205
4
0
28907
2
0
1666151229
4
0
28908
2
0
1666152253
4
0
28909
2
0
1666134077
4
0
28910
2
0
1666135101
4
0
28911
2
0
1666136125
4
0
28912
2
0
1666203965
4
0
28913
2
0
1666204989
4
0
28914
2
0
1666206013
4
0
28915
2
0
1666207037
4
0
28916
2
0
1666208061
4
0
28917
2
0
1666209085
4
0
28918
2
0
1666210109
4
0
28919
2
0
1666212669
4
0
28920
2
0
1666213693
4
0
28921
2
0
1666214717
4
0
28922
2
0
1666215741
4
0
28923
2
0
1666216765
4
0
28924
2
0
1666217789
4
0
28925
2
0
1666199613
4
0
28926
2
0
1666200637
4
0
28927
2
0
1666201661
4
0
28928
2
0
1666269501
4
0
28929
2
0
1666270525
4
0
28930
2
0
1666271549
4
0
28931
2
0
1666272573
4
0
28932
2
0
1666273597
4
0
28933
2
0
1666274621
4
0
28934
2
0
1666275645
4
0
28935
2
0
1666278205
4
0
28936
2
0
1666279229
4
0
28937
2
0
1666280253
4
0
28938
2
0
1666281277
4
0
28939
2
0
1666282301
4
0
28940
2
0
1666283325
4
0
28941
2
0
1666265149
4
0
28942
2
0
1666266173
4
0
28943
2
0
1666267197
4
0
28944
2
0
1666335037
4
0
28945
2
0
1666336061
4
0
28946
2
0
1666337085
4
0
28947
2
0
1666338109
4
0
28948
2
0
1666339133
4
0
28949
2
0
1666340157
4
0
28950
2
0
1666341181
4
0
28951
2
0
1666343741
4
0
28952
2
0
1666344765
4
0
28953
2
0
1666345789
4
0
28954
2
0
1666346813
4
0
28955
2
0
1666347837
4
0
28956
2
0
1666348861
4
0
28957
2
0
1666330685
4
0
28958
2
0
1666331709
4
0
28959
2
0
1666332733
4
0
28960
2
0
1666400573
4
0
28961
2
0
1666401597
4
0
28962
2
0
1666402621
4
0
28963
2
0
1666403645
4
0
28964
2
0
1666404669
4
0
28965
2
0
1666405693
4
0
28966
2
0
1666406717
4
0
28967
2
0
1666409277
4
0
28968
2
0
1666410301
4
0
28969
2
0
1666411325
4
0
28970
2
0
1666412349
4
0
28971
2
0
1666413373
4
0
28972
2
0
1666414397
4
0
28973
2
0
1666396221
4
0
28974
2
0
1666397245
4
0
28975
2
0
1666398269
4
0
28976
2
0
1666466109
4
0
28977
2
0
1666467133
4
0
28978
2
0
1666468157
4
0
28979
2
0
1666469181
4
0
28980
2
0
1666470205
4
0
28981
2
0
1666471229
4
0
28982
2
0
1666472253
4
0
28983
2
0
1666474813
4
0
28984
2
0
1666475837
4
0
28985
2
0
1666476861
4
0
28986
2
0
1666477885
4
0
28987
2
0
1666478909
4
0
28988
2
0
1666479933
4
0
28989
2
0
1666461757
4
0
28990
2
0
1666462781
4
0
28991
2
0
1666463805
4
0
28992
2
0
1666531645
4
0
28993
2
0
1666532669
4
0
28994
2
0
1666533693
4
0
28995
2
0
1666534717
4
0
28996
2
0
1666535741
4
0
28997
2
0
1666536765
4
0
28998
2
0
1666537789
4
0
28999
2
0
1666540349
4
0
29000
2
0
1666541373
4
0
29001
2
0
1666542397
4
0
29002
2
0
1666543421
4
0
29003
2
0
1666544445
4
0
29004
2
0
1666545469
4
0
29005
2
0
1666527293
4
0
29006
2
0
1666528317
4
0
29007
2
0
1666529341
4
0
29008
2
0
1666597181
4
0
29009
2
0
1666598205
4
0
29010
2
0
1666599229
4
0
29011
2
0
1666600253
4
0
29012
2
0
1666601277
4
0
29013
2
0
1666602301
4
0
29014
2
0
1666603325
4
0
29015
2
0
1666605885
4
0
29016
2
0
1666606909
4
0
29017
2
0
1666607933
4
0
29018
2
0
1666608957
4
0
29019
2
0
1666609981
4
0
29020
2
0
1666611005
4
0
29021
2
0
1666592829
4
0
29022
2
0
1666593853
4
0
29023
2
0
1666594877
4
0
29024
2
0
1666662717
4
0
29025
2
0
1666663741
4
0
29026
2
0
1666664765
4
0
29027
2
0
1666665789
4
0
29028
2
0
1666666813
4
0
29029
2
0
1666667837
4
0
29030
2
0
1666668861
4
0
29031
2
0
1666671421
4
0
29032
2
0
1666672445
4
0
29033
2
0
1666673469
4
0
29034
2
0
1666674493
4
0
29035
2
0
1666675517
4
0
29036
2
0
1666676541
4
0
29037
2
0
1666658365
4
0
29038
2
0
1666659389
4
0
29039
2
0
1666660413
4
0
29040
2
0
1666728253
4
0
29041
2
0
1666729277
4
0
29042
2
0
1666730301
4
0
29043
2
0
1666731325
4
0
29044
2
0
1666732349
4
0
29045
2
0
1666733373
4
0
29046
2
0
1666734397
4
0
29047
2
0
1666736957
4
0
29048
2
0
1666737981
4
0
29049
2
0
1666739005
4
0
29050
2
0
1666740029
4
0
29051
2
0
1666741053
4
0
29052
2
0
1666742077
4
0
29053
2
0
1666723901
4
0
29054
2
0
1666724925
4
0
29055
2
0
1666725949
4
0
29056
2
0
1666793789
4
0
29057
2
0
1666794813
4
0
29058
2
0
1666795837
4
0
29059
2
0
1666796861
4
0
29060
2
0
1666797885
4
0
29061
2
0
1666798909
4
0
29062
2
0
1666799933
4
0
29063
2
0
1666802493
4
0
29064
2
0
1666803517
4
0
29065
2
0
1666804541
4
0
29066
2
0
1666805565
4
0
29067
2
0
1666806589
4
0
29068
2
0
1666807613
4
0
29069
2
0
1666789437
4
0
29070
2
0
1666790461
4
0
29071
2
0
1666791485
4
0
29072
2
0
1666859325
4
0
29073
2
0
1666860349
4
0
29074
2
0
1666861373
4
0
29075
2
0
1666862397
4
0
29076
2
0
1666863421
4
0
29077
2
0
1666864445
4
0
29078
2
0
1666865469
4
0
29079
2
0
1666868029
4
0
29080
2
0
1666869053
4
0
29081
2
0
1666870077
4
0
29082
2
0
1666871101
4
0
29083
2
0
1666872125
4
0
29084
2
0
1666873149
4
0
29085
2
0
1666854973
4
0
29086
2
0
1666855997
4
0
29087
2
0
1666857021
4
0
29088
2
0
1667318077
4
0
29089
2
0
1667319101
4
0
29090
2
0
1667320125
4
0
29091
2
0
1667321149
4
0
29092
2
0
1667322173
4
0
29093
2
0
1667323197
4
0
29094
2
0
1667324221
4
0
29095
2
0
1667326781
4
0
29096
2
0
1667327805
4
0
29097
2
0
1667328829
4
0
29098
2
0
1667329853
4
0
29099
2
0
1667330877
4
0
29100
2
0
1667331901
4
0
29101
2
0
1667313725
4
0
29102
2
0
1667314749
4
0
29103
2
0
1667315773
4
0
29104
2
0
1667383613
4
0
29105
2
0
1667384637
4
0
29106
2
0
1667385661
4
0
29107
2
0
1667386685
4
0
29108
2
0
1667387709
4
0
29109
2
0
1667388733
4
0
29110
2
0
1667389757
4
0
29111
2
0
1667392317
4
0
29112
2
0
1667393341
4
0
29113
2
0
1667394365
4
0
29114
2
0
1667395389
4
0
29115
2
0
1667396413
4
0
29116
2
0
1667397437
4
0
29117
2
0
1667379261
4
0
29118
2
0
1667380285
4
0
29119
2
0
1667381309
4
0
29120
2
0
1667449149
4
0
29121
2
0
1667450173
4
0
29122
2
0
1667451197
4
0
29123
2
0
1667452221
4
0
29124
2
0
1667453245
4
0
29125
2
0
1667454269
4
0
29126
2
0
1667455293
4
0
29127
2
0
1667457853
4
0
29128
2
0
1667458877
4
0
29129
2
0
1667459901
4
0
29130
2
0
1667460925
4
0
29131
2
0
1667461949
4
0
29132
2
0
1667462973
4
0
29133
2
0
1667444797
4
0
29134
2
0
1667445821
4
0
29135
2
0
1667446845
4
0
29136
2
0
1667514685
4
0
29137
2
0
1667515709
4
0
29138
2
0
1667516733
4
0
29139
2
0
1667517757
4
0
29140
2
0
1667518781
4
0
29141
2
0
1667519805
4
0
29142
2
0
1667520829
4
0
29143
2
0
1667523389
4
0
29144
2
0
1667524413
4
0
29145
2
0
1667525437
4
0
29146
2
0
1667526461
4
0
29147
2
0
1667527485
4
0
29148
2
0
1667528509
4
0
29149
2
0
1667510333
4
0
29150
2
0
1667511357
4
0
29151
2
0
1667512381
4
0
29152
2
0
1667580221
4
0
29153
2
0
1667581245
4
0
29154
2
0
1667582269
4
0
29155
2
0
1667583293
4
0
29156
2
0
1667584317
4
0
29157
2
0
1667585341
4
0
29158
2
0
1667586365
4
0
29159
2
0
1667588925
4
0
29160
2
0
1667589949
4
0
29161
2
0
1667590973
4
0
29162
2
0
1667591997
4
0
29163
2
0
1667593021
4
0
29164
2
0
1667594045
4
0
29165
2
0
1667575869
4
0
29166
2
0
1667576893
4
0
29167
2
0
1667577917
4
0
29168
2
0
1667645757
4
0
29169
2
0
1667646781
4
0
29170
2
0
1667647805
4
0
29171
2
0
1667648829
4
0
29172
2
0
1667649853
4
0
29173
2
0
1667650877
4
0
29174
2
0
1667651901
4
0
29175
2
0
1667654461
4
0
29176
2
0
1667655485
4
0
29177
2
0
1667656509
4
0
29178
2
0
1667657533
4
0
29179
2
0
1667658557
4
0
29180
2
0
1667659581
4
0
29181
2
0
1667641405
4
0
29182
2
0
1667642429
4
0
29183
2
0
1667643453
4
0
29184
2
0
1667711293
4
0
29185
2
0
1667712317
4
0
29186
2
0
1667713341
4
0
29187
2
0
1667714365
4
0
29188
2
0
1667715389
4
0
29189
2
0
1667716413
4
0
29190
2
0
1667717437
4
0
29191
2
0
1667719997
4
0
29192
2
0
1667721021
4
0
29193
2
0
1667722045
4
0
29194
2
0
1667723069
4
0
29195
2
0
1667724093
4
0
29196
2
0
1667725117
4
0
29197
2
0
1667706941
4
0
29198
2
0
1667707965
4
0
29199
2
0
1667708989
4
0
29200
2
0
1667776829
4
0
29201
2
0
1667777853
4
0
29202
2
0
1667778877
4
0
29203
2
0
1667779901
4
0
29204
2
0
1667780925
4
0
29205
2
0
1667781949
4
0
29206
2
0
1667782973
4
0
29207
2
0
1667785533
4
0
29208
2
0
1667786557
4
0
29209
2
0
1667787581
4
0
29210
2
0
1667788605
4
0
29211
2
0
1667789629
4
0
29212
2
0
1667790653
4
0
29213
2
0
1667772477
4
0
29214
2
0
1667773501
4
0
29215
2
0
1667774525
4
0
29216
2
0
1667842365
4
0
29217
2
0
1667843389
4
0
29218
2
0
1667844413
4
0
29219
2
0
1667845437
4
0
29220
2
0
1667846461
4
0
29221
2
0
1667847485
4
0
29222
2
0
1667848509
4
0
29223
2
0
1667851069
4
0
29224
2
0
1667852093
4
0
29225
2
0
1667853117
4
0
29226
2
0
1667854141
4
0
29227
2
0
1667855165
4
0
29228
2
0
1667856189
4
0
29229
2
0
1667838013
4
0
29230
2
0
1667839037
4
0
29231
2
0
1667840061
4
0
29232
2
0
1667907901
4
0
29233
2
0
1667908925
4
0
29234
2
0
1667909949
4
0
29235
2
0
1667910973
4
0
29236
2
0
1667911997
4
0
29237
2
0
1667913021
4
0
29238
2
0
1667914045
4
0
29239
2
0
1667916605
4
0
29240
2
0
1667917629
4
0
29241
2
0
1667918653
4
0
29242
2
0
1667919677
4
0
29243
2
0
1667920701
4
0
29244
2
0
1667921725
4
0
29245
2
0
1667903549
4
0
29246
2
0
1667904573
4
0
29247
2
0
1667905597
4
0
29248
2
0
1667973437
4
0
29249
2
0
1667974461
4
0
29250
2
0
1667975485
4
0
29251
2
0
1667976509
4
0
29252
2
0
1667977533
4
0
29253
2
0
1667978557
4
0
29254
2
0
1667979581
4
0
29255
2
0
1667982141
4
0
29256
2
0
1667983165
4
0
29257
2
0
1667984189
4
0
29258
2
0
1667985213
4
0
29259
2
0
1667986237
4
0
29260
2
0
1667987261
4
0
29261
2
0
1667969085
4
0
29262
2
0
1667970109
4
0
29263
2
0
1667971133
4
0
29264
2
0
1668038973
4
0
29265
2
0
1668039997
4
0
29266
2
0
1668041021
4
0
29267
2
0
1668042045
4
0
29268
2
0
1668043069
4
0
29269
2
0
1668044093
4
0
29270
2
0
1668045117
4
0
29271
2
0
1668047677
4
0
29272
2
0
1668048701
4
0
29273
2
0
1668049725
4
0
29274
2
0
1668050749
4
0
29275
2
0
1668051773
4
0
29276
2
0
1668052797
4
0
29277
2
0
1668034621
4
0
29278
2
0
1668035645
4
0
29279
2
0
1668036669
4
0
29280
2
0
1668104509
4
0
29281
2
0
1668105533
4
0
29282
2
0
1668106557
4
0
29283
2
0
1668107581
4
0
29284
2
0
1668108605
4
0
29285
2
0
1668109629
4
0
29286
2
0
1668110653
4
0
29287
2
0
1668113213
4
0
29288
2
0
1668114237
4
0
29289
2
0
1668115261
4
0
29290
2
0
1668116285
4
0
29291
2
0
1668117309
4
0
29292
2
0
1668118333
4
0
29293
2
0
1668100157
4
0
29294
2
0
1668101181
4
0
29295
2
0
1668102205
4
0
29296
2
0
1668170045
4
0
29297
2
0
1668171069
4
0
29298
2
0
1668172093
4
0
29299
2
0
1668173117
4
0
29300
2
0
1668174141
4
0
29301
2
0
1668175165
4
0
29302
2
0
1668176189
4
0
29303
2
0
1668178749
4
0
29304
2
0
1668179773
4
0
29305
2
0
1668180797
4
0
29306
2
0
1668181821
4
0
29307
2
0
1668182845
4
0
29308
2
0
1668183869
4
0
29309
2
0
1668165693
4
0
29310
2
0
1668166717
4
0
29311
2
0
1668167741
4
0
29312
2
0
1668235581
4
0
29313
2
0
1668236605
4
0
29314
2
0
1668237629
4
0
29315
2
0
1668238653
4
0
29316
2
0
1668239677
4
0
29317
2
0
1668240701
4
0
29318
2
0
1668241725
4
0
29319
2
0
1668244285
4
0
29320
2
0
1668245309
4
0
29321
2
0
1668246333
4
0
29322
2
0
1668247357
4
0
29323
2
0
1668248381
4
0
29324
2
0
1668249405
4
0
29325
2
0
1668231229
4
0
29326
2
0
1668232253
4
0
29327
2
0
1668233277
4
0
29328
2
0
1668301117
4
0
29329
2
0
1668302141
4
0
29330
2
0
1668303165
4
0
29331
2
0
1668304189
4
0
29332
2
0
1668305213
4
0
29333
2
0
1668306237
4
0
29334
2
0
1668307261
4
0
29335
2
0
1668309821
4
0
29336
2
0
1668310845
4
0
29337
2
0
1668311869
4
0
29338
2
0
1668312893
4
0
29339
2
0
1668313917
4
0
29340
2
0
1668314941
4
0
29341
2
0
1668296765
4
0
29342
2
0
1668297789
4
0
29343
2
0
1668298813
4
0
29344
2
0
1668366653
4
0
29345
2
0
1668367677
4
0
29346
2
0
1668368701
4
0
29347
2
0
1668369725
4
0
29348
2
0
1668370749
4
0
29349
2
0
1668371773
4
0
29350
2
0
1668372797
4
0
29351
2
0
1668375357
4
0
29352
2
0
1668376381
4
0
29353
2
0
1668377405
4
0
29354
2
0
1668378429
4
0
29355
2
0
1668379453
4
0
29356
2
0
1668380477
4
0
29357
2
0
1668362301
4
0
29358
2
0
1668363325
4
0
29359
2
0
1668364349
4
0
29360
2
0
1668432189
4
0
29361
2
0
1668433213
4
0
29362
2
0
1668434237
4
0
29363
2
0
1668435261
4
0
29364
2
0
1668436285
4
0
29365
2
0
1668437309
4
0
29366
2
0
1668438333
4
0
29367
2
0
1668440893
4
0
29368
2
0
1668441917
4
0
29369
2
0
1668442941
4
0
29370
2
0
1668443965
4
0
29371
2
0
1668444989
4
0
29372
2
0
1668446013
4
0
29373
2
0
1668427837
4
0
29374
2
0
1668428861
4
0
29375
2
0
1668429885
4
0
29376
2
0
1668497725
4
0
29377
2
0
1668498749
4
0
29378
2
0
1668499773
4
0
29379
2
0
1668500797
4
0
29380
2
0
1668501821
4
0
29381
2
0
1668502845
4
0
29382
2
0
1668503869
4
0
29383
2
0
1668506429
4
0
29384
2
0
1668507453
4
0
29385
2
0
1668508477
4
0
29386
2
0
1668509501
4
0
29387
2
0
1668510525
4
0
29388
2
0
1668511549
4
0
29389
2
0
1668493373
4
0
29390
2
0
1668494397
4
0
29391
2
0
1668495421
4
0
29392
2
0
1668563261
4
0
29393
2
0
1668564285
4
0
29394
2
0
1668565309
4
0
29395
2
0
1668566333
4
0
29396
2
0
1668567357
4
0
29397
2
0
1668568381
4
0
29398
2
0
1668569405
4
0
29399
2
0
1668571965
4
0
29400
2
0
1668572989
4
0
29401
2
0
1668574013
4
0
29402
2
0
1668575037
4
0
29403
2
0
1668576061
4
0
29404
2
0
1668577085
4
0
29405
2
0
1668558909
4
0
29406
2
0
1668559933
4
0
29407
2
0
1668560957
4
0
29408
2
0
1668628797
4
0
29409
2
0
1668629821
4
0
29410
2
0
1668630845
4
0
29411
2
0
1668631869
4
0
29412
2
0
1668632893
4
0
29413
2
0
1668633917
4
0
29414
2
0
1668634941
4
0
29415
2
0
1668637501
4
0
29416
2
0
1668638525
4
0
29417
2
0
1668639549
4
0
29418
2
0
1668640573
4
0
29419
2
0
1668641597
4
0
29420
2
0
1668642621
4
0
29421
2
0
1668624445
4
0
29422
2
0
1668625469
4
0
29423
2
0
1668626493
4
0
29424
2
0
1668694333
4
0
29425
2
0
1668695357
4
0
29426
2
0
1668696381
4
0
29427
2
0
1668697405
4
0
29428
2
0
1668698429
4
0
29429
2
0
1668699453
4
0
29430
2
0
1668700477
4
0
29431
2
0
1668703037
4
0
29432
2
0
1668704061
4
0
29433
2
0
1668705085
4
0
29434
2
0
1668706109
4
0
29435
2
0
1668707133
4
0
29436
2
0
1668708157
4
0
29437
2
0
1668689981
4
0
29438
2
0
1668691005
4
0
29439
2
0
1668692029
4
0
29440
2
0
1668759869
4
0
29441
2
0
1668760893
4
0
29442
2
0
1668761917
4
0
29443
2
0
1668762941
4
0
29444
2
0
1668763965
4
0
29445
2
0
1668764989
4
0
29446
2
0
1668766013
4
0
29447
2
0
1668768573
4
0
29448
2
0
1668769597
4
0
29449
2
0
1668770621
4
0
29450
2
0
1668771645
4
0
29451
2
0
1668772669
4
0
29452
2
0
1668773693
4
0
29453
2
0
1668755517
4
0
29454
2
0
1668756541
4
0
29455
2
0
1668757565
4
0
29456
2
0
1668825405
4
0
29457
2
0
1668826429
4
0
29458
2
0
1668827453
4
0
29459
2
0
1668828477
4
0
29460
2
0
1668829501
4
0
29461
2
0
1668830525
4
0
29462
2
0
1668831549
4
0
29463
2
0
1668834109
4
0
29464
2
0
1668835133
4
0
29465
2
0
1668836157
4
0
29466
2
0
1668837181
4
0
29467
2
0
1668838205
4
0
29468
2
0
1668839229
4
0
29469
2
0
1668821053
4
0
29470
2
0
1668822077
4
0
29471
2
0
1668823101
4
0
29472
2
0
1668890941
4
0
29473
2
0
1668891965
4
0
29474
2
0
1668892989
4
0
29475
2
0
1668894013
4
0
29476
2
0
1668895037
4
0
29477
2
0
1668896061
4
0
29478
2
0
1668897085
4
0
29479
2
0
1668899645
4
0
29480
2
0
1668900669
4
0
29481
2
0
1668901693
4
0
29482
2
0
1668902717
4
0
29483
2
0
1668903741
4
0
29484
2
0
1668904765
4
0
29485
2
0
1668886589
4
0
29486
2
0
1668887613
4
0
29487
2
0
1668888637
4
0
29488
2
0
1668956477
4
0
29489
2
0
1668957501
4
0
29490
2
0
1668958525
4
0
29491
2
0
1668959549
4
0
29492
2
0
1668960573
4
0
29493
2
0
1668961597
4
0
29494
2
0
1668962621
4
0
29495
2
0
1668965181
4
0
29496
2
0
1668966205
4
0
29497
2
0
1668967229
4
0
29498
2
0
1668968253
4
0
29499
2
0
1668969277
4
0
29500
2
0
1668970301
4
0
29501
2
0
1668952125
4
0
29502
2
0
1668953149
4
0
29503
2
0
1668954173
4
0
29504
2
0
1664106813
4
0
29505
2
0
1664107837
4
0
29506
2
0
1664108861
4
0
29507
2
0
1664109885
4
0
29508
2
0
1664110909
4
0
29509
2
0
1664111933
4
0
29510
2
0
1664112957
4
0
29511
2
0
1664115517
4
0
29512
2
0
1664116541
4
0
29513
2
0
1664117565
4
0
29514
2
0
1664118589
4
0
29515
2
0
1664119613
4
0
29516
2
0
1664120637
4
0
29517
2
0
1664102461
4
0
29518
2
0
1664103485
4
0
29519
2
0
1664104509
4
0
29520
2
0
1664172349
4
0
29521
2
0
1664173373
4
0
29522
2
0
1664174397
4
0
29523
2
0
1664175421
4
0
29524
2
0
1664176445
4
0
29525
2
0
1664177469
4
0
29526
2
0
1664178493
4
0
29527
2
0
1664181053
4
0
29528
2
0
1664182077
4
0
29529
2
0
1664183101
4
0
29530
2
0
1664184125
4
0
29531
2
0
1664185149
4
0
29532
2
0
1664186173
4
0
29533
2
0
1664167997
4
0
29534
2
0
1664169021
4
0
29535
2
0
1664170045
4
0
29536
2
0
1664237885
4
0
29537
2
0
1664238909
4
0
29538
2
0
1664239933
4
0
29539
2
0
1664240957
4
0
29540
2
0
1664241981
4
0
29541
2
0
1664243005
4
0
29542
2
0
1664244029
4
0
29543
2
0
1664246589
4
0
29544
2
0
1664247613
4
0
29545
2
0
1664248637
4
0
29546
2
0
1664249661
4
0
29547
2
0
1664250685
4
0
29548
2
0
1664251709
4
0
29549
2
0
1664233533
4
0
29550
2
0
1664234557
4
0
29551
2
0
1664235581
4
0
29552
2
0
1664303421
4
0
29553
2
0
1664304445
4
0
29554
2
0
1664305469
4
0
29555
2
0
1664306493
4
0
29556
2
0
1664307517
4
0
29557
2
0
1664308541
4
0
29558
2
0
1664309565
4
0
29559
2
0
1664312125
4
0
29560
2
0
1664313149
4
0
29561
2
0
1664314173
4
0
29562
2
0
1664315197
4
0
29563
2
0
1664316221
4
0
29564
2
0
1664317245
4
0
29565
2
0
1664299069
4
0
29566
2
0
1664300093
4
0
29567
2
0
1664301117
4
0
29568
2
0
1664368957
4
0
29569
2
0
1664369981
4
0
29570
2
0
1664371005
4
0
29571
2
0
1664372029
4
0
29572
2
0
1664373053
4
0
29573
2
0
1664374077
4
0
29574
2
0
1664375101
4
0
29575
2
0
1664377661
4
0
29576
2
0
1664378685
4
0
29577
2
0
1664379709
4
0
29578
2
0
1664380733
4
0
29579
2
0
1664381757
4
0
29580
2
0
1664382781
4
0
29581
2
0
1664364605
4
0
29582
2
0
1664365629
4
0
29583
2
0
1664366653
4
0
29584
2
0
1664434493
4
0
29585
2
0
1664435517
4
0
29586
2
0
1664436541
4
0
29587
2
0
1664437565
4
0
29588
2
0
1664438589
4
0
29589
2
0
1664439613
4
0
29590
2
0
1664440637
4
0
29591
2
0
1664443197
4
0
29592
2
0
1664444221
4
0
29593
2
0
1664445245
4
0
29594
2
0
1664446269
4
0
29595
2
0
1664447293
4
0
29596
2
0
1664448317
4
0
29597
2
0
1664430141
4
0
29598
2
0
1664431165
4
0
29599
2
0
1664432189
4
0
29600
2
0
1664500029
4
0
29601
2
0
1664501053
4
0
29602
2
0
1664502077
4
0
29603
2
0
1664503101
4
0
29604
2
0
1664504125
4
0
29605
2
0
1664505149
4
0
29606
2
0
1664506173
4
0
29607
2
0
1664508733
4
0
29608
2
0
1664509757
4
0
29609
2
0
1664510781
4
0
29610
2
0
1664511805
4
0
29611
2
0
1664512829
4
0
29612
2
0
1664513853
4
0
29613
2
0
1664495677
4
0
29614
2
0
1664496701
4
0
29615
2
0
1664497725
4
0
29616
2
0
1664565565
4
0
29617
2
0
1664566589
4
0
29618
2
0
1664567613
4
0
29619
2
0
1664568637
4
0
29620
2
0
1664569661
4
0
29621
2
0
1664570685
4
0
29622
2
0
1664571709
4
0
29623
2
0
1664574269
4
0
29624
2
0
1664575293
4
0
29625
2
0
1664576317
4
0
29626
2
0
1664577341
4
0
29627
2
0
1664578365
4
0
29628
2
0
1664579389
4
0
29629
2
0
1664561213
4
0
29630
2
0
1664562237
4
0
29631
2
0
1664563261
4
0
29632
2
0
1664631101
4
0
29633
2
0
1664632125
4
0
29634
2
0
1664633149
4
0
29635
2
0
1664634173
4
0
29636
2
0
1664635197
4
0
29637
2
0
1664636221
4
0
29638
2
0
1664637245
4
0
29639
2
0
1664639805
4
0
29640
2
0
1664640829
4
0
29641
2
0
1664641853
4
0
29642
2
0
1664642877
4
0
29643
2
0
1664643901
4
0
29644
2
0
1664644925
4
0
29645
2
0
1664626749
4
0
29646
2
0
1664627773
4
0
29647
2
0
1664628797
4
0
29648
2
0
1664696637
4
0
29649
2
0
1664697661
4
0
29650
2
0
1664698685
4
0
29651
2
0
1664699709
4
0
29652
2
0
1664700733
4
0
29653
2
0
1664701757
4
0
29654
2
0
1664702781
4
0
29655
2
0
1664705341
4
0
29656
2
0
1664706365
4
0
29657
2
0
1664707389
4
0
29658
2
0
1664708413
4
0
29659
2
0
1664709437
4
0
29660
2
0
1664710461
4
0
29661
2
0
1664692285
4
0
29662
2
0
1664693309
4
0
29663
2
0
1664694333
4
0
29664
2
0
1663779133
4
0
29665
2
0
1663780157
4
0
29666
2
0
1663781181
4
0
29667
2
0
1663782205
4
0
29668
2
0
1663783229
4
0
29669
2
0
1663784253
4
0
29670
2
0
1663785277
4
0
29671
2
0
1663787837
4
0
29672
2
0
1663788861
4
0
29673
2
0
1663789885
4
0
29674
2
0
1663790909
4
0
29675
2
0
1663791933
4
0
29676
2
0
1663792957
4
0
29677
2
0
1663774781
4
0
29678
2
0
1663775805
4
0
29679
2
0
1663776829
4
0
29680
2
0
1664041277
4
0
29681
2
0
1664042301
4
0
29682
2
0
1664043325
4
0
29683
2
0
1664044349
4
0
29684
2
0
1664045373
4
0
29685
2
0
1664046397
4
0
29686
2
0
1664047421
4
0
29687
2
0
1664049981
4
0
29688
2
0
1664051005
4
0
29689
2
0
1664052029
4
0
29690
2
0
1664053053
4
0
29691
2
0
1664054077
4
0
29692
2
0
1664055101
4
0
29693
2
0
1664036925
4
0
29694
2
0
1664037949
4
0
29695
2
0
1664038973
4
