1024
0
41984
2
0
1883324733
4
0
41985
2
0
1883325757
4
0
41986
2
0
1883326781
4
0
41987
2
0
1883327805
4
0
41988
2
0
1883328829
4
0
41989
2
0
1883329853
4
0
41990
2
0
1883330877
4
0
41991
2
0
1883333437
4
0
41992
2
0
1883334461
4
0
41993
2
0
1883335485
4
0
41994
2
0
1883336509
4
0
41995
2
0
1883337533
4
0
41996
2
0
1883338557
4
0
41997
2
0
1883320381
4
0
41998
2
0
1883321405
4
0
41999
2
0
1883322429
4
0
42000
2
0
1883390269
4
0
42001
2
0
1883391293
4
0
42002
2
0
1883392317
4
0
42003
2
0
1883393341
4
0
42004
2
0
1883394365
4
0
42005
2
0
1883395389
4
0
42006
2
0
1883396413
4
0
42007
2
0
1883398973
4
0
42008
2
0
1883399997
4
0
42009
2
0
1883401021
4
0
42010
2
0
1883402045
4
0
42011
2
0
1883403069
4
0
42012
2
0
1883404093
4
0
42013
2
0
1883385917
4
0
42014
2
0
1883386941
4
0
42015
2
0
1883387965
4
0
42016
2
0
1883455805
4
0
42017
2
0
1883456829
4
0
42018
2
0
1883457853
4
0
42019
2
0
1883458877
4
0
42020
2
0
1883459901
4
0
42021
2
0
1883460925
4
0
42022
2
0
1883461949
4
0
42023
2
0
1883464509
4
0
42024
2
0
1883465533
4
0
42025
2
0
1883466557
4
0
42026
2
0
1883467581
4
0
42027
2
0
1883468605
4
0
42028
2
0
1883469629
4
0
42029
2
0
1883451453
4
0
42030
2
0
1883452477
4
0
42031
2
0
1883453501
4
0
42032
2
0
1883521341
4
0
42033
2
0
1883522365
4
0
42034
2
0
1883523389
4
0
42035
2
0
1883524413
4
0
42036
2
0
1883525437
4
0
42037
2
0
1883526461
4
0
42038
2
0
1883527485
4
0
42039
2
0
1883530045
4
0
42040
2
0
1883531069
4
0
42041
2
0
1883532093
4
0
42042
2
0
1883533117
4
0
42043
2
0
1883534141
4
0
42044
2
0
1883535165
4
0
42045
2
0
1883516989
4
0
42046
2
0
1883518013
4
0
42047
2
0
1883519037
4
0
42048
2
0
1883586877
4
0
42049
2
0
1883587901
4
0
42050
2
0
1883588925
4
0
42051
2
0
1883589949
4
0
42052
2
0
1883590973
4
0
42053
2
0
1883591997
4
0
42054
2
0
1883593021
4
0
42055
2
0
1883595581
4
0
42056
2
0
1883596605
4
0
42057
2
0
1883597629
4
0
42058
2
0
1883598653
4
0
42059
2
0
1883599677
4
0
42060
2
0
1883600701
4
0
42061
2
0
1883582525
4
0
42062
2
0
1883583549
4
0
42063
2
0
1883584573
4
0
42064
2
0
1883652413
4
0
42065
2
0
1883653437
4
0
42066
2
0
1883654461
4
0
42067
2
0
1883655485
4
0
42068
2
0
1883656509
4
0
42069
2
0
1883657533
4
0
42070
2
0
1883658557
4
0
42071
2
0
1883661117
4
0
42072
2
0
1883662141
4
0
42073
2
0
1883663165
4
0
42074
2
0
1883664189
4
0
42075
2
0
1883665213
4
0
42076
2
0
1883666237
4
0
42077
2
0
1883648061
4
0
42078
2
0
1883649085
4
0
42079
2
0
1883650109
4
0
42080
2
0
1883717949
4
0
42081
2
0
1883718973
4
0
42082
2
0
1883719997
4
0
42083
2
0
1883721021
4
0
42084
2
0
1883722045
4
0
42085
2
0
1883723069
4
0
42086
2
0
1883724093
4
0
42087
2
0
1883726653
4
0
42088
2
0
1883727677
4
0
42089
2
0
1883728701
4
0
42090
2
0
1883729725
4
0
42091
2
0
1883730749
4
0
42092
2
0
1883731773
4
0
42093
2
0
1883713597
4
0
42094
2
0
1883714621
4
0
42095
2
0
1883715645
4
0
42096
2
0
1883783485
4
0
42097
2
0
1883784509
4
0
42098
2
0
1883785533
4
0
42099
2
0
1883786557
4
0
42100
2
0
1883787581
4
0
42101
2
0
1883788605
4
0
42102
2
0
1883789629
4
0
42103
2
0
1883792189
4
0
42104
2
0
1883793213
4
0
42105
2
0
1883794237
4
0
42106
2
0
1883795261
4
0
42107
2
0
1883796285
4
0
42108
2
0
1883797309
4
0
42109
2
0
1883779133
4
0
42110
2
0
1883780157
4
0
42111
2
0
1883781181
4
0
42112
2
0
1883849021
4
0
42113
2
0
1883850045
4
0
42114
2
0
1883851069
4
0
42115
2
0
1883852093
4
0
42116
2
0
1883853117
4
0
42117
2
0
1883854141
4
0
42118
2
0
1883855165
4
0
42119
2
0
1883857725
4
0
42120
2
0
1883858749
4
0
42121
2
0
1883859773
4
0
42122
2
0
1883860797
4
0
42123
2
0
1883861821
4
0
42124
2
0
1883862845
4
0
42125
2
0
1883844669
4
0
42126
2
0
1883845693
4
0
42127
2
0
1883846717
4
0
42128
2
0
1883914557
4
0
42129
2
0
1883915581
4
0
42130
2
0
1883916605
4
0
42131
2
0
1883917629
4
0
42132
2
0
1883918653
4
0
42133
2
0
1883919677
4
0
42134
2
0
1883920701
4
0
42135
2
0
1883923261
4
0
42136
2
0
1883924285
4
0
42137
2
0
1883925309
4
0
42138
2
0
1883926333
4
0
42139
2
0
1883927357
4
0
42140
2
0
1883928381
4
0
42141
2
0
1883910205
4
0
42142
2
0
1883911229
4
0
42143
2
0
1883912253
4
0
42144
2
0
1883980093
4
0
42145
2
0
1883981117
4
0
42146
2
0
1883982141
4
0
42147
2
0
1883983165
4
0
42148
2
0
1883984189
4
0
42149
2
0
1883985213
4
0
42150
2
0
1883986237
4
0
42151
2
0
1883988797
4
0
42152
2
0
1883989821
4
0
42153
2
0
1883990845
4
0
42154
2
0
1883991869
4
0
42155
2
0
1883992893
4
0
42156
2
0
1883993917
4
0
42157
2
0
1883975741
4
0
42158
2
0
1883976765
4
0
42159
2
0
1883977789
4
0
42160
2
0
1884045629
4
0
42161
2
0
1884046653
4
0
42162
2
0
1884047677
4
0
42163
2
0
1884048701
4
0
42164
2
0
1884049725
4
0
42165
2
0
1884050749
4
0
42166
2
0
1884051773
4
0
42167
2
0
1884054333
4
0
42168
2
0
1884055357
4
0
42169
2
0
1884056381
4
0
42170
2
0
1884057405
4
0
42171
2
0
1884058429
4
0
42172
2
0
1884059453
4
0
42173
2
0
1884041277
4
0
42174
2
0
1884042301
4
0
42175
2
0
1884043325
4
0
42176
2
0
1884111165
4
0
42177
2
0
1884112189
4
0
42178
2
0
1884113213
4
0
42179
2
0
1884114237
4
0
42180
2
0
1884115261
4
0
42181
2
0
1884116285
4
0
42182
2
0
1884117309
4
0
42183
2
0
1884119869
4
0
42184
2
0
1884120893
4
0
42185
2
0
1884121917
4
0
42186
2
0
1884122941
4
0
42187
2
0
1884123965
4
0
42188
2
0
1884124989
4
0
42189
2
0
1884106813
4
0
42190
2
0
1884107837
4
0
42191
2
0
1884108861
4
0
42192
2
0
1884176701
4
0
42193
2
0
1884177725
4
0
42194
2
0
1884178749
4
0
42195
2
0
1884179773
4
0
42196
2
0
1884180797
4
0
42197
2
0
1884181821
4
0
42198
2
0
1884182845
4
0
42199
2
0
1884185405
4
0
42200
2
0
1884186429
4
0
42201
2
0
1884187453
4
0
42202
2
0
1884188477
4
0
42203
2
0
1884189501
4
0
42204
2
0
1884190525
4
0
42205
2
0
1884172349
4
0
42206
2
0
1884173373
4
0
42207
2
0
1884174397
4
0
42208
2
0
1884242237
4
0
42209
2
0
1884243261
4
0
42210
2
0
1884244285
4
0
42211
2
0
1884245309
4
0
42212
2
0
1884246333
4
0
42213
2
0
1884247357
4
0
42214
2
0
1884248381
4
0
42215
2
0
1884250941
4
0
42216
2
0
1884251965
4
0
42217
2
0
1884252989
4
0
42218
2
0
1884254013
4
0
42219
2
0
1884255037
4
0
42220
2
0
1884256061
4
0
42221
2
0
1884237885
4
0
42222
2
0
1884238909
4
0
42223
2
0
1884239933
4
0
42224
2
0
1884307773
4
0
42225
2
0
1884308797
4
0
42226
2
0
1884309821
4
0
42227
2
0
1884310845
4
0
42228
2
0
1884311869
4
0
42229
2
0
1884312893
4
0
42230
2
0
1884313917
4
0
42231
2
0
1884316477
4
0
42232
2
0
1884317501
4
0
42233
2
0
1884318525
4
0
42234
2
0
1884319549
4
0
42235
2
0
1884320573
4
0
42236
2
0
1884321597
4
0
42237
2
0
1884303421
4
0
42238
2
0
1884304445
4
0
42239
2
0
1884305469
4
0
42240
2
0
1884373309
4
0
42241
2
0
1884374333
4
0
42242
2
0
1884375357
4
0
42243
2
0
1884376381
4
0
42244
2
0
1884377405
4
0
42245
2
0
1884378429
4
0
42246
2
0
1884379453
4
0
42247
2
0
1884382013
4
0
42248
2
0
1884383037
4
0
42249
2
0
1884384061
4
0
42250
2
0
1884385085
4
0
42251
2
0
1884386109
4
0
42252
2
0
1884387133
4
0
42253
2
0
1884368957
4
0
42254
2
0
1884369981
4
0
42255
2
0
1884371005
4
0
42256
2
0
1884438845
4
0
42257
2
0
1884439869
4
0
42258
2
0
1884440893
4
0
42259
2
0
1884441917
4
0
42260
2
0
1884442941
4
0
42261
2
0
1884443965
4
0
42262
2
0
1884444989
4
0
42263
2
0
1884447549
4
0
42264
2
0
1884448573
4
0
42265
2
0
1884449597
4
0
42266
2
0
1884450621
4
0
42267
2
0
1884451645
4
0
42268
2
0
1884452669
4
0
42269
2
0
1884434493
4
0
42270
2
0
1884435517
4
0
42271
2
0
1884436541
4
0
42272
2
0
1884504381
4
0
42273
2
0
1884505405
4
0
42274
2
0
1884506429
4
0
42275
2
0
1884507453
4
0
42276
2
0
1884508477
4
0
42277
2
0
1884509501
4
0
42278
2
0
1884510525
4
0
42279
2
0
1884513085
4
0
42280
2
0
1884514109
4
0
42281
2
0
1884515133
4
0
42282
2
0
1884516157
4
0
42283
2
0
1884517181
4
0
42284
2
0
1884518205
4
0
42285
2
0
1884500029
4
0
42286
2
0
1884501053
4
0
42287
2
0
1884502077
4
0
42288
2
0
1884569917
4
0
42289
2
0
1884570941
4
0
42290
2
0
1884571965
4
0
42291
2
0
1884572989
4
0
42292
2
0
1884574013
4
0
42293
2
0
1884575037
4
0
42294
2
0
1884576061
4
0
42295
2
0
1884578621
4
0
42296
2
0
1884579645
4
0
42297
2
0
1884580669
4
0
42298
2
0
1884581693
4
0
42299
2
0
1884582717
4
0
42300
2
0
1884583741
4
0
42301
2
0
1884565565
4
0
42302
2
0
1884566589
4
0
42303
2
0
1884567613
4
0
42304
2
0
1884635453
4
0
42305
2
0
1884636477
4
0
42306
2
0
1884637501
4
0
42307
2
0
1884638525
4
0
42308
2
0
1884639549
4
0
42309
2
0
1884640573
4
0
42310
2
0
1884641597
4
0
42311
2
0
1884644157
4
0
42312
2
0
1884645181
4
0
42313
2
0
1884646205
4
0
42314
2
0
1884647229
4
0
42315
2
0
1884648253
4
0
42316
2
0
1884649277
4
0
42317
2
0
1884631101
4
0
42318
2
0
1884632125
4
0
42319
2
0
1884633149
4
0
42320
2
0
1884700989
4
0
42321
2
0
1884702013
4
0
42322
2
0
1884703037
4
0
42323
2
0
1884704061
4
0
42324
2
0
1884705085
4
0
42325
2
0
1884706109
4
0
42326
2
0
1884707133
4
0
42327
2
0
1884709693
4
0
42328
2
0
1884710717
4
0
42329
2
0
1884711741
4
0
42330
2
0
1884712765
4
0
42331
2
0
1884713789
4
0
42332
2
0
1884714813
4
0
42333
2
0
1884696637
4
0
42334
2
0
1884697661
4
0
42335
2
0
1884698685
4
0
42336
2
0
1884766525
4
0
42337
2
0
1884767549
4
0
42338
2
0
1884768573
4
0
42339
2
0
1884769597
4
0
42340
2
0
1884770621
4
0
42341
2
0
1884771645
4
0
42342
2
0
1884772669
4
0
42343
2
0
1884775229
4
0
42344
2
0
1884776253
4
0
42345
2
0
1884777277
4
0
42346
2
0
1884778301
4
0
42347
2
0
1884779325
4
0
42348
2
0
1884780349
4
0
42349
2
0
1884762173
4
0
42350
2
0
1884763197
4
0
42351
2
0
1884764221
4
0
42352
2
0
1884832061
4
0
42353
2
0
1884833085
4
0
42354
2
0
1884834109
4
0
42355
2
0
1884835133
4
0
42356
2
0
1884836157
4
0
42357
2
0
1884837181
4
0
42358
2
0
1884838205
4
0
42359
2
0
1884840765
4
0
42360
2
0
1884841789
4
0
42361
2
0
1884842813
4
0
42362
2
0
1884843837
4
0
42363
2
0
1884844861
4
0
42364
2
0
1884845885
4
0
42365
2
0
1884827709
4
0
42366
2
0
1884828733
4
0
42367
2
0
1884829757
4
0
42368
2
0
1884897597
4
0
42369
2
0
1884898621
4
0
42370
2
0
1884899645
4
0
42371
2
0
1884900669
4
0
42372
2
0
1884901693
4
0
42373
2
0
1884902717
4
0
42374
2
0
1884903741
4
0
42375
2
0
1884906301
4
0
42376
2
0
1884907325
4
0
42377
2
0
1884908349
4
0
42378
2
0
1884909373
4
0
42379
2
0
1884910397
4
0
42380
2
0
1884911421
4
0
42381
2
0
1884893245
4
0
42382
2
0
1884894269
4
0
42383
2
0
1884895293
4
0
42384
2
0
1884963133
4
0
42385
2
0
1884964157
4
0
42386
2
0
1884965181
4
0
42387
2
0
1884966205
4
0
42388
2
0
1884967229
4
0
42389
2
0
1884968253
4
0
42390
2
0
1884969277
4
0
42391
2
0
1884971837
4
0
42392
2
0
1884972861
4
0
42393
2
0
1884973885
4
0
42394
2
0
1884974909
4
0
42395
2
0
1884975933
4
0
42396
2
0
1884976957
4
0
42397
2
0
1884958781
4
0
42398
2
0
1884959805
4
0
42399
2
0
1884960829
4
0
42400
2
0
1885421885
4
0
42401
2
0
1885422909
4
0
42402
2
0
1885423933
4
0
42403
2
0
1885424957
4
0
42404
2
0
1885425981
4
0
42405
2
0
1885427005
4
0
42406
2
0
1885428029
4
0
42407
2
0
1885430589
4
0
42408
2
0
1885431613
4
0
42409
2
0
1885432637
4
0
42410
2
0
1885433661
4
0
42411
2
0
1885434685
4
0
42412
2
0
1885435709
4
0
42413
2
0
1885417533
4
0
42414
2
0
1885418557
4
0
42415
2
0
1885419581
4
0
42416
2
0
1885487421
4
0
42417
2
0
1885488445
4
0
42418
2
0
1885489469
4
0
42419
2
0
1885490493
4
0
42420
2
0
1885491517
4
0
42421
2
0
1885492541
4
0
42422
2
0
1885493565
4
0
42423
2
0
1885496125
4
0
42424
2
0
1885497149
4
0
42425
2
0
1885498173
4
0
42426
2
0
1885499197
4
0
42427
2
0
1885500221
4
0
42428
2
0
1885501245
4
0
42429
2
0
1885483069
4
0
42430
2
0
1885484093
4
0
42431
2
0
1885485117
4
0
42432
2
0
1885552957
4
0
42433
2
0
1885553981
4
0
42434
2
0
1885555005
4
0
42435
2
0
1885556029
4
0
42436
2
0
1885557053
4
0
42437
2
0
1885558077
4
0
42438
2
0
1885559101
4
0
42439
2
0
1885561661
4
0
42440
2
0
1885562685
4
0
42441
2
0
1885563709
4
0
42442
2
0
1885564733
4
0
42443
2
0
1885565757
4
0
42444
2
0
1885566781
4
0
42445
2
0
1885548605
4
0
42446
2
0
1885549629
4
0
42447
2
0
1885550653
4
0
42448
2
0
1885618493
4
0
42449
2
0
1885619517
4
0
42450
2
0
1885620541
4
0
42451
2
0
1885621565
4
0
42452
2
0
1885622589
4
0
42453
2
0
1885623613
4
0
42454
2
0
1885624637
4
0
42455
2
0
1885627197
4
0
42456
2
0
1885628221
4
0
42457
2
0
1885629245
4
0
42458
2
0
1885630269
4
0
42459
2
0
1885631293
4
0
42460
2
0
1885632317
4
0
42461
2
0
1885614141
4
0
42462
2
0
1885615165
4
0
42463
2
0
1885616189
4
0
42464
2
0
1885684029
4
0
42465
2
0
1885685053
4
0
42466
2
0
1885686077
4
0
42467
2
0
1885687101
4
0
42468
2
0
1885688125
4
0
42469
2
0
1885689149
4
0
42470
2
0
1885690173
4
0
42471
2
0
1885692733
4
0
42472
2
0
1885693757
4
0
42473
2
0
1885694781
4
0
42474
2
0
1885695805
4
0
42475
2
0
1885696829
4
0
42476
2
0
1885697853
4
0
42477
2
0
1885679677
4
0
42478
2
0
1885680701
4
0
42479
2
0
1885681725
4
0
42480
2
0
1885749565
4
0
42481
2
0
1885750589
4
0
42482
2
0
1885751613
4
0
42483
2
0
1885752637
4
0
42484
2
0
1885753661
4
0
42485
2
0
1885754685
4
0
42486
2
0
1885755709
4
0
42487
2
0
1885758269
4
0
42488
2
0
1885759293
4
0
42489
2
0
1885760317
4
0
42490
2
0
1885761341
4
0
42491
2
0
1885762365
4
0
42492
2
0
1885763389
4
0
42493
2
0
1885745213
4
0
42494
2
0
1885746237
4
0
42495
2
0
1885747261
4
0
42496
2
0
1885815101
4
0
42497
2
0
1885816125
4
0
42498
2
0
1885817149
4
0
42499
2
0
1885818173
4
0
42500
2
0
1885819197
4
0
42501
2
0
1885820221
4
0
42502
2
0
1885821245
4
0
42503
2
0
1885823805
4
0
42504
2
0
1885824829
4
0
42505
2
0
1885825853
4
0
42506
2
0
1885826877
4
0
42507
2
0
1885827901
4
0
42508
2
0
1885828925
4
0
42509
2
0
1885810749
4
0
42510
2
0
1885811773
4
0
42511
2
0
1885812797
4
0
42512
2
0
1885880637
4
0
42513
2
0
1885881661
4
0
42514
2
0
1885882685
4
0
42515
2
0
1885883709
4
0
42516
2
0
1885884733
4
0
42517
2
0
1885885757
4
0
42518
2
0
1885886781
4
0
42519
2
0
1885889341
4
0
42520
2
0
1885890365
4
0
42521
2
0
1885891389
4
0
42522
2
0
1885892413
4
0
42523
2
0
1885893437
4
0
42524
2
0
1885894461
4
0
42525
2
0
1885876285
4
0
42526
2
0
1885877309
4
0
42527
2
0
1885878333
4
0
42528
2
0
1885946173
4
0
42529
2
0
1885947197
4
0
42530
2
0
1885948221
4
0
42531
2
0
1885949245
4
0
42532
2
0
1885950269
4
0
42533
2
0
1885951293
4
0
42534
2
0
1885952317
4
0
42535
2
0
1885954877
4
0
42536
2
0
1885955901
4
0
42537
2
0
1885956925
4
0
42538
2
0
1885957949
4
0
42539
2
0
1885958973
4
0
42540
2
0
1885959997
4
0
42541
2
0
1885941821
4
0
42542
2
0
1885942845
4
0
42543
2
0
1885943869
4
0
42544
2
0
1886011709
4
0
42545
2
0
1886012733
4
0
42546
2
0
1886013757
4
0
42547
2
0
1886014781
4
0
42548
2
0
1886015805
4
0
42549
2
0
1886016829
4
0
42550
2
0
1886017853
4
0
42551
2
0
1886020413
4
0
42552
2
0
1886021437
4
0
42553
2
0
1886022461
4
0
42554
2
0
1886023485
4
0
42555
2
0
1886024509
4
0
42556
2
0
1886025533
4
0
42557
2
0
1886007357
4
0
42558
2
0
1886008381
4
0
42559
2
0
1886009405
4
0
42560
2
0
1886077245
4
0
42561
2
0
1886078269
4
0
42562
2
0
1886079293
4
0
42563
2
0
1886080317
4
0
42564
2
0
1886081341
4
0
42565
2
0
1886082365
4
0
42566
2
0
1886083389
4
0
42567
2
0
1886085949
4
0
42568
2
0
1886086973
4
0
42569
2
0
1886087997
4
0
42570
2
0
1886089021
4
0
42571
2
0
1886090045
4
0
42572
2
0
1886091069
4
0
42573
2
0
1886072893
4
0
42574
2
0
1886073917
4
0
42575
2
0
1886074941
4
0
42576
2
0
1886142781
4
0
42577
2
0
1886143805
4
0
42578
2
0
1886144829
4
0
42579
2
0
1886145853
4
0
42580
2
0
1886146877
4
0
42581
2
0
1886147901
4
0
42582
2
0
1886148925
4
0
42583
2
0
1886151485
4
0
42584
2
0
1886152509
4
0
42585
2
0
1886153533
4
0
42586
2
0
1886154557
4
0
42587
2
0
1886155581
4
0
42588
2
0
1886156605
4
0
42589
2
0
1886138429
4
0
42590
2
0
1886139453
4
0
42591
2
0
1886140477
4
0
42592
2
0
1886208317
4
0
42593
2
0
1886209341
4
0
42594
2
0
1886210365
4
0
42595
2
0
1886211389
4
0
42596
2
0
1886212413
4
0
42597
2
0
1886213437
4
0
42598
2
0
1886214461
4
0
42599
2
0
1886217021
4
0
42600
2
0
1886218045
4
0
42601
2
0
1886219069
4
0
42602
2
0
1886220093
4
0
42603
2
0
1886221117
4
0
42604
2
0
1886222141
4
0
42605
2
0
1886203965
4
0
42606
2
0
1886204989
4
0
42607
2
0
1886206013
4
0
42608
2
0
1886273853
4
0
42609
2
0
1886274877
4
0
42610
2
0
1886275901
4
0
42611
2
0
1886276925
4
0
42612
2
0
1886277949
4
0
42613
2
0
1886278973
4
0
42614
2
0
1886279997
4
0
42615
2
0
1886282557
4
0
42616
2
0
1886283581
4
0
42617
2
0
1886284605
4
0
42618
2
0
1886285629
4
0
42619
2
0
1886286653
4
0
42620
2
0
1886287677
4
0
42621
2
0
1886269501
4
0
42622
2
0
1886270525
4
0
42623
2
0
1886271549
4
0
42624
2
0
1886339389
4
0
42625
2
0
1886340413
4
0
42626
2
0
1886341437
4
0
42627
2
0
1886342461
4
0
42628
2
0
1886343485
4
0
42629
2
0
1886344509
4
0
42630
2
0
1886345533
4
0
42631
2
0
1886348093
4
0
42632
2
0
1886349117
4
0
42633
2
0
1886350141
4
0
42634
2
0
1886351165
4
0
42635
2
0
1886352189
4
0
42636
2
0
1886353213
4
0
42637
2
0
1886335037
4
0
42638
2
0
1886336061
4
0
42639
2
0
1886337085
4
0
42640
2
0
1886404925
4
0
42641
2
0
1886405949
4
0
42642
2
0
1886406973
4
0
42643
2
0
1886407997
4
0
42644
2
0
1886409021
4
0
42645
2
0
1886410045
4
0
42646
2
0
1886411069
4
0
42647
2
0
1886413629
4
0
42648
2
0
1886414653
4
0
42649
2
0
1886415677
4
0
42650
2
0
1886416701
4
0
42651
2
0
1886417725
4
0
42652
2
0
1886418749
4
0
42653
2
0
1886400573
4
0
42654
2
0
1886401597
4
0
42655
2
0
1886402621
4
0
42656
2
0
1886470461
4
0
42657
2
0
1886471485
4
0
42658
2
0
1886472509
4
0
42659
2
0
1886473533
4
0
42660
2
0
1886474557
4
0
42661
2
0
1886475581
4
0
42662
2
0
1886476605
4
0
42663
2
0
1886479165
4
0
42664
2
0
1886480189
4
0
42665
2
0
1886481213
4
0
42666
2
0
1886482237
4
0
42667
2
0
1886483261
4
0
42668
2
0
1886484285
4
0
42669
2
0
1886466109
4
0
42670
2
0
1886467133
4
0
42671
2
0
1886468157
4
0
42672
2
0
1886535997
4
0
42673
2
0
1886537021
4
0
42674
2
0
1886538045
4
0
42675
2
0
1886539069
4
0
42676
2
0
1886540093
4
0
42677
2
0
1886541117
4
0
42678
2
0
1886542141
4
0
42679
2
0
1886544701
4
0
42680
2
0
1886545725
4
0
42681
2
0
1886546749
4
0
42682
2
0
1886547773
4
0
42683
2
0
1886548797
4
0
42684
2
0
1886549821
4
0
42685
2
0
1886531645
4
0
42686
2
0
1886532669
4
0
42687
2
0
1886533693
4
0
42688
2
0
1886601533
4
0
42689
2
0
1886602557
4
0
42690
2
0
1886603581
4
0
42691
2
0
1886604605
4
0
42692
2
0
1886605629
4
0
42693
2
0
1886606653
4
0
42694
2
0
1886607677
4
0
42695
2
0
1886610237
4
0
42696
2
0
1886611261
4
0
42697
2
0
1886612285
4
0
42698
2
0
1886613309
4
0
42699
2
0
1886614333
4
0
42700
2
0
1886615357
4
0
42701
2
0
1886597181
4
0
42702
2
0
1886598205
4
0
42703
2
0
1886599229
4
0
42704
2
0
1886667069
4
0
42705
2
0
1886668093
4
0
42706
2
0
1886669117
4
0
42707
2
0
1886670141
4
0
42708
2
0
1886671165
4
0
42709
2
0
1886672189
4
0
42710
2
0
1886673213
4
0
42711
2
0
1886675773
4
0
42712
2
0
1886676797
4
0
42713
2
0
1886677821
4
0
42714
2
0
1886678845
4
0
42715
2
0
1886679869
4
0
42716
2
0
1886680893
4
0
42717
2
0
1886662717
4
0
42718
2
0
1886663741
4
0
42719
2
0
1886664765
4
0
42720
2
0
1886732605
4
0
42721
2
0
1886733629
4
0
42722
2
0
1886734653
4
0
42723
2
0
1886735677
4
0
42724
2
0
1886736701
4
0
42725
2
0
1886737725
4
0
42726
2
0
1886738749
4
0
42727
2
0
1886741309
4
0
42728
2
0
1886742333
4
0
42729
2
0
1886743357
4
0
42730
2
0
1886744381
4
0
42731
2
0
1886745405
4
0
42732
2
0
1886746429
4
0
42733
2
0
1886728253
4
0
42734
2
0
1886729277
4
0
42735
2
0
1886730301
4
0
42736
2
0
1886798141
4
0
42737
2
0
1886799165
4
0
42738
2
0
1886800189
4
0
42739
2
0
1886801213
4
0
42740
2
0
1886802237
4
0
42741
2
0
1886803261
4
0
42742
2
0
1886804285
4
0
42743
2
0
1886806845
4
0
42744
2
0
1886807869
4
0
42745
2
0
1886808893
4
0
42746
2
0
1886809917
4
0
42747
2
0
1886810941
4
0
42748
2
0
1886811965
4
0
42749
2
0
1886793789
4
0
42750
2
0
1886794813
4
0
42751
2
0
1886795837
4
0
42752
2
0
1886863677
4
0
42753
2
0
1886864701
4
0
42754
2
0
1886865725
4
0
42755
2
0
1886866749
4
0
42756
2
0
1886867773
4
0
42757
2
0
1886868797
4
0
42758
2
0
1886869821
4
0
42759
2
0
1886872381
4
0
42760
2
0
1886873405
4
0
42761
2
0
1886874429
4
0
42762
2
0
1886875453
4
0
42763
2
0
1886876477
4
0
42764
2
0
1886877501
4
0
42765
2
0
1886859325
4
0
42766
2
0
1886860349
4
0
42767
2
0
1886861373
4
0
42768
2
0
1886929213
4
0
42769
2
0
1886930237
4
0
42770
2
0
1886931261
4
0
42771
2
0
1886932285
4
0
42772
2
0
1886933309
4
0
42773
2
0
1886934333
4
0
42774
2
0
1886935357
4
0
42775
2
0
1886937917
4
0
42776
2
0
1886938941
4
0
42777
2
0
1886939965
4
0
42778
2
0
1886940989
4
0
42779
2
0
1886942013
4
0
42780
2
0
1886943037
4
0
42781
2
0
1886924861
4
0
42782
2
0
1886925885
4
0
42783
2
0
1886926909
4
0
42784
2
0
1886994749
4
0
42785
2
0
1886995773
4
0
42786
2
0
1886996797
4
0
42787
2
0
1886997821
4
0
42788
2
0
1886998845
4
0
42789
2
0
1886999869
4
0
42790
2
0
1887000893
4
0
42791
2
0
1887003453
4
0
42792
2
0
1887004477
4
0
42793
2
0
1887005501
4
0
42794
2
0
1887006525
4
0
42795
2
0
1887007549
4
0
42796
2
0
1887008573
4
0
42797
2
0
1886990397
4
0
42798
2
0
1886991421
4
0
42799
2
0
1886992445
4
0
42800
2
0
1887060285
4
0
42801
2
0
1887061309
4
0
42802
2
0
1887062333
4
0
42803
2
0
1887063357
4
0
42804
2
0
1887064381
4
0
42805
2
0
1887065405
4
0
42806
2
0
1887066429
4
0
42807
2
0
1887068989
4
0
42808
2
0
1887070013
4
0
42809
2
0
1887071037
4
0
42810
2
0
1887072061
4
0
42811
2
0
1887073085
4
0
42812
2
0
1887074109
4
0
42813
2
0
1887055933
4
0
42814
2
0
1887056957
4
0
42815
2
0
1887057981
4
0
42816
2
0
1882210621
4
0
42817
2
0
1882211645
4
0
42818
2
0
1882212669
4
0
42819
2
0
1882213693
4
0
42820
2
0
1882214717
4
0
42821
2
0
1882215741
4
0
42822
2
0
1882216765
4
0
42823
2
0
1882219325
4
0
42824
2
0
1882220349
4
0
42825
2
0
1882221373
4
0
42826
2
0
1882222397
4
0
42827
2
0
1882223421
4
0
42828
2
0
1882224445
4
0
42829
2
0
1882206269
4
0
42830
2
0
1882207293
4
0
42831
2
0
1882208317
4
0
42832
2
0
1882276157
4
0
42833
2
0
1882277181
4
0
42834
2
0
1882278205
4
0
42835
2
0
1882279229
4
0
42836
2
0
1882280253
4
0
42837
2
0
1882281277
4
0
42838
2
0
1882282301
4
0
42839
2
0
1882284861
4
0
42840
2
0
1882285885
4
0
42841
2
0
1882286909
4
0
42842
2
0
1882287933
4
0
42843
2
0
1882288957
4
0
42844
2
0
1882289981
4
0
42845
2
0
1882271805
4
0
42846
2
0
1882272829
4
0
42847
2
0
1882273853
4
0
42848
2
0
1882341693
4
0
42849
2
0
1882342717
4
0
42850
2
0
1882343741
4
0
42851
2
0
1882344765
4
0
42852
2
0
1882345789
4
0
42853
2
0
1882346813
4
0
42854
2
0
1882347837
4
0
42855
2
0
1882350397
4
0
42856
2
0
1882351421
4
0
42857
2
0
1882352445
4
0
42858
2
0
1882353469
4
0
42859
2
0
1882354493
4
0
42860
2
0
1882355517
4
0
42861
2
0
1882337341
4
0
42862
2
0
1882338365
4
0
42863
2
0
1882339389
4
0
42864
2
0
1882407229
4
0
42865
2
0
1882408253
4
0
42866
2
0
1882409277
4
0
42867
2
0
1882410301
4
0
42868
2
0
1882411325
4
0
42869
2
0
1882412349
4
0
42870
2
0
1882413373
4
0
42871
2
0
1882415933
4
0
42872
2
0
1882416957
4
0
42873
2
0
1882417981
4
0
42874
2
0
1882419005
4
0
42875
2
0
1882420029
4
0
42876
2
0
1882421053
4
0
42877
2
0
1882402877
4
0
42878
2
0
1882403901
4
0
42879
2
0
1882404925
4
0
42880
2
0
1882472765
4
0
42881
2
0
1882473789
4
0
42882
2
0
1882474813
4
0
42883
2
0
1882475837
4
0
42884
2
0
1882476861
4
0
42885
2
0
1882477885
4
0
42886
2
0
1882478909
4
0
42887
2
0
1882481469
4
0
42888
2
0
1882482493
4
0
42889
2
0
1882483517
4
0
42890
2
0
1882484541
4
0
42891
2
0
1882485565
4
0
42892
2
0
1882486589
4
0
42893
2
0
1882468413
4
0
42894
2
0
1882469437
4
0
42895
2
0
1882470461
4
0
42896
2
0
1882538301
4
0
42897
2
0
1882539325
4
0
42898
2
0
1882540349
4
0
42899
2
0
1882541373
4
0
42900
2
0
1882542397
4
0
42901
2
0
1882543421
4
0
42902
2
0
1882544445
4
0
42903
2
0
1882547005
4
0
42904
2
0
1882548029
4
0
42905
2
0
1882549053
4
0
42906
2
0
1882550077
4
0
42907
2
0
1882551101
4
0
42908
2
0
1882552125
4
0
42909
2
0
1882533949
4
0
42910
2
0
1882534973
4
0
42911
2
0
1882535997
4
0
42912
2
0
1882603837
4
0
42913
2
0
1882604861
4
0
42914
2
0
1882605885
4
0
42915
2
0
1882606909
4
0
42916
2
0
1882607933
4
0
42917
2
0
1882608957
4
0
42918
2
0
1882609981
4
0
42919
2
0
1882612541
4
0
42920
2
0
1882613565
4
0
42921
2
0
1882614589
4
0
42922
2
0
1882615613
4
0
42923
2
0
1882616637
4
0
42924
2
0
1882617661
4
0
42925
2
0
1882599485
4
0
42926
2
0
1882600509
4
0
42927
2
0
1882601533
4
0
42928
2
0
1882669373
4
0
42929
2
0
1882670397
4
0
42930
2
0
1882671421
4
0
42931
2
0
1882672445
4
0
42932
2
0
1882673469
4
0
42933
2
0
1882674493
4
0
42934
2
0
1882675517
4
0
42935
2
0
1882678077
4
0
42936
2
0
1882679101
4
0
42937
2
0
1882680125
4
0
42938
2
0
1882681149
4
0
42939
2
0
1882682173
4
0
42940
2
0
1882683197
4
0
42941
2
0
1882665021
4
0
42942
2
0
1882666045
4
0
42943
2
0
1882667069
4
0
42944
2
0
1882734909
4
0
42945
2
0
1882735933
4
0
42946
2
0
1882736957
4
0
42947
2
0
1882737981
4
0
42948
2
0
1882739005
4
0
42949
2
0
1882740029
4
0
42950
2
0
1882741053
4
0
42951
2
0
1882743613
4
0
42952
2
0
1882744637
4
0
42953
2
0
1882745661
4
0
42954
2
0
1882746685
4
0
42955
2
0
1882747709
4
0
42956
2
0
1882748733
4
0
42957
2
0
1882730557
4
0
42958
2
0
1882731581
4
0
42959
2
0
1882732605
4
0
42960
2
0
1882800445
4
0
42961
2
0
1882801469
4
0
42962
2
0
1882802493
4
0
42963
2
0
1882803517
4
0
42964
2
0
1882804541
4
0
42965
2
0
1882805565
4
0
42966
2
0
1882806589
4
0
42967
2
0
1882809149
4
0
42968
2
0
1882810173
4
0
42969
2
0
1882811197
4
0
42970
2
0
1882812221
4
0
42971
2
0
1882813245
4
0
42972
2
0
1882814269
4
0
42973
2
0
1882796093
4
0
42974
2
0
1882797117
4
0
42975
2
0
1882798141
4
0
42976
2
0
1881882941
4
0
42977
2
0
1881883965
4
0
42978
2
0
1881884989
4
0
42979
2
0
1881886013
4
0
42980
2
0
1881887037
4
0
42981
2
0
1881888061
4
0
42982
2
0
1881889085
4
0
42983
2
0
1881891645
4
0
42984
2
0
1881892669
4
0
42985
2
0
1881893693
4
0
42986
2
0
1881894717
4
0
42987
2
0
1881895741
4
0
42988
2
0
1881896765
4
0
42989
2
0
1881878589
4
0
42990
2
0
1881879613
4
0
42991
2
0
1881880637
4
0
42992
2
0
1882145085
4
0
42993
2
0
1882146109
4
0
42994
2
0
1882147133
4
0
42995
2
0
1882148157
4
0
42996
2
0
1882149181
4
0
42997
2
0
1882150205
4
0
42998
2
0
1882151229
4
0
42999
2
0
1882153789
4
0
43000
2
0
1882154813
4
0
43001
2
0
1882155837
4
0
43002
2
0
1882156861
4
0
43003
2
0
1882157885
4
0
43004
2
0
1882158909
4
0
43005
2
0
1882140733
4
0
43006
2
0
1882141757
4
0
43007
2
0
1882142781
4
