1024
0
58368
2
0
893468989
4
0
58369
2
0
893470013
4
0
58370
2
0
893471037
4
0
58371
2
0
893472061
4
0
58372
2
0
893473085
4
0
58373
2
0
893474109
4
0
58374
2
0
893475133
4
0
58375
2
0
893477693
4
0
58376
2
0
893478717
4
0
58377
2
0
893479741
4
0
58378
2
0
893480765
4
0
58379
2
0
893481789
4
0
58380
2
0
893482813
4
0
58381
2
0
893464637
4
0
58382
2
0
893465661
4
0
58383
2
0
893466685
4
0
58384
2
0
893534525
4
0
58385
2
0
893535549
4
0
58386
2
0
893536573
4
0
58387
2
0
893537597
4
0
58388
2
0
893538621
4
0
58389
2
0
893539645
4
0
58390
2
0
893540669
4
0
58391
2
0
893543229
4
0
58392
2
0
893544253
4
0
58393
2
0
893545277
4
0
58394
2
0
893546301
4
0
58395
2
0
893547325
4
0
58396
2
0
893548349
4
0
58397
2
0
893530173
4
0
58398
2
0
893531197
4
0
58399
2
0
893532221
4
0
58400
2
0
893600061
4
0
58401
2
0
893601085
4
0
58402
2
0
893602109
4
0
58403
2
0
893603133
4
0
58404
2
0
893604157
4
0
58405
2
0
893605181
4
0
58406
2
0
893606205
4
0
58407
2
0
893608765
4
0
58408
2
0
893609789
4
0
58409
2
0
893610813
4
0
58410
2
0
893611837
4
0
58411
2
0
893612861
4
0
58412
2
0
893613885
4
0
58413
2
0
893595709
4
0
58414
2
0
893596733
4
0
58415
2
0
893597757
4
0
58416
2
0
893665597
4
0
58417
2
0
893666621
4
0
58418
2
0
893667645
4
0
58419
2
0
893668669
4
0
58420
2
0
893669693
4
0
58421
2
0
893670717
4
0
58422
2
0
893671741
4
0
58423
2
0
893674301
4
0
58424
2
0
893675325
4
0
58425
2
0
893676349
4
0
58426
2
0
893677373
4
0
58427
2
0
893678397
4
0
58428
2
0
893679421
4
0
58429
2
0
893661245
4
0
58430
2
0
893662269
4
0
58431
2
0
893663293
4
0
58432
2
0
893731133
4
0
58433
2
0
893732157
4
0
58434
2
0
893733181
4
0
58435
2
0
893734205
4
0
58436
2
0
893735229
4
0
58437
2
0
893736253
4
0
58438
2
0
893737277
4
0
58439
2
0
893739837
4
0
58440
2
0
893740861
4
0
58441
2
0
893741885
4
0
58442
2
0
893742909
4
0
58443
2
0
893743933
4
0
58444
2
0
893744957
4
0
58445
2
0
893726781
4
0
58446
2
0
893727805
4
0
58447
2
0
893728829
4
0
58448
2
0
893796669
4
0
58449
2
0
893797693
4
0
58450
2
0
893798717
4
0
58451
2
0
893799741
4
0
58452
2
0
893800765
4
0
58453
2
0
893801789
4
0
58454
2
0
893802813
4
0
58455
2
0
893805373
4
0
58456
2
0
893806397
4
0
58457
2
0
893807421
4
0
58458
2
0
893808445
4
0
58459
2
0
893809469
4
0
58460
2
0
893810493
4
0
58461
2
0
893792317
4
0
58462
2
0
893793341
4
0
58463
2
0
893794365
4
0
58464
2
0
893862205
4
0
58465
2
0
893863229
4
0
58466
2
0
893864253
4
0
58467
2
0
893865277
4
0
58468
2
0
893866301
4
0
58469
2
0
893867325
4
0
58470
2
0
893868349
4
0
58471
2
0
893870909
4
0
58472
2
0
893871933
4
0
58473
2
0
893872957
4
0
58474
2
0
893873981
4
0
58475
2
0
893875005
4
0
58476
2
0
893876029
4
0
58477
2
0
893857853
4
0
58478
2
0
893858877
4
0
58479
2
0
893859901
4
0
58480
2
0
893927741
4
0
58481
2
0
893928765
4
0
58482
2
0
893929789
4
0
58483
2
0
893930813
4
0
58484
2
0
893931837
4
0
58485
2
0
893932861
4
0
58486
2
0
893933885
4
0
58487
2
0
893936445
4
0
58488
2
0
893937469
4
0
58489
2
0
893938493
4
0
58490
2
0
893939517
4
0
58491
2
0
893940541
4
0
58492
2
0
893941565
4
0
58493
2
0
893923389
4
0
58494
2
0
893924413
4
0
58495
2
0
893925437
4
0
58496
2
0
893993277
4
0
58497
2
0
893994301
4
0
58498
2
0
893995325
4
0
58499
2
0
893996349
4
0
58500
2
0
893997373
4
0
58501
2
0
893998397
4
0
58502
2
0
893999421
4
0
58503
2
0
894001981
4
0
58504
2
0
894003005
4
0
58505
2
0
894004029
4
0
58506
2
0
894005053
4
0
58507
2
0
894006077
4
0
58508
2
0
894007101
4
0
58509
2
0
893988925
4
0
58510
2
0
893989949
4
0
58511
2
0
893990973
4
0
58512
2
0
894058813
4
0
58513
2
0
894059837
4
0
58514
2
0
894060861
4
0
58515
2
0
894061885
4
0
58516
2
0
894062909
4
0
58517
2
0
894063933
4
0
58518
2
0
894064957
4
0
58519
2
0
894067517
4
0
58520
2
0
894068541
4
0
58521
2
0
894069565
4
0
58522
2
0
894070589
4
0
58523
2
0
894071613
4
0
58524
2
0
894072637
4
0
58525
2
0
894054461
4
0
58526
2
0
894055485
4
0
58527
2
0
894056509
4
0
58528
2
0
894124349
4
0
58529
2
0
894125373
4
0
58530
2
0
894126397
4
0
58531
2
0
894127421
4
0
58532
2
0
894128445
4
0
58533
2
0
894129469
4
0
58534
2
0
894130493
4
0
58535
2
0
894133053
4
0
58536
2
0
894134077
4
0
58537
2
0
894135101
4
0
58538
2
0
894136125
4
0
58539
2
0
894137149
4
0
58540
2
0
894138173
4
0
58541
2
0
894119997
4
0
58542
2
0
894121021
4
0
58543
2
0
894122045
4
0
58544
2
0
894189885
4
0
58545
2
0
894190909
4
0
58546
2
0
894191933
4
0
58547
2
0
894192957
4
0
58548
2
0
894193981
4
0
58549
2
0
894195005
4
0
58550
2
0
894196029
4
0
58551
2
0
894198589
4
0
58552
2
0
894199613
4
0
58553
2
0
894200637
4
0
58554
2
0
894201661
4
0
58555
2
0
894202685
4
0
58556
2
0
894203709
4
0
58557
2
0
894185533
4
0
58558
2
0
894186557
4
0
58559
2
0
894187581
4
0
58560
2
0
894255421
4
0
58561
2
0
894256445
4
0
58562
2
0
894257469
4
0
58563
2
0
894258493
4
0
58564
2
0
894259517
4
0
58565
2
0
894260541
4
0
58566
2
0
894261565
4
0
58567
2
0
894264125
4
0
58568
2
0
894265149
4
0
58569
2
0
894266173
4
0
58570
2
0
894267197
4
0
58571
2
0
894268221
4
0
58572
2
0
894269245
4
0
58573
2
0
894251069
4
0
58574
2
0
894252093
4
0
58575
2
0
894253117
4
0
58576
2
0
894320957
4
0
58577
2
0
894321981
4
0
58578
2
0
894323005
4
0
58579
2
0
894324029
4
0
58580
2
0
894325053
4
0
58581
2
0
894326077
4
0
58582
2
0
894327101
4
0
58583
2
0
894329661
4
0
58584
2
0
894330685
4
0
58585
2
0
894331709
4
0
58586
2
0
894332733
4
0
58587
2
0
894333757
4
0
58588
2
0
894334781
4
0
58589
2
0
894316605
4
0
58590
2
0
894317629
4
0
58591
2
0
894318653
4
0
58592
2
0
894386493
4
0
58593
2
0
894387517
4
0
58594
2
0
894388541
4
0
58595
2
0
894389565
4
0
58596
2
0
894390589
4
0
58597
2
0
894391613
4
0
58598
2
0
894392637
4
0
58599
2
0
894395197
4
0
58600
2
0
894396221
4
0
58601
2
0
894397245
4
0
58602
2
0
894398269
4
0
58603
2
0
894399293
4
0
58604
2
0
894400317
4
0
58605
2
0
894382141
4
0
58606
2
0
894383165
4
0
58607
2
0
894384189
4
0
58608
2
0
894452029
4
0
58609
2
0
894453053
4
0
58610
2
0
894454077
4
0
58611
2
0
894455101
4
0
58612
2
0
894456125
4
0
58613
2
0
894457149
4
0
58614
2
0
894458173
4
0
58615
2
0
894460733
4
0
58616
2
0
894461757
4
0
58617
2
0
894462781
4
0
58618
2
0
894463805
4
0
58619
2
0
894464829
4
0
58620
2
0
894465853
4
0
58621
2
0
894447677
4
0
58622
2
0
894448701
4
0
58623
2
0
894449725
4
0
58624
2
0
894517565
4
0
58625
2
0
894518589
4
0
58626
2
0
894519613
4
0
58627
2
0
894520637
4
0
58628
2
0
894521661
4
0
58629
2
0
894522685
4
0
58630
2
0
894523709
4
0
58631
2
0
894526269
4
0
58632
2
0
894527293
4
0
58633
2
0
894528317
4
0
58634
2
0
894529341
4
0
58635
2
0
894530365
4
0
58636
2
0
894531389
4
0
58637
2
0
894513213
4
0
58638
2
0
894514237
4
0
58639
2
0
894515261
4
0
58640
2
0
894583101
4
0
58641
2
0
894584125
4
0
58642
2
0
894585149
4
0
58643
2
0
894586173
4
0
58644
2
0
894587197
4
0
58645
2
0
894588221
4
0
58646
2
0
894589245
4
0
58647
2
0
894591805
4
0
58648
2
0
894592829
4
0
58649
2
0
894593853
4
0
58650
2
0
894594877
4
0
58651
2
0
894595901
4
0
58652
2
0
894596925
4
0
58653
2
0
894578749
4
0
58654
2
0
894579773
4
0
58655
2
0
894580797
4
0
58656
2
0
894648637
4
0
58657
2
0
894649661
4
0
58658
2
0
894650685
4
0
58659
2
0
894651709
4
0
58660
2
0
894652733
4
0
58661
2
0
894653757
4
0
58662
2
0
894654781
4
0
58663
2
0
894657341
4
0
58664
2
0
894658365
4
0
58665
2
0
894659389
4
0
58666
2
0
894660413
4
0
58667
2
0
894661437
4
0
58668
2
0
894662461
4
0
58669
2
0
894644285
4
0
58670
2
0
894645309
4
0
58671
2
0
894646333
4
0
58672
2
0
894714173
4
0
58673
2
0
894715197
4
0
58674
2
0
894716221
4
0
58675
2
0
894717245
4
0
58676
2
0
894718269
4
0
58677
2
0
894719293
4
0
58678
2
0
894720317
4
0
58679
2
0
894722877
4
0
58680
2
0
894723901
4
0
58681
2
0
894724925
4
0
58682
2
0
894725949
4
0
58683
2
0
894726973
4
0
58684
2
0
894727997
4
0
58685
2
0
894709821
4
0
58686
2
0
894710845
4
0
58687
2
0
894711869
4
0
58688
2
0
894779709
4
0
58689
2
0
894780733
4
0
58690
2
0
894781757
4
0
58691
2
0
894782781
4
0
58692
2
0
894783805
4
0
58693
2
0
894784829
4
0
58694
2
0
894785853
4
0
58695
2
0
894788413
4
0
58696
2
0
894789437
4
0
58697
2
0
894790461
4
0
58698
2
0
894791485
4
0
58699
2
0
894792509
4
0
58700
2
0
894793533
4
0
58701
2
0
894775357
4
0
58702
2
0
894776381
4
0
58703
2
0
894777405
4
0
58704
2
0
894845245
4
0
58705
2
0
894846269
4
0
58706
2
0
894847293
4
0
58707
2
0
894848317
4
0
58708
2
0
894849341
4
0
58709
2
0
894850365
4
0
58710
2
0
894851389
4
0
58711
2
0
894853949
4
0
58712
2
0
894854973
4
0
58713
2
0
894855997
4
0
58714
2
0
894857021
4
0
58715
2
0
894858045
4
0
58716
2
0
894859069
4
0
58717
2
0
894840893
4
0
58718
2
0
894841917
4
0
58719
2
0
894842941
4
0
58720
2
0
894910781
4
0
58721
2
0
894911805
4
0
58722
2
0
894912829
4
0
58723
2
0
894913853
4
0
58724
2
0
894914877
4
0
58725
2
0
894915901
4
0
58726
2
0
894916925
4
0
58727
2
0
894919485
4
0
58728
2
0
894920509
4
0
58729
2
0
894921533
4
0
58730
2
0
894922557
4
0
58731
2
0
894923581
4
0
58732
2
0
894924605
4
0
58733
2
0
894906429
4
0
58734
2
0
894907453
4
0
58735
2
0
894908477
4
0
58736
2
0
894976317
4
0
58737
2
0
894977341
4
0
58738
2
0
894978365
4
0
58739
2
0
894979389
4
0
58740
2
0
894980413
4
0
58741
2
0
894981437
4
0
58742
2
0
894982461
4
0
58743
2
0
894985021
4
0
58744
2
0
894986045
4
0
58745
2
0
894987069
4
0
58746
2
0
894988093
4
0
58747
2
0
894989117
4
0
58748
2
0
894990141
4
0
58749
2
0
894971965
4
0
58750
2
0
894972989
4
0
58751
2
0
894974013
4
0
58752
2
0
895041853
4
0
58753
2
0
895042877
4
0
58754
2
0
895043901
4
0
58755
2
0
895044925
4
0
58756
2
0
895045949
4
0
58757
2
0
895046973
4
0
58758
2
0
895047997
4
0
58759
2
0
895050557
4
0
58760
2
0
895051581
4
0
58761
2
0
895052605
4
0
58762
2
0
895053629
4
0
58763
2
0
895054653
4
0
58764
2
0
895055677
4
0
58765
2
0
895037501
4
0
58766
2
0
895038525
4
0
58767
2
0
895039549
4
0
58768
2
0
895107389
4
0
58769
2
0
895108413
4
0
58770
2
0
895109437
4
0
58771
2
0
895110461
4
0
58772
2
0
895111485
4
0
58773
2
0
895112509
4
0
58774
2
0
895113533
4
0
58775
2
0
895116093
4
0
58776
2
0
895117117
4
0
58777
2
0
895118141
4
0
58778
2
0
895119165
4
0
58779
2
0
895120189
4
0
58780
2
0
895121213
4
0
58781
2
0
895103037
4
0
58782
2
0
895104061
4
0
58783
2
0
895105085
4
0
58784
2
0
895566141
4
0
58785
2
0
895567165
4
0
58786
2
0
895568189
4
0
58787
2
0
895569213
4
0
58788
2
0
895570237
4
0
58789
2
0
895571261
4
0
58790
2
0
895572285
4
0
58791
2
0
895574845
4
0
58792
2
0
895575869
4
0
58793
2
0
895576893
4
0
58794
2
0
895577917
4
0
58795
2
0
895578941
4
0
58796
2
0
895579965
4
0
58797
2
0
895561789
4
0
58798
2
0
895562813
4
0
58799
2
0
895563837
4
0
58800
2
0
895631677
4
0
58801
2
0
895632701
4
0
58802
2
0
895633725
4
0
58803
2
0
895634749
4
0
58804
2
0
895635773
4
0
58805
2
0
895636797
4
0
58806
2
0
895637821
4
0
58807
2
0
895640381
4
0
58808
2
0
895641405
4
0
58809
2
0
895642429
4
0
58810
2
0
895643453
4
0
58811
2
0
895644477
4
0
58812
2
0
895645501
4
0
58813
2
0
895627325
4
0
58814
2
0
895628349
4
0
58815
2
0
895629373
4
0
58816
2
0
895697213
4
0
58817
2
0
895698237
4
0
58818
2
0
895699261
4
0
58819
2
0
895700285
4
0
58820
2
0
895701309
4
0
58821
2
0
895702333
4
0
58822
2
0
895703357
4
0
58823
2
0
895705917
4
0
58824
2
0
895706941
4
0
58825
2
0
895707965
4
0
58826
2
0
895708989
4
0
58827
2
0
895710013
4
0
58828
2
0
895711037
4
0
58829
2
0
895692861
4
0
58830
2
0
895693885
4
0
58831
2
0
895694909
4
0
58832
2
0
895762749
4
0
58833
2
0
895763773
4
0
58834
2
0
895764797
4
0
58835
2
0
895765821
4
0
58836
2
0
895766845
4
0
58837
2
0
895767869
4
0
58838
2
0
895768893
4
0
58839
2
0
895771453
4
0
58840
2
0
895772477
4
0
58841
2
0
895773501
4
0
58842
2
0
895774525
4
0
58843
2
0
895775549
4
0
58844
2
0
895776573
4
0
58845
2
0
895758397
4
0
58846
2
0
895759421
4
0
58847
2
0
895760445
4
0
58848
2
0
895828285
4
0
58849
2
0
895829309
4
0
58850
2
0
895830333
4
0
58851
2
0
895831357
4
0
58852
2
0
895832381
4
0
58853
2
0
895833405
4
0
58854
2
0
895834429
4
0
58855
2
0
895836989
4
0
58856
2
0
895838013
4
0
58857
2
0
895839037
4
0
58858
2
0
895840061
4
0
58859
2
0
895841085
4
0
58860
2
0
895842109
4
0
58861
2
0
895823933
4
0
58862
2
0
895824957
4
0
58863
2
0
895825981
4
0
58864
2
0
895893821
4
0
58865
2
0
895894845
4
0
58866
2
0
895895869
4
0
58867
2
0
895896893
4
0
58868
2
0
895897917
4
0
58869
2
0
895898941
4
0
58870
2
0
895899965
4
0
58871
2
0
895902525
4
0
58872
2
0
895903549
4
0
58873
2
0
895904573
4
0
58874
2
0
895905597
4
0
58875
2
0
895906621
4
0
58876
2
0
895907645
4
0
58877
2
0
895889469
4
0
58878
2
0
895890493
4
0
58879
2
0
895891517
4
0
58880
2
0
895959357
4
0
58881
2
0
895960381
4
0
58882
2
0
895961405
4
0
58883
2
0
895962429
4
0
58884
2
0
895963453
4
0
58885
2
0
895964477
4
0
58886
2
0
895965501
4
0
58887
2
0
895968061
4
0
58888
2
0
895969085
4
0
58889
2
0
895970109
4
0
58890
2
0
895971133
4
0
58891
2
0
895972157
4
0
58892
2
0
895973181
4
0
58893
2
0
895955005
4
0
58894
2
0
895956029
4
0
58895
2
0
895957053
4
0
58896
2
0
896024893
4
0
58897
2
0
896025917
4
0
58898
2
0
896026941
4
0
58899
2
0
896027965
4
0
58900
2
0
896028989
4
0
58901
2
0
896030013
4
0
58902
2
0
896031037
4
0
58903
2
0
896033597
4
0
58904
2
0
896034621
4
0
58905
2
0
896035645
4
0
58906
2
0
896036669
4
0
58907
2
0
896037693
4
0
58908
2
0
896038717
4
0
58909
2
0
896020541
4
0
58910
2
0
896021565
4
0
58911
2
0
896022589
4
0
58912
2
0
896090429
4
0
58913
2
0
896091453
4
0
58914
2
0
896092477
4
0
58915
2
0
896093501
4
0
58916
2
0
896094525
4
0
58917
2
0
896095549
4
0
58918
2
0
896096573
4
0
58919
2
0
896099133
4
0
58920
2
0
896100157
4
0
58921
2
0
896101181
4
0
58922
2
0
896102205
4
0
58923
2
0
896103229
4
0
58924
2
0
896104253
4
0
58925
2
0
896086077
4
0
58926
2
0
896087101
4
0
58927
2
0
896088125
4
0
58928
2
0
896155965
4
0
58929
2
0
896156989
4
0
58930
2
0
896158013
4
0
58931
2
0
896159037
4
0
58932
2
0
896160061
4
0
58933
2
0
896161085
4
0
58934
2
0
896162109
4
0
58935
2
0
896164669
4
0
58936
2
0
896165693
4
0
58937
2
0
896166717
4
0
58938
2
0
896167741
4
0
58939
2
0
896168765
4
0
58940
2
0
896169789
4
0
58941
2
0
896151613
4
0
58942
2
0
896152637
4
0
58943
2
0
896153661
4
0
58944
2
0
896221501
4
0
58945
2
0
896222525
4
0
58946
2
0
896223549
4
0
58947
2
0
896224573
4
0
58948
2
0
896225597
4
0
58949
2
0
896226621
4
0
58950
2
0
896227645
4
0
58951
2
0
896230205
4
0
58952
2
0
896231229
4
0
58953
2
0
896232253
4
0
58954
2
0
896233277
4
0
58955
2
0
896234301
4
0
58956
2
0
896235325
4
0
58957
2
0
896217149
4
0
58958
2
0
896218173
4
0
58959
2
0
896219197
4
0
58960
2
0
896287037
4
0
58961
2
0
896288061
4
0
58962
2
0
896289085
4
0
58963
2
0
896290109
4
0
58964
2
0
896291133
4
0
58965
2
0
896292157
4
0
58966
2
0
896293181
4
0
58967
2
0
896295741
4
0
58968
2
0
896296765
4
0
58969
2
0
896297789
4
0
58970
2
0
896298813
4
0
58971
2
0
896299837
4
0
58972
2
0
896300861
4
0
58973
2
0
896282685
4
0
58974
2
0
896283709
4
0
58975
2
0
896284733
4
0
58976
2
0
896352573
4
0
58977
2
0
896353597
4
0
58978
2
0
896354621
4
0
58979
2
0
896355645
4
0
58980
2
0
896356669
4
0
58981
2
0
896357693
4
0
58982
2
0
896358717
4
0
58983
2
0
896361277
4
0
58984
2
0
896362301
4
0
58985
2
0
896363325
4
0
58986
2
0
896364349
4
0
58987
2
0
896365373
4
0
58988
2
0
896366397
4
0
58989
2
0
896348221
4
0
58990
2
0
896349245
4
0
58991
2
0
896350269
4
0
58992
2
0
896418109
4
0
58993
2
0
896419133
4
0
58994
2
0
896420157
4
0
58995
2
0
896421181
4
0
58996
2
0
896422205
4
0
58997
2
0
896423229
4
0
58998
2
0
896424253
4
0
58999
2
0
896426813
4
0
59000
2
0
896427837
4
0
59001
2
0
896428861
4
0
59002
2
0
896429885
4
0
59003
2
0
896430909
4
0
59004
2
0
896431933
4
0
59005
2
0
896413757
4
0
59006
2
0
896414781
4
0
59007
2
0
896415805
4
0
59008
2
0
896483645
4
0
59009
2
0
896484669
4
0
59010
2
0
896485693
4
0
59011
2
0
896486717
4
0
59012
2
0
896487741
4
0
59013
2
0
896488765
4
0
59014
2
0
896489789
4
0
59015
2
0
896492349
4
0
59016
2
0
896493373
4
0
59017
2
0
896494397
4
0
59018
2
0
896495421
4
0
59019
2
0
896496445
4
0
59020
2
0
896497469
4
0
59021
2
0
896479293
4
0
59022
2
0
896480317
4
0
59023
2
0
896481341
4
0
59024
2
0
896549181
4
0
59025
2
0
896550205
4
0
59026
2
0
896551229
4
0
59027
2
0
896552253
4
0
59028
2
0
896553277
4
0
59029
2
0
896554301
4
0
59030
2
0
896555325
4
0
59031
2
0
896557885
4
0
59032
2
0
896558909
4
0
59033
2
0
896559933
4
0
59034
2
0
896560957
4
0
59035
2
0
896561981
4
0
59036
2
0
896563005
4
0
59037
2
0
896544829
4
0
59038
2
0
896545853
4
0
59039
2
0
896546877
4
0
59040
2
0
896614717
4
0
59041
2
0
896615741
4
0
59042
2
0
896616765
4
0
59043
2
0
896617789
4
0
59044
2
0
896618813
4
0
59045
2
0
896619837
4
0
59046
2
0
896620861
4
0
59047
2
0
896623421
4
0
59048
2
0
896624445
4
0
59049
2
0
896625469
4
0
59050
2
0
896626493
4
0
59051
2
0
896627517
4
0
59052
2
0
896628541
4
0
59053
2
0
896610365
4
0
59054
2
0
896611389
4
0
59055
2
0
896612413
4
0
59056
2
0
896680253
4
0
59057
2
0
896681277
4
0
59058
2
0
896682301
4
0
59059
2
0
896683325
4
0
59060
2
0
896684349
4
0
59061
2
0
896685373
4
0
59062
2
0
896686397
4
0
59063
2
0
896688957
4
0
59064
2
0
896689981
4
0
59065
2
0
896691005
4
0
59066
2
0
896692029
4
0
59067
2
0
896693053
4
0
59068
2
0
896694077
4
0
59069
2
0
896675901
4
0
59070
2
0
896676925
4
0
59071
2
0
896677949
4
0
59072
2
0
896745789
4
0
59073
2
0
896746813
4
0
59074
2
0
896747837
4
0
59075
2
0
896748861
4
0
59076
2
0
896749885
4
0
59077
2
0
896750909
4
0
59078
2
0
896751933
4
0
59079
2
0
896754493
4
0
59080
2
0
896755517
4
0
59081
2
0
896756541
4
0
59082
2
0
896757565
4
0
59083
2
0
896758589
4
0
59084
2
0
896759613
4
0
59085
2
0
896741437
4
0
59086
2
0
896742461
4
0
59087
2
0
896743485
4
0
59088
2
0
896811325
4
0
59089
2
0
896812349
4
0
59090
2
0
896813373
4
0
59091
2
0
896814397
4
0
59092
2
0
896815421
4
0
59093
2
0
896816445
4
0
59094
2
0
896817469
4
0
59095
2
0
896820029
4
0
59096
2
0
896821053
4
0
59097
2
0
896822077
4
0
59098
2
0
896823101
4
0
59099
2
0
896824125
4
0
59100
2
0
896825149
4
0
59101
2
0
896806973
4
0
59102
2
0
896807997
4
0
59103
2
0
896809021
4
0
59104
2
0
896876861
4
0
59105
2
0
896877885
4
0
59106
2
0
896878909
4
0
59107
2
0
896879933
4
0
59108
2
0
896880957
4
0
59109
2
0
896881981
4
0
59110
2
0
896883005
4
0
59111
2
0
896885565
4
0
59112
2
0
896886589
4
0
59113
2
0
896887613
4
0
59114
2
0
896888637
4
0
59115
2
0
896889661
4
0
59116
2
0
896890685
4
0
59117
2
0
896872509
4
0
59118
2
0
896873533
4
0
59119
2
0
896874557
4
0
59120
2
0
896942397
4
0
59121
2
0
896943421
4
0
59122
2
0
896944445
4
0
59123
2
0
896945469
4
0
59124
2
0
896946493
4
0
59125
2
0
896947517
4
0
59126
2
0
896948541
4
0
59127
2
0
896951101
4
0
59128
2
0
896952125
4
0
59129
2
0
896953149
4
0
59130
2
0
896954173
4
0
59131
2
0
896955197
4
0
59132
2
0
896956221
4
0
59133
2
0
896938045
4
0
59134
2
0
896939069
4
0
59135
2
0
896940093
4
0
59136
2
0
897007933
4
0
59137
2
0
897008957
4
0
59138
2
0
897009981
4
0
59139
2
0
897011005
4
0
59140
2
0
897012029
4
0
59141
2
0
897013053
4
0
59142
2
0
897014077
4
0
59143
2
0
897016637
4
0
59144
2
0
897017661
4
0
59145
2
0
897018685
4
0
59146
2
0
897019709
4
0
59147
2
0
897020733
4
0
59148
2
0
897021757
4
0
59149
2
0
897003581
4
0
59150
2
0
897004605
4
0
59151
2
0
897005629
4
0
59152
2
0
897073469
4
0
59153
2
0
897074493
4
0
59154
2
0
897075517
4
0
59155
2
0
897076541
4
0
59156
2
0
897077565
4
0
59157
2
0
897078589
4
0
59158
2
0
897079613
4
0
59159
2
0
897082173
4
0
59160
2
0
897083197
4
0
59161
2
0
897084221
4
0
59162
2
0
897085245
4
0
59163
2
0
897086269
4
0
59164
2
0
897087293
4
0
59165
2
0
897069117
4
0
59166
2
0
897070141
4
0
59167
2
0
897071165
4
0
59168
2
0
897139005
4
0
59169
2
0
897140029
4
0
59170
2
0
897141053
4
0
59171
2
0
897142077
4
0
59172
2
0
897143101
4
0
59173
2
0
897144125
4
0
59174
2
0
897145149
4
0
59175
2
0
897147709
4
0
59176
2
0
897148733
4
0
59177
2
0
897149757
4
0
59178
2
0
897150781
4
0
59179
2
0
897151805
4
0
59180
2
0
897152829
4
0
59181
2
0
897134653
4
0
59182
2
0
897135677
4
0
59183
2
0
897136701
4
0
59184
2
0
897204541
4
0
59185
2
0
897205565
4
0
59186
2
0
897206589
4
0
59187
2
0
897207613
4
0
59188
2
0
897208637
4
0
59189
2
0
897209661
4
0
59190
2
0
897210685
4
0
59191
2
0
897213245
4
0
59192
2
0
897214269
4
0
59193
2
0
897215293
4
0
59194
2
0
897216317
4
0
59195
2
0
897217341
4
0
59196
2
0
897218365
4
0
59197
2
0
897200189
4
0
59198
2
0
897201213
4
0
59199
2
0
897202237
4
0
59200
2
0
892354877
4
0
59201
2
0
892355901
4
0
59202
2
0
892356925
4
0
59203
2
0
892357949
4
0
59204
2
0
892358973
4
0
59205
2
0
892359997
4
0
59206
2
0
892361021
4
0
59207
2
0
892363581
4
0
59208
2
0
892364605
4
0
59209
2
0
892365629
4
0
59210
2
0
892366653
4
0
59211
2
0
892367677
4
0
59212
2
0
892368701
4
0
59213
2
0
892350525
4
0
59214
2
0
892351549
4
0
59215
2
0
892352573
4
0
59216
2
0
892420413
4
0
59217
2
0
892421437
4
0
59218
2
0
892422461
4
0
59219
2
0
892423485
4
0
59220
2
0
892424509
4
0
59221
2
0
892425533
4
0
59222
2
0
892426557
4
0
59223
2
0
892429117
4
0
59224
2
0
892430141
4
0
59225
2
0
892431165
4
0
59226
2
0
892432189
4
0
59227
2
0
892433213
4
0
59228
2
0
892434237
4
0
59229
2
0
892416061
4
0
59230
2
0
892417085
4
0
59231
2
0
892418109
4
0
59232
2
0
892485949
4
0
59233
2
0
892486973
4
0
59234
2
0
892487997
4
0
59235
2
0
892489021
4
0
59236
2
0
892490045
4
0
59237
2
0
892491069
4
0
59238
2
0
892492093
4
0
59239
2
0
892494653
4
0
59240
2
0
892495677
4
0
59241
2
0
892496701
4
0
59242
2
0
892497725
4
0
59243
2
0
892498749
4
0
59244
2
0
892499773
4
0
59245
2
0
892481597
4
0
59246
2
0
892482621
4
0
59247
2
0
892483645
4
0
59248
2
0
892551485
4
0
59249
2
0
892552509
4
0
59250
2
0
892553533
4
0
59251
2
0
892554557
4
0
59252
2
0
892555581
4
0
59253
2
0
892556605
4
0
59254
2
0
892557629
4
0
59255
2
0
892560189
4
0
59256
2
0
892561213
4
0
59257
2
0
892562237
4
0
59258
2
0
892563261
4
0
59259
2
0
892564285
4
0
59260
2
0
892565309
4
0
59261
2
0
892547133
4
0
59262
2
0
892548157
4
0
59263
2
0
892549181
4
0
59264
2
0
892617021
4
0
59265
2
0
892618045
4
0
59266
2
0
892619069
4
0
59267
2
0
892620093
4
0
59268
2
0
892621117
4
0
59269
2
0
892622141
4
0
59270
2
0
892623165
4
0
59271
2
0
892625725
4
0
59272
2
0
892626749
4
0
59273
2
0
892627773
4
0
59274
2
0
892628797
4
0
59275
2
0
892629821
4
0
59276
2
0
892630845
4
0
59277
2
0
892612669
4
0
59278
2
0
892613693
4
0
59279
2
0
892614717
4
0
59280
2
0
892682557
4
0
59281
2
0
892683581
4
0
59282
2
0
892684605
4
0
59283
2
0
892685629
4
0
59284
2
0
892686653
4
0
59285
2
0
892687677
4
0
59286
2
0
892688701
4
0
59287
2
0
892691261
4
0
59288
2
0
892692285
4
0
59289
2
0
892693309
4
0
59290
2
0
892694333
4
0
59291
2
0
892695357
4
0
59292
2
0
892696381
4
0
59293
2
0
892678205
4
0
59294
2
0
892679229
4
0
59295
2
0
892680253
4
0
59296
2
0
892748093
4
0
59297
2
0
892749117
4
0
59298
2
0
892750141
4
0
59299
2
0
892751165
4
0
59300
2
0
892752189
4
0
59301
2
0
892753213
4
0
59302
2
0
892754237
4
0
59303
2
0
892756797
4
0
59304
2
0
892757821
4
0
59305
2
0
892758845
4
0
59306
2
0
892759869
4
0
59307
2
0
892760893
4
0
59308
2
0
892761917
4
0
59309
2
0
892743741
4
0
59310
2
0
892744765
4
0
59311
2
0
892745789
4
0
59312
2
0
892813629
4
0
59313
2
0
892814653
4
0
59314
2
0
892815677
4
0
59315
2
0
892816701
4
0
59316
2
0
892817725
4
0
59317
2
0
892818749
4
0
59318
2
0
892819773
4
0
59319
2
0
892822333
4
0
59320
2
0
892823357
4
0
59321
2
0
892824381
4
0
59322
2
0
892825405
4
0
59323
2
0
892826429
4
0
59324
2
0
892827453
4
0
59325
2
0
892809277
4
0
59326
2
0
892810301
4
0
59327
2
0
892811325
4
0
59328
2
0
892879165
4
0
59329
2
0
892880189
4
0
59330
2
0
892881213
4
0
59331
2
0
892882237
4
0
59332
2
0
892883261
4
0
59333
2
0
892884285
4
0
59334
2
0
892885309
4
0
59335
2
0
892887869
4
0
59336
2
0
892888893
4
0
59337
2
0
892889917
4
0
59338
2
0
892890941
4
0
59339
2
0
892891965
4
0
59340
2
0
892892989
4
0
59341
2
0
892874813
4
0
59342
2
0
892875837
4
0
59343
2
0
892876861
4
0
59344
2
0
892944701
4
0
59345
2
0
892945725
4
0
59346
2
0
892946749
4
0
59347
2
0
892947773
4
0
59348
2
0
892948797
4
0
59349
2
0
892949821
4
0
59350
2
0
892950845
4
0
59351
2
0
892953405
4
0
59352
2
0
892954429
4
0
59353
2
0
892955453
4
0
59354
2
0
892956477
4
0
59355
2
0
892957501
4
0
59356
2
0
892958525
4
0
59357
2
0
892940349
4
0
59358
2
0
892941373
4
0
59359
2
0
892942397
4
0
59360
2
0
892027197
4
0
59361
2
0
892028221
4
0
59362
2
0
892029245
4
0
59363
2
0
892030269
4
0
59364
2
0
892031293
4
0
59365
2
0
892032317
4
0
59366
2
0
892033341
4
0
59367
2
0
892035901
4
0
59368
2
0
892036925
4
0
59369
2
0
892037949
4
0
59370
2
0
892038973
4
0
59371
2
0
892039997
4
0
59372
2
0
892041021
4
0
59373
2
0
892022845
4
0
59374
2
0
892023869
4
0
59375
2
0
892024893
4
0
59376
2
0
892289341
4
0
59377
2
0
892290365
4
0
59378
2
0
892291389
4
0
59379
2
0
892292413
4
0
59380
2
0
892293437
4
0
59381
2
0
892294461
4
0
59382
2
0
892295485
4
0
59383
2
0
892298045
4
0
59384
2
0
892299069
4
0
59385
2
0
892300093
4
0
59386
2
0
892301117
4
0
59387
2
0
892302141
4
0
59388
2
0
892303165
4
0
59389
2
0
892284989
4
0
59390
2
0
892286013
4
0
59391
2
0
892287037
4
