1024
0
25600
2
0
1514225981
4
0
25601
2
0
1514227005
4
0
25602
2
0
1514228029
4
0
25603
2
0
1514229053
4
0
25604
2
0
1514230077
4
0
25605
2
0
1514231101
4
0
25606
2
0
1514232125
4
0
25607
2
0
1514234685
4
0
25608
2
0
1514235709
4
0
25609
2
0
1514236733
4
0
25610
2
0
1514237757
4
0
25611
2
0
1514238781
4
0
25612
2
0
1514239805
4
0
25613
2
0
1514221629
4
0
25614
2
0
1514222653
4
0
25615
2
0
1514223677
4
0
25616
2
0
1514291517
4
0
25617
2
0
1514292541
4
0
25618
2
0
1514293565
4
0
25619
2
0
1514294589
4
0
25620
2
0
1514295613
4
0
25621
2
0
1514296637
4
0
25622
2
0
1514297661
4
0
25623
2
0
1514300221
4
0
25624
2
0
1514301245
4
0
25625
2
0
1514302269
4
0
25626
2
0
1514303293
4
0
25627
2
0
1514304317
4
0
25628
2
0
1514305341
4
0
25629
2
0
1514287165
4
0
25630
2
0
1514288189
4
0
25631
2
0
1514289213
4
0
25632
2
0
1514357053
4
0
25633
2
0
1514358077
4
0
25634
2
0
1514359101
4
0
25635
2
0
1514360125
4
0
25636
2
0
1514361149
4
0
25637
2
0
1514362173
4
0
25638
2
0
1514363197
4
0
25639
2
0
1514365757
4
0
25640
2
0
1514366781
4
0
25641
2
0
1514367805
4
0
25642
2
0
1514368829
4
0
25643
2
0
1514369853
4
0
25644
2
0
1514370877
4
0
25645
2
0
1514352701
4
0
25646
2
0
1514353725
4
0
25647
2
0
1514354749
4
0
25648
2
0
1514422589
4
0
25649
2
0
1514423613
4
0
25650
2
0
1514424637
4
0
25651
2
0
1514425661
4
0
25652
2
0
1514426685
4
0
25653
2
0
1514427709
4
0
25654
2
0
1514428733
4
0
25655
2
0
1514431293
4
0
25656
2
0
1514432317
4
0
25657
2
0
1514433341
4
0
25658
2
0
1514434365
4
0
25659
2
0
1514435389
4
0
25660
2
0
1514436413
4
0
25661
2
0
1514418237
4
0
25662
2
0
1514419261
4
0
25663
2
0
1514420285
4
0
25664
2
0
1514488125
4
0
25665
2
0
1514489149
4
0
25666
2
0
1514490173
4
0
25667
2
0
1514491197
4
0
25668
2
0
1514492221
4
0
25669
2
0
1514493245
4
0
25670
2
0
1514494269
4
0
25671
2
0
1514496829
4
0
25672
2
0
1514497853
4
0
25673
2
0
1514498877
4
0
25674
2
0
1514499901
4
0
25675
2
0
1514500925
4
0
25676
2
0
1514501949
4
0
25677
2
0
1514483773
4
0
25678
2
0
1514484797
4
0
25679
2
0
1514485821
4
0
25680
2
0
1514553661
4
0
25681
2
0
1514554685
4
0
25682
2
0
1514555709
4
0
25683
2
0
1514556733
4
0
25684
2
0
1514557757
4
0
25685
2
0
1514558781
4
0
25686
2
0
1514559805
4
0
25687
2
0
1514562365
4
0
25688
2
0
1514563389
4
0
25689
2
0
1514564413
4
0
25690
2
0
1514565437
4
0
25691
2
0
1514566461
4
0
25692
2
0
1514567485
4
0
25693
2
0
1514549309
4
0
25694
2
0
1514550333
4
0
25695
2
0
1514551357
4
0
25696
2
0
1514619197
4
0
25697
2
0
1514620221
4
0
25698
2
0
1514621245
4
0
25699
2
0
1514622269
4
0
25700
2
0
1514623293
4
0
25701
2
0
1514624317
4
0
25702
2
0
1514625341
4
0
25703
2
0
1514627901
4
0
25704
2
0
1514628925
4
0
25705
2
0
1514629949
4
0
25706
2
0
1514630973
4
0
25707
2
0
1514631997
4
0
25708
2
0
1514633021
4
0
25709
2
0
1514614845
4
0
25710
2
0
1514615869
4
0
25711
2
0
1514616893
4
0
25712
2
0
1514684733
4
0
25713
2
0
1514685757
4
0
25714
2
0
1514686781
4
0
25715
2
0
1514687805
4
0
25716
2
0
1514688829
4
0
25717
2
0
1514689853
4
0
25718
2
0
1514690877
4
0
25719
2
0
1514693437
4
0
25720
2
0
1514694461
4
0
25721
2
0
1514695485
4
0
25722
2
0
1514696509
4
0
25723
2
0
1514697533
4
0
25724
2
0
1514698557
4
0
25725
2
0
1514680381
4
0
25726
2
0
1514681405
4
0
25727
2
0
1514682429
4
0
25728
2
0
1514750269
4
0
25729
2
0
1514751293
4
0
25730
2
0
1514752317
4
0
25731
2
0
1514753341
4
0
25732
2
0
1514754365
4
0
25733
2
0
1514755389
4
0
25734
2
0
1514756413
4
0
25735
2
0
1514758973
4
0
25736
2
0
1514759997
4
0
25737
2
0
1514761021
4
0
25738
2
0
1514762045
4
0
25739
2
0
1514763069
4
0
25740
2
0
1514764093
4
0
25741
2
0
1514745917
4
0
25742
2
0
1514746941
4
0
25743
2
0
1514747965
4
0
25744
2
0
1514815805
4
0
25745
2
0
1514816829
4
0
25746
2
0
1514817853
4
0
25747
2
0
1514818877
4
0
25748
2
0
1514819901
4
0
25749
2
0
1514820925
4
0
25750
2
0
1514821949
4
0
25751
2
0
1514824509
4
0
25752
2
0
1514825533
4
0
25753
2
0
1514826557
4
0
25754
2
0
1514827581
4
0
25755
2
0
1514828605
4
0
25756
2
0
1514829629
4
0
25757
2
0
1514811453
4
0
25758
2
0
1514812477
4
0
25759
2
0
1514813501
4
0
25760
2
0
1514881341
4
0
25761
2
0
1514882365
4
0
25762
2
0
1514883389
4
0
25763
2
0
1514884413
4
0
25764
2
0
1514885437
4
0
25765
2
0
1514886461
4
0
25766
2
0
1514887485
4
0
25767
2
0
1514890045
4
0
25768
2
0
1514891069
4
0
25769
2
0
1514892093
4
0
25770
2
0
1514893117
4
0
25771
2
0
1514894141
4
0
25772
2
0
1514895165
4
0
25773
2
0
1514876989
4
0
25774
2
0
1514878013
4
0
25775
2
0
1514879037
4
0
25776
2
0
1514946877
4
0
25777
2
0
1514947901
4
0
25778
2
0
1514948925
4
0
25779
2
0
1514949949
4
0
25780
2
0
1514950973
4
0
25781
2
0
1514951997
4
0
25782
2
0
1514953021
4
0
25783
2
0
1514955581
4
0
25784
2
0
1514956605
4
0
25785
2
0
1514957629
4
0
25786
2
0
1514958653
4
0
25787
2
0
1514959677
4
0
25788
2
0
1514960701
4
0
25789
2
0
1514942525
4
0
25790
2
0
1514943549
4
0
25791
2
0
1514944573
4
0
25792
2
0
1515012413
4
0
25793
2
0
1515013437
4
0
25794
2
0
1515014461
4
0
25795
2
0
1515015485
4
0
25796
2
0
1515016509
4
0
25797
2
0
1515017533
4
0
25798
2
0
1515018557
4
0
25799
2
0
1515021117
4
0
25800
2
0
1515022141
4
0
25801
2
0
1515023165
4
0
25802
2
0
1515024189
4
0
25803
2
0
1515025213
4
0
25804
2
0
1515026237
4
0
25805
2
0
1515008061
4
0
25806
2
0
1515009085
4
0
25807
2
0
1515010109
4
0
25808
2
0
1515077949
4
0
25809
2
0
1515078973
4
0
25810
2
0
1515079997
4
0
25811
2
0
1515081021
4
0
25812
2
0
1515082045
4
0
25813
2
0
1515083069
4
0
25814
2
0
1515084093
4
0
25815
2
0
1515086653
4
0
25816
2
0
1515087677
4
0
25817
2
0
1515088701
4
0
25818
2
0
1515089725
4
0
25819
2
0
1515090749
4
0
25820
2
0
1515091773
4
0
25821
2
0
1515073597
4
0
25822
2
0
1515074621
4
0
25823
2
0
1515075645
4
0
25824
2
0
1515143485
4
0
25825
2
0
1515144509
4
0
25826
2
0
1515145533
4
0
25827
2
0
1515146557
4
0
25828
2
0
1515147581
4
0
25829
2
0
1515148605
4
0
25830
2
0
1515149629
4
0
25831
2
0
1515152189
4
0
25832
2
0
1515153213
4
0
25833
2
0
1515154237
4
0
25834
2
0
1515155261
4
0
25835
2
0
1515156285
4
0
25836
2
0
1515157309
4
0
25837
2
0
1515139133
4
0
25838
2
0
1515140157
4
0
25839
2
0
1515141181
4
0
25840
2
0
1515209021
4
0
25841
2
0
1515210045
4
0
25842
2
0
1515211069
4
0
25843
2
0
1515212093
4
0
25844
2
0
1515213117
4
0
25845
2
0
1515214141
4
0
25846
2
0
1515215165
4
0
25847
2
0
1515217725
4
0
25848
2
0
1515218749
4
0
25849
2
0
1515219773
4
0
25850
2
0
1515220797
4
0
25851
2
0
1515221821
4
0
25852
2
0
1515222845
4
0
25853
2
0
1515204669
4
0
25854
2
0
1515205693
4
0
25855
2
0
1515206717
4
0
25856
2
0
1515274557
4
0
25857
2
0
1515275581
4
0
25858
2
0
1515276605
4
0
25859
2
0
1515277629
4
0
25860
2
0
1515278653
4
0
25861
2
0
1515279677
4
0
25862
2
0
1515280701
4
0
25863
2
0
1515283261
4
0
25864
2
0
1515284285
4
0
25865
2
0
1515285309
4
0
25866
2
0
1515286333
4
0
25867
2
0
1515287357
4
0
25868
2
0
1515288381
4
0
25869
2
0
1515270205
4
0
25870
2
0
1515271229
4
0
25871
2
0
1515272253
4
0
25872
2
0
1515340093
4
0
25873
2
0
1515341117
4
0
25874
2
0
1515342141
4
0
25875
2
0
1515343165
4
0
25876
2
0
1515344189
4
0
25877
2
0
1515345213
4
0
25878
2
0
1515346237
4
0
25879
2
0
1515348797
4
0
25880
2
0
1515349821
4
0
25881
2
0
1515350845
4
0
25882
2
0
1515351869
4
0
25883
2
0
1515352893
4
0
25884
2
0
1515353917
4
0
25885
2
0
1515335741
4
0
25886
2
0
1515336765
4
0
25887
2
0
1515337789
4
0
25888
2
0
1515405629
4
0
25889
2
0
1515406653
4
0
25890
2
0
1515407677
4
0
25891
2
0
1515408701
4
0
25892
2
0
1515409725
4
0
25893
2
0
1515410749
4
0
25894
2
0
1515411773
4
0
25895
2
0
1515414333
4
0
25896
2
0
1515415357
4
0
25897
2
0
1515416381
4
0
25898
2
0
1515417405
4
0
25899
2
0
1515418429
4
0
25900
2
0
1515419453
4
0
25901
2
0
1515401277
4
0
25902
2
0
1515402301
4
0
25903
2
0
1515403325
4
0
25904
2
0
1515471165
4
0
25905
2
0
1515472189
4
0
25906
2
0
1515473213
4
0
25907
2
0
1515474237
4
0
25908
2
0
1515475261
4
0
25909
2
0
1515476285
4
0
25910
2
0
1515477309
4
0
25911
2
0
1515479869
4
0
25912
2
0
1515480893
4
0
25913
2
0
1515481917
4
0
25914
2
0
1515482941
4
0
25915
2
0
1515483965
4
0
25916
2
0
1515484989
4
0
25917
2
0
1515466813
4
0
25918
2
0
1515467837
4
0
25919
2
0
1515468861
4
0
25920
2
0
1515536701
4
0
25921
2
0
1515537725
4
0
25922
2
0
1515538749
4
0
25923
2
0
1515539773
4
0
25924
2
0
1515540797
4
0
25925
2
0
1515541821
4
0
25926
2
0
1515542845
4
0
25927
2
0
1515545405
4
0
25928
2
0
1515546429
4
0
25929
2
0
1515547453
4
0
25930
2
0
1515548477
4
0
25931
2
0
1515549501
4
0
25932
2
0
1515550525
4
0
25933
2
0
1515532349
4
0
25934
2
0
1515533373
4
0
25935
2
0
1515534397
4
0
25936
2
0
1515602237
4
0
25937
2
0
1515603261
4
0
25938
2
0
1515604285
4
0
25939
2
0
1515605309
4
0
25940
2
0
1515606333
4
0
25941
2
0
1515607357
4
0
25942
2
0
1515608381
4
0
25943
2
0
1515610941
4
0
25944
2
0
1515611965
4
0
25945
2
0
1515612989
4
0
25946
2
0
1515614013
4
0
25947
2
0
1515615037
4
0
25948
2
0
1515616061
4
0
25949
2
0
1515597885
4
0
25950
2
0
1515598909
4
0
25951
2
0
1515599933
4
0
25952
2
0
1515667773
4
0
25953
2
0
1515668797
4
0
25954
2
0
1515669821
4
0
25955
2
0
1515670845
4
0
25956
2
0
1515671869
4
0
25957
2
0
1515672893
4
0
25958
2
0
1515673917
4
0
25959
2
0
1515676477
4
0
25960
2
0
1515677501
4
0
25961
2
0
1515678525
4
0
25962
2
0
1515679549
4
0
25963
2
0
1515680573
4
0
25964
2
0
1515681597
4
0
25965
2
0
1515663421
4
0
25966
2
0
1515664445
4
0
25967
2
0
1515665469
4
0
25968
2
0
1515733309
4
0
25969
2
0
1515734333
4
0
25970
2
0
1515735357
4
0
25971
2
0
1515736381
4
0
25972
2
0
1515737405
4
0
25973
2
0
1515738429
4
0
25974
2
0
1515739453
4
0
25975
2
0
1515742013
4
0
25976
2
0
1515743037
4
0
25977
2
0
1515744061
4
0
25978
2
0
1515745085
4
0
25979
2
0
1515746109
4
0
25980
2
0
1515747133
4
0
25981
2
0
1515728957
4
0
25982
2
0
1515729981
4
0
25983
2
0
1515731005
4
0
25984
2
0
1515798845
4
0
25985
2
0
1515799869
4
0
25986
2
0
1515800893
4
0
25987
2
0
1515801917
4
0
25988
2
0
1515802941
4
0
25989
2
0
1515803965
4
0
25990
2
0
1515804989
4
0
25991
2
0
1515807549
4
0
25992
2
0
1515808573
4
0
25993
2
0
1515809597
4
0
25994
2
0
1515810621
4
0
25995
2
0
1515811645
4
0
25996
2
0
1515812669
4
0
25997
2
0
1515794493
4
0
25998
2
0
1515795517
4
0
25999
2
0
1515796541
4
0
26000
2
0
1515864381
4
0
26001
2
0
1515865405
4
0
26002
2
0
1515866429
4
0
26003
2
0
1515867453
4
0
26004
2
0
1515868477
4
0
26005
2
0
1515869501
4
0
26006
2
0
1515870525
4
0
26007
2
0
1515873085
4
0
26008
2
0
1515874109
4
0
26009
2
0
1515875133
4
0
26010
2
0
1515876157
4
0
26011
2
0
1515877181
4
0
26012
2
0
1515878205
4
0
26013
2
0
1515860029
4
0
26014
2
0
1515861053
4
0
26015
2
0
1515862077
4
0
26016
2
0
1516323133
4
0
26017
2
0
1516324157
4
0
26018
2
0
1516325181
4
0
26019
2
0
1516326205
4
0
26020
2
0
1516327229
4
0
26021
2
0
1516328253
4
0
26022
2
0
1516329277
4
0
26023
2
0
1516331837
4
0
26024
2
0
1516332861
4
0
26025
2
0
1516333885
4
0
26026
2
0
1516334909
4
0
26027
2
0
1516335933
4
0
26028
2
0
1516336957
4
0
26029
2
0
1516318781
4
0
26030
2
0
1516319805
4
0
26031
2
0
1516320829
4
0
26032
2
0
1516388669
4
0
26033
2
0
1516389693
4
0
26034
2
0
1516390717
4
0
26035
2
0
1516391741
4
0
26036
2
0
1516392765
4
0
26037
2
0
1516393789
4
0
26038
2
0
1516394813
4
0
26039
2
0
1516397373
4
0
26040
2
0
1516398397
4
0
26041
2
0
1516399421
4
0
26042
2
0
1516400445
4
0
26043
2
0
1516401469
4
0
26044
2
0
1516402493
4
0
26045
2
0
1516384317
4
0
26046
2
0
1516385341
4
0
26047
2
0
1516386365
4
0
26048
2
0
1516454205
4
0
26049
2
0
1516455229
4
0
26050
2
0
1516456253
4
0
26051
2
0
1516457277
4
0
26052
2
0
1516458301
4
0
26053
2
0
1516459325
4
0
26054
2
0
1516460349
4
0
26055
2
0
1516462909
4
0
26056
2
0
1516463933
4
0
26057
2
0
1516464957
4
0
26058
2
0
1516465981
4
0
26059
2
0
1516467005
4
0
26060
2
0
1516468029
4
0
26061
2
0
1516449853
4
0
26062
2
0
1516450877
4
0
26063
2
0
1516451901
4
0
26064
2
0
1516519741
4
0
26065
2
0
1516520765
4
0
26066
2
0
1516521789
4
0
26067
2
0
1516522813
4
0
26068
2
0
1516523837
4
0
26069
2
0
1516524861
4
0
26070
2
0
1516525885
4
0
26071
2
0
1516528445
4
0
26072
2
0
1516529469
4
0
26073
2
0
1516530493
4
0
26074
2
0
1516531517
4
0
26075
2
0
1516532541
4
0
26076
2
0
1516533565
4
0
26077
2
0
1516515389
4
0
26078
2
0
1516516413
4
0
26079
2
0
1516517437
4
0
26080
2
0
1516585277
4
0
26081
2
0
1516586301
4
0
26082
2
0
1516587325
4
0
26083
2
0
1516588349
4
0
26084
2
0
1516589373
4
0
26085
2
0
1516590397
4
0
26086
2
0
1516591421
4
0
26087
2
0
1516593981
4
0
26088
2
0
1516595005
4
0
26089
2
0
1516596029
4
0
26090
2
0
1516597053
4
0
26091
2
0
1516598077
4
0
26092
2
0
1516599101
4
0
26093
2
0
1516580925
4
0
26094
2
0
1516581949
4
0
26095
2
0
1516582973
4
0
26096
2
0
1516650813
4
0
26097
2
0
1516651837
4
0
26098
2
0
1516652861
4
0
26099
2
0
1516653885
4
0
26100
2
0
1516654909
4
0
26101
2
0
1516655933
4
0
26102
2
0
1516656957
4
0
26103
2
0
1516659517
4
0
26104
2
0
1516660541
4
0
26105
2
0
1516661565
4
0
26106
2
0
1516662589
4
0
26107
2
0
1516663613
4
0
26108
2
0
1516664637
4
0
26109
2
0
1516646461
4
0
26110
2
0
1516647485
4
0
26111
2
0
1516648509
4
0
26112
2
0
1516716349
4
0
26113
2
0
1516717373
4
0
26114
2
0
1516718397
4
0
26115
2
0
1516719421
4
0
26116
2
0
1516720445
4
0
26117
2
0
1516721469
4
0
26118
2
0
1516722493
4
0
26119
2
0
1516725053
4
0
26120
2
0
1516726077
4
0
26121
2
0
1516727101
4
0
26122
2
0
1516728125
4
0
26123
2
0
1516729149
4
0
26124
2
0
1516730173
4
0
26125
2
0
1516711997
4
0
26126
2
0
1516713021
4
0
26127
2
0
1516714045
4
0
26128
2
0
1516781885
4
0
26129
2
0
1516782909
4
0
26130
2
0
1516783933
4
0
26131
2
0
1516784957
4
0
26132
2
0
1516785981
4
0
26133
2
0
1516787005
4
0
26134
2
0
1516788029
4
0
26135
2
0
1516790589
4
0
26136
2
0
1516791613
4
0
26137
2
0
1516792637
4
0
26138
2
0
1516793661
4
0
26139
2
0
1516794685
4
0
26140
2
0
1516795709
4
0
26141
2
0
1516777533
4
0
26142
2
0
1516778557
4
0
26143
2
0
1516779581
4
0
26144
2
0
1516847421
4
0
26145
2
0
1516848445
4
0
26146
2
0
1516849469
4
0
26147
2
0
1516850493
4
0
26148
2
0
1516851517
4
0
26149
2
0
1516852541
4
0
26150
2
0
1516853565
4
0
26151
2
0
1516856125
4
0
26152
2
0
1516857149
4
0
26153
2
0
1516858173
4
0
26154
2
0
1516859197
4
0
26155
2
0
1516860221
4
0
26156
2
0
1516861245
4
0
26157
2
0
1516843069
4
0
26158
2
0
1516844093
4
0
26159
2
0
1516845117
4
0
26160
2
0
1516912957
4
0
26161
2
0
1516913981
4
0
26162
2
0
1516915005
4
0
26163
2
0
1516916029
4
0
26164
2
0
1516917053
4
0
26165
2
0
1516918077
4
0
26166
2
0
1516919101
4
0
26167
2
0
1516921661
4
0
26168
2
0
1516922685
4
0
26169
2
0
1516923709
4
0
26170
2
0
1516924733
4
0
26171
2
0
1516925757
4
0
26172
2
0
1516926781
4
0
26173
2
0
1516908605
4
0
26174
2
0
1516909629
4
0
26175
2
0
1516910653
4
0
26176
2
0
1516978493
4
0
26177
2
0
1516979517
4
0
26178
2
0
1516980541
4
0
26179
2
0
1516981565
4
0
26180
2
0
1516982589
4
0
26181
2
0
1516983613
4
0
26182
2
0
1516984637
4
0
26183
2
0
1516987197
4
0
26184
2
0
1516988221
4
0
26185
2
0
1516989245
4
0
26186
2
0
1516990269
4
0
26187
2
0
1516991293
4
0
26188
2
0
1516992317
4
0
26189
2
0
1516974141
4
0
26190
2
0
1516975165
4
0
26191
2
0
1516976189
4
0
26192
2
0
1517044029
4
0
26193
2
0
1517045053
4
0
26194
2
0
1517046077
4
0
26195
2
0
1517047101
4
0
26196
2
0
1517048125
4
0
26197
2
0
1517049149
4
0
26198
2
0
1517050173
4
0
26199
2
0
1517052733
4
0
26200
2
0
1517053757
4
0
26201
2
0
1517054781
4
0
26202
2
0
1517055805
4
0
26203
2
0
1517056829
4
0
26204
2
0
1517057853
4
0
26205
2
0
1517039677
4
0
26206
2
0
1517040701
4
0
26207
2
0
1517041725
4
0
26208
2
0
1517109565
4
0
26209
2
0
1517110589
4
0
26210
2
0
1517111613
4
0
26211
2
0
1517112637
4
0
26212
2
0
1517113661
4
0
26213
2
0
1517114685
4
0
26214
2
0
1517115709
4
0
26215
2
0
1517118269
4
0
26216
2
0
1517119293
4
0
26217
2
0
1517120317
4
0
26218
2
0
1517121341
4
0
26219
2
0
1517122365
4
0
26220
2
0
1517123389
4
0
26221
2
0
1517105213
4
0
26222
2
0
1517106237
4
0
26223
2
0
1517107261
4
0
26224
2
0
1517175101
4
0
26225
2
0
1517176125
4
0
26226
2
0
1517177149
4
0
26227
2
0
1517178173
4
0
26228
2
0
1517179197
4
0
26229
2
0
1517180221
4
0
26230
2
0
1517181245
4
0
26231
2
0
1517183805
4
0
26232
2
0
1517184829
4
0
26233
2
0
1517185853
4
0
26234
2
0
1517186877
4
0
26235
2
0
1517187901
4
0
26236
2
0
1517188925
4
0
26237
2
0
1517170749
4
0
26238
2
0
1517171773
4
0
26239
2
0
1517172797
4
0
26240
2
0
1517240637
4
0
26241
2
0
1517241661
4
0
26242
2
0
1517242685
4
0
26243
2
0
1517243709
4
0
26244
2
0
1517244733
4
0
26245
2
0
1517245757
4
0
26246
2
0
1517246781
4
0
26247
2
0
1517249341
4
0
26248
2
0
1517250365
4
0
26249
2
0
1517251389
4
0
26250
2
0
1517252413
4
0
26251
2
0
1517253437
4
0
26252
2
0
1517254461
4
0
26253
2
0
1517236285
4
0
26254
2
0
1517237309
4
0
26255
2
0
1517238333
4
0
26256
2
0
1517306173
4
0
26257
2
0
1517307197
4
0
26258
2
0
1517308221
4
0
26259
2
0
1517309245
4
0
26260
2
0
1517310269
4
0
26261
2
0
1517311293
4
0
26262
2
0
1517312317
4
0
26263
2
0
1517314877
4
0
26264
2
0
1517315901
4
0
26265
2
0
1517316925
4
0
26266
2
0
1517317949
4
0
26267
2
0
1517318973
4
0
26268
2
0
1517319997
4
0
26269
2
0
1517301821
4
0
26270
2
0
1517302845
4
0
26271
2
0
1517303869
4
0
26272
2
0
1517371709
4
0
26273
2
0
1517372733
4
0
26274
2
0
1517373757
4
0
26275
2
0
1517374781
4
0
26276
2
0
1517375805
4
0
26277
2
0
1517376829
4
0
26278
2
0
1517377853
4
0
26279
2
0
1517380413
4
0
26280
2
0
1517381437
4
0
26281
2
0
1517382461
4
0
26282
2
0
1517383485
4
0
26283
2
0
1517384509
4
0
26284
2
0
1517385533
4
0
26285
2
0
1517367357
4
0
26286
2
0
1517368381
4
0
26287
2
0
1517369405
4
0
26288
2
0
1517437245
4
0
26289
2
0
1517438269
4
0
26290
2
0
1517439293
4
0
26291
2
0
1517440317
4
0
26292
2
0
1517441341
4
0
26293
2
0
1517442365
4
0
26294
2
0
1517443389
4
0
26295
2
0
1517445949
4
0
26296
2
0
1517446973
4
0
26297
2
0
1517447997
4
0
26298
2
0
1517449021
4
0
26299
2
0
1517450045
4
0
26300
2
0
1517451069
4
0
26301
2
0
1517432893
4
0
26302
2
0
1517433917
4
0
26303
2
0
1517434941
4
0
26304
2
0
1517502781
4
0
26305
2
0
1517503805
4
0
26306
2
0
1517504829
4
0
26307
2
0
1517505853
4
0
26308
2
0
1517506877
4
0
26309
2
0
1517507901
4
0
26310
2
0
1517508925
4
0
26311
2
0
1517511485
4
0
26312
2
0
1517512509
4
0
26313
2
0
1517513533
4
0
26314
2
0
1517514557
4
0
26315
2
0
1517515581
4
0
26316
2
0
1517516605
4
0
26317
2
0
1517498429
4
0
26318
2
0
1517499453
4
0
26319
2
0
1517500477
4
0
26320
2
0
1517568317
4
0
26321
2
0
1517569341
4
0
26322
2
0
1517570365
4
0
26323
2
0
1517571389
4
0
26324
2
0
1517572413
4
0
26325
2
0
1517573437
4
0
26326
2
0
1517574461
4
0
26327
2
0
1517577021
4
0
26328
2
0
1517578045
4
0
26329
2
0
1517579069
4
0
26330
2
0
1517580093
4
0
26331
2
0
1517581117
4
0
26332
2
0
1517582141
4
0
26333
2
0
1517563965
4
0
26334
2
0
1517564989
4
0
26335
2
0
1517566013
4
0
26336
2
0
1517633853
4
0
26337
2
0
1517634877
4
0
26338
2
0
1517635901
4
0
26339
2
0
1517636925
4
0
26340
2
0
1517637949
4
0
26341
2
0
1517638973
4
0
26342
2
0
1517639997
4
0
26343
2
0
1517642557
4
0
26344
2
0
1517643581
4
0
26345
2
0
1517644605
4
0
26346
2
0
1517645629
4
0
26347
2
0
1517646653
4
0
26348
2
0
1517647677
4
0
26349
2
0
1517629501
4
0
26350
2
0
1517630525
4
0
26351
2
0
1517631549
4
0
26352
2
0
1517699389
4
0
26353
2
0
1517700413
4
0
26354
2
0
1517701437
4
0
26355
2
0
1517702461
4
0
26356
2
0
1517703485
4
0
26357
2
0
1517704509
4
0
26358
2
0
1517705533
4
0
26359
2
0
1517708093
4
0
26360
2
0
1517709117
4
0
26361
2
0
1517710141
4
0
26362
2
0
1517711165
4
0
26363
2
0
1517712189
4
0
26364
2
0
1517713213
4
0
26365
2
0
1517695037
4
0
26366
2
0
1517696061
4
0
26367
2
0
1517697085
4
0
26368
2
0
1517764925
4
0
26369
2
0
1517765949
4
0
26370
2
0
1517766973
4
0
26371
2
0
1517767997
4
0
26372
2
0
1517769021
4
0
26373
2
0
1517770045
4
0
26374
2
0
1517771069
4
0
26375
2
0
1517773629
4
0
26376
2
0
1517774653
4
0
26377
2
0
1517775677
4
0
26378
2
0
1517776701
4
0
26379
2
0
1517777725
4
0
26380
2
0
1517778749
4
0
26381
2
0
1517760573
4
0
26382
2
0
1517761597
4
0
26383
2
0
1517762621
4
0
26384
2
0
1517830461
4
0
26385
2
0
1517831485
4
0
26386
2
0
1517832509
4
0
26387
2
0
1517833533
4
0
26388
2
0
1517834557
4
0
26389
2
0
1517835581
4
0
26390
2
0
1517836605
4
0
26391
2
0
1517839165
4
0
26392
2
0
1517840189
4
0
26393
2
0
1517841213
4
0
26394
2
0
1517842237
4
0
26395
2
0
1517843261
4
0
26396
2
0
1517844285
4
0
26397
2
0
1517826109
4
0
26398
2
0
1517827133
4
0
26399
2
0
1517828157
4
0
26400
2
0
1517895997
4
0
26401
2
0
1517897021
4
0
26402
2
0
1517898045
4
0
26403
2
0
1517899069
4
0
26404
2
0
1517900093
4
0
26405
2
0
1517901117
4
0
26406
2
0
1517902141
4
0
26407
2
0
1517904701
4
0
26408
2
0
1517905725
4
0
26409
2
0
1517906749
4
0
26410
2
0
1517907773
4
0
26411
2
0
1517908797
4
0
26412
2
0
1517909821
4
0
26413
2
0
1517891645
4
0
26414
2
0
1517892669
4
0
26415
2
0
1517893693
4
0
26416
2
0
1517961533
4
0
26417
2
0
1517962557
4
0
26418
2
0
1517963581
4
0
26419
2
0
1517964605
4
0
26420
2
0
1517965629
4
0
26421
2
0
1517966653
4
0
26422
2
0
1517967677
4
0
26423
2
0
1517970237
4
0
26424
2
0
1517971261
4
0
26425
2
0
1517972285
4
0
26426
2
0
1517973309
4
0
26427
2
0
1517974333
4
0
26428
2
0
1517975357
4
0
26429
2
0
1517957181
4
0
26430
2
0
1517958205
4
0
26431
2
0
1517959229
4
0
26432
2
0
1513111869
4
0
26433
2
0
1513112893
4
0
26434
2
0
1513113917
4
0
26435
2
0
1513114941
4
0
26436
2
0
1513115965
4
0
26437
2
0
1513116989
4
0
26438
2
0
1513118013
4
0
26439
2
0
1513120573
4
0
26440
2
0
1513121597
4
0
26441
2
0
1513122621
4
0
26442
2
0
1513123645
4
0
26443
2
0
1513124669
4
0
26444
2
0
1513125693
4
0
26445
2
0
1513107517
4
0
26446
2
0
1513108541
4
0
26447
2
0
1513109565
4
0
26448
2
0
1513177405
4
0
26449
2
0
1513178429
4
0
26450
2
0
1513179453
4
0
26451
2
0
1513180477
4
0
26452
2
0
1513181501
4
0
26453
2
0
1513182525
4
0
26454
2
0
1513183549
4
0
26455
2
0
1513186109
4
0
26456
2
0
1513187133
4
0
26457
2
0
1513188157
4
0
26458
2
0
1513189181
4
0
26459
2
0
1513190205
4
0
26460
2
0
1513191229
4
0
26461
2
0
1513173053
4
0
26462
2
0
1513174077
4
0
26463
2
0
1513175101
4
0
26464
2
0
1513242941
4
0
26465
2
0
1513243965
4
0
26466
2
0
1513244989
4
0
26467
2
0
1513246013
4
0
26468
2
0
1513247037
4
0
26469
2
0
1513248061
4
0
26470
2
0
1513249085
4
0
26471
2
0
1513251645
4
0
26472
2
0
1513252669
4
0
26473
2
0
1513253693
4
0
26474
2
0
1513254717
4
0
26475
2
0
1513255741
4
0
26476
2
0
1513256765
4
0
26477
2
0
1513238589
4
0
26478
2
0
1513239613
4
0
26479
2
0
1513240637
4
0
26480
2
0
1513308477
4
0
26481
2
0
1513309501
4
0
26482
2
0
1513310525
4
0
26483
2
0
1513311549
4
0
26484
2
0
1513312573
4
0
26485
2
0
1513313597
4
0
26486
2
0
1513314621
4
0
26487
2
0
1513317181
4
0
26488
2
0
1513318205
4
0
26489
2
0
1513319229
4
0
26490
2
0
1513320253
4
0
26491
2
0
1513321277
4
0
26492
2
0
1513322301
4
0
26493
2
0
1513304125
4
0
26494
2
0
1513305149
4
0
26495
2
0
1513306173
4
0
26496
2
0
1513374013
4
0
26497
2
0
1513375037
4
0
26498
2
0
1513376061
4
0
26499
2
0
1513377085
4
0
26500
2
0
1513378109
4
0
26501
2
0
1513379133
4
0
26502
2
0
1513380157
4
0
26503
2
0
1513382717
4
0
26504
2
0
1513383741
4
0
26505
2
0
1513384765
4
0
26506
2
0
1513385789
4
0
26507
2
0
1513386813
4
0
26508
2
0
1513387837
4
0
26509
2
0
1513369661
4
0
26510
2
0
1513370685
4
0
26511
2
0
1513371709
4
0
26512
2
0
1513439549
4
0
26513
2
0
1513440573
4
0
26514
2
0
1513441597
4
0
26515
2
0
1513442621
4
0
26516
2
0
1513443645
4
0
26517
2
0
1513444669
4
0
26518
2
0
1513445693
4
0
26519
2
0
1513448253
4
0
26520
2
0
1513449277
4
0
26521
2
0
1513450301
4
0
26522
2
0
1513451325
4
0
26523
2
0
1513452349
4
0
26524
2
0
1513453373
4
0
26525
2
0
1513435197
4
0
26526
2
0
1513436221
4
0
26527
2
0
1513437245
4
0
26528
2
0
1513505085
4
0
26529
2
0
1513506109
4
0
26530
2
0
1513507133
4
0
26531
2
0
1513508157
4
0
26532
2
0
1513509181
4
0
26533
2
0
1513510205
4
0
26534
2
0
1513511229
4
0
26535
2
0
1513513789
4
0
26536
2
0
1513514813
4
0
26537
2
0
1513515837
4
0
26538
2
0
1513516861
4
0
26539
2
0
1513517885
4
0
26540
2
0
1513518909
4
0
26541
2
0
1513500733
4
0
26542
2
0
1513501757
4
0
26543
2
0
1513502781
4
0
26544
2
0
1513570621
4
0
26545
2
0
1513571645
4
0
26546
2
0
1513572669
4
0
26547
2
0
1513573693
4
0
26548
2
0
1513574717
4
0
26549
2
0
1513575741
4
0
26550
2
0
1513576765
4
0
26551
2
0
1513579325
4
0
26552
2
0
1513580349
4
0
26553
2
0
1513581373
4
0
26554
2
0
1513582397
4
0
26555
2
0
1513583421
4
0
26556
2
0
1513584445
4
0
26557
2
0
1513566269
4
0
26558
2
0
1513567293
4
0
26559
2
0
1513568317
4
0
26560
2
0
1513636157
4
0
26561
2
0
1513637181
4
0
26562
2
0
1513638205
4
0
26563
2
0
1513639229
4
0
26564
2
0
1513640253
4
0
26565
2
0
1513641277
4
0
26566
2
0
1513642301
4
0
26567
2
0
1513644861
4
0
26568
2
0
1513645885
4
0
26569
2
0
1513646909
4
0
26570
2
0
1513647933
4
0
26571
2
0
1513648957
4
0
26572
2
0
1513649981
4
0
26573
2
0
1513631805
4
0
26574
2
0
1513632829
4
0
26575
2
0
1513633853
4
0
26576
2
0
1513701693
4
0
26577
2
0
1513702717
4
0
26578
2
0
1513703741
4
0
26579
2
0
1513704765
4
0
26580
2
0
1513705789
4
0
26581
2
0
1513706813
4
0
26582
2
0
1513707837
4
0
26583
2
0
1513710397
4
0
26584
2
0
1513711421
4
0
26585
2
0
1513712445
4
0
26586
2
0
1513713469
4
0
26587
2
0
1513714493
4
0
26588
2
0
1513715517
4
0
26589
2
0
1513697341
4
0
26590
2
0
1513698365
4
0
26591
2
0
1513699389
4
0
26592
2
0
1512784189
4
0
26593
2
0
1512785213
4
0
26594
2
0
1512786237
4
0
26595
2
0
1512787261
4
0
26596
2
0
1512788285
4
0
26597
2
0
1512789309
4
0
26598
2
0
1512790333
4
0
26599
2
0
1512792893
4
0
26600
2
0
1512793917
4
0
26601
2
0
1512794941
4
0
26602
2
0
1512795965
4
0
26603
2
0
1512796989
4
0
26604
2
0
1512798013
4
0
26605
2
0
1512779837
4
0
26606
2
0
1512780861
4
0
26607
2
0
1512781885
4
0
26608
2
0
1513046333
4
0
26609
2
0
1513047357
4
0
26610
2
0
1513048381
4
0
26611
2
0
1513049405
4
0
26612
2
0
1513050429
4
0
26613
2
0
1513051453
4
0
26614
2
0
1513052477
4
0
26615
2
0
1513055037
4
0
26616
2
0
1513056061
4
0
26617
2
0
1513057085
4
0
26618
2
0
1513058109
4
0
26619
2
0
1513059133
4
0
26620
2
0
1513060157
4
0
26621
2
0
1513041981
4
0
26622
2
0
1513043005
4
0
26623
2
0
1513044029
4
