1024
0
48128
2
0
1983988029
4
0
48129
2
0
1983989053
4
0
48130
2
0
1983990077
4
0
48131
2
0
1983991101
4
0
48132
2
0
1983992125
4
0
48133
2
0
1983993149
4
0
48134
2
0
1983994173
4
0
48135
2
0
1983996733
4
0
48136
2
0
1983997757
4
0
48137
2
0
1983998781
4
0
48138
2
0
1983999805
4
0
48139
2
0
1984000829
4
0
48140
2
0
1984001853
4
0
48141
2
0
1983983677
4
0
48142
2
0
1983984701
4
0
48143
2
0
1983985725
4
0
48144
2
0
1984053565
4
0
48145
2
0
1984054589
4
0
48146
2
0
1984055613
4
0
48147
2
0
1984056637
4
0
48148
2
0
1984057661
4
0
48149
2
0
1984058685
4
0
48150
2
0
1984059709
4
0
48151
2
0
1984062269
4
0
48152
2
0
1984063293
4
0
48153
2
0
1984064317
4
0
48154
2
0
1984065341
4
0
48155
2
0
1984066365
4
0
48156
2
0
1984067389
4
0
48157
2
0
1984049213
4
0
48158
2
0
1984050237
4
0
48159
2
0
1984051261
4
0
48160
2
0
1984119101
4
0
48161
2
0
1984120125
4
0
48162
2
0
1984121149
4
0
48163
2
0
1984122173
4
0
48164
2
0
1984123197
4
0
48165
2
0
1984124221
4
0
48166
2
0
1984125245
4
0
48167
2
0
1984127805
4
0
48168
2
0
1984128829
4
0
48169
2
0
1984129853
4
0
48170
2
0
1984130877
4
0
48171
2
0
1984131901
4
0
48172
2
0
1984132925
4
0
48173
2
0
1984114749
4
0
48174
2
0
1984115773
4
0
48175
2
0
1984116797
4
0
48176
2
0
1984184637
4
0
48177
2
0
1984185661
4
0
48178
2
0
1984186685
4
0
48179
2
0
1984187709
4
0
48180
2
0
1984188733
4
0
48181
2
0
1984189757
4
0
48182
2
0
1984190781
4
0
48183
2
0
1984193341
4
0
48184
2
0
1984194365
4
0
48185
2
0
1984195389
4
0
48186
2
0
1984196413
4
0
48187
2
0
1984197437
4
0
48188
2
0
1984198461
4
0
48189
2
0
1984180285
4
0
48190
2
0
1984181309
4
0
48191
2
0
1984182333
4
0
48192
2
0
1984250173
4
0
48193
2
0
1984251197
4
0
48194
2
0
1984252221
4
0
48195
2
0
1984253245
4
0
48196
2
0
1984254269
4
0
48197
2
0
1984255293
4
0
48198
2
0
1984256317
4
0
48199
2
0
1984258877
4
0
48200
2
0
1984259901
4
0
48201
2
0
1984260925
4
0
48202
2
0
1984261949
4
0
48203
2
0
1984262973
4
0
48204
2
0
1984263997
4
0
48205
2
0
1984245821
4
0
48206
2
0
1984246845
4
0
48207
2
0
1984247869
4
0
48208
2
0
1984315709
4
0
48209
2
0
1984316733
4
0
48210
2
0
1984317757
4
0
48211
2
0
1984318781
4
0
48212
2
0
1984319805
4
0
48213
2
0
1984320829
4
0
48214
2
0
1984321853
4
0
48215
2
0
1984324413
4
0
48216
2
0
1984325437
4
0
48217
2
0
1984326461
4
0
48218
2
0
1984327485
4
0
48219
2
0
1984328509
4
0
48220
2
0
1984329533
4
0
48221
2
0
1984311357
4
0
48222
2
0
1984312381
4
0
48223
2
0
1984313405
4
0
48224
2
0
1984381245
4
0
48225
2
0
1984382269
4
0
48226
2
0
1984383293
4
0
48227
2
0
1984384317
4
0
48228
2
0
1984385341
4
0
48229
2
0
1984386365
4
0
48230
2
0
1984387389
4
0
48231
2
0
1984389949
4
0
48232
2
0
1984390973
4
0
48233
2
0
1984391997
4
0
48234
2
0
1984393021
4
0
48235
2
0
1984394045
4
0
48236
2
0
1984395069
4
0
48237
2
0
1984376893
4
0
48238
2
0
1984377917
4
0
48239
2
0
1984378941
4
0
48240
2
0
1984446781
4
0
48241
2
0
1984447805
4
0
48242
2
0
1984448829
4
0
48243
2
0
1984449853
4
0
48244
2
0
1984450877
4
0
48245
2
0
1984451901
4
0
48246
2
0
1984452925
4
0
48247
2
0
1984455485
4
0
48248
2
0
1984456509
4
0
48249
2
0
1984457533
4
0
48250
2
0
1984458557
4
0
48251
2
0
1984459581
4
0
48252
2
0
1984460605
4
0
48253
2
0
1984442429
4
0
48254
2
0
1984443453
4
0
48255
2
0
1984444477
4
0
48256
2
0
1984512317
4
0
48257
2
0
1984513341
4
0
48258
2
0
1984514365
4
0
48259
2
0
1984515389
4
0
48260
2
0
1984516413
4
0
48261
2
0
1984517437
4
0
48262
2
0
1984518461
4
0
48263
2
0
1984521021
4
0
48264
2
0
1984522045
4
0
48265
2
0
1984523069
4
0
48266
2
0
1984524093
4
0
48267
2
0
1984525117
4
0
48268
2
0
1984526141
4
0
48269
2
0
1984507965
4
0
48270
2
0
1984508989
4
0
48271
2
0
1984510013
4
0
48272
2
0
1984577853
4
0
48273
2
0
1984578877
4
0
48274
2
0
1984579901
4
0
48275
2
0
1984580925
4
0
48276
2
0
1984581949
4
0
48277
2
0
1984582973
4
0
48278
2
0
1984583997
4
0
48279
2
0
1984586557
4
0
48280
2
0
1984587581
4
0
48281
2
0
1984588605
4
0
48282
2
0
1984589629
4
0
48283
2
0
1984590653
4
0
48284
2
0
1984591677
4
0
48285
2
0
1984573501
4
0
48286
2
0
1984574525
4
0
48287
2
0
1984575549
4
0
48288
2
0
1984643389
4
0
48289
2
0
1984644413
4
0
48290
2
0
1984645437
4
0
48291
2
0
1984646461
4
0
48292
2
0
1984647485
4
0
48293
2
0
1984648509
4
0
48294
2
0
1984649533
4
0
48295
2
0
1984652093
4
0
48296
2
0
1984653117
4
0
48297
2
0
1984654141
4
0
48298
2
0
1984655165
4
0
48299
2
0
1984656189
4
0
48300
2
0
1984657213
4
0
48301
2
0
1984639037
4
0
48302
2
0
1984640061
4
0
48303
2
0
1984641085
4
0
48304
2
0
1984708925
4
0
48305
2
0
1984709949
4
0
48306
2
0
1984710973
4
0
48307
2
0
1984711997
4
0
48308
2
0
1984713021
4
0
48309
2
0
1984714045
4
0
48310
2
0
1984715069
4
0
48311
2
0
1984717629
4
0
48312
2
0
1984718653
4
0
48313
2
0
1984719677
4
0
48314
2
0
1984720701
4
0
48315
2
0
1984721725
4
0
48316
2
0
1984722749
4
0
48317
2
0
1984704573
4
0
48318
2
0
1984705597
4
0
48319
2
0
1984706621
4
0
48320
2
0
1984774461
4
0
48321
2
0
1984775485
4
0
48322
2
0
1984776509
4
0
48323
2
0
1984777533
4
0
48324
2
0
1984778557
4
0
48325
2
0
1984779581
4
0
48326
2
0
1984780605
4
0
48327
2
0
1984783165
4
0
48328
2
0
1984784189
4
0
48329
2
0
1984785213
4
0
48330
2
0
1984786237
4
0
48331
2
0
1984787261
4
0
48332
2
0
1984788285
4
0
48333
2
0
1984770109
4
0
48334
2
0
1984771133
4
0
48335
2
0
1984772157
4
0
48336
2
0
1984839997
4
0
48337
2
0
1984841021
4
0
48338
2
0
1984842045
4
0
48339
2
0
1984843069
4
0
48340
2
0
1984844093
4
0
48341
2
0
1984845117
4
0
48342
2
0
1984846141
4
0
48343
2
0
1984848701
4
0
48344
2
0
1984849725
4
0
48345
2
0
1984850749
4
0
48346
2
0
1984851773
4
0
48347
2
0
1984852797
4
0
48348
2
0
1984853821
4
0
48349
2
0
1984835645
4
0
48350
2
0
1984836669
4
0
48351
2
0
1984837693
4
0
48352
2
0
1984905533
4
0
48353
2
0
1984906557
4
0
48354
2
0
1984907581
4
0
48355
2
0
1984908605
4
0
48356
2
0
1984909629
4
0
48357
2
0
1984910653
4
0
48358
2
0
1984911677
4
0
48359
2
0
1984914237
4
0
48360
2
0
1984915261
4
0
48361
2
0
1984916285
4
0
48362
2
0
1984917309
4
0
48363
2
0
1984918333
4
0
48364
2
0
1984919357
4
0
48365
2
0
1984901181
4
0
48366
2
0
1984902205
4
0
48367
2
0
1984903229
4
0
48368
2
0
1984971069
4
0
48369
2
0
1984972093
4
0
48370
2
0
1984973117
4
0
48371
2
0
1984974141
4
0
48372
2
0
1984975165
4
0
48373
2
0
1984976189
4
0
48374
2
0
1984977213
4
0
48375
2
0
1984979773
4
0
48376
2
0
1984980797
4
0
48377
2
0
1984981821
4
0
48378
2
0
1984982845
4
0
48379
2
0
1984983869
4
0
48380
2
0
1984984893
4
0
48381
2
0
1984966717
4
0
48382
2
0
1984967741
4
0
48383
2
0
1984968765
4
0
48384
2
0
1985036605
4
0
48385
2
0
1985037629
4
0
48386
2
0
1985038653
4
0
48387
2
0
1985039677
4
0
48388
2
0
1985040701
4
0
48389
2
0
1985041725
4
0
48390
2
0
1985042749
4
0
48391
2
0
1985045309
4
0
48392
2
0
1985046333
4
0
48393
2
0
1985047357
4
0
48394
2
0
1985048381
4
0
48395
2
0
1985049405
4
0
48396
2
0
1985050429
4
0
48397
2
0
1985032253
4
0
48398
2
0
1985033277
4
0
48399
2
0
1985034301
4
0
48400
2
0
1985102141
4
0
48401
2
0
1985103165
4
0
48402
2
0
1985104189
4
0
48403
2
0
1985105213
4
0
48404
2
0
1985106237
4
0
48405
2
0
1985107261
4
0
48406
2
0
1985108285
4
0
48407
2
0
1985110845
4
0
48408
2
0
1985111869
4
0
48409
2
0
1985112893
4
0
48410
2
0
1985113917
4
0
48411
2
0
1985114941
4
0
48412
2
0
1985115965
4
0
48413
2
0
1985097789
4
0
48414
2
0
1985098813
4
0
48415
2
0
1985099837
4
0
48416
2
0
1985167677
4
0
48417
2
0
1985168701
4
0
48418
2
0
1985169725
4
0
48419
2
0
1985170749
4
0
48420
2
0
1985171773
4
0
48421
2
0
1985172797
4
0
48422
2
0
1985173821
4
0
48423
2
0
1985176381
4
0
48424
2
0
1985177405
4
0
48425
2
0
1985178429
4
0
48426
2
0
1985179453
4
0
48427
2
0
1985180477
4
0
48428
2
0
1985181501
4
0
48429
2
0
1985163325
4
0
48430
2
0
1985164349
4
0
48431
2
0
1985165373
4
0
48432
2
0
1985233213
4
0
48433
2
0
1985234237
4
0
48434
2
0
1985235261
4
0
48435
2
0
1985236285
4
0
48436
2
0
1985237309
4
0
48437
2
0
1985238333
4
0
48438
2
0
1985239357
4
0
48439
2
0
1985241917
4
0
48440
2
0
1985242941
4
0
48441
2
0
1985243965
4
0
48442
2
0
1985244989
4
0
48443
2
0
1985246013
4
0
48444
2
0
1985247037
4
0
48445
2
0
1985228861
4
0
48446
2
0
1985229885
4
0
48447
2
0
1985230909
4
0
48448
2
0
1985298749
4
0
48449
2
0
1985299773
4
0
48450
2
0
1985300797
4
0
48451
2
0
1985301821
4
0
48452
2
0
1985302845
4
0
48453
2
0
1985303869
4
0
48454
2
0
1985304893
4
0
48455
2
0
1985307453
4
0
48456
2
0
1985308477
4
0
48457
2
0
1985309501
4
0
48458
2
0
1985310525
4
0
48459
2
0
1985311549
4
0
48460
2
0
1985312573
4
0
48461
2
0
1985294397
4
0
48462
2
0
1985295421
4
0
48463
2
0
1985296445
4
0
48464
2
0
1985364285
4
0
48465
2
0
1985365309
4
0
48466
2
0
1985366333
4
0
48467
2
0
1985367357
4
0
48468
2
0
1985368381
4
0
48469
2
0
1985369405
4
0
48470
2
0
1985370429
4
0
48471
2
0
1985372989
4
0
48472
2
0
1985374013
4
0
48473
2
0
1985375037
4
0
48474
2
0
1985376061
4
0
48475
2
0
1985377085
4
0
48476
2
0
1985378109
4
0
48477
2
0
1985359933
4
0
48478
2
0
1985360957
4
0
48479
2
0
1985361981
4
0
48480
2
0
1985429821
4
0
48481
2
0
1985430845
4
0
48482
2
0
1985431869
4
0
48483
2
0
1985432893
4
0
48484
2
0
1985433917
4
0
48485
2
0
1985434941
4
0
48486
2
0
1985435965
4
0
48487
2
0
1985438525
4
0
48488
2
0
1985439549
4
0
48489
2
0
1985440573
4
0
48490
2
0
1985441597
4
0
48491
2
0
1985442621
4
0
48492
2
0
1985443645
4
0
48493
2
0
1985425469
4
0
48494
2
0
1985426493
4
0
48495
2
0
1985427517
4
0
48496
2
0
1985495357
4
0
48497
2
0
1985496381
4
0
48498
2
0
1985497405
4
0
48499
2
0
1985498429
4
0
48500
2
0
1985499453
4
0
48501
2
0
1985500477
4
0
48502
2
0
1985501501
4
0
48503
2
0
1985504061
4
0
48504
2
0
1985505085
4
0
48505
2
0
1985506109
4
0
48506
2
0
1985507133
4
0
48507
2
0
1985508157
4
0
48508
2
0
1985509181
4
0
48509
2
0
1985491005
4
0
48510
2
0
1985492029
4
0
48511
2
0
1985493053
4
0
48512
2
0
1985560893
4
0
48513
2
0
1985561917
4
0
48514
2
0
1985562941
4
0
48515
2
0
1985563965
4
0
48516
2
0
1985564989
4
0
48517
2
0
1985566013
4
0
48518
2
0
1985567037
4
0
48519
2
0
1985569597
4
0
48520
2
0
1985570621
4
0
48521
2
0
1985571645
4
0
48522
2
0
1985572669
4
0
48523
2
0
1985573693
4
0
48524
2
0
1985574717
4
0
48525
2
0
1985556541
4
0
48526
2
0
1985557565
4
0
48527
2
0
1985558589
4
0
48528
2
0
1985626429
4
0
48529
2
0
1985627453
4
0
48530
2
0
1985628477
4
0
48531
2
0
1985629501
4
0
48532
2
0
1985630525
4
0
48533
2
0
1985631549
4
0
48534
2
0
1985632573
4
0
48535
2
0
1985635133
4
0
48536
2
0
1985636157
4
0
48537
2
0
1985637181
4
0
48538
2
0
1985638205
4
0
48539
2
0
1985639229
4
0
48540
2
0
1985640253
4
0
48541
2
0
1985622077
4
0
48542
2
0
1985623101
4
0
48543
2
0
1985624125
4
0
48544
2
0
1986085181
4
0
48545
2
0
1986086205
4
0
48546
2
0
1986087229
4
0
48547
2
0
1986088253
4
0
48548
2
0
1986089277
4
0
48549
2
0
1986090301
4
0
48550
2
0
1986091325
4
0
48551
2
0
1986093885
4
0
48552
2
0
1986094909
4
0
48553
2
0
1986095933
4
0
48554
2
0
1986096957
4
0
48555
2
0
1986097981
4
0
48556
2
0
1986099005
4
0
48557
2
0
1986080829
4
0
48558
2
0
1986081853
4
0
48559
2
0
1986082877
4
0
48560
2
0
1986150717
4
0
48561
2
0
1986151741
4
0
48562
2
0
1986152765
4
0
48563
2
0
1986153789
4
0
48564
2
0
1986154813
4
0
48565
2
0
1986155837
4
0
48566
2
0
1986156861
4
0
48567
2
0
1986159421
4
0
48568
2
0
1986160445
4
0
48569
2
0
1986161469
4
0
48570
2
0
1986162493
4
0
48571
2
0
1986163517
4
0
48572
2
0
1986164541
4
0
48573
2
0
1986146365
4
0
48574
2
0
1986147389
4
0
48575
2
0
1986148413
4
0
48576
2
0
1986216253
4
0
48577
2
0
1986217277
4
0
48578
2
0
1986218301
4
0
48579
2
0
1986219325
4
0
48580
2
0
1986220349
4
0
48581
2
0
1986221373
4
0
48582
2
0
1986222397
4
0
48583
2
0
1986224957
4
0
48584
2
0
1986225981
4
0
48585
2
0
1986227005
4
0
48586
2
0
1986228029
4
0
48587
2
0
1986229053
4
0
48588
2
0
1986230077
4
0
48589
2
0
1986211901
4
0
48590
2
0
1986212925
4
0
48591
2
0
1986213949
4
0
48592
2
0
1986281789
4
0
48593
2
0
1986282813
4
0
48594
2
0
1986283837
4
0
48595
2
0
1986284861
4
0
48596
2
0
1986285885
4
0
48597
2
0
1986286909
4
0
48598
2
0
1986287933
4
0
48599
2
0
1986290493
4
0
48600
2
0
1986291517
4
0
48601
2
0
1986292541
4
0
48602
2
0
1986293565
4
0
48603
2
0
1986294589
4
0
48604
2
0
1986295613
4
0
48605
2
0
1986277437
4
0
48606
2
0
1986278461
4
0
48607
2
0
1986279485
4
0
48608
2
0
1986347325
4
0
48609
2
0
1986348349
4
0
48610
2
0
1986349373
4
0
48611
2
0
1986350397
4
0
48612
2
0
1986351421
4
0
48613
2
0
1986352445
4
0
48614
2
0
1986353469
4
0
48615
2
0
1986356029
4
0
48616
2
0
1986357053
4
0
48617
2
0
1986358077
4
0
48618
2
0
1986359101
4
0
48619
2
0
1986360125
4
0
48620
2
0
1986361149
4
0
48621
2
0
1986342973
4
0
48622
2
0
1986343997
4
0
48623
2
0
1986345021
4
0
48624
2
0
1986412861
4
0
48625
2
0
1986413885
4
0
48626
2
0
1986414909
4
0
48627
2
0
1986415933
4
0
48628
2
0
1986416957
4
0
48629
2
0
1986417981
4
0
48630
2
0
1986419005
4
0
48631
2
0
1986421565
4
0
48632
2
0
1986422589
4
0
48633
2
0
1986423613
4
0
48634
2
0
1986424637
4
0
48635
2
0
1986425661
4
0
48636
2
0
1986426685
4
0
48637
2
0
1986408509
4
0
48638
2
0
1986409533
4
0
48639
2
0
1986410557
4
0
48640
2
0
1986478397
4
0
48641
2
0
1986479421
4
0
48642
2
0
1986480445
4
0
48643
2
0
1986481469
4
0
48644
2
0
1986482493
4
0
48645
2
0
1986483517
4
0
48646
2
0
1986484541
4
0
48647
2
0
1986487101
4
0
48648
2
0
1986488125
4
0
48649
2
0
1986489149
4
0
48650
2
0
1986490173
4
0
48651
2
0
1986491197
4
0
48652
2
0
1986492221
4
0
48653
2
0
1986474045
4
0
48654
2
0
1986475069
4
0
48655
2
0
1986476093
4
0
48656
2
0
1986543933
4
0
48657
2
0
1986544957
4
0
48658
2
0
1986545981
4
0
48659
2
0
1986547005
4
0
48660
2
0
1986548029
4
0
48661
2
0
1986549053
4
0
48662
2
0
1986550077
4
0
48663
2
0
1986552637
4
0
48664
2
0
1986553661
4
0
48665
2
0
1986554685
4
0
48666
2
0
1986555709
4
0
48667
2
0
1986556733
4
0
48668
2
0
1986557757
4
0
48669
2
0
1986539581
4
0
48670
2
0
1986540605
4
0
48671
2
0
1986541629
4
0
48672
2
0
1986609469
4
0
48673
2
0
1986610493
4
0
48674
2
0
1986611517
4
0
48675
2
0
1986612541
4
0
48676
2
0
1986613565
4
0
48677
2
0
1986614589
4
0
48678
2
0
1986615613
4
0
48679
2
0
1986618173
4
0
48680
2
0
1986619197
4
0
48681
2
0
1986620221
4
0
48682
2
0
1986621245
4
0
48683
2
0
1986622269
4
0
48684
2
0
1986623293
4
0
48685
2
0
1986605117
4
0
48686
2
0
1986606141
4
0
48687
2
0
1986607165
4
0
48688
2
0
1986675005
4
0
48689
2
0
1986676029
4
0
48690
2
0
1986677053
4
0
48691
2
0
1986678077
4
0
48692
2
0
1986679101
4
0
48693
2
0
1986680125
4
0
48694
2
0
1986681149
4
0
48695
2
0
1986683709
4
0
48696
2
0
1986684733
4
0
48697
2
0
1986685757
4
0
48698
2
0
1986686781
4
0
48699
2
0
1986687805
4
0
48700
2
0
1986688829
4
0
48701
2
0
1986670653
4
0
48702
2
0
1986671677
4
0
48703
2
0
1986672701
4
0
48704
2
0
1986740541
4
0
48705
2
0
1986741565
4
0
48706
2
0
1986742589
4
0
48707
2
0
1986743613
4
0
48708
2
0
1986744637
4
0
48709
2
0
1986745661
4
0
48710
2
0
1986746685
4
0
48711
2
0
1986749245
4
0
48712
2
0
1986750269
4
0
48713
2
0
1986751293
4
0
48714
2
0
1986752317
4
0
48715
2
0
1986753341
4
0
48716
2
0
1986754365
4
0
48717
2
0
1986736189
4
0
48718
2
0
1986737213
4
0
48719
2
0
1986738237
4
0
48720
2
0
1986806077
4
0
48721
2
0
1986807101
4
0
48722
2
0
1986808125
4
0
48723
2
0
1986809149
4
0
48724
2
0
1986810173
4
0
48725
2
0
1986811197
4
0
48726
2
0
1986812221
4
0
48727
2
0
1986814781
4
0
48728
2
0
1986815805
4
0
48729
2
0
1986816829
4
0
48730
2
0
1986817853
4
0
48731
2
0
1986818877
4
0
48732
2
0
1986819901
4
0
48733
2
0
1986801725
4
0
48734
2
0
1986802749
4
0
48735
2
0
1986803773
4
0
48736
2
0
1986871613
4
0
48737
2
0
1986872637
4
0
48738
2
0
1986873661
4
0
48739
2
0
1986874685
4
0
48740
2
0
1986875709
4
0
48741
2
0
1986876733
4
0
48742
2
0
1986877757
4
0
48743
2
0
1986880317
4
0
48744
2
0
1986881341
4
0
48745
2
0
1986882365
4
0
48746
2
0
1986883389
4
0
48747
2
0
1986884413
4
0
48748
2
0
1986885437
4
0
48749
2
0
1986867261
4
0
48750
2
0
1986868285
4
0
48751
2
0
1986869309
4
0
48752
2
0
1986937149
4
0
48753
2
0
1986938173
4
0
48754
2
0
1986939197
4
0
48755
2
0
1986940221
4
0
48756
2
0
1986941245
4
0
48757
2
0
1986942269
4
0
48758
2
0
1986943293
4
0
48759
2
0
1986945853
4
0
48760
2
0
1986946877
4
0
48761
2
0
1986947901
4
0
48762
2
0
1986948925
4
0
48763
2
0
1986949949
4
0
48764
2
0
1986950973
4
0
48765
2
0
1986932797
4
0
48766
2
0
1986933821
4
0
48767
2
0
1986934845
4
0
48768
2
0
1987002685
4
0
48769
2
0
1987003709
4
0
48770
2
0
1987004733
4
0
48771
2
0
1987005757
4
0
48772
2
0
1987006781
4
0
48773
2
0
1987007805
4
0
48774
2
0
1987008829
4
0
48775
2
0
1987011389
4
0
48776
2
0
1987012413
4
0
48777
2
0
1987013437
4
0
48778
2
0
1987014461
4
0
48779
2
0
1987015485
4
0
48780
2
0
1987016509
4
0
48781
2
0
1986998333
4
0
48782
2
0
1986999357
4
0
48783
2
0
1987000381
4
0
48784
2
0
1987068221
4
0
48785
2
0
1987069245
4
0
48786
2
0
1987070269
4
0
48787
2
0
1987071293
4
0
48788
2
0
1987072317
4
0
48789
2
0
1987073341
4
0
48790
2
0
1987074365
4
0
48791
2
0
1987076925
4
0
48792
2
0
1987077949
4
0
48793
2
0
1987078973
4
0
48794
2
0
1987079997
4
0
48795
2
0
1987081021
4
0
48796
2
0
1987082045
4
0
48797
2
0
1987063869
4
0
48798
2
0
1987064893
4
0
48799
2
0
1987065917
4
0
48800
2
0
1987133757
4
0
48801
2
0
1987134781
4
0
48802
2
0
1987135805
4
0
48803
2
0
1987136829
4
0
48804
2
0
1987137853
4
0
48805
2
0
1987138877
4
0
48806
2
0
1987139901
4
0
48807
2
0
1987142461
4
0
48808
2
0
1987143485
4
0
48809
2
0
1987144509
4
0
48810
2
0
1987145533
4
0
48811
2
0
1987146557
4
0
48812
2
0
1987147581
4
0
48813
2
0
1987129405
4
0
48814
2
0
1987130429
4
0
48815
2
0
1987131453
4
0
48816
2
0
1987199293
4
0
48817
2
0
1987200317
4
0
48818
2
0
1987201341
4
0
48819
2
0
1987202365
4
0
48820
2
0
1987203389
4
0
48821
2
0
1987204413
4
0
48822
2
0
1987205437
4
0
48823
2
0
1987207997
4
0
48824
2
0
1987209021
4
0
48825
2
0
1987210045
4
0
48826
2
0
1987211069
4
0
48827
2
0
1987212093
4
0
48828
2
0
1987213117
4
0
48829
2
0
1987194941
4
0
48830
2
0
1987195965
4
0
48831
2
0
1987196989
4
0
48832
2
0
1987264829
4
0
48833
2
0
1987265853
4
0
48834
2
0
1987266877
4
0
48835
2
0
1987267901
4
0
48836
2
0
1987268925
4
0
48837
2
0
1987269949
4
0
48838
2
0
1987270973
4
0
48839
2
0
1987273533
4
0
48840
2
0
1987274557
4
0
48841
2
0
1987275581
4
0
48842
2
0
1987276605
4
0
48843
2
0
1987277629
4
0
48844
2
0
1987278653
4
0
48845
2
0
1987260477
4
0
48846
2
0
1987261501
4
0
48847
2
0
1987262525
4
0
48848
2
0
1987330365
4
0
48849
2
0
1987331389
4
0
48850
2
0
1987332413
4
0
48851
2
0
1987333437
4
0
48852
2
0
1987334461
4
0
48853
2
0
1987335485
4
0
48854
2
0
1987336509
4
0
48855
2
0
1987339069
4
0
48856
2
0
1987340093
4
0
48857
2
0
1987341117
4
0
48858
2
0
1987342141
4
0
48859
2
0
1987343165
4
0
48860
2
0
1987344189
4
0
48861
2
0
1987326013
4
0
48862
2
0
1987327037
4
0
48863
2
0
1987328061
4
0
48864
2
0
1987395901
4
0
48865
2
0
1987396925
4
0
48866
2
0
1987397949
4
0
48867
2
0
1987398973
4
0
48868
2
0
1987399997
4
0
48869
2
0
1987401021
4
0
48870
2
0
1987402045
4
0
48871
2
0
1987404605
4
0
48872
2
0
1987405629
4
0
48873
2
0
1987406653
4
0
48874
2
0
1987407677
4
0
48875
2
0
1987408701
4
0
48876
2
0
1987409725
4
0
48877
2
0
1987391549
4
0
48878
2
0
1987392573
4
0
48879
2
0
1987393597
4
0
48880
2
0
1987461437
4
0
48881
2
0
1987462461
4
0
48882
2
0
1987463485
4
0
48883
2
0
1987464509
4
0
48884
2
0
1987465533
4
0
48885
2
0
1987466557
4
0
48886
2
0
1987467581
4
0
48887
2
0
1987470141
4
0
48888
2
0
1987471165
4
0
48889
2
0
1987472189
4
0
48890
2
0
1987473213
4
0
48891
2
0
1987474237
4
0
48892
2
0
1987475261
4
0
48893
2
0
1987457085
4
0
48894
2
0
1987458109
4
0
48895
2
0
1987459133
4
0
48896
2
0
1987526973
4
0
48897
2
0
1987527997
4
0
48898
2
0
1987529021
4
0
48899
2
0
1987530045
4
0
48900
2
0
1987531069
4
0
48901
2
0
1987532093
4
0
48902
2
0
1987533117
4
0
48903
2
0
1987535677
4
0
48904
2
0
1987536701
4
0
48905
2
0
1987537725
4
0
48906
2
0
1987538749
4
0
48907
2
0
1987539773
4
0
48908
2
0
1987540797
4
0
48909
2
0
1987522621
4
0
48910
2
0
1987523645
4
0
48911
2
0
1987524669
4
0
48912
2
0
1987592509
4
0
48913
2
0
1987593533
4
0
48914
2
0
1987594557
4
0
48915
2
0
1987595581
4
0
48916
2
0
1987596605
4
0
48917
2
0
1987597629
4
0
48918
2
0
1987598653
4
0
48919
2
0
1987601213
4
0
48920
2
0
1987602237
4
0
48921
2
0
1987603261
4
0
48922
2
0
1987604285
4
0
48923
2
0
1987605309
4
0
48924
2
0
1987606333
4
0
48925
2
0
1987588157
4
0
48926
2
0
1987589181
4
0
48927
2
0
1987590205
4
0
48928
2
0
1987658045
4
0
48929
2
0
1987659069
4
0
48930
2
0
1987660093
4
0
48931
2
0
1987661117
4
0
48932
2
0
1987662141
4
0
48933
2
0
1987663165
4
0
48934
2
0
1987664189
4
0
48935
2
0
1987666749
4
0
48936
2
0
1987667773
4
0
48937
2
0
1987668797
4
0
48938
2
0
1987669821
4
0
48939
2
0
1987670845
4
0
48940
2
0
1987671869
4
0
48941
2
0
1987653693
4
0
48942
2
0
1987654717
4
0
48943
2
0
1987655741
4
0
48944
2
0
1987723581
4
0
48945
2
0
1987724605
4
0
48946
2
0
1987725629
4
0
48947
2
0
1987726653
4
0
48948
2
0
1987727677
4
0
48949
2
0
1987728701
4
0
48950
2
0
1987729725
4
0
48951
2
0
1987732285
4
0
48952
2
0
1987733309
4
0
48953
2
0
1987734333
4
0
48954
2
0
1987735357
4
0
48955
2
0
1987736381
4
0
48956
2
0
1987737405
4
0
48957
2
0
1987719229
4
0
48958
2
0
1987720253
4
0
48959
2
0
1987721277
4
0
48960
2
0
1982873917
4
0
48961
2
0
1982874941
4
0
48962
2
0
1982875965
4
0
48963
2
0
1982876989
4
0
48964
2
0
1982878013
4
0
48965
2
0
1982879037
4
0
48966
2
0
1982880061
4
0
48967
2
0
1982882621
4
0
48968
2
0
1982883645
4
0
48969
2
0
1982884669
4
0
48970
2
0
1982885693
4
0
48971
2
0
1982886717
4
0
48972
2
0
1982887741
4
0
48973
2
0
1982869565
4
0
48974
2
0
1982870589
4
0
48975
2
0
1982871613
4
0
48976
2
0
1982939453
4
0
48977
2
0
1982940477
4
0
48978
2
0
1982941501
4
0
48979
2
0
1982942525
4
0
48980
2
0
1982943549
4
0
48981
2
0
1982944573
4
0
48982
2
0
1982945597
4
0
48983
2
0
1982948157
4
0
48984
2
0
1982949181
4
0
48985
2
0
1982950205
4
0
48986
2
0
1982951229
4
0
48987
2
0
1982952253
4
0
48988
2
0
1982953277
4
0
48989
2
0
1982935101
4
0
48990
2
0
1982936125
4
0
48991
2
0
1982937149
4
0
48992
2
0
1983004989
4
0
48993
2
0
1983006013
4
0
48994
2
0
1983007037
4
0
48995
2
0
1983008061
4
0
48996
2
0
1983009085
4
0
48997
2
0
1983010109
4
0
48998
2
0
1983011133
4
0
48999
2
0
1983013693
4
0
49000
2
0
1983014717
4
0
49001
2
0
1983015741
4
0
49002
2
0
1983016765
4
0
49003
2
0
1983017789
4
0
49004
2
0
1983018813
4
0
49005
2
0
1983000637
4
0
49006
2
0
1983001661
4
0
49007
2
0
1983002685
4
0
49008
2
0
1983070525
4
0
49009
2
0
1983071549
4
0
49010
2
0
1983072573
4
0
49011
2
0
1983073597
4
0
49012
2
0
1983074621
4
0
49013
2
0
1983075645
4
0
49014
2
0
1983076669
4
0
49015
2
0
1983079229
4
0
49016
2
0
1983080253
4
0
49017
2
0
1983081277
4
0
49018
2
0
1983082301
4
0
49019
2
0
1983083325
4
0
49020
2
0
1983084349
4
0
49021
2
0
1983066173
4
0
49022
2
0
1983067197
4
0
49023
2
0
1983068221
4
0
49024
2
0
1983136061
4
0
49025
2
0
1983137085
4
0
49026
2
0
1983138109
4
0
49027
2
0
1983139133
4
0
49028
2
0
1983140157
4
0
49029
2
0
1983141181
4
0
49030
2
0
1983142205
4
0
49031
2
0
1983144765
4
0
49032
2
0
1983145789
4
0
49033
2
0
1983146813
4
0
49034
2
0
1983147837
4
0
49035
2
0
1983148861
4
0
49036
2
0
1983149885
4
0
49037
2
0
1983131709
4
0
49038
2
0
1983132733
4
0
49039
2
0
1983133757
4
0
49040
2
0
1983201597
4
0
49041
2
0
1983202621
4
0
49042
2
0
1983203645
4
0
49043
2
0
1983204669
4
0
49044
2
0
1983205693
4
0
49045
2
0
1983206717
4
0
49046
2
0
1983207741
4
0
49047
2
0
1983210301
4
0
49048
2
0
1983211325
4
0
49049
2
0
1983212349
4
0
49050
2
0
1983213373
4
0
49051
2
0
1983214397
4
0
49052
2
0
1983215421
4
0
49053
2
0
1983197245
4
0
49054
2
0
1983198269
4
0
49055
2
0
1983199293
4
0
49056
2
0
1983267133
4
0
49057
2
0
1983268157
4
0
49058
2
0
1983269181
4
0
49059
2
0
1983270205
4
0
49060
2
0
1983271229
4
0
49061
2
0
1983272253
4
0
49062
2
0
1983273277
4
0
49063
2
0
1983275837
4
0
49064
2
0
1983276861
4
0
49065
2
0
1983277885
4
0
49066
2
0
1983278909
4
0
49067
2
0
1983279933
4
0
49068
2
0
1983280957
4
0
49069
2
0
1983262781
4
0
49070
2
0
1983263805
4
0
49071
2
0
1983264829
4
0
49072
2
0
1983332669
4
0
49073
2
0
1983333693
4
0
49074
2
0
1983334717
4
0
49075
2
0
1983335741
4
0
49076
2
0
1983336765
4
0
49077
2
0
1983337789
4
0
49078
2
0
1983338813
4
0
49079
2
0
1983341373
4
0
49080
2
0
1983342397
4
0
49081
2
0
1983343421
4
0
49082
2
0
1983344445
4
0
49083
2
0
1983345469
4
0
49084
2
0
1983346493
4
0
49085
2
0
1983328317
4
0
49086
2
0
1983329341
4
0
49087
2
0
1983330365
4
0
49088
2
0
1983398205
4
0
49089
2
0
1983399229
4
0
49090
2
0
1983400253
4
0
49091
2
0
1983401277
4
0
49092
2
0
1983402301
4
0
49093
2
0
1983403325
4
0
49094
2
0
1983404349
4
0
49095
2
0
1983406909
4
0
49096
2
0
1983407933
4
0
49097
2
0
1983408957
4
0
49098
2
0
1983409981
4
0
49099
2
0
1983411005
4
0
49100
2
0
1983412029
4
0
49101
2
0
1983393853
4
0
49102
2
0
1983394877
4
0
49103
2
0
1983395901
4
0
49104
2
0
1983463741
4
0
49105
2
0
1983464765
4
0
49106
2
0
1983465789
4
0
49107
2
0
1983466813
4
0
49108
2
0
1983467837
4
0
49109
2
0
1983468861
4
0
49110
2
0
1983469885
4
0
49111
2
0
1983472445
4
0
49112
2
0
1983473469
4
0
49113
2
0
1983474493
4
0
49114
2
0
1983475517
4
0
49115
2
0
1983476541
4
0
49116
2
0
1983477565
4
0
49117
2
0
1983459389
4
0
49118
2
0
1983460413
4
0
49119
2
0
1983461437
4
0
49120
2
0
1982546237
4
0
49121
2
0
1982547261
4
0
49122
2
0
1982548285
4
0
49123
2
0
1982549309
4
0
49124
2
0
1982550333
4
0
49125
2
0
1982551357
4
0
49126
2
0
1982552381
4
0
49127
2
0
1982554941
4
0
49128
2
0
1982555965
4
0
49129
2
0
1982556989
4
0
49130
2
0
1982558013
4
0
49131
2
0
1982559037
4
0
49132
2
0
1982560061
4
0
49133
2
0
1982541885
4
0
49134
2
0
1982542909
4
0
49135
2
0
1982543933
4
0
49136
2
0
1982808381
4
0
49137
2
0
1982809405
4
0
49138
2
0
1982810429
4
0
49139
2
0
1982811453
4
0
49140
2
0
1982812477
4
0
49141
2
0
1982813501
4
0
49142
2
0
1982814525
4
0
49143
2
0
1982817085
4
0
49144
2
0
1982818109
4
0
49145
2
0
1982819133
4
0
49146
2
0
1982820157
4
0
49147
2
0
1982821181
4
0
49148
2
0
1982822205
4
0
49149
2
0
1982804029
4
0
49150
2
0
1982805053
4
0
49151
2
0
1982806077
4
