1024
0
21504
2
0
1447117117
4
0
21505
2
0
1447118141
4
0
21506
2
0
1447119165
4
0
21507
2
0
1447120189
4
0
21508
2
0
1447121213
4
0
21509
2
0
1447122237
4
0
21510
2
0
1447123261
4
0
21511
2
0
1447125821
4
0
21512
2
0
1447126845
4
0
21513
2
0
1447127869
4
0
21514
2
0
1447128893
4
0
21515
2
0
1447129917
4
0
21516
2
0
1447130941
4
0
21517
2
0
1447112765
4
0
21518
2
0
1447113789
4
0
21519
2
0
1447114813
4
0
21520
2
0
1447182653
4
0
21521
2
0
1447183677
4
0
21522
2
0
1447184701
4
0
21523
2
0
1447185725
4
0
21524
2
0
1447186749
4
0
21525
2
0
1447187773
4
0
21526
2
0
1447188797
4
0
21527
2
0
1447191357
4
0
21528
2
0
1447192381
4
0
21529
2
0
1447193405
4
0
21530
2
0
1447194429
4
0
21531
2
0
1447195453
4
0
21532
2
0
1447196477
4
0
21533
2
0
1447178301
4
0
21534
2
0
1447179325
4
0
21535
2
0
1447180349
4
0
21536
2
0
1447248189
4
0
21537
2
0
1447249213
4
0
21538
2
0
1447250237
4
0
21539
2
0
1447251261
4
0
21540
2
0
1447252285
4
0
21541
2
0
1447253309
4
0
21542
2
0
1447254333
4
0
21543
2
0
1447256893
4
0
21544
2
0
1447257917
4
0
21545
2
0
1447258941
4
0
21546
2
0
1447259965
4
0
21547
2
0
1447260989
4
0
21548
2
0
1447262013
4
0
21549
2
0
1447243837
4
0
21550
2
0
1447244861
4
0
21551
2
0
1447245885
4
0
21552
2
0
1447313725
4
0
21553
2
0
1447314749
4
0
21554
2
0
1447315773
4
0
21555
2
0
1447316797
4
0
21556
2
0
1447317821
4
0
21557
2
0
1447318845
4
0
21558
2
0
1447319869
4
0
21559
2
0
1447322429
4
0
21560
2
0
1447323453
4
0
21561
2
0
1447324477
4
0
21562
2
0
1447325501
4
0
21563
2
0
1447326525
4
0
21564
2
0
1447327549
4
0
21565
2
0
1447309373
4
0
21566
2
0
1447310397
4
0
21567
2
0
1447311421
4
0
21568
2
0
1447379261
4
0
21569
2
0
1447380285
4
0
21570
2
0
1447381309
4
0
21571
2
0
1447382333
4
0
21572
2
0
1447383357
4
0
21573
2
0
1447384381
4
0
21574
2
0
1447385405
4
0
21575
2
0
1447387965
4
0
21576
2
0
1447388989
4
0
21577
2
0
1447390013
4
0
21578
2
0
1447391037
4
0
21579
2
0
1447392061
4
0
21580
2
0
1447393085
4
0
21581
2
0
1447374909
4
0
21582
2
0
1447375933
4
0
21583
2
0
1447376957
4
0
21584
2
0
1447444797
4
0
21585
2
0
1447445821
4
0
21586
2
0
1447446845
4
0
21587
2
0
1447447869
4
0
21588
2
0
1447448893
4
0
21589
2
0
1447449917
4
0
21590
2
0
1447450941
4
0
21591
2
0
1447453501
4
0
21592
2
0
1447454525
4
0
21593
2
0
1447455549
4
0
21594
2
0
1447456573
4
0
21595
2
0
1447457597
4
0
21596
2
0
1447458621
4
0
21597
2
0
1447440445
4
0
21598
2
0
1447441469
4
0
21599
2
0
1447442493
4
0
21600
2
0
1447510333
4
0
21601
2
0
1447511357
4
0
21602
2
0
1447512381
4
0
21603
2
0
1447513405
4
0
21604
2
0
1447514429
4
0
21605
2
0
1447515453
4
0
21606
2
0
1447516477
4
0
21607
2
0
1447519037
4
0
21608
2
0
1447520061
4
0
21609
2
0
1447521085
4
0
21610
2
0
1447522109
4
0
21611
2
0
1447523133
4
0
21612
2
0
1447524157
4
0
21613
2
0
1447505981
4
0
21614
2
0
1447507005
4
0
21615
2
0
1447508029
4
0
21616
2
0
1447575869
4
0
21617
2
0
1447576893
4
0
21618
2
0
1447577917
4
0
21619
2
0
1447578941
4
0
21620
2
0
1447579965
4
0
21621
2
0
1447580989
4
0
21622
2
0
1447582013
4
0
21623
2
0
1447584573
4
0
21624
2
0
1447585597
4
0
21625
2
0
1447586621
4
0
21626
2
0
1447587645
4
0
21627
2
0
1447588669
4
0
21628
2
0
1447589693
4
0
21629
2
0
1447571517
4
0
21630
2
0
1447572541
4
0
21631
2
0
1447573565
4
0
21632
2
0
1447641405
4
0
21633
2
0
1447642429
4
0
21634
2
0
1447643453
4
0
21635
2
0
1447644477
4
0
21636
2
0
1447645501
4
0
21637
2
0
1447646525
4
0
21638
2
0
1447647549
4
0
21639
2
0
1447650109
4
0
21640
2
0
1447651133
4
0
21641
2
0
1447652157
4
0
21642
2
0
1447653181
4
0
21643
2
0
1447654205
4
0
21644
2
0
1447655229
4
0
21645
2
0
1447637053
4
0
21646
2
0
1447638077
4
0
21647
2
0
1447639101
4
0
21648
2
0
1447706941
4
0
21649
2
0
1447707965
4
0
21650
2
0
1447708989
4
0
21651
2
0
1447710013
4
0
21652
2
0
1447711037
4
0
21653
2
0
1447712061
4
0
21654
2
0
1447713085
4
0
21655
2
0
1447715645
4
0
21656
2
0
1447716669
4
0
21657
2
0
1447717693
4
0
21658
2
0
1447718717
4
0
21659
2
0
1447719741
4
0
21660
2
0
1447720765
4
0
21661
2
0
1447702589
4
0
21662
2
0
1447703613
4
0
21663
2
0
1447704637
4
0
21664
2
0
1447772477
4
0
21665
2
0
1447773501
4
0
21666
2
0
1447774525
4
0
21667
2
0
1447775549
4
0
21668
2
0
1447776573
4
0
21669
2
0
1447777597
4
0
21670
2
0
1447778621
4
0
21671
2
0
1447781181
4
0
21672
2
0
1447782205
4
0
21673
2
0
1447783229
4
0
21674
2
0
1447784253
4
0
21675
2
0
1447785277
4
0
21676
2
0
1447786301
4
0
21677
2
0
1447768125
4
0
21678
2
0
1447769149
4
0
21679
2
0
1447770173
4
0
21680
2
0
1447838013
4
0
21681
2
0
1447839037
4
0
21682
2
0
1447840061
4
0
21683
2
0
1447841085
4
0
21684
2
0
1447842109
4
0
21685
2
0
1447843133
4
0
21686
2
0
1447844157
4
0
21687
2
0
1447846717
4
0
21688
2
0
1447847741
4
0
21689
2
0
1447848765
4
0
21690
2
0
1447849789
4
0
21691
2
0
1447850813
4
0
21692
2
0
1447851837
4
0
21693
2
0
1447833661
4
0
21694
2
0
1447834685
4
0
21695
2
0
1447835709
4
0
21696
2
0
1447903549
4
0
21697
2
0
1447904573
4
0
21698
2
0
1447905597
4
0
21699
2
0
1447906621
4
0
21700
2
0
1447907645
4
0
21701
2
0
1447908669
4
0
21702
2
0
1447909693
4
0
21703
2
0
1447912253
4
0
21704
2
0
1447913277
4
0
21705
2
0
1447914301
4
0
21706
2
0
1447915325
4
0
21707
2
0
1447916349
4
0
21708
2
0
1447917373
4
0
21709
2
0
1447899197
4
0
21710
2
0
1447900221
4
0
21711
2
0
1447901245
4
0
21712
2
0
1447969085
4
0
21713
2
0
1447970109
4
0
21714
2
0
1447971133
4
0
21715
2
0
1447972157
4
0
21716
2
0
1447973181
4
0
21717
2
0
1447974205
4
0
21718
2
0
1447975229
4
0
21719
2
0
1447977789
4
0
21720
2
0
1447978813
4
0
21721
2
0
1447979837
4
0
21722
2
0
1447980861
4
0
21723
2
0
1447981885
4
0
21724
2
0
1447982909
4
0
21725
2
0
1447964733
4
0
21726
2
0
1447965757
4
0
21727
2
0
1447966781
4
0
21728
2
0
1448034621
4
0
21729
2
0
1448035645
4
0
21730
2
0
1448036669
4
0
21731
2
0
1448037693
4
0
21732
2
0
1448038717
4
0
21733
2
0
1448039741
4
0
21734
2
0
1448040765
4
0
21735
2
0
1448043325
4
0
21736
2
0
1448044349
4
0
21737
2
0
1448045373
4
0
21738
2
0
1448046397
4
0
21739
2
0
1448047421
4
0
21740
2
0
1448048445
4
0
21741
2
0
1448030269
4
0
21742
2
0
1448031293
4
0
21743
2
0
1448032317
4
0
21744
2
0
1448100157
4
0
21745
2
0
1448101181
4
0
21746
2
0
1448102205
4
0
21747
2
0
1448103229
4
0
21748
2
0
1448104253
4
0
21749
2
0
1448105277
4
0
21750
2
0
1448106301
4
0
21751
2
0
1448108861
4
0
21752
2
0
1448109885
4
0
21753
2
0
1448110909
4
0
21754
2
0
1448111933
4
0
21755
2
0
1448112957
4
0
21756
2
0
1448113981
4
0
21757
2
0
1448095805
4
0
21758
2
0
1448096829
4
0
21759
2
0
1448097853
4
0
21760
2
0
1448165693
4
0
21761
2
0
1448166717
4
0
21762
2
0
1448167741
4
0
21763
2
0
1448168765
4
0
21764
2
0
1448169789
4
0
21765
2
0
1448170813
4
0
21766
2
0
1448171837
4
0
21767
2
0
1448174397
4
0
21768
2
0
1448175421
4
0
21769
2
0
1448176445
4
0
21770
2
0
1448177469
4
0
21771
2
0
1448178493
4
0
21772
2
0
1448179517
4
0
21773
2
0
1448161341
4
0
21774
2
0
1448162365
4
0
21775
2
0
1448163389
4
0
21776
2
0
1448231229
4
0
21777
2
0
1448232253
4
0
21778
2
0
1448233277
4
0
21779
2
0
1448234301
4
0
21780
2
0
1448235325
4
0
21781
2
0
1448236349
4
0
21782
2
0
1448237373
4
0
21783
2
0
1448239933
4
0
21784
2
0
1448240957
4
0
21785
2
0
1448241981
4
0
21786
2
0
1448243005
4
0
21787
2
0
1448244029
4
0
21788
2
0
1448245053
4
0
21789
2
0
1448226877
4
0
21790
2
0
1448227901
4
0
21791
2
0
1448228925
4
0
21792
2
0
1448296765
4
0
21793
2
0
1448297789
4
0
21794
2
0
1448298813
4
0
21795
2
0
1448299837
4
0
21796
2
0
1448300861
4
0
21797
2
0
1448301885
4
0
21798
2
0
1448302909
4
0
21799
2
0
1448305469
4
0
21800
2
0
1448306493
4
0
21801
2
0
1448307517
4
0
21802
2
0
1448308541
4
0
21803
2
0
1448309565
4
0
21804
2
0
1448310589
4
0
21805
2
0
1448292413
4
0
21806
2
0
1448293437
4
0
21807
2
0
1448294461
4
0
21808
2
0
1448362301
4
0
21809
2
0
1448363325
4
0
21810
2
0
1448364349
4
0
21811
2
0
1448365373
4
0
21812
2
0
1448366397
4
0
21813
2
0
1448367421
4
0
21814
2
0
1448368445
4
0
21815
2
0
1448371005
4
0
21816
2
0
1448372029
4
0
21817
2
0
1448373053
4
0
21818
2
0
1448374077
4
0
21819
2
0
1448375101
4
0
21820
2
0
1448376125
4
0
21821
2
0
1448357949
4
0
21822
2
0
1448358973
4
0
21823
2
0
1448359997
4
0
21824
2
0
1448427837
4
0
21825
2
0
1448428861
4
0
21826
2
0
1448429885
4
0
21827
2
0
1448430909
4
0
21828
2
0
1448431933
4
0
21829
2
0
1448432957
4
0
21830
2
0
1448433981
4
0
21831
2
0
1448436541
4
0
21832
2
0
1448437565
4
0
21833
2
0
1448438589
4
0
21834
2
0
1448439613
4
0
21835
2
0
1448440637
4
0
21836
2
0
1448441661
4
0
21837
2
0
1448423485
4
0
21838
2
0
1448424509
4
0
21839
2
0
1448425533
4
0
21840
2
0
1448493373
4
0
21841
2
0
1448494397
4
0
21842
2
0
1448495421
4
0
21843
2
0
1448496445
4
0
21844
2
0
1448497469
4
0
21845
2
0
1448498493
4
0
21846
2
0
1448499517
4
0
21847
2
0
1448502077
4
0
21848
2
0
1448503101
4
0
21849
2
0
1448504125
4
0
21850
2
0
1448505149
4
0
21851
2
0
1448506173
4
0
21852
2
0
1448507197
4
0
21853
2
0
1448489021
4
0
21854
2
0
1448490045
4
0
21855
2
0
1448491069
4
0
21856
2
0
1448558909
4
0
21857
2
0
1448559933
4
0
21858
2
0
1448560957
4
0
21859
2
0
1448561981
4
0
21860
2
0
1448563005
4
0
21861
2
0
1448564029
4
0
21862
2
0
1448565053
4
0
21863
2
0
1448567613
4
0
21864
2
0
1448568637
4
0
21865
2
0
1448569661
4
0
21866
2
0
1448570685
4
0
21867
2
0
1448571709
4
0
21868
2
0
1448572733
4
0
21869
2
0
1448554557
4
0
21870
2
0
1448555581
4
0
21871
2
0
1448556605
4
0
21872
2
0
1448624445
4
0
21873
2
0
1448625469
4
0
21874
2
0
1448626493
4
0
21875
2
0
1448627517
4
0
21876
2
0
1448628541
4
0
21877
2
0
1448629565
4
0
21878
2
0
1448630589
4
0
21879
2
0
1448633149
4
0
21880
2
0
1448634173
4
0
21881
2
0
1448635197
4
0
21882
2
0
1448636221
4
0
21883
2
0
1448637245
4
0
21884
2
0
1448638269
4
0
21885
2
0
1448620093
4
0
21886
2
0
1448621117
4
0
21887
2
0
1448622141
4
0
21888
2
0
1448689981
4
0
21889
2
0
1448691005
4
0
21890
2
0
1448692029
4
0
21891
2
0
1448693053
4
0
21892
2
0
1448694077
4
0
21893
2
0
1448695101
4
0
21894
2
0
1448696125
4
0
21895
2
0
1448698685
4
0
21896
2
0
1448699709
4
0
21897
2
0
1448700733
4
0
21898
2
0
1448701757
4
0
21899
2
0
1448702781
4
0
21900
2
0
1448703805
4
0
21901
2
0
1448685629
4
0
21902
2
0
1448686653
4
0
21903
2
0
1448687677
4
0
21904
2
0
1448755517
4
0
21905
2
0
1448756541
4
0
21906
2
0
1448757565
4
0
21907
2
0
1448758589
4
0
21908
2
0
1448759613
4
0
21909
2
0
1448760637
4
0
21910
2
0
1448761661
4
0
21911
2
0
1448764221
4
0
21912
2
0
1448765245
4
0
21913
2
0
1448766269
4
0
21914
2
0
1448767293
4
0
21915
2
0
1448768317
4
0
21916
2
0
1448769341
4
0
21917
2
0
1448751165
4
0
21918
2
0
1448752189
4
0
21919
2
0
1448753213
4
0
21920
2
0
1449214269
4
0
21921
2
0
1449215293
4
0
21922
2
0
1449216317
4
0
21923
2
0
1449217341
4
0
21924
2
0
1449218365
4
0
21925
2
0
1449219389
4
0
21926
2
0
1449220413
4
0
21927
2
0
1449222973
4
0
21928
2
0
1449223997
4
0
21929
2
0
1449225021
4
0
21930
2
0
1449226045
4
0
21931
2
0
1449227069
4
0
21932
2
0
1449228093
4
0
21933
2
0
1449209917
4
0
21934
2
0
1449210941
4
0
21935
2
0
1449211965
4
0
21936
2
0
1449279805
4
0
21937
2
0
1449280829
4
0
21938
2
0
1449281853
4
0
21939
2
0
1449282877
4
0
21940
2
0
1449283901
4
0
21941
2
0
1449284925
4
0
21942
2
0
1449285949
4
0
21943
2
0
1449288509
4
0
21944
2
0
1449289533
4
0
21945
2
0
1449290557
4
0
21946
2
0
1449291581
4
0
21947
2
0
1449292605
4
0
21948
2
0
1449293629
4
0
21949
2
0
1449275453
4
0
21950
2
0
1449276477
4
0
21951
2
0
1449277501
4
0
21952
2
0
1449345341
4
0
21953
2
0
1449346365
4
0
21954
2
0
1449347389
4
0
21955
2
0
1449348413
4
0
21956
2
0
1449349437
4
0
21957
2
0
1449350461
4
0
21958
2
0
1449351485
4
0
21959
2
0
1449354045
4
0
21960
2
0
1449355069
4
0
21961
2
0
1449356093
4
0
21962
2
0
1449357117
4
0
21963
2
0
1449358141
4
0
21964
2
0
1449359165
4
0
21965
2
0
1449340989
4
0
21966
2
0
1449342013
4
0
21967
2
0
1449343037
4
0
21968
2
0
1449410877
4
0
21969
2
0
1449411901
4
0
21970
2
0
1449412925
4
0
21971
2
0
1449413949
4
0
21972
2
0
1449414973
4
0
21973
2
0
1449415997
4
0
21974
2
0
1449417021
4
0
21975
2
0
1449419581
4
0
21976
2
0
1449420605
4
0
21977
2
0
1449421629
4
0
21978
2
0
1449422653
4
0
21979
2
0
1449423677
4
0
21980
2
0
1449424701
4
0
21981
2
0
1449406525
4
0
21982
2
0
1449407549
4
0
21983
2
0
1449408573
4
0
21984
2
0
1449476413
4
0
21985
2
0
1449477437
4
0
21986
2
0
1449478461
4
0
21987
2
0
1449479485
4
0
21988
2
0
1449480509
4
0
21989
2
0
1449481533
4
0
21990
2
0
1449482557
4
0
21991
2
0
1449485117
4
0
21992
2
0
1449486141
4
0
21993
2
0
1449487165
4
0
21994
2
0
1449488189
4
0
21995
2
0
1449489213
4
0
21996
2
0
1449490237
4
0
21997
2
0
1449472061
4
0
21998
2
0
1449473085
4
0
21999
2
0
1449474109
4
0
22000
2
0
1449541949
4
0
22001
2
0
1449542973
4
0
22002
2
0
1449543997
4
0
22003
2
0
1449545021
4
0
22004
2
0
1449546045
4
0
22005
2
0
1449547069
4
0
22006
2
0
1449548093
4
0
22007
2
0
1449550653
4
0
22008
2
0
1449551677
4
0
22009
2
0
1449552701
4
0
22010
2
0
1449553725
4
0
22011
2
0
1449554749
4
0
22012
2
0
1449555773
4
0
22013
2
0
1449537597
4
0
22014
2
0
1449538621
4
0
22015
2
0
1449539645
4
0
22016
2
0
1449607485
4
0
22017
2
0
1449608509
4
0
22018
2
0
1449609533
4
0
22019
2
0
1449610557
4
0
22020
2
0
1449611581
4
0
22021
2
0
1449612605
4
0
22022
2
0
1449613629
4
0
22023
2
0
1449616189
4
0
22024
2
0
1449617213
4
0
22025
2
0
1449618237
4
0
22026
2
0
1449619261
4
0
22027
2
0
1449620285
4
0
22028
2
0
1449621309
4
0
22029
2
0
1449603133
4
0
22030
2
0
1449604157
4
0
22031
2
0
1449605181
4
0
22032
2
0
1449673021
4
0
22033
2
0
1449674045
4
0
22034
2
0
1449675069
4
0
22035
2
0
1449676093
4
0
22036
2
0
1449677117
4
0
22037
2
0
1449678141
4
0
22038
2
0
1449679165
4
0
22039
2
0
1449681725
4
0
22040
2
0
1449682749
4
0
22041
2
0
1449683773
4
0
22042
2
0
1449684797
4
0
22043
2
0
1449685821
4
0
22044
2
0
1449686845
4
0
22045
2
0
1449668669
4
0
22046
2
0
1449669693
4
0
22047
2
0
1449670717
4
0
22048
2
0
1449738557
4
0
22049
2
0
1449739581
4
0
22050
2
0
1449740605
4
0
22051
2
0
1449741629
4
0
22052
2
0
1449742653
4
0
22053
2
0
1449743677
4
0
22054
2
0
1449744701
4
0
22055
2
0
1449747261
4
0
22056
2
0
1449748285
4
0
22057
2
0
1449749309
4
0
22058
2
0
1449750333
4
0
22059
2
0
1449751357
4
0
22060
2
0
1449752381
4
0
22061
2
0
1449734205
4
0
22062
2
0
1449735229
4
0
22063
2
0
1449736253
4
0
22064
2
0
1449804093
4
0
22065
2
0
1449805117
4
0
22066
2
0
1449806141
4
0
22067
2
0
1449807165
4
0
22068
2
0
1449808189
4
0
22069
2
0
1449809213
4
0
22070
2
0
1449810237
4
0
22071
2
0
1449812797
4
0
22072
2
0
1449813821
4
0
22073
2
0
1449814845
4
0
22074
2
0
1449815869
4
0
22075
2
0
1449816893
4
0
22076
2
0
1449817917
4
0
22077
2
0
1449799741
4
0
22078
2
0
1449800765
4
0
22079
2
0
1449801789
4
0
22080
2
0
1449869629
4
0
22081
2
0
1449870653
4
0
22082
2
0
1449871677
4
0
22083
2
0
1449872701
4
0
22084
2
0
1449873725
4
0
22085
2
0
1449874749
4
0
22086
2
0
1449875773
4
0
22087
2
0
1449878333
4
0
22088
2
0
1449879357
4
0
22089
2
0
1449880381
4
0
22090
2
0
1449881405
4
0
22091
2
0
1449882429
4
0
22092
2
0
1449883453
4
0
22093
2
0
1449865277
4
0
22094
2
0
1449866301
4
0
22095
2
0
1449867325
4
0
22096
2
0
1449935165
4
0
22097
2
0
1449936189
4
0
22098
2
0
1449937213
4
0
22099
2
0
1449938237
4
0
22100
2
0
1449939261
4
0
22101
2
0
1449940285
4
0
22102
2
0
1449941309
4
0
22103
2
0
1449943869
4
0
22104
2
0
1449944893
4
0
22105
2
0
1449945917
4
0
22106
2
0
1449946941
4
0
22107
2
0
1449947965
4
0
22108
2
0
1449948989
4
0
22109
2
0
1449930813
4
0
22110
2
0
1449931837
4
0
22111
2
0
1449932861
4
0
22112
2
0
1450000701
4
0
22113
2
0
1450001725
4
0
22114
2
0
1450002749
4
0
22115
2
0
1450003773
4
0
22116
2
0
1450004797
4
0
22117
2
0
1450005821
4
0
22118
2
0
1450006845
4
0
22119
2
0
1450009405
4
0
22120
2
0
1450010429
4
0
22121
2
0
1450011453
4
0
22122
2
0
1450012477
4
0
22123
2
0
1450013501
4
0
22124
2
0
1450014525
4
0
22125
2
0
1449996349
4
0
22126
2
0
1449997373
4
0
22127
2
0
1449998397
4
0
22128
2
0
1450066237
4
0
22129
2
0
1450067261
4
0
22130
2
0
1450068285
4
0
22131
2
0
1450069309
4
0
22132
2
0
1450070333
4
0
22133
2
0
1450071357
4
0
22134
2
0
1450072381
4
0
22135
2
0
1450074941
4
0
22136
2
0
1450075965
4
0
22137
2
0
1450076989
4
0
22138
2
0
1450078013
4
0
22139
2
0
1450079037
4
0
22140
2
0
1450080061
4
0
22141
2
0
1450061885
4
0
22142
2
0
1450062909
4
0
22143
2
0
1450063933
4
0
22144
2
0
1450131773
4
0
22145
2
0
1450132797
4
0
22146
2
0
1450133821
4
0
22147
2
0
1450134845
4
0
22148
2
0
1450135869
4
0
22149
2
0
1450136893
4
0
22150
2
0
1450137917
4
0
22151
2
0
1450140477
4
0
22152
2
0
1450141501
4
0
22153
2
0
1450142525
4
0
22154
2
0
1450143549
4
0
22155
2
0
1450144573
4
0
22156
2
0
1450145597
4
0
22157
2
0
1450127421
4
0
22158
2
0
1450128445
4
0
22159
2
0
1450129469
4
0
22160
2
0
1450197309
4
0
22161
2
0
1450198333
4
0
22162
2
0
1450199357
4
0
22163
2
0
1450200381
4
0
22164
2
0
1450201405
4
0
22165
2
0
1450202429
4
0
22166
2
0
1450203453
4
0
22167
2
0
1450206013
4
0
22168
2
0
1450207037
4
0
22169
2
0
1450208061
4
0
22170
2
0
1450209085
4
0
22171
2
0
1450210109
4
0
22172
2
0
1450211133
4
0
22173
2
0
1450192957
4
0
22174
2
0
1450193981
4
0
22175
2
0
1450195005
4
0
22176
2
0
1450262845
4
0
22177
2
0
1450263869
4
0
22178
2
0
1450264893
4
0
22179
2
0
1450265917
4
0
22180
2
0
1450266941
4
0
22181
2
0
1450267965
4
0
22182
2
0
1450268989
4
0
22183
2
0
1450271549
4
0
22184
2
0
1450272573
4
0
22185
2
0
1450273597
4
0
22186
2
0
1450274621
4
0
22187
2
0
1450275645
4
0
22188
2
0
1450276669
4
0
22189
2
0
1450258493
4
0
22190
2
0
1450259517
4
0
22191
2
0
1450260541
4
0
22192
2
0
1450328381
4
0
22193
2
0
1450329405
4
0
22194
2
0
1450330429
4
0
22195
2
0
1450331453
4
0
22196
2
0
1450332477
4
0
22197
2
0
1450333501
4
0
22198
2
0
1450334525
4
0
22199
2
0
1450337085
4
0
22200
2
0
1450338109
4
0
22201
2
0
1450339133
4
0
22202
2
0
1450340157
4
0
22203
2
0
1450341181
4
0
22204
2
0
1450342205
4
0
22205
2
0
1450324029
4
0
22206
2
0
1450325053
4
0
22207
2
0
1450326077
4
0
22208
2
0
1450393917
4
0
22209
2
0
1450394941
4
0
22210
2
0
1450395965
4
0
22211
2
0
1450396989
4
0
22212
2
0
1450398013
4
0
22213
2
0
1450399037
4
0
22214
2
0
1450400061
4
0
22215
2
0
1450402621
4
0
22216
2
0
1450403645
4
0
22217
2
0
1450404669
4
0
22218
2
0
1450405693
4
0
22219
2
0
1450406717
4
0
22220
2
0
1450407741
4
0
22221
2
0
1450389565
4
0
22222
2
0
1450390589
4
0
22223
2
0
1450391613
4
0
22224
2
0
1450459453
4
0
22225
2
0
1450460477
4
0
22226
2
0
1450461501
4
0
22227
2
0
1450462525
4
0
22228
2
0
1450463549
4
0
22229
2
0
1450464573
4
0
22230
2
0
1450465597
4
0
22231
2
0
1450468157
4
0
22232
2
0
1450469181
4
0
22233
2
0
1450470205
4
0
22234
2
0
1450471229
4
0
22235
2
0
1450472253
4
0
22236
2
0
1450473277
4
0
22237
2
0
1450455101
4
0
22238
2
0
1450456125
4
0
22239
2
0
1450457149
4
0
22240
2
0
1450524989
4
0
22241
2
0
1450526013
4
0
22242
2
0
1450527037
4
0
22243
2
0
1450528061
4
0
22244
2
0
1450529085
4
0
22245
2
0
1450530109
4
0
22246
2
0
1450531133
4
0
22247
2
0
1450533693
4
0
22248
2
0
1450534717
4
0
22249
2
0
1450535741
4
0
22250
2
0
1450536765
4
0
22251
2
0
1450537789
4
0
22252
2
0
1450538813
4
0
22253
2
0
1450520637
4
0
22254
2
0
1450521661
4
0
22255
2
0
1450522685
4
0
22256
2
0
1450590525
4
0
22257
2
0
1450591549
4
0
22258
2
0
1450592573
4
0
22259
2
0
1450593597
4
0
22260
2
0
1450594621
4
0
22261
2
0
1450595645
4
0
22262
2
0
1450596669
4
0
22263
2
0
1450599229
4
0
22264
2
0
1450600253
4
0
22265
2
0
1450601277
4
0
22266
2
0
1450602301
4
0
22267
2
0
1450603325
4
0
22268
2
0
1450604349
4
0
22269
2
0
1450586173
4
0
22270
2
0
1450587197
4
0
22271
2
0
1450588221
4
0
22272
2
0
1450656061
4
0
22273
2
0
1450657085
4
0
22274
2
0
1450658109
4
0
22275
2
0
1450659133
4
0
22276
2
0
1450660157
4
0
22277
2
0
1450661181
4
0
22278
2
0
1450662205
4
0
22279
2
0
1450664765
4
0
22280
2
0
1450665789
4
0
22281
2
0
1450666813
4
0
22282
2
0
1450667837
4
0
22283
2
0
1450668861
4
0
22284
2
0
1450669885
4
0
22285
2
0
1450651709
4
0
22286
2
0
1450652733
4
0
22287
2
0
1450653757
4
0
22288
2
0
1450721597
4
0
22289
2
0
1450722621
4
0
22290
2
0
1450723645
4
0
22291
2
0
1450724669
4
0
22292
2
0
1450725693
4
0
22293
2
0
1450726717
4
0
22294
2
0
1450727741
4
0
22295
2
0
1450730301
4
0
22296
2
0
1450731325
4
0
22297
2
0
1450732349
4
0
22298
2
0
1450733373
4
0
22299
2
0
1450734397
4
0
22300
2
0
1450735421
4
0
22301
2
0
1450717245
4
0
22302
2
0
1450718269
4
0
22303
2
0
1450719293
4
0
22304
2
0
1450787133
4
0
22305
2
0
1450788157
4
0
22306
2
0
1450789181
4
0
22307
2
0
1450790205
4
0
22308
2
0
1450791229
4
0
22309
2
0
1450792253
4
0
22310
2
0
1450793277
4
0
22311
2
0
1450795837
4
0
22312
2
0
1450796861
4
0
22313
2
0
1450797885
4
0
22314
2
0
1450798909
4
0
22315
2
0
1450799933
4
0
22316
2
0
1450800957
4
0
22317
2
0
1450782781
4
0
22318
2
0
1450783805
4
0
22319
2
0
1450784829
4
0
22320
2
0
1450852669
4
0
22321
2
0
1450853693
4
0
22322
2
0
1450854717
4
0
22323
2
0
1450855741
4
0
22324
2
0
1450856765
4
0
22325
2
0
1450857789
4
0
22326
2
0
1450858813
4
0
22327
2
0
1450861373
4
0
22328
2
0
1450862397
4
0
22329
2
0
1450863421
4
0
22330
2
0
1450864445
4
0
22331
2
0
1450865469
4
0
22332
2
0
1450866493
4
0
22333
2
0
1450848317
4
0
22334
2
0
1450849341
4
0
22335
2
0
1450850365
4
0
22336
2
0
1446003005
4
0
22337
2
0
1446004029
4
0
22338
2
0
1446005053
4
0
22339
2
0
1446006077
4
0
22340
2
0
1446007101
4
0
22341
2
0
1446008125
4
0
22342
2
0
1446009149
4
0
22343
2
0
1446011709
4
0
22344
2
0
1446012733
4
0
22345
2
0
1446013757
4
0
22346
2
0
1446014781
4
0
22347
2
0
1446015805
4
0
22348
2
0
1446016829
4
0
22349
2
0
1445998653
4
0
22350
2
0
1445999677
4
0
22351
2
0
1446000701
4
0
22352
2
0
1446068541
4
0
22353
2
0
1446069565
4
0
22354
2
0
1446070589
4
0
22355
2
0
1446071613
4
0
22356
2
0
1446072637
4
0
22357
2
0
1446073661
4
0
22358
2
0
1446074685
4
0
22359
2
0
1446077245
4
0
22360
2
0
1446078269
4
0
22361
2
0
1446079293
4
0
22362
2
0
1446080317
4
0
22363
2
0
1446081341
4
0
22364
2
0
1446082365
4
0
22365
2
0
1446064189
4
0
22366
2
0
1446065213
4
0
22367
2
0
1446066237
4
0
22368
2
0
1446134077
4
0
22369
2
0
1446135101
4
0
22370
2
0
1446136125
4
0
22371
2
0
1446137149
4
0
22372
2
0
1446138173
4
0
22373
2
0
1446139197
4
0
22374
2
0
1446140221
4
0
22375
2
0
1446142781
4
0
22376
2
0
1446143805
4
0
22377
2
0
1446144829
4
0
22378
2
0
1446145853
4
0
22379
2
0
1446146877
4
0
22380
2
0
1446147901
4
0
22381
2
0
1446129725
4
0
22382
2
0
1446130749
4
0
22383
2
0
1446131773
4
0
22384
2
0
1446199613
4
0
22385
2
0
1446200637
4
0
22386
2
0
1446201661
4
0
22387
2
0
1446202685
4
0
22388
2
0
1446203709
4
0
22389
2
0
1446204733
4
0
22390
2
0
1446205757
4
0
22391
2
0
1446208317
4
0
22392
2
0
1446209341
4
0
22393
2
0
1446210365
4
0
22394
2
0
1446211389
4
0
22395
2
0
1446212413
4
0
22396
2
0
1446213437
4
0
22397
2
0
1446195261
4
0
22398
2
0
1446196285
4
0
22399
2
0
1446197309
4
0
22400
2
0
1446265149
4
0
22401
2
0
1446266173
4
0
22402
2
0
1446267197
4
0
22403
2
0
1446268221
4
0
22404
2
0
1446269245
4
0
22405
2
0
1446270269
4
0
22406
2
0
1446271293
4
0
22407
2
0
1446273853
4
0
22408
2
0
1446274877
4
0
22409
2
0
1446275901
4
0
22410
2
0
1446276925
4
0
22411
2
0
1446277949
4
0
22412
2
0
1446278973
4
0
22413
2
0
1446260797
4
0
22414
2
0
1446261821
4
0
22415
2
0
1446262845
4
0
22416
2
0
1446330685
4
0
22417
2
0
1446331709
4
0
22418
2
0
1446332733
4
0
22419
2
0
1446333757
4
0
22420
2
0
1446334781
4
0
22421
2
0
1446335805
4
0
22422
2
0
1446336829
4
0
22423
2
0
1446339389
4
0
22424
2
0
1446340413
4
0
22425
2
0
1446341437
4
0
22426
2
0
1446342461
4
0
22427
2
0
1446343485
4
0
22428
2
0
1446344509
4
0
22429
2
0
1446326333
4
0
22430
2
0
1446327357
4
0
22431
2
0
1446328381
4
0
22432
2
0
1446396221
4
0
22433
2
0
1446397245
4
0
22434
2
0
1446398269
4
0
22435
2
0
1446399293
4
0
22436
2
0
1446400317
4
0
22437
2
0
1446401341
4
0
22438
2
0
1446402365
4
0
22439
2
0
1446404925
4
0
22440
2
0
1446405949
4
0
22441
2
0
1446406973
4
0
22442
2
0
1446407997
4
0
22443
2
0
1446409021
4
0
22444
2
0
1446410045
4
0
22445
2
0
1446391869
4
0
22446
2
0
1446392893
4
0
22447
2
0
1446393917
4
0
22448
2
0
1446461757
4
0
22449
2
0
1446462781
4
0
22450
2
0
1446463805
4
0
22451
2
0
1446464829
4
0
22452
2
0
1446465853
4
0
22453
2
0
1446466877
4
0
22454
2
0
1446467901
4
0
22455
2
0
1446470461
4
0
22456
2
0
1446471485
4
0
22457
2
0
1446472509
4
0
22458
2
0
1446473533
4
0
22459
2
0
1446474557
4
0
22460
2
0
1446475581
4
0
22461
2
0
1446457405
4
0
22462
2
0
1446458429
4
0
22463
2
0
1446459453
4
0
22464
2
0
1446527293
4
0
22465
2
0
1446528317
4
0
22466
2
0
1446529341
4
0
22467
2
0
1446530365
4
0
22468
2
0
1446531389
4
0
22469
2
0
1446532413
4
0
22470
2
0
1446533437
4
0
22471
2
0
1446535997
4
0
22472
2
0
1446537021
4
0
22473
2
0
1446538045
4
0
22474
2
0
1446539069
4
0
22475
2
0
1446540093
4
0
22476
2
0
1446541117
4
0
22477
2
0
1446522941
4
0
22478
2
0
1446523965
4
0
22479
2
0
1446524989
4
0
22480
2
0
1446592829
4
0
22481
2
0
1446593853
4
0
22482
2
0
1446594877
4
0
22483
2
0
1446595901
4
0
22484
2
0
1446596925
4
0
22485
2
0
1446597949
4
0
22486
2
0
1446598973
4
0
22487
2
0
1446601533
4
0
22488
2
0
1446602557
4
0
22489
2
0
1446603581
4
0
22490
2
0
1446604605
4
0
22491
2
0
1446605629
4
0
22492
2
0
1446606653
4
0
22493
2
0
1446588477
4
0
22494
2
0
1446589501
4
0
22495
2
0
1446590525
4
0
22496
2
0
1445675325
4
0
22497
2
0
1445676349
4
0
22498
2
0
1445677373
4
0
22499
2
0
1445678397
4
0
22500
2
0
1445679421
4
0
22501
2
0
1445680445
4
0
22502
2
0
1445681469
4
0
22503
2
0
1445684029
4
0
22504
2
0
1445685053
4
0
22505
2
0
1445686077
4
0
22506
2
0
1445687101
4
0
22507
2
0
1445688125
4
0
22508
2
0
1445689149
4
0
22509
2
0
1445670973
4
0
22510
2
0
1445671997
4
0
22511
2
0
1445673021
4
0
22512
2
0
1445937469
4
0
22513
2
0
1445938493
4
0
22514
2
0
1445939517
4
0
22515
2
0
1445940541
4
0
22516
2
0
1445941565
4
0
22517
2
0
1445942589
4
0
22518
2
0
1445943613
4
0
22519
2
0
1445946173
4
0
22520
2
0
1445947197
4
0
22521
2
0
1445948221
4
0
22522
2
0
1445949245
4
0
22523
2
0
1445950269
4
0
22524
2
0
1445951293
4
0
22525
2
0
1445933117
4
0
22526
2
0
1445934141
4
0
22527
2
0
1445935165
4
