1024
0
60416
2
0
927023421
4
0
60417
2
0
927024445
4
0
60418
2
0
927025469
4
0
60419
2
0
927026493
4
0
60420
2
0
927027517
4
0
60421
2
0
927028541
4
0
60422
2
0
927029565
4
0
60423
2
0
927032125
4
0
60424
2
0
927033149
4
0
60425
2
0
927034173
4
0
60426
2
0
927035197
4
0
60427
2
0
927036221
4
0
60428
2
0
927037245
4
0
60429
2
0
927019069
4
0
60430
2
0
927020093
4
0
60431
2
0
927021117
4
0
60432
2
0
927088957
4
0
60433
2
0
927089981
4
0
60434
2
0
927091005
4
0
60435
2
0
927092029
4
0
60436
2
0
927093053
4
0
60437
2
0
927094077
4
0
60438
2
0
927095101
4
0
60439
2
0
927097661
4
0
60440
2
0
927098685
4
0
60441
2
0
927099709
4
0
60442
2
0
927100733
4
0
60443
2
0
927101757
4
0
60444
2
0
927102781
4
0
60445
2
0
927084605
4
0
60446
2
0
927085629
4
0
60447
2
0
927086653
4
0
60448
2
0
927154493
4
0
60449
2
0
927155517
4
0
60450
2
0
927156541
4
0
60451
2
0
927157565
4
0
60452
2
0
927158589
4
0
60453
2
0
927159613
4
0
60454
2
0
927160637
4
0
60455
2
0
927163197
4
0
60456
2
0
927164221
4
0
60457
2
0
927165245
4
0
60458
2
0
927166269
4
0
60459
2
0
927167293
4
0
60460
2
0
927168317
4
0
60461
2
0
927150141
4
0
60462
2
0
927151165
4
0
60463
2
0
927152189
4
0
60464
2
0
927220029
4
0
60465
2
0
927221053
4
0
60466
2
0
927222077
4
0
60467
2
0
927223101
4
0
60468
2
0
927224125
4
0
60469
2
0
927225149
4
0
60470
2
0
927226173
4
0
60471
2
0
927228733
4
0
60472
2
0
927229757
4
0
60473
2
0
927230781
4
0
60474
2
0
927231805
4
0
60475
2
0
927232829
4
0
60476
2
0
927233853
4
0
60477
2
0
927215677
4
0
60478
2
0
927216701
4
0
60479
2
0
927217725
4
0
60480
2
0
927285565
4
0
60481
2
0
927286589
4
0
60482
2
0
927287613
4
0
60483
2
0
927288637
4
0
60484
2
0
927289661
4
0
60485
2
0
927290685
4
0
60486
2
0
927291709
4
0
60487
2
0
927294269
4
0
60488
2
0
927295293
4
0
60489
2
0
927296317
4
0
60490
2
0
927297341
4
0
60491
2
0
927298365
4
0
60492
2
0
927299389
4
0
60493
2
0
927281213
4
0
60494
2
0
927282237
4
0
60495
2
0
927283261
4
0
60496
2
0
927351101
4
0
60497
2
0
927352125
4
0
60498
2
0
927353149
4
0
60499
2
0
927354173
4
0
60500
2
0
927355197
4
0
60501
2
0
927356221
4
0
60502
2
0
927357245
4
0
60503
2
0
927359805
4
0
60504
2
0
927360829
4
0
60505
2
0
927361853
4
0
60506
2
0
927362877
4
0
60507
2
0
927363901
4
0
60508
2
0
927364925
4
0
60509
2
0
927346749
4
0
60510
2
0
927347773
4
0
60511
2
0
927348797
4
0
60512
2
0
927416637
4
0
60513
2
0
927417661
4
0
60514
2
0
927418685
4
0
60515
2
0
927419709
4
0
60516
2
0
927420733
4
0
60517
2
0
927421757
4
0
60518
2
0
927422781
4
0
60519
2
0
927425341
4
0
60520
2
0
927426365
4
0
60521
2
0
927427389
4
0
60522
2
0
927428413
4
0
60523
2
0
927429437
4
0
60524
2
0
927430461
4
0
60525
2
0
927412285
4
0
60526
2
0
927413309
4
0
60527
2
0
927414333
4
0
60528
2
0
927482173
4
0
60529
2
0
927483197
4
0
60530
2
0
927484221
4
0
60531
2
0
927485245
4
0
60532
2
0
927486269
4
0
60533
2
0
927487293
4
0
60534
2
0
927488317
4
0
60535
2
0
927490877
4
0
60536
2
0
927491901
4
0
60537
2
0
927492925
4
0
60538
2
0
927493949
4
0
60539
2
0
927494973
4
0
60540
2
0
927495997
4
0
60541
2
0
927477821
4
0
60542
2
0
927478845
4
0
60543
2
0
927479869
4
0
60544
2
0
927547709
4
0
60545
2
0
927548733
4
0
60546
2
0
927549757
4
0
60547
2
0
927550781
4
0
60548
2
0
927551805
4
0
60549
2
0
927552829
4
0
60550
2
0
927553853
4
0
60551
2
0
927556413
4
0
60552
2
0
927557437
4
0
60553
2
0
927558461
4
0
60554
2
0
927559485
4
0
60555
2
0
927560509
4
0
60556
2
0
927561533
4
0
60557
2
0
927543357
4
0
60558
2
0
927544381
4
0
60559
2
0
927545405
4
0
60560
2
0
927613245
4
0
60561
2
0
927614269
4
0
60562
2
0
927615293
4
0
60563
2
0
927616317
4
0
60564
2
0
927617341
4
0
60565
2
0
927618365
4
0
60566
2
0
927619389
4
0
60567
2
0
927621949
4
0
60568
2
0
927622973
4
0
60569
2
0
927623997
4
0
60570
2
0
927625021
4
0
60571
2
0
927626045
4
0
60572
2
0
927627069
4
0
60573
2
0
927608893
4
0
60574
2
0
927609917
4
0
60575
2
0
927610941
4
0
60576
2
0
927678781
4
0
60577
2
0
927679805
4
0
60578
2
0
927680829
4
0
60579
2
0
927681853
4
0
60580
2
0
927682877
4
0
60581
2
0
927683901
4
0
60582
2
0
927684925
4
0
60583
2
0
927687485
4
0
60584
2
0
927688509
4
0
60585
2
0
927689533
4
0
60586
2
0
927690557
4
0
60587
2
0
927691581
4
0
60588
2
0
927692605
4
0
60589
2
0
927674429
4
0
60590
2
0
927675453
4
0
60591
2
0
927676477
4
0
60592
2
0
927744317
4
0
60593
2
0
927745341
4
0
60594
2
0
927746365
4
0
60595
2
0
927747389
4
0
60596
2
0
927748413
4
0
60597
2
0
927749437
4
0
60598
2
0
927750461
4
0
60599
2
0
927753021
4
0
60600
2
0
927754045
4
0
60601
2
0
927755069
4
0
60602
2
0
927756093
4
0
60603
2
0
927757117
4
0
60604
2
0
927758141
4
0
60605
2
0
927739965
4
0
60606
2
0
927740989
4
0
60607
2
0
927742013
4
0
60608
2
0
927809853
4
0
60609
2
0
927810877
4
0
60610
2
0
927811901
4
0
60611
2
0
927812925
4
0
60612
2
0
927813949
4
0
60613
2
0
927814973
4
0
60614
2
0
927815997
4
0
60615
2
0
927818557
4
0
60616
2
0
927819581
4
0
60617
2
0
927820605
4
0
60618
2
0
927821629
4
0
60619
2
0
927822653
4
0
60620
2
0
927823677
4
0
60621
2
0
927805501
4
0
60622
2
0
927806525
4
0
60623
2
0
927807549
4
0
60624
2
0
927875389
4
0
60625
2
0
927876413
4
0
60626
2
0
927877437
4
0
60627
2
0
927878461
4
0
60628
2
0
927879485
4
0
60629
2
0
927880509
4
0
60630
2
0
927881533
4
0
60631
2
0
927884093
4
0
60632
2
0
927885117
4
0
60633
2
0
927886141
4
0
60634
2
0
927887165
4
0
60635
2
0
927888189
4
0
60636
2
0
927889213
4
0
60637
2
0
927871037
4
0
60638
2
0
927872061
4
0
60639
2
0
927873085
4
0
60640
2
0
927940925
4
0
60641
2
0
927941949
4
0
60642
2
0
927942973
4
0
60643
2
0
927943997
4
0
60644
2
0
927945021
4
0
60645
2
0
927946045
4
0
60646
2
0
927947069
4
0
60647
2
0
927949629
4
0
60648
2
0
927950653
4
0
60649
2
0
927951677
4
0
60650
2
0
927952701
4
0
60651
2
0
927953725
4
0
60652
2
0
927954749
4
0
60653
2
0
927936573
4
0
60654
2
0
927937597
4
0
60655
2
0
927938621
4
0
60656
2
0
928006461
4
0
60657
2
0
928007485
4
0
60658
2
0
928008509
4
0
60659
2
0
928009533
4
0
60660
2
0
928010557
4
0
60661
2
0
928011581
4
0
60662
2
0
928012605
4
0
60663
2
0
928015165
4
0
60664
2
0
928016189
4
0
60665
2
0
928017213
4
0
60666
2
0
928018237
4
0
60667
2
0
928019261
4
0
60668
2
0
928020285
4
0
60669
2
0
928002109
4
0
60670
2
0
928003133
4
0
60671
2
0
928004157
4
0
60672
2
0
928071997
4
0
60673
2
0
928073021
4
0
60674
2
0
928074045
4
0
60675
2
0
928075069
4
0
60676
2
0
928076093
4
0
60677
2
0
928077117
4
0
60678
2
0
928078141
4
0
60679
2
0
928080701
4
0
60680
2
0
928081725
4
0
60681
2
0
928082749
4
0
60682
2
0
928083773
4
0
60683
2
0
928084797
4
0
60684
2
0
928085821
4
0
60685
2
0
928067645
4
0
60686
2
0
928068669
4
0
60687
2
0
928069693
4
0
60688
2
0
928137533
4
0
60689
2
0
928138557
4
0
60690
2
0
928139581
4
0
60691
2
0
928140605
4
0
60692
2
0
928141629
4
0
60693
2
0
928142653
4
0
60694
2
0
928143677
4
0
60695
2
0
928146237
4
0
60696
2
0
928147261
4
0
60697
2
0
928148285
4
0
60698
2
0
928149309
4
0
60699
2
0
928150333
4
0
60700
2
0
928151357
4
0
60701
2
0
928133181
4
0
60702
2
0
928134205
4
0
60703
2
0
928135229
4
0
60704
2
0
928203069
4
0
60705
2
0
928204093
4
0
60706
2
0
928205117
4
0
60707
2
0
928206141
4
0
60708
2
0
928207165
4
0
60709
2
0
928208189
4
0
60710
2
0
928209213
4
0
60711
2
0
928211773
4
0
60712
2
0
928212797
4
0
60713
2
0
928213821
4
0
60714
2
0
928214845
4
0
60715
2
0
928215869
4
0
60716
2
0
928216893
4
0
60717
2
0
928198717
4
0
60718
2
0
928199741
4
0
60719
2
0
928200765
4
0
60720
2
0
928268605
4
0
60721
2
0
928269629
4
0
60722
2
0
928270653
4
0
60723
2
0
928271677
4
0
60724
2
0
928272701
4
0
60725
2
0
928273725
4
0
60726
2
0
928274749
4
0
60727
2
0
928277309
4
0
60728
2
0
928278333
4
0
60729
2
0
928279357
4
0
60730
2
0
928280381
4
0
60731
2
0
928281405
4
0
60732
2
0
928282429
4
0
60733
2
0
928264253
4
0
60734
2
0
928265277
4
0
60735
2
0
928266301
4
0
60736
2
0
928334141
4
0
60737
2
0
928335165
4
0
60738
2
0
928336189
4
0
60739
2
0
928337213
4
0
60740
2
0
928338237
4
0
60741
2
0
928339261
4
0
60742
2
0
928340285
4
0
60743
2
0
928342845
4
0
60744
2
0
928343869
4
0
60745
2
0
928344893
4
0
60746
2
0
928345917
4
0
60747
2
0
928346941
4
0
60748
2
0
928347965
4
0
60749
2
0
928329789
4
0
60750
2
0
928330813
4
0
60751
2
0
928331837
4
0
60752
2
0
928399677
4
0
60753
2
0
928400701
4
0
60754
2
0
928401725
4
0
60755
2
0
928402749
4
0
60756
2
0
928403773
4
0
60757
2
0
928404797
4
0
60758
2
0
928405821
4
0
60759
2
0
928408381
4
0
60760
2
0
928409405
4
0
60761
2
0
928410429
4
0
60762
2
0
928411453
4
0
60763
2
0
928412477
4
0
60764
2
0
928413501
4
0
60765
2
0
928395325
4
0
60766
2
0
928396349
4
0
60767
2
0
928397373
4
0
60768
2
0
928465213
4
0
60769
2
0
928466237
4
0
60770
2
0
928467261
4
0
60771
2
0
928468285
4
0
60772
2
0
928469309
4
0
60773
2
0
928470333
4
0
60774
2
0
928471357
4
0
60775
2
0
928473917
4
0
60776
2
0
928474941
4
0
60777
2
0
928475965
4
0
60778
2
0
928476989
4
0
60779
2
0
928478013
4
0
60780
2
0
928479037
4
0
60781
2
0
928460861
4
0
60782
2
0
928461885
4
0
60783
2
0
928462909
4
0
60784
2
0
928530749
4
0
60785
2
0
928531773
4
0
60786
2
0
928532797
4
0
60787
2
0
928533821
4
0
60788
2
0
928534845
4
0
60789
2
0
928535869
4
0
60790
2
0
928536893
4
0
60791
2
0
928539453
4
0
60792
2
0
928540477
4
0
60793
2
0
928541501
4
0
60794
2
0
928542525
4
0
60795
2
0
928543549
4
0
60796
2
0
928544573
4
0
60797
2
0
928526397
4
0
60798
2
0
928527421
4
0
60799
2
0
928528445
4
0
60800
2
0
928596285
4
0
60801
2
0
928597309
4
0
60802
2
0
928598333
4
0
60803
2
0
928599357
4
0
60804
2
0
928600381
4
0
60805
2
0
928601405
4
0
60806
2
0
928602429
4
0
60807
2
0
928604989
4
0
60808
2
0
928606013
4
0
60809
2
0
928607037
4
0
60810
2
0
928608061
4
0
60811
2
0
928609085
4
0
60812
2
0
928610109
4
0
60813
2
0
928591933
4
0
60814
2
0
928592957
4
0
60815
2
0
928593981
4
0
60816
2
0
928661821
4
0
60817
2
0
928662845
4
0
60818
2
0
928663869
4
0
60819
2
0
928664893
4
0
60820
2
0
928665917
4
0
60821
2
0
928666941
4
0
60822
2
0
928667965
4
0
60823
2
0
928670525
4
0
60824
2
0
928671549
4
0
60825
2
0
928672573
4
0
60826
2
0
928673597
4
0
60827
2
0
928674621
4
0
60828
2
0
928675645
4
0
60829
2
0
928657469
4
0
60830
2
0
928658493
4
0
60831
2
0
928659517
4
0
60832
2
0
929120573
4
0
60833
2
0
929121597
4
0
60834
2
0
929122621
4
0
60835
2
0
929123645
4
0
60836
2
0
929124669
4
0
60837
2
0
929125693
4
0
60838
2
0
929126717
4
0
60839
2
0
929129277
4
0
60840
2
0
929130301
4
0
60841
2
0
929131325
4
0
60842
2
0
929132349
4
0
60843
2
0
929133373
4
0
60844
2
0
929134397
4
0
60845
2
0
929116221
4
0
60846
2
0
929117245
4
0
60847
2
0
929118269
4
0
60848
2
0
929186109
4
0
60849
2
0
929187133
4
0
60850
2
0
929188157
4
0
60851
2
0
929189181
4
0
60852
2
0
929190205
4
0
60853
2
0
929191229
4
0
60854
2
0
929192253
4
0
60855
2
0
929194813
4
0
60856
2
0
929195837
4
0
60857
2
0
929196861
4
0
60858
2
0
929197885
4
0
60859
2
0
929198909
4
0
60860
2
0
929199933
4
0
60861
2
0
929181757
4
0
60862
2
0
929182781
4
0
60863
2
0
929183805
4
0
60864
2
0
929251645
4
0
60865
2
0
929252669
4
0
60866
2
0
929253693
4
0
60867
2
0
929254717
4
0
60868
2
0
929255741
4
0
60869
2
0
929256765
4
0
60870
2
0
929257789
4
0
60871
2
0
929260349
4
0
60872
2
0
929261373
4
0
60873
2
0
929262397
4
0
60874
2
0
929263421
4
0
60875
2
0
929264445
4
0
60876
2
0
929265469
4
0
60877
2
0
929247293
4
0
60878
2
0
929248317
4
0
60879
2
0
929249341
4
0
60880
2
0
929317181
4
0
60881
2
0
929318205
4
0
60882
2
0
929319229
4
0
60883
2
0
929320253
4
0
60884
2
0
929321277
4
0
60885
2
0
929322301
4
0
60886
2
0
929323325
4
0
60887
2
0
929325885
4
0
60888
2
0
929326909
4
0
60889
2
0
929327933
4
0
60890
2
0
929328957
4
0
60891
2
0
929329981
4
0
60892
2
0
929331005
4
0
60893
2
0
929312829
4
0
60894
2
0
929313853
4
0
60895
2
0
929314877
4
0
60896
2
0
929382717
4
0
60897
2
0
929383741
4
0
60898
2
0
929384765
4
0
60899
2
0
929385789
4
0
60900
2
0
929386813
4
0
60901
2
0
929387837
4
0
60902
2
0
929388861
4
0
60903
2
0
929391421
4
0
60904
2
0
929392445
4
0
60905
2
0
929393469
4
0
60906
2
0
929394493
4
0
60907
2
0
929395517
4
0
60908
2
0
929396541
4
0
60909
2
0
929378365
4
0
60910
2
0
929379389
4
0
60911
2
0
929380413
4
0
60912
2
0
929448253
4
0
60913
2
0
929449277
4
0
60914
2
0
929450301
4
0
60915
2
0
929451325
4
0
60916
2
0
929452349
4
0
60917
2
0
929453373
4
0
60918
2
0
929454397
4
0
60919
2
0
929456957
4
0
60920
2
0
929457981
4
0
60921
2
0
929459005
4
0
60922
2
0
929460029
4
0
60923
2
0
929461053
4
0
60924
2
0
929462077
4
0
60925
2
0
929443901
4
0
60926
2
0
929444925
4
0
60927
2
0
929445949
4
0
60928
2
0
929513789
4
0
60929
2
0
929514813
4
0
60930
2
0
929515837
4
0
60931
2
0
929516861
4
0
60932
2
0
929517885
4
0
60933
2
0
929518909
4
0
60934
2
0
929519933
4
0
60935
2
0
929522493
4
0
60936
2
0
929523517
4
0
60937
2
0
929524541
4
0
60938
2
0
929525565
4
0
60939
2
0
929526589
4
0
60940
2
0
929527613
4
0
60941
2
0
929509437
4
0
60942
2
0
929510461
4
0
60943
2
0
929511485
4
0
60944
2
0
929579325
4
0
60945
2
0
929580349
4
0
60946
2
0
929581373
4
0
60947
2
0
929582397
4
0
60948
2
0
929583421
4
0
60949
2
0
929584445
4
0
60950
2
0
929585469
4
0
60951
2
0
929588029
4
0
60952
2
0
929589053
4
0
60953
2
0
929590077
4
0
60954
2
0
929591101
4
0
60955
2
0
929592125
4
0
60956
2
0
929593149
4
0
60957
2
0
929574973
4
0
60958
2
0
929575997
4
0
60959
2
0
929577021
4
0
60960
2
0
929644861
4
0
60961
2
0
929645885
4
0
60962
2
0
929646909
4
0
60963
2
0
929647933
4
0
60964
2
0
929648957
4
0
60965
2
0
929649981
4
0
60966
2
0
929651005
4
0
60967
2
0
929653565
4
0
60968
2
0
929654589
4
0
60969
2
0
929655613
4
0
60970
2
0
929656637
4
0
60971
2
0
929657661
4
0
60972
2
0
929658685
4
0
60973
2
0
929640509
4
0
60974
2
0
929641533
4
0
60975
2
0
929642557
4
0
60976
2
0
929710397
4
0
60977
2
0
929711421
4
0
60978
2
0
929712445
4
0
60979
2
0
929713469
4
0
60980
2
0
929714493
4
0
60981
2
0
929715517
4
0
60982
2
0
929716541
4
0
60983
2
0
929719101
4
0
60984
2
0
929720125
4
0
60985
2
0
929721149
4
0
60986
2
0
929722173
4
0
60987
2
0
929723197
4
0
60988
2
0
929724221
4
0
60989
2
0
929706045
4
0
60990
2
0
929707069
4
0
60991
2
0
929708093
4
0
60992
2
0
929775933
4
0
60993
2
0
929776957
4
0
60994
2
0
929777981
4
0
60995
2
0
929779005
4
0
60996
2
0
929780029
4
0
60997
2
0
929781053
4
0
60998
2
0
929782077
4
0
60999
2
0
929784637
4
0
61000
2
0
929785661
4
0
61001
2
0
929786685
4
0
61002
2
0
929787709
4
0
61003
2
0
929788733
4
0
61004
2
0
929789757
4
0
61005
2
0
929771581
4
0
61006
2
0
929772605
4
0
61007
2
0
929773629
4
0
61008
2
0
929841469
4
0
61009
2
0
929842493
4
0
61010
2
0
929843517
4
0
61011
2
0
929844541
4
0
61012
2
0
929845565
4
0
61013
2
0
929846589
4
0
61014
2
0
929847613
4
0
61015
2
0
929850173
4
0
61016
2
0
929851197
4
0
61017
2
0
929852221
4
0
61018
2
0
929853245
4
0
61019
2
0
929854269
4
0
61020
2
0
929855293
4
0
61021
2
0
929837117
4
0
61022
2
0
929838141
4
0
61023
2
0
929839165
4
0
61024
2
0
929907005
4
0
61025
2
0
929908029
4
0
61026
2
0
929909053
4
0
61027
2
0
929910077
4
0
61028
2
0
929911101
4
0
61029
2
0
929912125
4
0
61030
2
0
929913149
4
0
61031
2
0
929915709
4
0
61032
2
0
929916733
4
0
61033
2
0
929917757
4
0
61034
2
0
929918781
4
0
61035
2
0
929919805
4
0
61036
2
0
929920829
4
0
61037
2
0
929902653
4
0
61038
2
0
929903677
4
0
61039
2
0
929904701
4
0
61040
2
0
929972541
4
0
61041
2
0
929973565
4
0
61042
2
0
929974589
4
0
61043
2
0
929975613
4
0
61044
2
0
929976637
4
0
61045
2
0
929977661
4
0
61046
2
0
929978685
4
0
61047
2
0
929981245
4
0
61048
2
0
929982269
4
0
61049
2
0
929983293
4
0
61050
2
0
929984317
4
0
61051
2
0
929985341
4
0
61052
2
0
929986365
4
0
61053
2
0
929968189
4
0
61054
2
0
929969213
4
0
61055
2
0
929970237
4
0
61056
2
0
930038077
4
0
61057
2
0
930039101
4
0
61058
2
0
930040125
4
0
61059
2
0
930041149
4
0
61060
2
0
930042173
4
0
61061
2
0
930043197
4
0
61062
2
0
930044221
4
0
61063
2
0
930046781
4
0
61064
2
0
930047805
4
0
61065
2
0
930048829
4
0
61066
2
0
930049853
4
0
61067
2
0
930050877
4
0
61068
2
0
930051901
4
0
61069
2
0
930033725
4
0
61070
2
0
930034749
4
0
61071
2
0
930035773
4
0
61072
2
0
930103613
4
0
61073
2
0
930104637
4
0
61074
2
0
930105661
4
0
61075
2
0
930106685
4
0
61076
2
0
930107709
4
0
61077
2
0
930108733
4
0
61078
2
0
930109757
4
0
61079
2
0
930112317
4
0
61080
2
0
930113341
4
0
61081
2
0
930114365
4
0
61082
2
0
930115389
4
0
61083
2
0
930116413
4
0
61084
2
0
930117437
4
0
61085
2
0
930099261
4
0
61086
2
0
930100285
4
0
61087
2
0
930101309
4
0
61088
2
0
930169149
4
0
61089
2
0
930170173
4
0
61090
2
0
930171197
4
0
61091
2
0
930172221
4
0
61092
2
0
930173245
4
0
61093
2
0
930174269
4
0
61094
2
0
930175293
4
0
61095
2
0
930177853
4
0
61096
2
0
930178877
4
0
61097
2
0
930179901
4
0
61098
2
0
930180925
4
0
61099
2
0
930181949
4
0
61100
2
0
930182973
4
0
61101
2
0
930164797
4
0
61102
2
0
930165821
4
0
61103
2
0
930166845
4
0
61104
2
0
930234685
4
0
61105
2
0
930235709
4
0
61106
2
0
930236733
4
0
61107
2
0
930237757
4
0
61108
2
0
930238781
4
0
61109
2
0
930239805
4
0
61110
2
0
930240829
4
0
61111
2
0
930243389
4
0
61112
2
0
930244413
4
0
61113
2
0
930245437
4
0
61114
2
0
930246461
4
0
61115
2
0
930247485
4
0
61116
2
0
930248509
4
0
61117
2
0
930230333
4
0
61118
2
0
930231357
4
0
61119
2
0
930232381
4
0
61120
2
0
930300221
4
0
61121
2
0
930301245
4
0
61122
2
0
930302269
4
0
61123
2
0
930303293
4
0
61124
2
0
930304317
4
0
61125
2
0
930305341
4
0
61126
2
0
930306365
4
0
61127
2
0
930308925
4
0
61128
2
0
930309949
4
0
61129
2
0
930310973
4
0
61130
2
0
930311997
4
0
61131
2
0
930313021
4
0
61132
2
0
930314045
4
0
61133
2
0
930295869
4
0
61134
2
0
930296893
4
0
61135
2
0
930297917
4
0
61136
2
0
930365757
4
0
61137
2
0
930366781
4
0
61138
2
0
930367805
4
0
61139
2
0
930368829
4
0
61140
2
0
930369853
4
0
61141
2
0
930370877
4
0
61142
2
0
930371901
4
0
61143
2
0
930374461
4
0
61144
2
0
930375485
4
0
61145
2
0
930376509
4
0
61146
2
0
930377533
4
0
61147
2
0
930378557
4
0
61148
2
0
930379581
4
0
61149
2
0
930361405
4
0
61150
2
0
930362429
4
0
61151
2
0
930363453
4
0
61152
2
0
930431293
4
0
61153
2
0
930432317
4
0
61154
2
0
930433341
4
0
61155
2
0
930434365
4
0
61156
2
0
930435389
4
0
61157
2
0
930436413
4
0
61158
2
0
930437437
4
0
61159
2
0
930439997
4
0
61160
2
0
930441021
4
0
61161
2
0
930442045
4
0
61162
2
0
930443069
4
0
61163
2
0
930444093
4
0
61164
2
0
930445117
4
0
61165
2
0
930426941
4
0
61166
2
0
930427965
4
0
61167
2
0
930428989
4
0
61168
2
0
930496829
4
0
61169
2
0
930497853
4
0
61170
2
0
930498877
4
0
61171
2
0
930499901
4
0
61172
2
0
930500925
4
0
61173
2
0
930501949
4
0
61174
2
0
930502973
4
0
61175
2
0
930505533
4
0
61176
2
0
930506557
4
0
61177
2
0
930507581
4
0
61178
2
0
930508605
4
0
61179
2
0
930509629
4
0
61180
2
0
930510653
4
0
61181
2
0
930492477
4
0
61182
2
0
930493501
4
0
61183
2
0
930494525
4
0
61184
2
0
930562365
4
0
61185
2
0
930563389
4
0
61186
2
0
930564413
4
0
61187
2
0
930565437
4
0
61188
2
0
930566461
4
0
61189
2
0
930567485
4
0
61190
2
0
930568509
4
0
61191
2
0
930571069
4
0
61192
2
0
930572093
4
0
61193
2
0
930573117
4
0
61194
2
0
930574141
4
0
61195
2
0
930575165
4
0
61196
2
0
930576189
4
0
61197
2
0
930558013
4
0
61198
2
0
930559037
4
0
61199
2
0
930560061
4
0
61200
2
0
930627901
4
0
61201
2
0
930628925
4
0
61202
2
0
930629949
4
0
61203
2
0
930630973
4
0
61204
2
0
930631997
4
0
61205
2
0
930633021
4
0
61206
2
0
930634045
4
0
61207
2
0
930636605
4
0
61208
2
0
930637629
4
0
61209
2
0
930638653
4
0
61210
2
0
930639677
4
0
61211
2
0
930640701
4
0
61212
2
0
930641725
4
0
61213
2
0
930623549
4
0
61214
2
0
930624573
4
0
61215
2
0
930625597
4
0
61216
2
0
930693437
4
0
61217
2
0
930694461
4
0
61218
2
0
930695485
4
0
61219
2
0
930696509
4
0
61220
2
0
930697533
4
0
61221
2
0
930698557
4
0
61222
2
0
930699581
4
0
61223
2
0
930702141
4
0
61224
2
0
930703165
4
0
61225
2
0
930704189
4
0
61226
2
0
930705213
4
0
61227
2
0
930706237
4
0
61228
2
0
930707261
4
0
61229
2
0
930689085
4
0
61230
2
0
930690109
4
0
61231
2
0
930691133
4
0
61232
2
0
930758973
4
0
61233
2
0
930759997
4
0
61234
2
0
930761021
4
0
61235
2
0
930762045
4
0
61236
2
0
930763069
4
0
61237
2
0
930764093
4
0
61238
2
0
930765117
4
0
61239
2
0
930767677
4
0
61240
2
0
930768701
4
0
61241
2
0
930769725
4
0
61242
2
0
930770749
4
0
61243
2
0
930771773
4
0
61244
2
0
930772797
4
0
61245
2
0
930754621
4
0
61246
2
0
930755645
4
0
61247
2
0
930756669
4
0
61248
2
0
925909309
4
0
61249
2
0
925910333
4
0
61250
2
0
925911357
4
0
61251
2
0
925912381
4
0
61252
2
0
925913405
4
0
61253
2
0
925914429
4
0
61254
2
0
925915453
4
0
61255
2
0
925918013
4
0
61256
2
0
925919037
4
0
61257
2
0
925920061
4
0
61258
2
0
925921085
4
0
61259
2
0
925922109
4
0
61260
2
0
925923133
4
0
61261
2
0
925904957
4
0
61262
2
0
925905981
4
0
61263
2
0
925907005
4
0
61264
2
0
925974845
4
0
61265
2
0
925975869
4
0
61266
2
0
925976893
4
0
61267
2
0
925977917
4
0
61268
2
0
925978941
4
0
61269
2
0
925979965
4
0
61270
2
0
925980989
4
0
61271
2
0
925983549
4
0
61272
2
0
925984573
4
0
61273
2
0
925985597
4
0
61274
2
0
925986621
4
0
61275
2
0
925987645
4
0
61276
2
0
925988669
4
0
61277
2
0
925970493
4
0
61278
2
0
925971517
4
0
61279
2
0
925972541
4
0
61280
2
0
926040381
4
0
61281
2
0
926041405
4
0
61282
2
0
926042429
4
0
61283
2
0
926043453
4
0
61284
2
0
926044477
4
0
61285
2
0
926045501
4
0
61286
2
0
926046525
4
0
61287
2
0
926049085
4
0
61288
2
0
926050109
4
0
61289
2
0
926051133
4
0
61290
2
0
926052157
4
0
61291
2
0
926053181
4
0
61292
2
0
926054205
4
0
61293
2
0
926036029
4
0
61294
2
0
926037053
4
0
61295
2
0
926038077
4
0
61296
2
0
926105917
4
0
61297
2
0
926106941
4
0
61298
2
0
926107965
4
0
61299
2
0
926108989
4
0
61300
2
0
926110013
4
0
61301
2
0
926111037
4
0
61302
2
0
926112061
4
0
61303
2
0
926114621
4
0
61304
2
0
926115645
4
0
61305
2
0
926116669
4
0
61306
2
0
926117693
4
0
61307
2
0
926118717
4
0
61308
2
0
926119741
4
0
61309
2
0
926101565
4
0
61310
2
0
926102589
4
0
61311
2
0
926103613
4
0
61312
2
0
926171453
4
0
61313
2
0
926172477
4
0
61314
2
0
926173501
4
0
61315
2
0
926174525
4
0
61316
2
0
926175549
4
0
61317
2
0
926176573
4
0
61318
2
0
926177597
4
0
61319
2
0
926180157
4
0
61320
2
0
926181181
4
0
61321
2
0
926182205
4
0
61322
2
0
926183229
4
0
61323
2
0
926184253
4
0
61324
2
0
926185277
4
0
61325
2
0
926167101
4
0
61326
2
0
926168125
4
0
61327
2
0
926169149
4
0
61328
2
0
926236989
4
0
61329
2
0
926238013
4
0
61330
2
0
926239037
4
0
61331
2
0
926240061
4
0
61332
2
0
926241085
4
0
61333
2
0
926242109
4
0
61334
2
0
926243133
4
0
61335
2
0
926245693
4
0
61336
2
0
926246717
4
0
61337
2
0
926247741
4
0
61338
2
0
926248765
4
0
61339
2
0
926249789
4
0
61340
2
0
926250813
4
0
61341
2
0
926232637
4
0
61342
2
0
926233661
4
0
61343
2
0
926234685
4
0
61344
2
0
926302525
4
0
61345
2
0
926303549
4
0
61346
2
0
926304573
4
0
61347
2
0
926305597
4
0
61348
2
0
926306621
4
0
61349
2
0
926307645
4
0
61350
2
0
926308669
4
0
61351
2
0
926311229
4
0
61352
2
0
926312253
4
0
61353
2
0
926313277
4
0
61354
2
0
926314301
4
0
61355
2
0
926315325
4
0
61356
2
0
926316349
4
0
61357
2
0
926298173
4
0
61358
2
0
926299197
4
0
61359
2
0
926300221
4
0
61360
2
0
926368061
4
0
61361
2
0
926369085
4
0
61362
2
0
926370109
4
0
61363
2
0
926371133
4
0
61364
2
0
926372157
4
0
61365
2
0
926373181
4
0
61366
2
0
926374205
4
0
61367
2
0
926376765
4
0
61368
2
0
926377789
4
0
61369
2
0
926378813
4
0
61370
2
0
926379837
4
0
61371
2
0
926380861
4
0
61372
2
0
926381885
4
0
61373
2
0
926363709
4
0
61374
2
0
926364733
4
0
61375
2
0
926365757
4
0
61376
2
0
926433597
4
0
61377
2
0
926434621
4
0
61378
2
0
926435645
4
0
61379
2
0
926436669
4
0
61380
2
0
926437693
4
0
61381
2
0
926438717
4
0
61382
2
0
926439741
4
0
61383
2
0
926442301
4
0
61384
2
0
926443325
4
0
61385
2
0
926444349
4
0
61386
2
0
926445373
4
0
61387
2
0
926446397
4
0
61388
2
0
926447421
4
0
61389
2
0
926429245
4
0
61390
2
0
926430269
4
0
61391
2
0
926431293
4
0
61392
2
0
926499133
4
0
61393
2
0
926500157
4
0
61394
2
0
926501181
4
0
61395
2
0
926502205
4
0
61396
2
0
926503229
4
0
61397
2
0
926504253
4
0
61398
2
0
926505277
4
0
61399
2
0
926507837
4
0
61400
2
0
926508861
4
0
61401
2
0
926509885
4
0
61402
2
0
926510909
4
0
61403
2
0
926511933
4
0
61404
2
0
926512957
4
0
61405
2
0
926494781
4
0
61406
2
0
926495805
4
0
61407
2
0
926496829
4
0
61408
2
0
925581629
4
0
61409
2
0
925582653
4
0
61410
2
0
925583677
4
0
61411
2
0
925584701
4
0
61412
2
0
925585725
4
0
61413
2
0
925586749
4
0
61414
2
0
925587773
4
0
61415
2
0
925590333
4
0
61416
2
0
925591357
4
0
61417
2
0
925592381
4
0
61418
2
0
925593405
4
0
61419
2
0
925594429
4
0
61420
2
0
925595453
4
0
61421
2
0
925577277
4
0
61422
2
0
925578301
4
0
61423
2
0
925579325
4
0
61424
2
0
925843773
4
0
61425
2
0
925844797
4
0
61426
2
0
925845821
4
0
61427
2
0
925846845
4
0
61428
2
0
925847869
4
0
61429
2
0
925848893
4
0
61430
2
0
925849917
4
0
61431
2
0
925852477
4
0
61432
2
0
925853501
4
0
61433
2
0
925854525
4
0
61434
2
0
925855549
4
0
61435
2
0
925856573
4
0
61436
2
0
925857597
4
0
61437
2
0
925839421
4
0
61438
2
0
925840445
4
0
61439
2
0
925841469
4
