1024
0
43008
2
0
1900101949
4
0
43009
2
0
1900102973
4
0
43010
2
0
1900103997
4
0
43011
2
0
1900105021
4
0
43012
2
0
1900106045
4
0
43013
2
0
1900107069
4
0
43014
2
0
1900108093
4
0
43015
2
0
1900110653
4
0
43016
2
0
1900111677
4
0
43017
2
0
1900112701
4
0
43018
2
0
1900113725
4
0
43019
2
0
1900114749
4
0
43020
2
0
1900115773
4
0
43021
2
0
1900097597
4
0
43022
2
0
1900098621
4
0
43023
2
0
1900099645
4
0
43024
2
0
1900167485
4
0
43025
2
0
1900168509
4
0
43026
2
0
1900169533
4
0
43027
2
0
1900170557
4
0
43028
2
0
1900171581
4
0
43029
2
0
1900172605
4
0
43030
2
0
1900173629
4
0
43031
2
0
1900176189
4
0
43032
2
0
1900177213
4
0
43033
2
0
1900178237
4
0
43034
2
0
1900179261
4
0
43035
2
0
1900180285
4
0
43036
2
0
1900181309
4
0
43037
2
0
1900163133
4
0
43038
2
0
1900164157
4
0
43039
2
0
1900165181
4
0
43040
2
0
1900233021
4
0
43041
2
0
1900234045
4
0
43042
2
0
1900235069
4
0
43043
2
0
1900236093
4
0
43044
2
0
1900237117
4
0
43045
2
0
1900238141
4
0
43046
2
0
1900239165
4
0
43047
2
0
1900241725
4
0
43048
2
0
1900242749
4
0
43049
2
0
1900243773
4
0
43050
2
0
1900244797
4
0
43051
2
0
1900245821
4
0
43052
2
0
1900246845
4
0
43053
2
0
1900228669
4
0
43054
2
0
1900229693
4
0
43055
2
0
1900230717
4
0
43056
2
0
1900298557
4
0
43057
2
0
1900299581
4
0
43058
2
0
1900300605
4
0
43059
2
0
1900301629
4
0
43060
2
0
1900302653
4
0
43061
2
0
1900303677
4
0
43062
2
0
1900304701
4
0
43063
2
0
1900307261
4
0
43064
2
0
1900308285
4
0
43065
2
0
1900309309
4
0
43066
2
0
1900310333
4
0
43067
2
0
1900311357
4
0
43068
2
0
1900312381
4
0
43069
2
0
1900294205
4
0
43070
2
0
1900295229
4
0
43071
2
0
1900296253
4
0
43072
2
0
1900364093
4
0
43073
2
0
1900365117
4
0
43074
2
0
1900366141
4
0
43075
2
0
1900367165
4
0
43076
2
0
1900368189
4
0
43077
2
0
1900369213
4
0
43078
2
0
1900370237
4
0
43079
2
0
1900372797
4
0
43080
2
0
1900373821
4
0
43081
2
0
1900374845
4
0
43082
2
0
1900375869
4
0
43083
2
0
1900376893
4
0
43084
2
0
1900377917
4
0
43085
2
0
1900359741
4
0
43086
2
0
1900360765
4
0
43087
2
0
1900361789
4
0
43088
2
0
1900429629
4
0
43089
2
0
1900430653
4
0
43090
2
0
1900431677
4
0
43091
2
0
1900432701
4
0
43092
2
0
1900433725
4
0
43093
2
0
1900434749
4
0
43094
2
0
1900435773
4
0
43095
2
0
1900438333
4
0
43096
2
0
1900439357
4
0
43097
2
0
1900440381
4
0
43098
2
0
1900441405
4
0
43099
2
0
1900442429
4
0
43100
2
0
1900443453
4
0
43101
2
0
1900425277
4
0
43102
2
0
1900426301
4
0
43103
2
0
1900427325
4
0
43104
2
0
1900495165
4
0
43105
2
0
1900496189
4
0
43106
2
0
1900497213
4
0
43107
2
0
1900498237
4
0
43108
2
0
1900499261
4
0
43109
2
0
1900500285
4
0
43110
2
0
1900501309
4
0
43111
2
0
1900503869
4
0
43112
2
0
1900504893
4
0
43113
2
0
1900505917
4
0
43114
2
0
1900506941
4
0
43115
2
0
1900507965
4
0
43116
2
0
1900508989
4
0
43117
2
0
1900490813
4
0
43118
2
0
1900491837
4
0
43119
2
0
1900492861
4
0
43120
2
0
1900560701
4
0
43121
2
0
1900561725
4
0
43122
2
0
1900562749
4
0
43123
2
0
1900563773
4
0
43124
2
0
1900564797
4
0
43125
2
0
1900565821
4
0
43126
2
0
1900566845
4
0
43127
2
0
1900569405
4
0
43128
2
0
1900570429
4
0
43129
2
0
1900571453
4
0
43130
2
0
1900572477
4
0
43131
2
0
1900573501
4
0
43132
2
0
1900574525
4
0
43133
2
0
1900556349
4
0
43134
2
0
1900557373
4
0
43135
2
0
1900558397
4
0
43136
2
0
1900626237
4
0
43137
2
0
1900627261
4
0
43138
2
0
1900628285
4
0
43139
2
0
1900629309
4
0
43140
2
0
1900630333
4
0
43141
2
0
1900631357
4
0
43142
2
0
1900632381
4
0
43143
2
0
1900634941
4
0
43144
2
0
1900635965
4
0
43145
2
0
1900636989
4
0
43146
2
0
1900638013
4
0
43147
2
0
1900639037
4
0
43148
2
0
1900640061
4
0
43149
2
0
1900621885
4
0
43150
2
0
1900622909
4
0
43151
2
0
1900623933
4
0
43152
2
0
1900691773
4
0
43153
2
0
1900692797
4
0
43154
2
0
1900693821
4
0
43155
2
0
1900694845
4
0
43156
2
0
1900695869
4
0
43157
2
0
1900696893
4
0
43158
2
0
1900697917
4
0
43159
2
0
1900700477
4
0
43160
2
0
1900701501
4
0
43161
2
0
1900702525
4
0
43162
2
0
1900703549
4
0
43163
2
0
1900704573
4
0
43164
2
0
1900705597
4
0
43165
2
0
1900687421
4
0
43166
2
0
1900688445
4
0
43167
2
0
1900689469
4
0
43168
2
0
1900757309
4
0
43169
2
0
1900758333
4
0
43170
2
0
1900759357
4
0
43171
2
0
1900760381
4
0
43172
2
0
1900761405
4
0
43173
2
0
1900762429
4
0
43174
2
0
1900763453
4
0
43175
2
0
1900766013
4
0
43176
2
0
1900767037
4
0
43177
2
0
1900768061
4
0
43178
2
0
1900769085
4
0
43179
2
0
1900770109
4
0
43180
2
0
1900771133
4
0
43181
2
0
1900752957
4
0
43182
2
0
1900753981
4
0
43183
2
0
1900755005
4
0
43184
2
0
1900822845
4
0
43185
2
0
1900823869
4
0
43186
2
0
1900824893
4
0
43187
2
0
1900825917
4
0
43188
2
0
1900826941
4
0
43189
2
0
1900827965
4
0
43190
2
0
1900828989
4
0
43191
2
0
1900831549
4
0
43192
2
0
1900832573
4
0
43193
2
0
1900833597
4
0
43194
2
0
1900834621
4
0
43195
2
0
1900835645
4
0
43196
2
0
1900836669
4
0
43197
2
0
1900818493
4
0
43198
2
0
1900819517
4
0
43199
2
0
1900820541
4
0
43200
2
0
1900888381
4
0
43201
2
0
1900889405
4
0
43202
2
0
1900890429
4
0
43203
2
0
1900891453
4
0
43204
2
0
1900892477
4
0
43205
2
0
1900893501
4
0
43206
2
0
1900894525
4
0
43207
2
0
1900897085
4
0
43208
2
0
1900898109
4
0
43209
2
0
1900899133
4
0
43210
2
0
1900900157
4
0
43211
2
0
1900901181
4
0
43212
2
0
1900902205
4
0
43213
2
0
1900884029
4
0
43214
2
0
1900885053
4
0
43215
2
0
1900886077
4
0
43216
2
0
1900953917
4
0
43217
2
0
1900954941
4
0
43218
2
0
1900955965
4
0
43219
2
0
1900956989
4
0
43220
2
0
1900958013
4
0
43221
2
0
1900959037
4
0
43222
2
0
1900960061
4
0
43223
2
0
1900962621
4
0
43224
2
0
1900963645
4
0
43225
2
0
1900964669
4
0
43226
2
0
1900965693
4
0
43227
2
0
1900966717
4
0
43228
2
0
1900967741
4
0
43229
2
0
1900949565
4
0
43230
2
0
1900950589
4
0
43231
2
0
1900951613
4
0
43232
2
0
1901019453
4
0
43233
2
0
1901020477
4
0
43234
2
0
1901021501
4
0
43235
2
0
1901022525
4
0
43236
2
0
1901023549
4
0
43237
2
0
1901024573
4
0
43238
2
0
1901025597
4
0
43239
2
0
1901028157
4
0
43240
2
0
1901029181
4
0
43241
2
0
1901030205
4
0
43242
2
0
1901031229
4
0
43243
2
0
1901032253
4
0
43244
2
0
1901033277
4
0
43245
2
0
1901015101
4
0
43246
2
0
1901016125
4
0
43247
2
0
1901017149
4
0
43248
2
0
1901084989
4
0
43249
2
0
1901086013
4
0
43250
2
0
1901087037
4
0
43251
2
0
1901088061
4
0
43252
2
0
1901089085
4
0
43253
2
0
1901090109
4
0
43254
2
0
1901091133
4
0
43255
2
0
1901093693
4
0
43256
2
0
1901094717
4
0
43257
2
0
1901095741
4
0
43258
2
0
1901096765
4
0
43259
2
0
1901097789
4
0
43260
2
0
1901098813
4
0
43261
2
0
1901080637
4
0
43262
2
0
1901081661
4
0
43263
2
0
1901082685
4
0
43264
2
0
1901150525
4
0
43265
2
0
1901151549
4
0
43266
2
0
1901152573
4
0
43267
2
0
1901153597
4
0
43268
2
0
1901154621
4
0
43269
2
0
1901155645
4
0
43270
2
0
1901156669
4
0
43271
2
0
1901159229
4
0
43272
2
0
1901160253
4
0
43273
2
0
1901161277
4
0
43274
2
0
1901162301
4
0
43275
2
0
1901163325
4
0
43276
2
0
1901164349
4
0
43277
2
0
1901146173
4
0
43278
2
0
1901147197
4
0
43279
2
0
1901148221
4
0
43280
2
0
1901216061
4
0
43281
2
0
1901217085
4
0
43282
2
0
1901218109
4
0
43283
2
0
1901219133
4
0
43284
2
0
1901220157
4
0
43285
2
0
1901221181
4
0
43286
2
0
1901222205
4
0
43287
2
0
1901224765
4
0
43288
2
0
1901225789
4
0
43289
2
0
1901226813
4
0
43290
2
0
1901227837
4
0
43291
2
0
1901228861
4
0
43292
2
0
1901229885
4
0
43293
2
0
1901211709
4
0
43294
2
0
1901212733
4
0
43295
2
0
1901213757
4
0
43296
2
0
1901281597
4
0
43297
2
0
1901282621
4
0
43298
2
0
1901283645
4
0
43299
2
0
1901284669
4
0
43300
2
0
1901285693
4
0
43301
2
0
1901286717
4
0
43302
2
0
1901287741
4
0
43303
2
0
1901290301
4
0
43304
2
0
1901291325
4
0
43305
2
0
1901292349
4
0
43306
2
0
1901293373
4
0
43307
2
0
1901294397
4
0
43308
2
0
1901295421
4
0
43309
2
0
1901277245
4
0
43310
2
0
1901278269
4
0
43311
2
0
1901279293
4
0
43312
2
0
1901347133
4
0
43313
2
0
1901348157
4
0
43314
2
0
1901349181
4
0
43315
2
0
1901350205
4
0
43316
2
0
1901351229
4
0
43317
2
0
1901352253
4
0
43318
2
0
1901353277
4
0
43319
2
0
1901355837
4
0
43320
2
0
1901356861
4
0
43321
2
0
1901357885
4
0
43322
2
0
1901358909
4
0
43323
2
0
1901359933
4
0
43324
2
0
1901360957
4
0
43325
2
0
1901342781
4
0
43326
2
0
1901343805
4
0
43327
2
0
1901344829
4
0
43328
2
0
1901412669
4
0
43329
2
0
1901413693
4
0
43330
2
0
1901414717
4
0
43331
2
0
1901415741
4
0
43332
2
0
1901416765
4
0
43333
2
0
1901417789
4
0
43334
2
0
1901418813
4
0
43335
2
0
1901421373
4
0
43336
2
0
1901422397
4
0
43337
2
0
1901423421
4
0
43338
2
0
1901424445
4
0
43339
2
0
1901425469
4
0
43340
2
0
1901426493
4
0
43341
2
0
1901408317
4
0
43342
2
0
1901409341
4
0
43343
2
0
1901410365
4
0
43344
2
0
1901478205
4
0
43345
2
0
1901479229
4
0
43346
2
0
1901480253
4
0
43347
2
0
1901481277
4
0
43348
2
0
1901482301
4
0
43349
2
0
1901483325
4
0
43350
2
0
1901484349
4
0
43351
2
0
1901486909
4
0
43352
2
0
1901487933
4
0
43353
2
0
1901488957
4
0
43354
2
0
1901489981
4
0
43355
2
0
1901491005
4
0
43356
2
0
1901492029
4
0
43357
2
0
1901473853
4
0
43358
2
0
1901474877
4
0
43359
2
0
1901475901
4
0
43360
2
0
1901543741
4
0
43361
2
0
1901544765
4
0
43362
2
0
1901545789
4
0
43363
2
0
1901546813
4
0
43364
2
0
1901547837
4
0
43365
2
0
1901548861
4
0
43366
2
0
1901549885
4
0
43367
2
0
1901552445
4
0
43368
2
0
1901553469
4
0
43369
2
0
1901554493
4
0
43370
2
0
1901555517
4
0
43371
2
0
1901556541
4
0
43372
2
0
1901557565
4
0
43373
2
0
1901539389
4
0
43374
2
0
1901540413
4
0
43375
2
0
1901541437
4
0
43376
2
0
1901609277
4
0
43377
2
0
1901610301
4
0
43378
2
0
1901611325
4
0
43379
2
0
1901612349
4
0
43380
2
0
1901613373
4
0
43381
2
0
1901614397
4
0
43382
2
0
1901615421
4
0
43383
2
0
1901617981
4
0
43384
2
0
1901619005
4
0
43385
2
0
1901620029
4
0
43386
2
0
1901621053
4
0
43387
2
0
1901622077
4
0
43388
2
0
1901623101
4
0
43389
2
0
1901604925
4
0
43390
2
0
1901605949
4
0
43391
2
0
1901606973
4
0
43392
2
0
1901674813
4
0
43393
2
0
1901675837
4
0
43394
2
0
1901676861
4
0
43395
2
0
1901677885
4
0
43396
2
0
1901678909
4
0
43397
2
0
1901679933
4
0
43398
2
0
1901680957
4
0
43399
2
0
1901683517
4
0
43400
2
0
1901684541
4
0
43401
2
0
1901685565
4
0
43402
2
0
1901686589
4
0
43403
2
0
1901687613
4
0
43404
2
0
1901688637
4
0
43405
2
0
1901670461
4
0
43406
2
0
1901671485
4
0
43407
2
0
1901672509
4
0
43408
2
0
1901740349
4
0
43409
2
0
1901741373
4
0
43410
2
0
1901742397
4
0
43411
2
0
1901743421
4
0
43412
2
0
1901744445
4
0
43413
2
0
1901745469
4
0
43414
2
0
1901746493
4
0
43415
2
0
1901749053
4
0
43416
2
0
1901750077
4
0
43417
2
0
1901751101
4
0
43418
2
0
1901752125
4
0
43419
2
0
1901753149
4
0
43420
2
0
1901754173
4
0
43421
2
0
1901735997
4
0
43422
2
0
1901737021
4
0
43423
2
0
1901738045
4
0
43424
2
0
1902199101
4
0
43425
2
0
1902200125
4
0
43426
2
0
1902201149
4
0
43427
2
0
1902202173
4
0
43428
2
0
1902203197
4
0
43429
2
0
1902204221
4
0
43430
2
0
1902205245
4
0
43431
2
0
1902207805
4
0
43432
2
0
1902208829
4
0
43433
2
0
1902209853
4
0
43434
2
0
1902210877
4
0
43435
2
0
1902211901
4
0
43436
2
0
1902212925
4
0
43437
2
0
1902194749
4
0
43438
2
0
1902195773
4
0
43439
2
0
1902196797
4
0
43440
2
0
1902264637
4
0
43441
2
0
1902265661
4
0
43442
2
0
1902266685
4
0
43443
2
0
1902267709
4
0
43444
2
0
1902268733
4
0
43445
2
0
1902269757
4
0
43446
2
0
1902270781
4
0
43447
2
0
1902273341
4
0
43448
2
0
1902274365
4
0
43449
2
0
1902275389
4
0
43450
2
0
1902276413
4
0
43451
2
0
1902277437
4
0
43452
2
0
1902278461
4
0
43453
2
0
1902260285
4
0
43454
2
0
1902261309
4
0
43455
2
0
1902262333
4
0
43456
2
0
1902330173
4
0
43457
2
0
1902331197
4
0
43458
2
0
1902332221
4
0
43459
2
0
1902333245
4
0
43460
2
0
1902334269
4
0
43461
2
0
1902335293
4
0
43462
2
0
1902336317
4
0
43463
2
0
1902338877
4
0
43464
2
0
1902339901
4
0
43465
2
0
1902340925
4
0
43466
2
0
1902341949
4
0
43467
2
0
1902342973
4
0
43468
2
0
1902343997
4
0
43469
2
0
1902325821
4
0
43470
2
0
1902326845
4
0
43471
2
0
1902327869
4
0
43472
2
0
1902395709
4
0
43473
2
0
1902396733
4
0
43474
2
0
1902397757
4
0
43475
2
0
1902398781
4
0
43476
2
0
1902399805
4
0
43477
2
0
1902400829
4
0
43478
2
0
1902401853
4
0
43479
2
0
1902404413
4
0
43480
2
0
1902405437
4
0
43481
2
0
1902406461
4
0
43482
2
0
1902407485
4
0
43483
2
0
1902408509
4
0
43484
2
0
1902409533
4
0
43485
2
0
1902391357
4
0
43486
2
0
1902392381
4
0
43487
2
0
1902393405
4
0
43488
2
0
1902461245
4
0
43489
2
0
1902462269
4
0
43490
2
0
1902463293
4
0
43491
2
0
1902464317
4
0
43492
2
0
1902465341
4
0
43493
2
0
1902466365
4
0
43494
2
0
1902467389
4
0
43495
2
0
1902469949
4
0
43496
2
0
1902470973
4
0
43497
2
0
1902471997
4
0
43498
2
0
1902473021
4
0
43499
2
0
1902474045
4
0
43500
2
0
1902475069
4
0
43501
2
0
1902456893
4
0
43502
2
0
1902457917
4
0
43503
2
0
1902458941
4
0
43504
2
0
1902526781
4
0
43505
2
0
1902527805
4
0
43506
2
0
1902528829
4
0
43507
2
0
1902529853
4
0
43508
2
0
1902530877
4
0
43509
2
0
1902531901
4
0
43510
2
0
1902532925
4
0
43511
2
0
1902535485
4
0
43512
2
0
1902536509
4
0
43513
2
0
1902537533
4
0
43514
2
0
1902538557
4
0
43515
2
0
1902539581
4
0
43516
2
0
1902540605
4
0
43517
2
0
1902522429
4
0
43518
2
0
1902523453
4
0
43519
2
0
1902524477
4
0
43520
2
0
1902592317
4
0
43521
2
0
1902593341
4
0
43522
2
0
1902594365
4
0
43523
2
0
1902595389
4
0
43524
2
0
1902596413
4
0
43525
2
0
1902597437
4
0
43526
2
0
1902598461
4
0
43527
2
0
1902601021
4
0
43528
2
0
1902602045
4
0
43529
2
0
1902603069
4
0
43530
2
0
1902604093
4
0
43531
2
0
1902605117
4
0
43532
2
0
1902606141
4
0
43533
2
0
1902587965
4
0
43534
2
0
1902588989
4
0
43535
2
0
1902590013
4
0
43536
2
0
1902657853
4
0
43537
2
0
1902658877
4
0
43538
2
0
1902659901
4
0
43539
2
0
1902660925
4
0
43540
2
0
1902661949
4
0
43541
2
0
1902662973
4
0
43542
2
0
1902663997
4
0
43543
2
0
1902666557
4
0
43544
2
0
1902667581
4
0
43545
2
0
1902668605
4
0
43546
2
0
1902669629
4
0
43547
2
0
1902670653
4
0
43548
2
0
1902671677
4
0
43549
2
0
1902653501
4
0
43550
2
0
1902654525
4
0
43551
2
0
1902655549
4
0
43552
2
0
1902723389
4
0
43553
2
0
1902724413
4
0
43554
2
0
1902725437
4
0
43555
2
0
1902726461
4
0
43556
2
0
1902727485
4
0
43557
2
0
1902728509
4
0
43558
2
0
1902729533
4
0
43559
2
0
1902732093
4
0
43560
2
0
1902733117
4
0
43561
2
0
1902734141
4
0
43562
2
0
1902735165
4
0
43563
2
0
1902736189
4
0
43564
2
0
1902737213
4
0
43565
2
0
1902719037
4
0
43566
2
0
1902720061
4
0
43567
2
0
1902721085
4
0
43568
2
0
1902788925
4
0
43569
2
0
1902789949
4
0
43570
2
0
1902790973
4
0
43571
2
0
1902791997
4
0
43572
2
0
1902793021
4
0
43573
2
0
1902794045
4
0
43574
2
0
1902795069
4
0
43575
2
0
1902797629
4
0
43576
2
0
1902798653
4
0
43577
2
0
1902799677
4
0
43578
2
0
1902800701
4
0
43579
2
0
1902801725
4
0
43580
2
0
1902802749
4
0
43581
2
0
1902784573
4
0
43582
2
0
1902785597
4
0
43583
2
0
1902786621
4
0
43584
2
0
1902854461
4
0
43585
2
0
1902855485
4
0
43586
2
0
1902856509
4
0
43587
2
0
1902857533
4
0
43588
2
0
1902858557
4
0
43589
2
0
1902859581
4
0
43590
2
0
1902860605
4
0
43591
2
0
1902863165
4
0
43592
2
0
1902864189
4
0
43593
2
0
1902865213
4
0
43594
2
0
1902866237
4
0
43595
2
0
1902867261
4
0
43596
2
0
1902868285
4
0
43597
2
0
1902850109
4
0
43598
2
0
1902851133
4
0
43599
2
0
1902852157
4
0
43600
2
0
1902919997
4
0
43601
2
0
1902921021
4
0
43602
2
0
1902922045
4
0
43603
2
0
1902923069
4
0
43604
2
0
1902924093
4
0
43605
2
0
1902925117
4
0
43606
2
0
1902926141
4
0
43607
2
0
1902928701
4
0
43608
2
0
1902929725
4
0
43609
2
0
1902930749
4
0
43610
2
0
1902931773
4
0
43611
2
0
1902932797
4
0
43612
2
0
1902933821
4
0
43613
2
0
1902915645
4
0
43614
2
0
1902916669
4
0
43615
2
0
1902917693
4
0
43616
2
0
1902985533
4
0
43617
2
0
1902986557
4
0
43618
2
0
1902987581
4
0
43619
2
0
1902988605
4
0
43620
2
0
1902989629
4
0
43621
2
0
1902990653
4
0
43622
2
0
1902991677
4
0
43623
2
0
1902994237
4
0
43624
2
0
1902995261
4
0
43625
2
0
1902996285
4
0
43626
2
0
1902997309
4
0
43627
2
0
1902998333
4
0
43628
2
0
1902999357
4
0
43629
2
0
1902981181
4
0
43630
2
0
1902982205
4
0
43631
2
0
1902983229
4
0
43632
2
0
1903051069
4
0
43633
2
0
1903052093
4
0
43634
2
0
1903053117
4
0
43635
2
0
1903054141
4
0
43636
2
0
1903055165
4
0
43637
2
0
1903056189
4
0
43638
2
0
1903057213
4
0
43639
2
0
1903059773
4
0
43640
2
0
1903060797
4
0
43641
2
0
1903061821
4
0
43642
2
0
1903062845
4
0
43643
2
0
1903063869
4
0
43644
2
0
1903064893
4
0
43645
2
0
1903046717
4
0
43646
2
0
1903047741
4
0
43647
2
0
1903048765
4
0
43648
2
0
1903116605
4
0
43649
2
0
1903117629
4
0
43650
2
0
1903118653
4
0
43651
2
0
1903119677
4
0
43652
2
0
1903120701
4
0
43653
2
0
1903121725
4
0
43654
2
0
1903122749
4
0
43655
2
0
1903125309
4
0
43656
2
0
1903126333
4
0
43657
2
0
1903127357
4
0
43658
2
0
1903128381
4
0
43659
2
0
1903129405
4
0
43660
2
0
1903130429
4
0
43661
2
0
1903112253
4
0
43662
2
0
1903113277
4
0
43663
2
0
1903114301
4
0
43664
2
0
1903182141
4
0
43665
2
0
1903183165
4
0
43666
2
0
1903184189
4
0
43667
2
0
1903185213
4
0
43668
2
0
1903186237
4
0
43669
2
0
1903187261
4
0
43670
2
0
1903188285
4
0
43671
2
0
1903190845
4
0
43672
2
0
1903191869
4
0
43673
2
0
1903192893
4
0
43674
2
0
1903193917
4
0
43675
2
0
1903194941
4
0
43676
2
0
1903195965
4
0
43677
2
0
1903177789
4
0
43678
2
0
1903178813
4
0
43679
2
0
1903179837
4
0
43680
2
0
1903247677
4
0
43681
2
0
1903248701
4
0
43682
2
0
1903249725
4
0
43683
2
0
1903250749
4
0
43684
2
0
1903251773
4
0
43685
2
0
1903252797
4
0
43686
2
0
1903253821
4
0
43687
2
0
1903256381
4
0
43688
2
0
1903257405
4
0
43689
2
0
1903258429
4
0
43690
2
0
1903259453
4
0
43691
2
0
1903260477
4
0
43692
2
0
1903261501
4
0
43693
2
0
1903243325
4
0
43694
2
0
1903244349
4
0
43695
2
0
1903245373
4
0
43696
2
0
1903313213
4
0
43697
2
0
1903314237
4
0
43698
2
0
1903315261
4
0
43699
2
0
1903316285
4
0
43700
2
0
1903317309
4
0
43701
2
0
1903318333
4
0
43702
2
0
1903319357
4
0
43703
2
0
1903321917
4
0
43704
2
0
1903322941
4
0
43705
2
0
1903323965
4
0
43706
2
0
1903324989
4
0
43707
2
0
1903326013
4
0
43708
2
0
1903327037
4
0
43709
2
0
1903308861
4
0
43710
2
0
1903309885
4
0
43711
2
0
1903310909
4
0
43712
2
0
1903378749
4
0
43713
2
0
1903379773
4
0
43714
2
0
1903380797
4
0
43715
2
0
1903381821
4
0
43716
2
0
1903382845
4
0
43717
2
0
1903383869
4
0
43718
2
0
1903384893
4
0
43719
2
0
1903387453
4
0
43720
2
0
1903388477
4
0
43721
2
0
1903389501
4
0
43722
2
0
1903390525
4
0
43723
2
0
1903391549
4
0
43724
2
0
1903392573
4
0
43725
2
0
1903374397
4
0
43726
2
0
1903375421
4
0
43727
2
0
1903376445
4
0
43728
2
0
1903444285
4
0
43729
2
0
1903445309
4
0
43730
2
0
1903446333
4
0
43731
2
0
1903447357
4
0
43732
2
0
1903448381
4
0
43733
2
0
1903449405
4
0
43734
2
0
1903450429
4
0
43735
2
0
1903452989
4
0
43736
2
0
1903454013
4
0
43737
2
0
1903455037
4
0
43738
2
0
1903456061
4
0
43739
2
0
1903457085
4
0
43740
2
0
1903458109
4
0
43741
2
0
1903439933
4
0
43742
2
0
1903440957
4
0
43743
2
0
1903441981
4
0
43744
2
0
1903509821
4
0
43745
2
0
1903510845
4
0
43746
2
0
1903511869
4
0
43747
2
0
1903512893
4
0
43748
2
0
1903513917
4
0
43749
2
0
1903514941
4
0
43750
2
0
1903515965
4
0
43751
2
0
1903518525
4
0
43752
2
0
1903519549
4
0
43753
2
0
1903520573
4
0
43754
2
0
1903521597
4
0
43755
2
0
1903522621
4
0
43756
2
0
1903523645
4
0
43757
2
0
1903505469
4
0
43758
2
0
1903506493
4
0
43759
2
0
1903507517
4
0
43760
2
0
1903575357
4
0
43761
2
0
1903576381
4
0
43762
2
0
1903577405
4
0
43763
2
0
1903578429
4
0
43764
2
0
1903579453
4
0
43765
2
0
1903580477
4
0
43766
2
0
1903581501
4
0
43767
2
0
1903584061
4
0
43768
2
0
1903585085
4
0
43769
2
0
1903586109
4
0
43770
2
0
1903587133
4
0
43771
2
0
1903588157
4
0
43772
2
0
1903589181
4
0
43773
2
0
1903571005
4
0
43774
2
0
1903572029
4
0
43775
2
0
1903573053
4
0
43776
2
0
1903640893
4
0
43777
2
0
1903641917
4
0
43778
2
0
1903642941
4
0
43779
2
0
1903643965
4
0
43780
2
0
1903644989
4
0
43781
2
0
1903646013
4
0
43782
2
0
1903647037
4
0
43783
2
0
1903649597
4
0
43784
2
0
1903650621
4
0
43785
2
0
1903651645
4
0
43786
2
0
1903652669
4
0
43787
2
0
1903653693
4
0
43788
2
0
1903654717
4
0
43789
2
0
1903636541
4
0
43790
2
0
1903637565
4
0
43791
2
0
1903638589
4
0
43792
2
0
1903706429
4
0
43793
2
0
1903707453
4
0
43794
2
0
1903708477
4
0
43795
2
0
1903709501
4
0
43796
2
0
1903710525
4
0
43797
2
0
1903711549
4
0
43798
2
0
1903712573
4
0
43799
2
0
1903715133
4
0
43800
2
0
1903716157
4
0
43801
2
0
1903717181
4
0
43802
2
0
1903718205
4
0
43803
2
0
1903719229
4
0
43804
2
0
1903720253
4
0
43805
2
0
1903702077
4
0
43806
2
0
1903703101
4
0
43807
2
0
1903704125
4
0
43808
2
0
1903771965
4
0
43809
2
0
1903772989
4
0
43810
2
0
1903774013
4
0
43811
2
0
1903775037
4
0
43812
2
0
1903776061
4
0
43813
2
0
1903777085
4
0
43814
2
0
1903778109
4
0
43815
2
0
1903780669
4
0
43816
2
0
1903781693
4
0
43817
2
0
1903782717
4
0
43818
2
0
1903783741
4
0
43819
2
0
1903784765
4
0
43820
2
0
1903785789
4
0
43821
2
0
1903767613
4
0
43822
2
0
1903768637
4
0
43823
2
0
1903769661
4
0
43824
2
0
1903837501
4
0
43825
2
0
1903838525
4
0
43826
2
0
1903839549
4
0
43827
2
0
1903840573
4
0
43828
2
0
1903841597
4
0
43829
2
0
1903842621
4
0
43830
2
0
1903843645
4
0
43831
2
0
1903846205
4
0
43832
2
0
1903847229
4
0
43833
2
0
1903848253
4
0
43834
2
0
1903849277
4
0
43835
2
0
1903850301
4
0
43836
2
0
1903851325
4
0
43837
2
0
1903833149
4
0
43838
2
0
1903834173
4
0
43839
2
0
1903835197
4
0
43840
2
0
1898987837
4
0
43841
2
0
1898988861
4
0
43842
2
0
1898989885
4
0
43843
2
0
1898990909
4
0
43844
2
0
1898991933
4
0
43845
2
0
1898992957
4
0
43846
2
0
1898993981
4
0
43847
2
0
1898996541
4
0
43848
2
0
1898997565
4
0
43849
2
0
1898998589
4
0
43850
2
0
1898999613
4
0
43851
2
0
1899000637
4
0
43852
2
0
1899001661
4
0
43853
2
0
1898983485
4
0
43854
2
0
1898984509
4
0
43855
2
0
1898985533
4
0
43856
2
0
1899053373
4
0
43857
2
0
1899054397
4
0
43858
2
0
1899055421
4
0
43859
2
0
1899056445
4
0
43860
2
0
1899057469
4
0
43861
2
0
1899058493
4
0
43862
2
0
1899059517
4
0
43863
2
0
1899062077
4
0
43864
2
0
1899063101
4
0
43865
2
0
1899064125
4
0
43866
2
0
1899065149
4
0
43867
2
0
1899066173
4
0
43868
2
0
1899067197
4
0
43869
2
0
1899049021
4
0
43870
2
0
1899050045
4
0
43871
2
0
1899051069
4
0
43872
2
0
1899118909
4
0
43873
2
0
1899119933
4
0
43874
2
0
1899120957
4
0
43875
2
0
1899121981
4
0
43876
2
0
1899123005
4
0
43877
2
0
1899124029
4
0
43878
2
0
1899125053
4
0
43879
2
0
1899127613
4
0
43880
2
0
1899128637
4
0
43881
2
0
1899129661
4
0
43882
2
0
1899130685
4
0
43883
2
0
1899131709
4
0
43884
2
0
1899132733
4
0
43885
2
0
1899114557
4
0
43886
2
0
1899115581
4
0
43887
2
0
1899116605
4
0
43888
2
0
1899184445
4
0
43889
2
0
1899185469
4
0
43890
2
0
1899186493
4
0
43891
2
0
1899187517
4
0
43892
2
0
1899188541
4
0
43893
2
0
1899189565
4
0
43894
2
0
1899190589
4
0
43895
2
0
1899193149
4
0
43896
2
0
1899194173
4
0
43897
2
0
1899195197
4
0
43898
2
0
1899196221
4
0
43899
2
0
1899197245
4
0
43900
2
0
1899198269
4
0
43901
2
0
1899180093
4
0
43902
2
0
1899181117
4
0
43903
2
0
1899182141
4
0
43904
2
0
1899249981
4
0
43905
2
0
1899251005
4
0
43906
2
0
1899252029
4
0
43907
2
0
1899253053
4
0
43908
2
0
1899254077
4
0
43909
2
0
1899255101
4
0
43910
2
0
1899256125
4
0
43911
2
0
1899258685
4
0
43912
2
0
1899259709
4
0
43913
2
0
1899260733
4
0
43914
2
0
1899261757
4
0
43915
2
0
1899262781
4
0
43916
2
0
1899263805
4
0
43917
2
0
1899245629
4
0
43918
2
0
1899246653
4
0
43919
2
0
1899247677
4
0
43920
2
0
1899315517
4
0
43921
2
0
1899316541
4
0
43922
2
0
1899317565
4
0
43923
2
0
1899318589
4
0
43924
2
0
1899319613
4
0
43925
2
0
1899320637
4
0
43926
2
0
1899321661
4
0
43927
2
0
1899324221
4
0
43928
2
0
1899325245
4
0
43929
2
0
1899326269
4
0
43930
2
0
1899327293
4
0
43931
2
0
1899328317
4
0
43932
2
0
1899329341
4
0
43933
2
0
1899311165
4
0
43934
2
0
1899312189
4
0
43935
2
0
1899313213
4
0
43936
2
0
1899381053
4
0
43937
2
0
1899382077
4
0
43938
2
0
1899383101
4
0
43939
2
0
1899384125
4
0
43940
2
0
1899385149
4
0
43941
2
0
1899386173
4
0
43942
2
0
1899387197
4
0
43943
2
0
1899389757
4
0
43944
2
0
1899390781
4
0
43945
2
0
1899391805
4
0
43946
2
0
1899392829
4
0
43947
2
0
1899393853
4
0
43948
2
0
1899394877
4
0
43949
2
0
1899376701
4
0
43950
2
0
1899377725
4
0
43951
2
0
1899378749
4
0
43952
2
0
1899446589
4
0
43953
2
0
1899447613
4
0
43954
2
0
1899448637
4
0
43955
2
0
1899449661
4
0
43956
2
0
1899450685
4
0
43957
2
0
1899451709
4
0
43958
2
0
1899452733
4
0
43959
2
0
1899455293
4
0
43960
2
0
1899456317
4
0
43961
2
0
1899457341
4
0
43962
2
0
1899458365
4
0
43963
2
0
1899459389
4
0
43964
2
0
1899460413
4
0
43965
2
0
1899442237
4
0
43966
2
0
1899443261
4
0
43967
2
0
1899444285
4
0
43968
2
0
1899512125
4
0
43969
2
0
1899513149
4
0
43970
2
0
1899514173
4
0
43971
2
0
1899515197
4
0
43972
2
0
1899516221
4
0
43973
2
0
1899517245
4
0
43974
2
0
1899518269
4
0
43975
2
0
1899520829
4
0
43976
2
0
1899521853
4
0
43977
2
0
1899522877
4
0
43978
2
0
1899523901
4
0
43979
2
0
1899524925
4
0
43980
2
0
1899525949
4
0
43981
2
0
1899507773
4
0
43982
2
0
1899508797
4
0
43983
2
0
1899509821
4
0
43984
2
0
1899577661
4
0
43985
2
0
1899578685
4
0
43986
2
0
1899579709
4
0
43987
2
0
1899580733
4
0
43988
2
0
1899581757
4
0
43989
2
0
1899582781
4
0
43990
2
0
1899583805
4
0
43991
2
0
1899586365
4
0
43992
2
0
1899587389
4
0
43993
2
0
1899588413
4
0
43994
2
0
1899589437
4
0
43995
2
0
1899590461
4
0
43996
2
0
1899591485
4
0
43997
2
0
1899573309
4
0
43998
2
0
1899574333
4
0
43999
2
0
1899575357
4
0
44000
2
0
1898660157
4
0
44001
2
0
1898661181
4
0
44002
2
0
1898662205
4
0
44003
2
0
1898663229
4
0
44004
2
0
1898664253
4
0
44005
2
0
1898665277
4
0
44006
2
0
1898666301
4
0
44007
2
0
1898668861
4
0
44008
2
0
1898669885
4
0
44009
2
0
1898670909
4
0
44010
2
0
1898671933
4
0
44011
2
0
1898672957
4
0
44012
2
0
1898673981
4
0
44013
2
0
1898655805
4
0
44014
2
0
1898656829
4
0
44015
2
0
1898657853
4
0
44016
2
0
1898922301
4
0
44017
2
0
1898923325
4
0
44018
2
0
1898924349
4
0
44019
2
0
1898925373
4
0
44020
2
0
1898926397
4
0
44021
2
0
1898927421
4
0
44022
2
0
1898928445
4
0
44023
2
0
1898931005
4
0
44024
2
0
1898932029
4
0
44025
2
0
1898933053
4
0
44026
2
0
1898934077
4
0
44027
2
0
1898935101
4
0
44028
2
0
1898936125
4
0
44029
2
0
1898917949
4
0
44030
2
0
1898918973
4
0
44031
2
0
1898919997
4
