1024
0
4096
2
0
1161904445
4
0
4097
2
0
1161905469
4
0
4098
2
0
1161906493
4
0
4099
2
0
1161907517
4
0
4100
2
0
1161908541
4
0
4101
2
0
1161909565
4
0
4102
2
0
1161910589
4
0
4103
2
0
1161913149
4
0
4104
2
0
1161914173
4
0
4105
2
0
1161915197
4
0
4106
2
0
1161916221
4
0
4107
2
0
1161917245
4
0
4108
2
0
1161918269
4
0
4109
2
0
1161900093
4
0
4110
2
0
1161901117
4
0
4111
2
0
1161902141
4
0
4112
2
0
1161969981
4
0
4113
2
0
1161971005
4
0
4114
2
0
1161972029
4
0
4115
2
0
1161973053
4
0
4116
2
0
1161974077
4
0
4117
2
0
1161975101
4
0
4118
2
0
1161976125
4
0
4119
2
0
1161978685
4
0
4120
2
0
1161979709
4
0
4121
2
0
1161980733
4
0
4122
2
0
1161981757
4
0
4123
2
0
1161982781
4
0
4124
2
0
1161983805
4
0
4125
2
0
1161965629
4
0
4126
2
0
1161966653
4
0
4127
2
0
1161967677
4
0
4128
2
0
1162035517
4
0
4129
2
0
1162036541
4
0
4130
2
0
1162037565
4
0
4131
2
0
1162038589
4
0
4132
2
0
1162039613
4
0
4133
2
0
1162040637
4
0
4134
2
0
1162041661
4
0
4135
2
0
1162044221
4
0
4136
2
0
1162045245
4
0
4137
2
0
1162046269
4
0
4138
2
0
1162047293
4
0
4139
2
0
1162048317
4
0
4140
2
0
1162049341
4
0
4141
2
0
1162031165
4
0
4142
2
0
1162032189
4
0
4143
2
0
1162033213
4
0
4144
2
0
1162101053
4
0
4145
2
0
1162102077
4
0
4146
2
0
1162103101
4
0
4147
2
0
1162104125
4
0
4148
2
0
1162105149
4
0
4149
2
0
1162106173
4
0
4150
2
0
1162107197
4
0
4151
2
0
1162109757
4
0
4152
2
0
1162110781
4
0
4153
2
0
1162111805
4
0
4154
2
0
1162112829
4
0
4155
2
0
1162113853
4
0
4156
2
0
1162114877
4
0
4157
2
0
1162096701
4
0
4158
2
0
1162097725
4
0
4159
2
0
1162098749
4
0
4160
2
0
1162166589
4
0
4161
2
0
1162167613
4
0
4162
2
0
1162168637
4
0
4163
2
0
1162169661
4
0
4164
2
0
1162170685
4
0
4165
2
0
1162171709
4
0
4166
2
0
1162172733
4
0
4167
2
0
1162175293
4
0
4168
2
0
1162176317
4
0
4169
2
0
1162177341
4
0
4170
2
0
1162178365
4
0
4171
2
0
1162179389
4
0
4172
2
0
1162180413
4
0
4173
2
0
1162162237
4
0
4174
2
0
1162163261
4
0
4175
2
0
1162164285
4
0
4176
2
0
1162232125
4
0
4177
2
0
1162233149
4
0
4178
2
0
1162234173
4
0
4179
2
0
1162235197
4
0
4180
2
0
1162236221
4
0
4181
2
0
1162237245
4
0
4182
2
0
1162238269
4
0
4183
2
0
1162240829
4
0
4184
2
0
1162241853
4
0
4185
2
0
1162242877
4
0
4186
2
0
1162243901
4
0
4187
2
0
1162244925
4
0
4188
2
0
1162245949
4
0
4189
2
0
1162227773
4
0
4190
2
0
1162228797
4
0
4191
2
0
1162229821
4
0
4192
2
0
1162297661
4
0
4193
2
0
1162298685
4
0
4194
2
0
1162299709
4
0
4195
2
0
1162300733
4
0
4196
2
0
1162301757
4
0
4197
2
0
1162302781
4
0
4198
2
0
1162303805
4
0
4199
2
0
1162306365
4
0
4200
2
0
1162307389
4
0
4201
2
0
1162308413
4
0
4202
2
0
1162309437
4
0
4203
2
0
1162310461
4
0
4204
2
0
1162311485
4
0
4205
2
0
1162293309
4
0
4206
2
0
1162294333
4
0
4207
2
0
1162295357
4
0
4208
2
0
1162363197
4
0
4209
2
0
1162364221
4
0
4210
2
0
1162365245
4
0
4211
2
0
1162366269
4
0
4212
2
0
1162367293
4
0
4213
2
0
1162368317
4
0
4214
2
0
1162369341
4
0
4215
2
0
1162371901
4
0
4216
2
0
1162372925
4
0
4217
2
0
1162373949
4
0
4218
2
0
1162374973
4
0
4219
2
0
1162375997
4
0
4220
2
0
1162377021
4
0
4221
2
0
1162358845
4
0
4222
2
0
1162359869
4
0
4223
2
0
1162360893
4
0
4224
2
0
1162428733
4
0
4225
2
0
1162429757
4
0
4226
2
0
1162430781
4
0
4227
2
0
1162431805
4
0
4228
2
0
1162432829
4
0
4229
2
0
1162433853
4
0
4230
2
0
1162434877
4
0
4231
2
0
1162437437
4
0
4232
2
0
1162438461
4
0
4233
2
0
1162439485
4
0
4234
2
0
1162440509
4
0
4235
2
0
1162441533
4
0
4236
2
0
1162442557
4
0
4237
2
0
1162424381
4
0
4238
2
0
1162425405
4
0
4239
2
0
1162426429
4
0
4240
2
0
1162494269
4
0
4241
2
0
1162495293
4
0
4242
2
0
1162496317
4
0
4243
2
0
1162497341
4
0
4244
2
0
1162498365
4
0
4245
2
0
1162499389
4
0
4246
2
0
1162500413
4
0
4247
2
0
1162502973
4
0
4248
2
0
1162503997
4
0
4249
2
0
1162505021
4
0
4250
2
0
1162506045
4
0
4251
2
0
1162507069
4
0
4252
2
0
1162508093
4
0
4253
2
0
1162489917
4
0
4254
2
0
1162490941
4
0
4255
2
0
1162491965
4
0
4256
2
0
1162559805
4
0
4257
2
0
1162560829
4
0
4258
2
0
1162561853
4
0
4259
2
0
1162562877
4
0
4260
2
0
1162563901
4
0
4261
2
0
1162564925
4
0
4262
2
0
1162565949
4
0
4263
2
0
1162568509
4
0
4264
2
0
1162569533
4
0
4265
2
0
1162570557
4
0
4266
2
0
1162571581
4
0
4267
2
0
1162572605
4
0
4268
2
0
1162573629
4
0
4269
2
0
1162555453
4
0
4270
2
0
1162556477
4
0
4271
2
0
1162557501
4
0
4272
2
0
1162625341
4
0
4273
2
0
1162626365
4
0
4274
2
0
1162627389
4
0
4275
2
0
1162628413
4
0
4276
2
0
1162629437
4
0
4277
2
0
1162630461
4
0
4278
2
0
1162631485
4
0
4279
2
0
1162634045
4
0
4280
2
0
1162635069
4
0
4281
2
0
1162636093
4
0
4282
2
0
1162637117
4
0
4283
2
0
1162638141
4
0
4284
2
0
1162639165
4
0
4285
2
0
1162620989
4
0
4286
2
0
1162622013
4
0
4287
2
0
1162623037
4
0
4288
2
0
1162690877
4
0
4289
2
0
1162691901
4
0
4290
2
0
1162692925
4
0
4291
2
0
1162693949
4
0
4292
2
0
1162694973
4
0
4293
2
0
1162695997
4
0
4294
2
0
1162697021
4
0
4295
2
0
1162699581
4
0
4296
2
0
1162700605
4
0
4297
2
0
1162701629
4
0
4298
2
0
1162702653
4
0
4299
2
0
1162703677
4
0
4300
2
0
1162704701
4
0
4301
2
0
1162686525
4
0
4302
2
0
1162687549
4
0
4303
2
0
1162688573
4
0
4304
2
0
1162756413
4
0
4305
2
0
1162757437
4
0
4306
2
0
1162758461
4
0
4307
2
0
1162759485
4
0
4308
2
0
1162760509
4
0
4309
2
0
1162761533
4
0
4310
2
0
1162762557
4
0
4311
2
0
1162765117
4
0
4312
2
0
1162766141
4
0
4313
2
0
1162767165
4
0
4314
2
0
1162768189
4
0
4315
2
0
1162769213
4
0
4316
2
0
1162770237
4
0
4317
2
0
1162752061
4
0
4318
2
0
1162753085
4
0
4319
2
0
1162754109
4
0
4320
2
0
1162821949
4
0
4321
2
0
1162822973
4
0
4322
2
0
1162823997
4
0
4323
2
0
1162825021
4
0
4324
2
0
1162826045
4
0
4325
2
0
1162827069
4
0
4326
2
0
1162828093
4
0
4327
2
0
1162830653
4
0
4328
2
0
1162831677
4
0
4329
2
0
1162832701
4
0
4330
2
0
1162833725
4
0
4331
2
0
1162834749
4
0
4332
2
0
1162835773
4
0
4333
2
0
1162817597
4
0
4334
2
0
1162818621
4
0
4335
2
0
1162819645
4
0
4336
2
0
1162887485
4
0
4337
2
0
1162888509
4
0
4338
2
0
1162889533
4
0
4339
2
0
1162890557
4
0
4340
2
0
1162891581
4
0
4341
2
0
1162892605
4
0
4342
2
0
1162893629
4
0
4343
2
0
1162896189
4
0
4344
2
0
1162897213
4
0
4345
2
0
1162898237
4
0
4346
2
0
1162899261
4
0
4347
2
0
1162900285
4
0
4348
2
0
1162901309
4
0
4349
2
0
1162883133
4
0
4350
2
0
1162884157
4
0
4351
2
0
1162885181
4
0
4352
2
0
1162953021
4
0
4353
2
0
1162954045
4
0
4354
2
0
1162955069
4
0
4355
2
0
1162956093
4
0
4356
2
0
1162957117
4
0
4357
2
0
1162958141
4
0
4358
2
0
1162959165
4
0
4359
2
0
1162961725
4
0
4360
2
0
1162962749
4
0
4361
2
0
1162963773
4
0
4362
2
0
1162964797
4
0
4363
2
0
1162965821
4
0
4364
2
0
1162966845
4
0
4365
2
0
1162948669
4
0
4366
2
0
1162949693
4
0
4367
2
0
1162950717
4
0
4368
2
0
1163018557
4
0
4369
2
0
1163019581
4
0
4370
2
0
1163020605
4
0
4371
2
0
1163021629
4
0
4372
2
0
1163022653
4
0
4373
2
0
1163023677
4
0
4374
2
0
1163024701
4
0
4375
2
0
1163027261
4
0
4376
2
0
1163028285
4
0
4377
2
0
1163029309
4
0
4378
2
0
1163030333
4
0
4379
2
0
1163031357
4
0
4380
2
0
1163032381
4
0
4381
2
0
1163014205
4
0
4382
2
0
1163015229
4
0
4383
2
0
1163016253
4
0
4384
2
0
1163084093
4
0
4385
2
0
1163085117
4
0
4386
2
0
1163086141
4
0
4387
2
0
1163087165
4
0
4388
2
0
1163088189
4
0
4389
2
0
1163089213
4
0
4390
2
0
1163090237
4
0
4391
2
0
1163092797
4
0
4392
2
0
1163093821
4
0
4393
2
0
1163094845
4
0
4394
2
0
1163095869
4
0
4395
2
0
1163096893
4
0
4396
2
0
1163097917
4
0
4397
2
0
1163079741
4
0
4398
2
0
1163080765
4
0
4399
2
0
1163081789
4
0
4400
2
0
1163149629
4
0
4401
2
0
1163150653
4
0
4402
2
0
1163151677
4
0
4403
2
0
1163152701
4
0
4404
2
0
1163153725
4
0
4405
2
0
1163154749
4
0
4406
2
0
1163155773
4
0
4407
2
0
1163158333
4
0
4408
2
0
1163159357
4
0
4409
2
0
1163160381
4
0
4410
2
0
1163161405
4
0
4411
2
0
1163162429
4
0
4412
2
0
1163163453
4
0
4413
2
0
1163145277
4
0
4414
2
0
1163146301
4
0
4415
2
0
1163147325
4
0
4416
2
0
1163215165
4
0
4417
2
0
1163216189
4
0
4418
2
0
1163217213
4
0
4419
2
0
1163218237
4
0
4420
2
0
1163219261
4
0
4421
2
0
1163220285
4
0
4422
2
0
1163221309
4
0
4423
2
0
1163223869
4
0
4424
2
0
1163224893
4
0
4425
2
0
1163225917
4
0
4426
2
0
1163226941
4
0
4427
2
0
1163227965
4
0
4428
2
0
1163228989
4
0
4429
2
0
1163210813
4
0
4430
2
0
1163211837
4
0
4431
2
0
1163212861
4
0
4432
2
0
1163280701
4
0
4433
2
0
1163281725
4
0
4434
2
0
1163282749
4
0
4435
2
0
1163283773
4
0
4436
2
0
1163284797
4
0
4437
2
0
1163285821
4
0
4438
2
0
1163286845
4
0
4439
2
0
1163289405
4
0
4440
2
0
1163290429
4
0
4441
2
0
1163291453
4
0
4442
2
0
1163292477
4
0
4443
2
0
1163293501
4
0
4444
2
0
1163294525
4
0
4445
2
0
1163276349
4
0
4446
2
0
1163277373
4
0
4447
2
0
1163278397
4
0
4448
2
0
1163346237
4
0
4449
2
0
1163347261
4
0
4450
2
0
1163348285
4
0
4451
2
0
1163349309
4
0
4452
2
0
1163350333
4
0
4453
2
0
1163351357
4
0
4454
2
0
1163352381
4
0
4455
2
0
1163354941
4
0
4456
2
0
1163355965
4
0
4457
2
0
1163356989
4
0
4458
2
0
1163358013
4
0
4459
2
0
1163359037
4
0
4460
2
0
1163360061
4
0
4461
2
0
1163341885
4
0
4462
2
0
1163342909
4
0
4463
2
0
1163343933
4
0
4464
2
0
1163411773
4
0
4465
2
0
1163412797
4
0
4466
2
0
1163413821
4
0
4467
2
0
1163414845
4
0
4468
2
0
1163415869
4
0
4469
2
0
1163416893
4
0
4470
2
0
1163417917
4
0
4471
2
0
1163420477
4
0
4472
2
0
1163421501
4
0
4473
2
0
1163422525
4
0
4474
2
0
1163423549
4
0
4475
2
0
1163424573
4
0
4476
2
0
1163425597
4
0
4477
2
0
1163407421
4
0
4478
2
0
1163408445
4
0
4479
2
0
1163409469
4
0
4480
2
0
1163477309
4
0
4481
2
0
1163478333
4
0
4482
2
0
1163479357
4
0
4483
2
0
1163480381
4
0
4484
2
0
1163481405
4
0
4485
2
0
1163482429
4
0
4486
2
0
1163483453
4
0
4487
2
0
1163486013
4
0
4488
2
0
1163487037
4
0
4489
2
0
1163488061
4
0
4490
2
0
1163489085
4
0
4491
2
0
1163490109
4
0
4492
2
0
1163491133
4
0
4493
2
0
1163472957
4
0
4494
2
0
1163473981
4
0
4495
2
0
1163475005
4
0
4496
2
0
1163542845
4
0
4497
2
0
1163543869
4
0
4498
2
0
1163544893
4
0
4499
2
0
1163545917
4
0
4500
2
0
1163546941
4
0
4501
2
0
1163547965
4
0
4502
2
0
1163548989
4
0
4503
2
0
1163551549
4
0
4504
2
0
1163552573
4
0
4505
2
0
1163553597
4
0
4506
2
0
1163554621
4
0
4507
2
0
1163555645
4
0
4508
2
0
1163556669
4
0
4509
2
0
1163538493
4
0
4510
2
0
1163539517
4
0
4511
2
0
1163540541
4
0
4512
2
0
1164001597
4
0
4513
2
0
1164002621
4
0
4514
2
0
1164003645
4
0
4515
2
0
1164004669
4
0
4516
2
0
1164005693
4
0
4517
2
0
1164006717
4
0
4518
2
0
1164007741
4
0
4519
2
0
1164010301
4
0
4520
2
0
1164011325
4
0
4521
2
0
1164012349
4
0
4522
2
0
1164013373
4
0
4523
2
0
1164014397
4
0
4524
2
0
1164015421
4
0
4525
2
0
1163997245
4
0
4526
2
0
1163998269
4
0
4527
2
0
1163999293
4
0
4528
2
0
1164067133
4
0
4529
2
0
1164068157
4
0
4530
2
0
1164069181
4
0
4531
2
0
1164070205
4
0
4532
2
0
1164071229
4
0
4533
2
0
1164072253
4
0
4534
2
0
1164073277
4
0
4535
2
0
1164075837
4
0
4536
2
0
1164076861
4
0
4537
2
0
1164077885
4
0
4538
2
0
1164078909
4
0
4539
2
0
1164079933
4
0
4540
2
0
1164080957
4
0
4541
2
0
1164062781
4
0
4542
2
0
1164063805
4
0
4543
2
0
1164064829
4
0
4544
2
0
1164132669
4
0
4545
2
0
1164133693
4
0
4546
2
0
1164134717
4
0
4547
2
0
1164135741
4
0
4548
2
0
1164136765
4
0
4549
2
0
1164137789
4
0
4550
2
0
1164138813
4
0
4551
2
0
1164141373
4
0
4552
2
0
1164142397
4
0
4553
2
0
1164143421
4
0
4554
2
0
1164144445
4
0
4555
2
0
1164145469
4
0
4556
2
0
1164146493
4
0
4557
2
0
1164128317
4
0
4558
2
0
1164129341
4
0
4559
2
0
1164130365
4
0
4560
2
0
1164198205
4
0
4561
2
0
1164199229
4
0
4562
2
0
1164200253
4
0
4563
2
0
1164201277
4
0
4564
2
0
1164202301
4
0
4565
2
0
1164203325
4
0
4566
2
0
1164204349
4
0
4567
2
0
1164206909
4
0
4568
2
0
1164207933
4
0
4569
2
0
1164208957
4
0
4570
2
0
1164209981
4
0
4571
2
0
1164211005
4
0
4572
2
0
1164212029
4
0
4573
2
0
1164193853
4
0
4574
2
0
1164194877
4
0
4575
2
0
1164195901
4
0
4576
2
0
1164263741
4
0
4577
2
0
1164264765
4
0
4578
2
0
1164265789
4
0
4579
2
0
1164266813
4
0
4580
2
0
1164267837
4
0
4581
2
0
1164268861
4
0
4582
2
0
1164269885
4
0
4583
2
0
1164272445
4
0
4584
2
0
1164273469
4
0
4585
2
0
1164274493
4
0
4586
2
0
1164275517
4
0
4587
2
0
1164276541
4
0
4588
2
0
1164277565
4
0
4589
2
0
1164259389
4
0
4590
2
0
1164260413
4
0
4591
2
0
1164261437
4
0
4592
2
0
1164329277
4
0
4593
2
0
1164330301
4
0
4594
2
0
1164331325
4
0
4595
2
0
1164332349
4
0
4596
2
0
1164333373
4
0
4597
2
0
1164334397
4
0
4598
2
0
1164335421
4
0
4599
2
0
1164337981
4
0
4600
2
0
1164339005
4
0
4601
2
0
1164340029
4
0
4602
2
0
1164341053
4
0
4603
2
0
1164342077
4
0
4604
2
0
1164343101
4
0
4605
2
0
1164324925
4
0
4606
2
0
1164325949
4
0
4607
2
0
1164326973
4
0
4608
2
0
1164394813
4
0
4609
2
0
1164395837
4
0
4610
2
0
1164396861
4
0
4611
2
0
1164397885
4
0
4612
2
0
1164398909
4
0
4613
2
0
1164399933
4
0
4614
2
0
1164400957
4
0
4615
2
0
1164403517
4
0
4616
2
0
1164404541
4
0
4617
2
0
1164405565
4
0
4618
2
0
1164406589
4
0
4619
2
0
1164407613
4
0
4620
2
0
1164408637
4
0
4621
2
0
1164390461
4
0
4622
2
0
1164391485
4
0
4623
2
0
1164392509
4
0
4624
2
0
1164460349
4
0
4625
2
0
1164461373
4
0
4626
2
0
1164462397
4
0
4627
2
0
1164463421
4
0
4628
2
0
1164464445
4
0
4629
2
0
1164465469
4
0
4630
2
0
1164466493
4
0
4631
2
0
1164469053
4
0
4632
2
0
1164470077
4
0
4633
2
0
1164471101
4
0
4634
2
0
1164472125
4
0
4635
2
0
1164473149
4
0
4636
2
0
1164474173
4
0
4637
2
0
1164455997
4
0
4638
2
0
1164457021
4
0
4639
2
0
1164458045
4
0
4640
2
0
1164525885
4
0
4641
2
0
1164526909
4
0
4642
2
0
1164527933
4
0
4643
2
0
1164528957
4
0
4644
2
0
1164529981
4
0
4645
2
0
1164531005
4
0
4646
2
0
1164532029
4
0
4647
2
0
1164534589
4
0
4648
2
0
1164535613
4
0
4649
2
0
1164536637
4
0
4650
2
0
1164537661
4
0
4651
2
0
1164538685
4
0
4652
2
0
1164539709
4
0
4653
2
0
1164521533
4
0
4654
2
0
1164522557
4
0
4655
2
0
1164523581
4
0
4656
2
0
1164591421
4
0
4657
2
0
1164592445
4
0
4658
2
0
1164593469
4
0
4659
2
0
1164594493
4
0
4660
2
0
1164595517
4
0
4661
2
0
1164596541
4
0
4662
2
0
1164597565
4
0
4663
2
0
1164600125
4
0
4664
2
0
1164601149
4
0
4665
2
0
1164602173
4
0
4666
2
0
1164603197
4
0
4667
2
0
1164604221
4
0
4668
2
0
1164605245
4
0
4669
2
0
1164587069
4
0
4670
2
0
1164588093
4
0
4671
2
0
1164589117
4
0
4672
2
0
1164656957
4
0
4673
2
0
1164657981
4
0
4674
2
0
1164659005
4
0
4675
2
0
1164660029
4
0
4676
2
0
1164661053
4
0
4677
2
0
1164662077
4
0
4678
2
0
1164663101
4
0
4679
2
0
1164665661
4
0
4680
2
0
1164666685
4
0
4681
2
0
1164667709
4
0
4682
2
0
1164668733
4
0
4683
2
0
1164669757
4
0
4684
2
0
1164670781
4
0
4685
2
0
1164652605
4
0
4686
2
0
1164653629
4
0
4687
2
0
1164654653
4
0
4688
2
0
1164722493
4
0
4689
2
0
1164723517
4
0
4690
2
0
1164724541
4
0
4691
2
0
1164725565
4
0
4692
2
0
1164726589
4
0
4693
2
0
1164727613
4
0
4694
2
0
1164728637
4
0
4695
2
0
1164731197
4
0
4696
2
0
1164732221
4
0
4697
2
0
1164733245
4
0
4698
2
0
1164734269
4
0
4699
2
0
1164735293
4
0
4700
2
0
1164736317
4
0
4701
2
0
1164718141
4
0
4702
2
0
1164719165
4
0
4703
2
0
1164720189
4
0
4704
2
0
1164788029
4
0
4705
2
0
1164789053
4
0
4706
2
0
1164790077
4
0
4707
2
0
1164791101
4
0
4708
2
0
1164792125
4
0
4709
2
0
1164793149
4
0
4710
2
0
1164794173
4
0
4711
2
0
1164796733
4
0
4712
2
0
1164797757
4
0
4713
2
0
1164798781
4
0
4714
2
0
1164799805
4
0
4715
2
0
1164800829
4
0
4716
2
0
1164801853
4
0
4717
2
0
1164783677
4
0
4718
2
0
1164784701
4
0
4719
2
0
1164785725
4
0
4720
2
0
1164853565
4
0
4721
2
0
1164854589
4
0
4722
2
0
1164855613
4
0
4723
2
0
1164856637
4
0
4724
2
0
1164857661
4
0
4725
2
0
1164858685
4
0
4726
2
0
1164859709
4
0
4727
2
0
1164862269
4
0
4728
2
0
1164863293
4
0
4729
2
0
1164864317
4
0
4730
2
0
1164865341
4
0
4731
2
0
1164866365
4
0
4732
2
0
1164867389
4
0
4733
2
0
1164849213
4
0
4734
2
0
1164850237
4
0
4735
2
0
1164851261
4
0
4736
2
0
1164919101
4
0
4737
2
0
1164920125
4
0
4738
2
0
1164921149
4
0
4739
2
0
1164922173
4
0
4740
2
0
1164923197
4
0
4741
2
0
1164924221
4
0
4742
2
0
1164925245
4
0
4743
2
0
1164927805
4
0
4744
2
0
1164928829
4
0
4745
2
0
1164929853
4
0
4746
2
0
1164930877
4
0
4747
2
0
1164931901
4
0
4748
2
0
1164932925
4
0
4749
2
0
1164914749
4
0
4750
2
0
1164915773
4
0
4751
2
0
1164916797
4
0
4752
2
0
1164984637
4
0
4753
2
0
1164985661
4
0
4754
2
0
1164986685
4
0
4755
2
0
1164987709
4
0
4756
2
0
1164988733
4
0
4757
2
0
1164989757
4
0
4758
2
0
1164990781
4
0
4759
2
0
1164993341
4
0
4760
2
0
1164994365
4
0
4761
2
0
1164995389
4
0
4762
2
0
1164996413
4
0
4763
2
0
1164997437
4
0
4764
2
0
1164998461
4
0
4765
2
0
1164980285
4
0
4766
2
0
1164981309
4
0
4767
2
0
1164982333
4
0
4768
2
0
1165050173
4
0
4769
2
0
1165051197
4
0
4770
2
0
1165052221
4
0
4771
2
0
1165053245
4
0
4772
2
0
1165054269
4
0
4773
2
0
1165055293
4
0
4774
2
0
1165056317
4
0
4775
2
0
1165058877
4
0
4776
2
0
1165059901
4
0
4777
2
0
1165060925
4
0
4778
2
0
1165061949
4
0
4779
2
0
1165062973
4
0
4780
2
0
1165063997
4
0
4781
2
0
1165045821
4
0
4782
2
0
1165046845
4
0
4783
2
0
1165047869
4
0
4784
2
0
1165115709
4
0
4785
2
0
1165116733
4
0
4786
2
0
1165117757
4
0
4787
2
0
1165118781
4
0
4788
2
0
1165119805
4
0
4789
2
0
1165120829
4
0
4790
2
0
1165121853
4
0
4791
2
0
1165124413
4
0
4792
2
0
1165125437
4
0
4793
2
0
1165126461
4
0
4794
2
0
1165127485
4
0
4795
2
0
1165128509
4
0
4796
2
0
1165129533
4
0
4797
2
0
1165111357
4
0
4798
2
0
1165112381
4
0
4799
2
0
1165113405
4
0
4800
2
0
1165181245
4
0
4801
2
0
1165182269
4
0
4802
2
0
1165183293
4
0
4803
2
0
1165184317
4
0
4804
2
0
1165185341
4
0
4805
2
0
1165186365
4
0
4806
2
0
1165187389
4
0
4807
2
0
1165189949
4
0
4808
2
0
1165190973
4
0
4809
2
0
1165191997
4
0
4810
2
0
1165193021
4
0
4811
2
0
1165194045
4
0
4812
2
0
1165195069
4
0
4813
2
0
1165176893
4
0
4814
2
0
1165177917
4
0
4815
2
0
1165178941
4
0
4816
2
0
1165246781
4
0
4817
2
0
1165247805
4
0
4818
2
0
1165248829
4
0
4819
2
0
1165249853
4
0
4820
2
0
1165250877
4
0
4821
2
0
1165251901
4
0
4822
2
0
1165252925
4
0
4823
2
0
1165255485
4
0
4824
2
0
1165256509
4
0
4825
2
0
1165257533
4
0
4826
2
0
1165258557
4
0
4827
2
0
1165259581
4
0
4828
2
0
1165260605
4
0
4829
2
0
1165242429
4
0
4830
2
0
1165243453
4
0
4831
2
0
1165244477
4
0
4832
2
0
1165312317
4
0
4833
2
0
1165313341
4
0
4834
2
0
1165314365
4
0
4835
2
0
1165315389
4
0
4836
2
0
1165316413
4
0
4837
2
0
1165317437
4
0
4838
2
0
1165318461
4
0
4839
2
0
1165321021
4
0
4840
2
0
1165322045
4
0
4841
2
0
1165323069
4
0
4842
2
0
1165324093
4
0
4843
2
0
1165325117
4
0
4844
2
0
1165326141
4
0
4845
2
0
1165307965
4
0
4846
2
0
1165308989
4
0
4847
2
0
1165310013
4
0
4848
2
0
1165377853
4
0
4849
2
0
1165378877
4
0
4850
2
0
1165379901
4
0
4851
2
0
1165380925
4
0
4852
2
0
1165381949
4
0
4853
2
0
1165382973
4
0
4854
2
0
1165383997
4
0
4855
2
0
1165386557
4
0
4856
2
0
1165387581
4
0
4857
2
0
1165388605
4
0
4858
2
0
1165389629
4
0
4859
2
0
1165390653
4
0
4860
2
0
1165391677
4
0
4861
2
0
1165373501
4
0
4862
2
0
1165374525
4
0
4863
2
0
1165375549
4
0
4864
2
0
1165443389
4
0
4865
2
0
1165444413
4
0
4866
2
0
1165445437
4
0
4867
2
0
1165446461
4
0
4868
2
0
1165447485
4
0
4869
2
0
1165448509
4
0
4870
2
0
1165449533
4
0
4871
2
0
1165452093
4
0
4872
2
0
1165453117
4
0
4873
2
0
1165454141
4
0
4874
2
0
1165455165
4
0
4875
2
0
1165456189
4
0
4876
2
0
1165457213
4
0
4877
2
0
1165439037
4
0
4878
2
0
1165440061
4
0
4879
2
0
1165441085
4
0
4880
2
0
1165508925
4
0
4881
2
0
1165509949
4
0
4882
2
0
1165510973
4
0
4883
2
0
1165511997
4
0
4884
2
0
1165513021
4
0
4885
2
0
1165514045
4
0
4886
2
0
1165515069
4
0
4887
2
0
1165517629
4
0
4888
2
0
1165518653
4
0
4889
2
0
1165519677
4
0
4890
2
0
1165520701
4
0
4891
2
0
1165521725
4
0
4892
2
0
1165522749
4
0
4893
2
0
1165504573
4
0
4894
2
0
1165505597
4
0
4895
2
0
1165506621
4
0
4896
2
0
1165574461
4
0
4897
2
0
1165575485
4
0
4898
2
0
1165576509
4
0
4899
2
0
1165577533
4
0
4900
2
0
1165578557
4
0
4901
2
0
1165579581
4
0
4902
2
0
1165580605
4
0
4903
2
0
1165583165
4
0
4904
2
0
1165584189
4
0
4905
2
0
1165585213
4
0
4906
2
0
1165586237
4
0
4907
2
0
1165587261
4
0
4908
2
0
1165588285
4
0
4909
2
0
1165570109
4
0
4910
2
0
1165571133
4
0
4911
2
0
1165572157
4
0
4912
2
0
1165639997
4
0
4913
2
0
1165641021
4
0
4914
2
0
1165642045
4
0
4915
2
0
1165643069
4
0
4916
2
0
1165644093
4
0
4917
2
0
1165645117
4
0
4918
2
0
1165646141
4
0
4919
2
0
1165648701
4
0
4920
2
0
1165649725
4
0
4921
2
0
1165650749
4
0
4922
2
0
1165651773
4
0
4923
2
0
1165652797
4
0
4924
2
0
1165653821
4
0
4925
2
0
1165635645
4
0
4926
2
0
1165636669
4
0
4927
2
0
1165637693
4
0
4928
2
0
1160790333
4
0
4929
2
0
1160791357
4
0
4930
2
0
1160792381
4
0
4931
2
0
1160793405
4
0
4932
2
0
1160794429
4
0
4933
2
0
1160795453
4
0
4934
2
0
1160796477
4
0
4935
2
0
1160799037
4
0
4936
2
0
1160800061
4
0
4937
2
0
1160801085
4
0
4938
2
0
1160802109
4
0
4939
2
0
1160803133
4
0
4940
2
0
1160804157
4
0
4941
2
0
1160785981
4
0
4942
2
0
1160787005
4
0
4943
2
0
1160788029
4
0
4944
2
0
1160855869
4
0
4945
2
0
1160856893
4
0
4946
2
0
1160857917
4
0
4947
2
0
1160858941
4
0
4948
2
0
1160859965
4
0
4949
2
0
1160860989
4
0
4950
2
0
1160862013
4
0
4951
2
0
1160864573
4
0
4952
2
0
1160865597
4
0
4953
2
0
1160866621
4
0
4954
2
0
1160867645
4
0
4955
2
0
1160868669
4
0
4956
2
0
1160869693
4
0
4957
2
0
1160851517
4
0
4958
2
0
1160852541
4
0
4959
2
0
1160853565
4
0
4960
2
0
1160921405
4
0
4961
2
0
1160922429
4
0
4962
2
0
1160923453
4
0
4963
2
0
1160924477
4
0
4964
2
0
1160925501
4
0
4965
2
0
1160926525
4
0
4966
2
0
1160927549
4
0
4967
2
0
1160930109
4
0
4968
2
0
1160931133
4
0
4969
2
0
1160932157
4
0
4970
2
0
1160933181
4
0
4971
2
0
1160934205
4
0
4972
2
0
1160935229
4
0
4973
2
0
1160917053
4
0
4974
2
0
1160918077
4
0
4975
2
0
1160919101
4
0
4976
2
0
1160986941
4
0
4977
2
0
1160987965
4
0
4978
2
0
1160988989
4
0
4979
2
0
1160990013
4
0
4980
2
0
1160991037
4
0
4981
2
0
1160992061
4
0
4982
2
0
1160993085
4
0
4983
2
0
1160995645
4
0
4984
2
0
1160996669
4
0
4985
2
0
1160997693
4
0
4986
2
0
1160998717
4
0
4987
2
0
1160999741
4
0
4988
2
0
1161000765
4
0
4989
2
0
1160982589
4
0
4990
2
0
1160983613
4
0
4991
2
0
1160984637
4
0
4992
2
0
1161052477
4
0
4993
2
0
1161053501
4
0
4994
2
0
1161054525
4
0
4995
2
0
1161055549
4
0
4996
2
0
1161056573
4
0
4997
2
0
1161057597
4
0
4998
2
0
1161058621
4
0
4999
2
0
1161061181
4
0
5000
2
0
1161062205
4
0
5001
2
0
1161063229
4
0
5002
2
0
1161064253
4
0
5003
2
0
1161065277
4
0
5004
2
0
1161066301
4
0
5005
2
0
1161048125
4
0
5006
2
0
1161049149
4
0
5007
2
0
1161050173
4
0
5008
2
0
1161118013
4
0
5009
2
0
1161119037
4
0
5010
2
0
1161120061
4
0
5011
2
0
1161121085
4
0
5012
2
0
1161122109
4
0
5013
2
0
1161123133
4
0
5014
2
0
1161124157
4
0
5015
2
0
1161126717
4
0
5016
2
0
1161127741
4
0
5017
2
0
1161128765
4
0
5018
2
0
1161129789
4
0
5019
2
0
1161130813
4
0
5020
2
0
1161131837
4
0
5021
2
0
1161113661
4
0
5022
2
0
1161114685
4
0
5023
2
0
1161115709
4
0
5024
2
0
1161183549
4
0
5025
2
0
1161184573
4
0
5026
2
0
1161185597
4
0
5027
2
0
1161186621
4
0
5028
2
0
1161187645
4
0
5029
2
0
1161188669
4
0
5030
2
0
1161189693
4
0
5031
2
0
1161192253
4
0
5032
2
0
1161193277
4
0
5033
2
0
1161194301
4
0
5034
2
0
1161195325
4
0
5035
2
0
1161196349
4
0
5036
2
0
1161197373
4
0
5037
2
0
1161179197
4
0
5038
2
0
1161180221
4
0
5039
2
0
1161181245
4
0
5040
2
0
1161249085
4
0
5041
2
0
1161250109
4
0
5042
2
0
1161251133
4
0
5043
2
0
1161252157
4
0
5044
2
0
1161253181
4
0
5045
2
0
1161254205
4
0
5046
2
0
1161255229
4
0
5047
2
0
1161257789
4
0
5048
2
0
1161258813
4
0
5049
2
0
1161259837
4
0
5050
2
0
1161260861
4
0
5051
2
0
1161261885
4
0
5052
2
0
1161262909
4
0
5053
2
0
1161244733
4
0
5054
2
0
1161245757
4
0
5055
2
0
1161246781
4
0
5056
2
0
1161314621
4
0
5057
2
0
1161315645
4
0
5058
2
0
1161316669
4
0
5059
2
0
1161317693
4
0
5060
2
0
1161318717
4
0
5061
2
0
1161319741
4
0
5062
2
0
1161320765
4
0
5063
2
0
1161323325
4
0
5064
2
0
1161324349
4
0
5065
2
0
1161325373
4
0
5066
2
0
1161326397
4
0
5067
2
0
1161327421
4
0
5068
2
0
1161328445
4
0
5069
2
0
1161310269
4
0
5070
2
0
1161311293
4
0
5071
2
0
1161312317
4
0
5072
2
0
1161380157
4
0
5073
2
0
1161381181
4
0
5074
2
0
1161382205
4
0
5075
2
0
1161383229
4
0
5076
2
0
1161384253
4
0
5077
2
0
1161385277
4
0
5078
2
0
1161386301
4
0
5079
2
0
1161388861
4
0
5080
2
0
1161389885
4
0
5081
2
0
1161390909
4
0
5082
2
0
1161391933
4
0
5083
2
0
1161392957
4
0
5084
2
0
1161393981
4
0
5085
2
0
1161375805
4
0
5086
2
0
1161376829
4
0
5087
2
0
1161377853
4
0
5088
2
0
1160462653
4
0
5089
2
0
1160463677
4
0
5090
2
0
1160464701
4
0
5091
2
0
1160465725
4
0
5092
2
0
1160466749
4
0
5093
2
0
1160467773
4
0
5094
2
0
1160468797
4
0
5095
2
0
1160471357
4
0
5096
2
0
1160472381
4
0
5097
2
0
1160473405
4
0
5098
2
0
1160474429
4
0
5099
2
0
1160475453
4
0
5100
2
0
1160476477
4
0
5101
2
0
1160458301
4
0
5102
2
0
1160459325
4
0
5103
2
0
1160460349
4
0
5104
2
0
1160724797
4
0
5105
2
0
1160725821
4
0
5106
2
0
1160726845
4
0
5107
2
0
1160727869
4
0
5108
2
0
1160728893
4
0
5109
2
0
1160729917
4
0
5110
2
0
1160730941
4
0
5111
2
0
1160733501
4
0
5112
2
0
1160734525
4
0
5113
2
0
1160735549
4
0
5114
2
0
1160736573
4
0
5115
2
0
1160737597
4
0
5116
2
0
1160738621
4
0
5117
2
0
1160720445
4
0
5118
2
0
1160721469
4
0
5119
2
0
1160722493
4
