1024
0
15360
2
0
1346453821
4
0
15361
2
0
1346454845
4
0
15362
2
0
1346455869
4
0
15363
2
0
1346456893
4
0
15364
2
0
1346457917
4
0
15365
2
0
1346458941
4
0
15366
2
0
1346459965
4
0
15367
2
0
1346462525
4
0
15368
2
0
1346463549
4
0
15369
2
0
1346464573
4
0
15370
2
0
1346465597
4
0
15371
2
0
1346466621
4
0
15372
2
0
1346467645
4
0
15373
2
0
1346449469
4
0
15374
2
0
1346450493
4
0
15375
2
0
1346451517
4
0
15376
2
0
1346519357
4
0
15377
2
0
1346520381
4
0
15378
2
0
1346521405
4
0
15379
2
0
1346522429
4
0
15380
2
0
1346523453
4
0
15381
2
0
1346524477
4
0
15382
2
0
1346525501
4
0
15383
2
0
1346528061
4
0
15384
2
0
1346529085
4
0
15385
2
0
1346530109
4
0
15386
2
0
1346531133
4
0
15387
2
0
1346532157
4
0
15388
2
0
1346533181
4
0
15389
2
0
1346515005
4
0
15390
2
0
1346516029
4
0
15391
2
0
1346517053
4
0
15392
2
0
1346584893
4
0
15393
2
0
1346585917
4
0
15394
2
0
1346586941
4
0
15395
2
0
1346587965
4
0
15396
2
0
1346588989
4
0
15397
2
0
1346590013
4
0
15398
2
0
1346591037
4
0
15399
2
0
1346593597
4
0
15400
2
0
1346594621
4
0
15401
2
0
1346595645
4
0
15402
2
0
1346596669
4
0
15403
2
0
1346597693
4
0
15404
2
0
1346598717
4
0
15405
2
0
1346580541
4
0
15406
2
0
1346581565
4
0
15407
2
0
1346582589
4
0
15408
2
0
1346650429
4
0
15409
2
0
1346651453
4
0
15410
2
0
1346652477
4
0
15411
2
0
1346653501
4
0
15412
2
0
1346654525
4
0
15413
2
0
1346655549
4
0
15414
2
0
1346656573
4
0
15415
2
0
1346659133
4
0
15416
2
0
1346660157
4
0
15417
2
0
1346661181
4
0
15418
2
0
1346662205
4
0
15419
2
0
1346663229
4
0
15420
2
0
1346664253
4
0
15421
2
0
1346646077
4
0
15422
2
0
1346647101
4
0
15423
2
0
1346648125
4
0
15424
2
0
1346715965
4
0
15425
2
0
1346716989
4
0
15426
2
0
1346718013
4
0
15427
2
0
1346719037
4
0
15428
2
0
1346720061
4
0
15429
2
0
1346721085
4
0
15430
2
0
1346722109
4
0
15431
2
0
1346724669
4
0
15432
2
0
1346725693
4
0
15433
2
0
1346726717
4
0
15434
2
0
1346727741
4
0
15435
2
0
1346728765
4
0
15436
2
0
1346729789
4
0
15437
2
0
1346711613
4
0
15438
2
0
1346712637
4
0
15439
2
0
1346713661
4
0
15440
2
0
1346781501
4
0
15441
2
0
1346782525
4
0
15442
2
0
1346783549
4
0
15443
2
0
1346784573
4
0
15444
2
0
1346785597
4
0
15445
2
0
1346786621
4
0
15446
2
0
1346787645
4
0
15447
2
0
1346790205
4
0
15448
2
0
1346791229
4
0
15449
2
0
1346792253
4
0
15450
2
0
1346793277
4
0
15451
2
0
1346794301
4
0
15452
2
0
1346795325
4
0
15453
2
0
1346777149
4
0
15454
2
0
1346778173
4
0
15455
2
0
1346779197
4
0
15456
2
0
1346847037
4
0
15457
2
0
1346848061
4
0
15458
2
0
1346849085
4
0
15459
2
0
1346850109
4
0
15460
2
0
1346851133
4
0
15461
2
0
1346852157
4
0
15462
2
0
1346853181
4
0
15463
2
0
1346855741
4
0
15464
2
0
1346856765
4
0
15465
2
0
1346857789
4
0
15466
2
0
1346858813
4
0
15467
2
0
1346859837
4
0
15468
2
0
1346860861
4
0
15469
2
0
1346842685
4
0
15470
2
0
1346843709
4
0
15471
2
0
1346844733
4
0
15472
2
0
1346912573
4
0
15473
2
0
1346913597
4
0
15474
2
0
1346914621
4
0
15475
2
0
1346915645
4
0
15476
2
0
1346916669
4
0
15477
2
0
1346917693
4
0
15478
2
0
1346918717
4
0
15479
2
0
1346921277
4
0
15480
2
0
1346922301
4
0
15481
2
0
1346923325
4
0
15482
2
0
1346924349
4
0
15483
2
0
1346925373
4
0
15484
2
0
1346926397
4
0
15485
2
0
1346908221
4
0
15486
2
0
1346909245
4
0
15487
2
0
1346910269
4
0
15488
2
0
1346978109
4
0
15489
2
0
1346979133
4
0
15490
2
0
1346980157
4
0
15491
2
0
1346981181
4
0
15492
2
0
1346982205
4
0
15493
2
0
1346983229
4
0
15494
2
0
1346984253
4
0
15495
2
0
1346986813
4
0
15496
2
0
1346987837
4
0
15497
2
0
1346988861
4
0
15498
2
0
1346989885
4
0
15499
2
0
1346990909
4
0
15500
2
0
1346991933
4
0
15501
2
0
1346973757
4
0
15502
2
0
1346974781
4
0
15503
2
0
1346975805
4
0
15504
2
0
1347043645
4
0
15505
2
0
1347044669
4
0
15506
2
0
1347045693
4
0
15507
2
0
1347046717
4
0
15508
2
0
1347047741
4
0
15509
2
0
1347048765
4
0
15510
2
0
1347049789
4
0
15511
2
0
1347052349
4
0
15512
2
0
1347053373
4
0
15513
2
0
1347054397
4
0
15514
2
0
1347055421
4
0
15515
2
0
1347056445
4
0
15516
2
0
1347057469
4
0
15517
2
0
1347039293
4
0
15518
2
0
1347040317
4
0
15519
2
0
1347041341
4
0
15520
2
0
1347109181
4
0
15521
2
0
1347110205
4
0
15522
2
0
1347111229
4
0
15523
2
0
1347112253
4
0
15524
2
0
1347113277
4
0
15525
2
0
1347114301
4
0
15526
2
0
1347115325
4
0
15527
2
0
1347117885
4
0
15528
2
0
1347118909
4
0
15529
2
0
1347119933
4
0
15530
2
0
1347120957
4
0
15531
2
0
1347121981
4
0
15532
2
0
1347123005
4
0
15533
2
0
1347104829
4
0
15534
2
0
1347105853
4
0
15535
2
0
1347106877
4
0
15536
2
0
1347174717
4
0
15537
2
0
1347175741
4
0
15538
2
0
1347176765
4
0
15539
2
0
1347177789
4
0
15540
2
0
1347178813
4
0
15541
2
0
1347179837
4
0
15542
2
0
1347180861
4
0
15543
2
0
1347183421
4
0
15544
2
0
1347184445
4
0
15545
2
0
1347185469
4
0
15546
2
0
1347186493
4
0
15547
2
0
1347187517
4
0
15548
2
0
1347188541
4
0
15549
2
0
1347170365
4
0
15550
2
0
1347171389
4
0
15551
2
0
1347172413
4
0
15552
2
0
1347240253
4
0
15553
2
0
1347241277
4
0
15554
2
0
1347242301
4
0
15555
2
0
1347243325
4
0
15556
2
0
1347244349
4
0
15557
2
0
1347245373
4
0
15558
2
0
1347246397
4
0
15559
2
0
1347248957
4
0
15560
2
0
1347249981
4
0
15561
2
0
1347251005
4
0
15562
2
0
1347252029
4
0
15563
2
0
1347253053
4
0
15564
2
0
1347254077
4
0
15565
2
0
1347235901
4
0
15566
2
0
1347236925
4
0
15567
2
0
1347237949
4
0
15568
2
0
1347305789
4
0
15569
2
0
1347306813
4
0
15570
2
0
1347307837
4
0
15571
2
0
1347308861
4
0
15572
2
0
1347309885
4
0
15573
2
0
1347310909
4
0
15574
2
0
1347311933
4
0
15575
2
0
1347314493
4
0
15576
2
0
1347315517
4
0
15577
2
0
1347316541
4
0
15578
2
0
1347317565
4
0
15579
2
0
1347318589
4
0
15580
2
0
1347319613
4
0
15581
2
0
1347301437
4
0
15582
2
0
1347302461
4
0
15583
2
0
1347303485
4
0
15584
2
0
1347371325
4
0
15585
2
0
1347372349
4
0
15586
2
0
1347373373
4
0
15587
2
0
1347374397
4
0
15588
2
0
1347375421
4
0
15589
2
0
1347376445
4
0
15590
2
0
1347377469
4
0
15591
2
0
1347380029
4
0
15592
2
0
1347381053
4
0
15593
2
0
1347382077
4
0
15594
2
0
1347383101
4
0
15595
2
0
1347384125
4
0
15596
2
0
1347385149
4
0
15597
2
0
1347366973
4
0
15598
2
0
1347367997
4
0
15599
2
0
1347369021
4
0
15600
2
0
1347436861
4
0
15601
2
0
1347437885
4
0
15602
2
0
1347438909
4
0
15603
2
0
1347439933
4
0
15604
2
0
1347440957
4
0
15605
2
0
1347441981
4
0
15606
2
0
1347443005
4
0
15607
2
0
1347445565
4
0
15608
2
0
1347446589
4
0
15609
2
0
1347447613
4
0
15610
2
0
1347448637
4
0
15611
2
0
1347449661
4
0
15612
2
0
1347450685
4
0
15613
2
0
1347432509
4
0
15614
2
0
1347433533
4
0
15615
2
0
1347434557
4
0
15616
2
0
1347502397
4
0
15617
2
0
1347503421
4
0
15618
2
0
1347504445
4
0
15619
2
0
1347505469
4
0
15620
2
0
1347506493
4
0
15621
2
0
1347507517
4
0
15622
2
0
1347508541
4
0
15623
2
0
1347511101
4
0
15624
2
0
1347512125
4
0
15625
2
0
1347513149
4
0
15626
2
0
1347514173
4
0
15627
2
0
1347515197
4
0
15628
2
0
1347516221
4
0
15629
2
0
1347498045
4
0
15630
2
0
1347499069
4
0
15631
2
0
1347500093
4
0
15632
2
0
1347567933
4
0
15633
2
0
1347568957
4
0
15634
2
0
1347569981
4
0
15635
2
0
1347571005
4
0
15636
2
0
1347572029
4
0
15637
2
0
1347573053
4
0
15638
2
0
1347574077
4
0
15639
2
0
1347576637
4
0
15640
2
0
1347577661
4
0
15641
2
0
1347578685
4
0
15642
2
0
1347579709
4
0
15643
2
0
1347580733
4
0
15644
2
0
1347581757
4
0
15645
2
0
1347563581
4
0
15646
2
0
1347564605
4
0
15647
2
0
1347565629
4
0
15648
2
0
1347633469
4
0
15649
2
0
1347634493
4
0
15650
2
0
1347635517
4
0
15651
2
0
1347636541
4
0
15652
2
0
1347637565
4
0
15653
2
0
1347638589
4
0
15654
2
0
1347639613
4
0
15655
2
0
1347642173
4
0
15656
2
0
1347643197
4
0
15657
2
0
1347644221
4
0
15658
2
0
1347645245
4
0
15659
2
0
1347646269
4
0
15660
2
0
1347647293
4
0
15661
2
0
1347629117
4
0
15662
2
0
1347630141
4
0
15663
2
0
1347631165
4
0
15664
2
0
1347699005
4
0
15665
2
0
1347700029
4
0
15666
2
0
1347701053
4
0
15667
2
0
1347702077
4
0
15668
2
0
1347703101
4
0
15669
2
0
1347704125
4
0
15670
2
0
1347705149
4
0
15671
2
0
1347707709
4
0
15672
2
0
1347708733
4
0
15673
2
0
1347709757
4
0
15674
2
0
1347710781
4
0
15675
2
0
1347711805
4
0
15676
2
0
1347712829
4
0
15677
2
0
1347694653
4
0
15678
2
0
1347695677
4
0
15679
2
0
1347696701
4
0
15680
2
0
1347764541
4
0
15681
2
0
1347765565
4
0
15682
2
0
1347766589
4
0
15683
2
0
1347767613
4
0
15684
2
0
1347768637
4
0
15685
2
0
1347769661
4
0
15686
2
0
1347770685
4
0
15687
2
0
1347773245
4
0
15688
2
0
1347774269
4
0
15689
2
0
1347775293
4
0
15690
2
0
1347776317
4
0
15691
2
0
1347777341
4
0
15692
2
0
1347778365
4
0
15693
2
0
1347760189
4
0
15694
2
0
1347761213
4
0
15695
2
0
1347762237
4
0
15696
2
0
1347830077
4
0
15697
2
0
1347831101
4
0
15698
2
0
1347832125
4
0
15699
2
0
1347833149
4
0
15700
2
0
1347834173
4
0
15701
2
0
1347835197
4
0
15702
2
0
1347836221
4
0
15703
2
0
1347838781
4
0
15704
2
0
1347839805
4
0
15705
2
0
1347840829
4
0
15706
2
0
1347841853
4
0
15707
2
0
1347842877
4
0
15708
2
0
1347843901
4
0
15709
2
0
1347825725
4
0
15710
2
0
1347826749
4
0
15711
2
0
1347827773
4
0
15712
2
0
1347895613
4
0
15713
2
0
1347896637
4
0
15714
2
0
1347897661
4
0
15715
2
0
1347898685
4
0
15716
2
0
1347899709
4
0
15717
2
0
1347900733
4
0
15718
2
0
1347901757
4
0
15719
2
0
1347904317
4
0
15720
2
0
1347905341
4
0
15721
2
0
1347906365
4
0
15722
2
0
1347907389
4
0
15723
2
0
1347908413
4
0
15724
2
0
1347909437
4
0
15725
2
0
1347891261
4
0
15726
2
0
1347892285
4
0
15727
2
0
1347893309
4
0
15728
2
0
1347961149
4
0
15729
2
0
1347962173
4
0
15730
2
0
1347963197
4
0
15731
2
0
1347964221
4
0
15732
2
0
1347965245
4
0
15733
2
0
1347966269
4
0
15734
2
0
1347967293
4
0
15735
2
0
1347969853
4
0
15736
2
0
1347970877
4
0
15737
2
0
1347971901
4
0
15738
2
0
1347972925
4
0
15739
2
0
1347973949
4
0
15740
2
0
1347974973
4
0
15741
2
0
1347956797
4
0
15742
2
0
1347957821
4
0
15743
2
0
1347958845
4
0
15744
2
0
1348026685
4
0
15745
2
0
1348027709
4
0
15746
2
0
1348028733
4
0
15747
2
0
1348029757
4
0
15748
2
0
1348030781
4
0
15749
2
0
1348031805
4
0
15750
2
0
1348032829
4
0
15751
2
0
1348035389
4
0
15752
2
0
1348036413
4
0
15753
2
0
1348037437
4
0
15754
2
0
1348038461
4
0
15755
2
0
1348039485
4
0
15756
2
0
1348040509
4
0
15757
2
0
1348022333
4
0
15758
2
0
1348023357
4
0
15759
2
0
1348024381
4
0
15760
2
0
1348092221
4
0
15761
2
0
1348093245
4
0
15762
2
0
1348094269
4
0
15763
2
0
1348095293
4
0
15764
2
0
1348096317
4
0
15765
2
0
1348097341
4
0
15766
2
0
1348098365
4
0
15767
2
0
1348100925
4
0
15768
2
0
1348101949
4
0
15769
2
0
1348102973
4
0
15770
2
0
1348103997
4
0
15771
2
0
1348105021
4
0
15772
2
0
1348106045
4
0
15773
2
0
1348087869
4
0
15774
2
0
1348088893
4
0
15775
2
0
1348089917
4
0
15776
2
0
1348550973
4
0
15777
2
0
1348551997
4
0
15778
2
0
1348553021
4
0
15779
2
0
1348554045
4
0
15780
2
0
1348555069
4
0
15781
2
0
1348556093
4
0
15782
2
0
1348557117
4
0
15783
2
0
1348559677
4
0
15784
2
0
1348560701
4
0
15785
2
0
1348561725
4
0
15786
2
0
1348562749
4
0
15787
2
0
1348563773
4
0
15788
2
0
1348564797
4
0
15789
2
0
1348546621
4
0
15790
2
0
1348547645
4
0
15791
2
0
1348548669
4
0
15792
2
0
1348616509
4
0
15793
2
0
1348617533
4
0
15794
2
0
1348618557
4
0
15795
2
0
1348619581
4
0
15796
2
0
1348620605
4
0
15797
2
0
1348621629
4
0
15798
2
0
1348622653
4
0
15799
2
0
1348625213
4
0
15800
2
0
1348626237
4
0
15801
2
0
1348627261
4
0
15802
2
0
1348628285
4
0
15803
2
0
1348629309
4
0
15804
2
0
1348630333
4
0
15805
2
0
1348612157
4
0
15806
2
0
1348613181
4
0
15807
2
0
1348614205
4
0
15808
2
0
1348682045
4
0
15809
2
0
1348683069
4
0
15810
2
0
1348684093
4
0
15811
2
0
1348685117
4
0
15812
2
0
1348686141
4
0
15813
2
0
1348687165
4
0
15814
2
0
1348688189
4
0
15815
2
0
1348690749
4
0
15816
2
0
1348691773
4
0
15817
2
0
1348692797
4
0
15818
2
0
1348693821
4
0
15819
2
0
1348694845
4
0
15820
2
0
1348695869
4
0
15821
2
0
1348677693
4
0
15822
2
0
1348678717
4
0
15823
2
0
1348679741
4
0
15824
2
0
1348747581
4
0
15825
2
0
1348748605
4
0
15826
2
0
1348749629
4
0
15827
2
0
1348750653
4
0
15828
2
0
1348751677
4
0
15829
2
0
1348752701
4
0
15830
2
0
1348753725
4
0
15831
2
0
1348756285
4
0
15832
2
0
1348757309
4
0
15833
2
0
1348758333
4
0
15834
2
0
1348759357
4
0
15835
2
0
1348760381
4
0
15836
2
0
1348761405
4
0
15837
2
0
1348743229
4
0
15838
2
0
1348744253
4
0
15839
2
0
1348745277
4
0
15840
2
0
1348813117
4
0
15841
2
0
1348814141
4
0
15842
2
0
1348815165
4
0
15843
2
0
1348816189
4
0
15844
2
0
1348817213
4
0
15845
2
0
1348818237
4
0
15846
2
0
1348819261
4
0
15847
2
0
1348821821
4
0
15848
2
0
1348822845
4
0
15849
2
0
1348823869
4
0
15850
2
0
1348824893
4
0
15851
2
0
1348825917
4
0
15852
2
0
1348826941
4
0
15853
2
0
1348808765
4
0
15854
2
0
1348809789
4
0
15855
2
0
1348810813
4
0
15856
2
0
1348878653
4
0
15857
2
0
1348879677
4
0
15858
2
0
1348880701
4
0
15859
2
0
1348881725
4
0
15860
2
0
1348882749
4
0
15861
2
0
1348883773
4
0
15862
2
0
1348884797
4
0
15863
2
0
1348887357
4
0
15864
2
0
1348888381
4
0
15865
2
0
1348889405
4
0
15866
2
0
1348890429
4
0
15867
2
0
1348891453
4
0
15868
2
0
1348892477
4
0
15869
2
0
1348874301
4
0
15870
2
0
1348875325
4
0
15871
2
0
1348876349
4
0
15872
2
0
1348944189
4
0
15873
2
0
1348945213
4
0
15874
2
0
1348946237
4
0
15875
2
0
1348947261
4
0
15876
2
0
1348948285
4
0
15877
2
0
1348949309
4
0
15878
2
0
1348950333
4
0
15879
2
0
1348952893
4
0
15880
2
0
1348953917
4
0
15881
2
0
1348954941
4
0
15882
2
0
1348955965
4
0
15883
2
0
1348956989
4
0
15884
2
0
1348958013
4
0
15885
2
0
1348939837
4
0
15886
2
0
1348940861
4
0
15887
2
0
1348941885
4
0
15888
2
0
1349009725
4
0
15889
2
0
1349010749
4
0
15890
2
0
1349011773
4
0
15891
2
0
1349012797
4
0
15892
2
0
1349013821
4
0
15893
2
0
1349014845
4
0
15894
2
0
1349015869
4
0
15895
2
0
1349018429
4
0
15896
2
0
1349019453
4
0
15897
2
0
1349020477
4
0
15898
2
0
1349021501
4
0
15899
2
0
1349022525
4
0
15900
2
0
1349023549
4
0
15901
2
0
1349005373
4
0
15902
2
0
1349006397
4
0
15903
2
0
1349007421
4
0
15904
2
0
1349075261
4
0
15905
2
0
1349076285
4
0
15906
2
0
1349077309
4
0
15907
2
0
1349078333
4
0
15908
2
0
1349079357
4
0
15909
2
0
1349080381
4
0
15910
2
0
1349081405
4
0
15911
2
0
1349083965
4
0
15912
2
0
1349084989
4
0
15913
2
0
1349086013
4
0
15914
2
0
1349087037
4
0
15915
2
0
1349088061
4
0
15916
2
0
1349089085
4
0
15917
2
0
1349070909
4
0
15918
2
0
1349071933
4
0
15919
2
0
1349072957
4
0
15920
2
0
1349140797
4
0
15921
2
0
1349141821
4
0
15922
2
0
1349142845
4
0
15923
2
0
1349143869
4
0
15924
2
0
1349144893
4
0
15925
2
0
1349145917
4
0
15926
2
0
1349146941
4
0
15927
2
0
1349149501
4
0
15928
2
0
1349150525
4
0
15929
2
0
1349151549
4
0
15930
2
0
1349152573
4
0
15931
2
0
1349153597
4
0
15932
2
0
1349154621
4
0
15933
2
0
1349136445
4
0
15934
2
0
1349137469
4
0
15935
2
0
1349138493
4
0
15936
2
0
1349206333
4
0
15937
2
0
1349207357
4
0
15938
2
0
1349208381
4
0
15939
2
0
1349209405
4
0
15940
2
0
1349210429
4
0
15941
2
0
1349211453
4
0
15942
2
0
1349212477
4
0
15943
2
0
1349215037
4
0
15944
2
0
1349216061
4
0
15945
2
0
1349217085
4
0
15946
2
0
1349218109
4
0
15947
2
0
1349219133
4
0
15948
2
0
1349220157
4
0
15949
2
0
1349201981
4
0
15950
2
0
1349203005
4
0
15951
2
0
1349204029
4
0
15952
2
0
1349271869
4
0
15953
2
0
1349272893
4
0
15954
2
0
1349273917
4
0
15955
2
0
1349274941
4
0
15956
2
0
1349275965
4
0
15957
2
0
1349276989
4
0
15958
2
0
1349278013
4
0
15959
2
0
1349280573
4
0
15960
2
0
1349281597
4
0
15961
2
0
1349282621
4
0
15962
2
0
1349283645
4
0
15963
2
0
1349284669
4
0
15964
2
0
1349285693
4
0
15965
2
0
1349267517
4
0
15966
2
0
1349268541
4
0
15967
2
0
1349269565
4
0
15968
2
0
1349337405
4
0
15969
2
0
1349338429
4
0
15970
2
0
1349339453
4
0
15971
2
0
1349340477
4
0
15972
2
0
1349341501
4
0
15973
2
0
1349342525
4
0
15974
2
0
1349343549
4
0
15975
2
0
1349346109
4
0
15976
2
0
1349347133
4
0
15977
2
0
1349348157
4
0
15978
2
0
1349349181
4
0
15979
2
0
1349350205
4
0
15980
2
0
1349351229
4
0
15981
2
0
1349333053
4
0
15982
2
0
1349334077
4
0
15983
2
0
1349335101
4
0
15984
2
0
1349402941
4
0
15985
2
0
1349403965
4
0
15986
2
0
1349404989
4
0
15987
2
0
1349406013
4
0
15988
2
0
1349407037
4
0
15989
2
0
1349408061
4
0
15990
2
0
1349409085
4
0
15991
2
0
1349411645
4
0
15992
2
0
1349412669
4
0
15993
2
0
1349413693
4
0
15994
2
0
1349414717
4
0
15995
2
0
1349415741
4
0
15996
2
0
1349416765
4
0
15997
2
0
1349398589
4
0
15998
2
0
1349399613
4
0
15999
2
0
1349400637
4
0
16000
2
0
1349468477
4
0
16001
2
0
1349469501
4
0
16002
2
0
1349470525
4
0
16003
2
0
1349471549
4
0
16004
2
0
1349472573
4
0
16005
2
0
1349473597
4
0
16006
2
0
1349474621
4
0
16007
2
0
1349477181
4
0
16008
2
0
1349478205
4
0
16009
2
0
1349479229
4
0
16010
2
0
1349480253
4
0
16011
2
0
1349481277
4
0
16012
2
0
1349482301
4
0
16013
2
0
1349464125
4
0
16014
2
0
1349465149
4
0
16015
2
0
1349466173
4
0
16016
2
0
1349534013
4
0
16017
2
0
1349535037
4
0
16018
2
0
1349536061
4
0
16019
2
0
1349537085
4
0
16020
2
0
1349538109
4
0
16021
2
0
1349539133
4
0
16022
2
0
1349540157
4
0
16023
2
0
1349542717
4
0
16024
2
0
1349543741
4
0
16025
2
0
1349544765
4
0
16026
2
0
1349545789
4
0
16027
2
0
1349546813
4
0
16028
2
0
1349547837
4
0
16029
2
0
1349529661
4
0
16030
2
0
1349530685
4
0
16031
2
0
1349531709
4
0
16032
2
0
1349599549
4
0
16033
2
0
1349600573
4
0
16034
2
0
1349601597
4
0
16035
2
0
1349602621
4
0
16036
2
0
1349603645
4
0
16037
2
0
1349604669
4
0
16038
2
0
1349605693
4
0
16039
2
0
1349608253
4
0
16040
2
0
1349609277
4
0
16041
2
0
1349610301
4
0
16042
2
0
1349611325
4
0
16043
2
0
1349612349
4
0
16044
2
0
1349613373
4
0
16045
2
0
1349595197
4
0
16046
2
0
1349596221
4
0
16047
2
0
1349597245
4
0
16048
2
0
1349665085
4
0
16049
2
0
1349666109
4
0
16050
2
0
1349667133
4
0
16051
2
0
1349668157
4
0
16052
2
0
1349669181
4
0
16053
2
0
1349670205
4
0
16054
2
0
1349671229
4
0
16055
2
0
1349673789
4
0
16056
2
0
1349674813
4
0
16057
2
0
1349675837
4
0
16058
2
0
1349676861
4
0
16059
2
0
1349677885
4
0
16060
2
0
1349678909
4
0
16061
2
0
1349660733
4
0
16062
2
0
1349661757
4
0
16063
2
0
1349662781
4
0
16064
2
0
1349730621
4
0
16065
2
0
1349731645
4
0
16066
2
0
1349732669
4
0
16067
2
0
1349733693
4
0
16068
2
0
1349734717
4
0
16069
2
0
1349735741
4
0
16070
2
0
1349736765
4
0
16071
2
0
1349739325
4
0
16072
2
0
1349740349
4
0
16073
2
0
1349741373
4
0
16074
2
0
1349742397
4
0
16075
2
0
1349743421
4
0
16076
2
0
1349744445
4
0
16077
2
0
1349726269
4
0
16078
2
0
1349727293
4
0
16079
2
0
1349728317
4
0
16080
2
0
1349796157
4
0
16081
2
0
1349797181
4
0
16082
2
0
1349798205
4
0
16083
2
0
1349799229
4
0
16084
2
0
1349800253
4
0
16085
2
0
1349801277
4
0
16086
2
0
1349802301
4
0
16087
2
0
1349804861
4
0
16088
2
0
1349805885
4
0
16089
2
0
1349806909
4
0
16090
2
0
1349807933
4
0
16091
2
0
1349808957
4
0
16092
2
0
1349809981
4
0
16093
2
0
1349791805
4
0
16094
2
0
1349792829
4
0
16095
2
0
1349793853
4
0
16096
2
0
1349861693
4
0
16097
2
0
1349862717
4
0
16098
2
0
1349863741
4
0
16099
2
0
1349864765
4
0
16100
2
0
1349865789
4
0
16101
2
0
1349866813
4
0
16102
2
0
1349867837
4
0
16103
2
0
1349870397
4
0
16104
2
0
1349871421
4
0
16105
2
0
1349872445
4
0
16106
2
0
1349873469
4
0
16107
2
0
1349874493
4
0
16108
2
0
1349875517
4
0
16109
2
0
1349857341
4
0
16110
2
0
1349858365
4
0
16111
2
0
1349859389
4
0
16112
2
0
1349927229
4
0
16113
2
0
1349928253
4
0
16114
2
0
1349929277
4
0
16115
2
0
1349930301
4
0
16116
2
0
1349931325
4
0
16117
2
0
1349932349
4
0
16118
2
0
1349933373
4
0
16119
2
0
1349935933
4
0
16120
2
0
1349936957
4
0
16121
2
0
1349937981
4
0
16122
2
0
1349939005
4
0
16123
2
0
1349940029
4
0
16124
2
0
1349941053
4
0
16125
2
0
1349922877
4
0
16126
2
0
1349923901
4
0
16127
2
0
1349924925
4
0
16128
2
0
1349992765
4
0
16129
2
0
1349993789
4
0
16130
2
0
1349994813
4
0
16131
2
0
1349995837
4
0
16132
2
0
1349996861
4
0
16133
2
0
1349997885
4
0
16134
2
0
1349998909
4
0
16135
2
0
1350001469
4
0
16136
2
0
1350002493
4
0
16137
2
0
1350003517
4
0
16138
2
0
1350004541
4
0
16139
2
0
1350005565
4
0
16140
2
0
1350006589
4
0
16141
2
0
1349988413
4
0
16142
2
0
1349989437
4
0
16143
2
0
1349990461
4
0
16144
2
0
1350058301
4
0
16145
2
0
1350059325
4
0
16146
2
0
1350060349
4
0
16147
2
0
1350061373
4
0
16148
2
0
1350062397
4
0
16149
2
0
1350063421
4
0
16150
2
0
1350064445
4
0
16151
2
0
1350067005
4
0
16152
2
0
1350068029
4
0
16153
2
0
1350069053
4
0
16154
2
0
1350070077
4
0
16155
2
0
1350071101
4
0
16156
2
0
1350072125
4
0
16157
2
0
1350053949
4
0
16158
2
0
1350054973
4
0
16159
2
0
1350055997
4
0
16160
2
0
1350123837
4
0
16161
2
0
1350124861
4
0
16162
2
0
1350125885
4
0
16163
2
0
1350126909
4
0
16164
2
0
1350127933
4
0
16165
2
0
1350128957
4
0
16166
2
0
1350129981
4
0
16167
2
0
1350132541
4
0
16168
2
0
1350133565
4
0
16169
2
0
1350134589
4
0
16170
2
0
1350135613
4
0
16171
2
0
1350136637
4
0
16172
2
0
1350137661
4
0
16173
2
0
1350119485
4
0
16174
2
0
1350120509
4
0
16175
2
0
1350121533
4
0
16176
2
0
1350189373
4
0
16177
2
0
1350190397
4
0
16178
2
0
1350191421
4
0
16179
2
0
1350192445
4
0
16180
2
0
1350193469
4
0
16181
2
0
1350194493
4
0
16182
2
0
1350195517
4
0
16183
2
0
1350198077
4
0
16184
2
0
1350199101
4
0
16185
2
0
1350200125
4
0
16186
2
0
1350201149
4
0
16187
2
0
1350202173
4
0
16188
2
0
1350203197
4
0
16189
2
0
1350185021
4
0
16190
2
0
1350186045
4
0
16191
2
0
1350187069
4
0
16192
2
0
1345339709
4
0
16193
2
0
1345340733
4
0
16194
2
0
1345341757
4
0
16195
2
0
1345342781
4
0
16196
2
0
1345343805
4
0
16197
2
0
1345344829
4
0
16198
2
0
1345345853
4
0
16199
2
0
1345348413
4
0
16200
2
0
1345349437
4
0
16201
2
0
1345350461
4
0
16202
2
0
1345351485
4
0
16203
2
0
1345352509
4
0
16204
2
0
1345353533
4
0
16205
2
0
1345335357
4
0
16206
2
0
1345336381
4
0
16207
2
0
1345337405
4
0
16208
2
0
1345405245
4
0
16209
2
0
1345406269
4
0
16210
2
0
1345407293
4
0
16211
2
0
1345408317
4
0
16212
2
0
1345409341
4
0
16213
2
0
1345410365
4
0
16214
2
0
1345411389
4
0
16215
2
0
1345413949
4
0
16216
2
0
1345414973
4
0
16217
2
0
1345415997
4
0
16218
2
0
1345417021
4
0
16219
2
0
1345418045
4
0
16220
2
0
1345419069
4
0
16221
2
0
1345400893
4
0
16222
2
0
1345401917
4
0
16223
2
0
1345402941
4
0
16224
2
0
1345470781
4
0
16225
2
0
1345471805
4
0
16226
2
0
1345472829
4
0
16227
2
0
1345473853
4
0
16228
2
0
1345474877
4
0
16229
2
0
1345475901
4
0
16230
2
0
1345476925
4
0
16231
2
0
1345479485
4
0
16232
2
0
1345480509
4
0
16233
2
0
1345481533
4
0
16234
2
0
1345482557
4
0
16235
2
0
1345483581
4
0
16236
2
0
1345484605
4
0
16237
2
0
1345466429
4
0
16238
2
0
1345467453
4
0
16239
2
0
1345468477
4
0
16240
2
0
1345536317
4
0
16241
2
0
1345537341
4
0
16242
2
0
1345538365
4
0
16243
2
0
1345539389
4
0
16244
2
0
1345540413
4
0
16245
2
0
1345541437
4
0
16246
2
0
1345542461
4
0
16247
2
0
1345545021
4
0
16248
2
0
1345546045
4
0
16249
2
0
1345547069
4
0
16250
2
0
1345548093
4
0
16251
2
0
1345549117
4
0
16252
2
0
1345550141
4
0
16253
2
0
1345531965
4
0
16254
2
0
1345532989
4
0
16255
2
0
1345534013
4
0
16256
2
0
1345601853
4
0
16257
2
0
1345602877
4
0
16258
2
0
1345603901
4
0
16259
2
0
1345604925
4
0
16260
2
0
1345605949
4
0
16261
2
0
1345606973
4
0
16262
2
0
1345607997
4
0
16263
2
0
1345610557
4
0
16264
2
0
1345611581
4
0
16265
2
0
1345612605
4
0
16266
2
0
1345613629
4
0
16267
2
0
1345614653
4
0
16268
2
0
1345615677
4
0
16269
2
0
1345597501
4
0
16270
2
0
1345598525
4
0
16271
2
0
1345599549
4
0
16272
2
0
1345667389
4
0
16273
2
0
1345668413
4
0
16274
2
0
1345669437
4
0
16275
2
0
1345670461
4
0
16276
2
0
1345671485
4
0
16277
2
0
1345672509
4
0
16278
2
0
1345673533
4
0
16279
2
0
1345676093
4
0
16280
2
0
1345677117
4
0
16281
2
0
1345678141
4
0
16282
2
0
1345679165
4
0
16283
2
0
1345680189
4
0
16284
2
0
1345681213
4
0
16285
2
0
1345663037
4
0
16286
2
0
1345664061
4
0
16287
2
0
1345665085
4
0
16288
2
0
1345732925
4
0
16289
2
0
1345733949
4
0
16290
2
0
1345734973
4
0
16291
2
0
1345735997
4
0
16292
2
0
1345737021
4
0
16293
2
0
1345738045
4
0
16294
2
0
1345739069
4
0
16295
2
0
1345741629
4
0
16296
2
0
1345742653
4
0
16297
2
0
1345743677
4
0
16298
2
0
1345744701
4
0
16299
2
0
1345745725
4
0
16300
2
0
1345746749
4
0
16301
2
0
1345728573
4
0
16302
2
0
1345729597
4
0
16303
2
0
1345730621
4
0
16304
2
0
1345798461
4
0
16305
2
0
1345799485
4
0
16306
2
0
1345800509
4
0
16307
2
0
1345801533
4
0
16308
2
0
1345802557
4
0
16309
2
0
1345803581
4
0
16310
2
0
1345804605
4
0
16311
2
0
1345807165
4
0
16312
2
0
1345808189
4
0
16313
2
0
1345809213
4
0
16314
2
0
1345810237
4
0
16315
2
0
1345811261
4
0
16316
2
0
1345812285
4
0
16317
2
0
1345794109
4
0
16318
2
0
1345795133
4
0
16319
2
0
1345796157
4
0
16320
2
0
1345863997
4
0
16321
2
0
1345865021
4
0
16322
2
0
1345866045
4
0
16323
2
0
1345867069
4
0
16324
2
0
1345868093
4
0
16325
2
0
1345869117
4
0
16326
2
0
1345870141
4
0
16327
2
0
1345872701
4
0
16328
2
0
1345873725
4
0
16329
2
0
1345874749
4
0
16330
2
0
1345875773
4
0
16331
2
0
1345876797
4
0
16332
2
0
1345877821
4
0
16333
2
0
1345859645
4
0
16334
2
0
1345860669
4
0
16335
2
0
1345861693
4
0
16336
2
0
1345929533
4
0
16337
2
0
1345930557
4
0
16338
2
0
1345931581
4
0
16339
2
0
1345932605
4
0
16340
2
0
1345933629
4
0
16341
2
0
1345934653
4
0
16342
2
0
1345935677
4
0
16343
2
0
1345938237
4
0
16344
2
0
1345939261
4
0
16345
2
0
1345940285
4
0
16346
2
0
1345941309
4
0
16347
2
0
1345942333
4
0
16348
2
0
1345943357
4
0
16349
2
0
1345925181
4
0
16350
2
0
1345926205
4
0
16351
2
0
1345927229
4
0
16352
2
0
1345012029
4
0
16353
2
0
1345013053
4
0
16354
2
0
1345014077
4
0
16355
2
0
1345015101
4
0
16356
2
0
1345016125
4
0
16357
2
0
1345017149
4
0
16358
2
0
1345018173
4
0
16359
2
0
1345020733
4
0
16360
2
0
1345021757
4
0
16361
2
0
1345022781
4
0
16362
2
0
1345023805
4
0
16363
2
0
1345024829
4
0
16364
2
0
1345025853
4
0
16365
2
0
1345007677
4
0
16366
2
0
1345008701
4
0
16367
2
0
1345009725
4
0
16368
2
0
1345274173
4
0
16369
2
0
1345275197
4
0
16370
2
0
1345276221
4
0
16371
2
0
1345277245
4
0
16372
2
0
1345278269
4
0
16373
2
0
1345279293
4
0
16374
2
0
1345280317
4
0
16375
2
0
1345282877
4
0
16376
2
0
1345283901
4
0
16377
2
0
1345284925
4
0
16378
2
0
1345285949
4
0
16379
2
0
1345286973
4
0
16380
2
0
1345287997
4
0
16381
2
0
1345269821
4
0
16382
2
0
1345270845
4
0
16383
2
0
1345271869
4
