1024
0
40960
2
0
1866547517
4
0
40961
2
0
1866548541
4
0
40962
2
0
1866549565
4
0
40963
2
0
1866550589
4
0
40964
2
0
1866551613
4
0
40965
2
0
1866552637
4
0
40966
2
0
1866553661
4
0
40967
2
0
1866556221
4
0
40968
2
0
1866557245
4
0
40969
2
0
1866558269
4
0
40970
2
0
1866559293
4
0
40971
2
0
1866560317
4
0
40972
2
0
1866561341
4
0
40973
2
0
1866543165
4
0
40974
2
0
1866544189
4
0
40975
2
0
1866545213
4
0
40976
2
0
1866613053
4
0
40977
2
0
1866614077
4
0
40978
2
0
1866615101
4
0
40979
2
0
1866616125
4
0
40980
2
0
1866617149
4
0
40981
2
0
1866618173
4
0
40982
2
0
1866619197
4
0
40983
2
0
1866621757
4
0
40984
2
0
1866622781
4
0
40985
2
0
1866623805
4
0
40986
2
0
1866624829
4
0
40987
2
0
1866625853
4
0
40988
2
0
1866626877
4
0
40989
2
0
1866608701
4
0
40990
2
0
1866609725
4
0
40991
2
0
1866610749
4
0
40992
2
0
1866678589
4
0
40993
2
0
1866679613
4
0
40994
2
0
1866680637
4
0
40995
2
0
1866681661
4
0
40996
2
0
1866682685
4
0
40997
2
0
1866683709
4
0
40998
2
0
1866684733
4
0
40999
2
0
1866687293
4
0
41000
2
0
1866688317
4
0
41001
2
0
1866689341
4
0
41002
2
0
1866690365
4
0
41003
2
0
1866691389
4
0
41004
2
0
1866692413
4
0
41005
2
0
1866674237
4
0
41006
2
0
1866675261
4
0
41007
2
0
1866676285
4
0
41008
2
0
1866744125
4
0
41009
2
0
1866745149
4
0
41010
2
0
1866746173
4
0
41011
2
0
1866747197
4
0
41012
2
0
1866748221
4
0
41013
2
0
1866749245
4
0
41014
2
0
1866750269
4
0
41015
2
0
1866752829
4
0
41016
2
0
1866753853
4
0
41017
2
0
1866754877
4
0
41018
2
0
1866755901
4
0
41019
2
0
1866756925
4
0
41020
2
0
1866757949
4
0
41021
2
0
1866739773
4
0
41022
2
0
1866740797
4
0
41023
2
0
1866741821
4
0
41024
2
0
1866809661
4
0
41025
2
0
1866810685
4
0
41026
2
0
1866811709
4
0
41027
2
0
1866812733
4
0
41028
2
0
1866813757
4
0
41029
2
0
1866814781
4
0
41030
2
0
1866815805
4
0
41031
2
0
1866818365
4
0
41032
2
0
1866819389
4
0
41033
2
0
1866820413
4
0
41034
2
0
1866821437
4
0
41035
2
0
1866822461
4
0
41036
2
0
1866823485
4
0
41037
2
0
1866805309
4
0
41038
2
0
1866806333
4
0
41039
2
0
1866807357
4
0
41040
2
0
1866875197
4
0
41041
2
0
1866876221
4
0
41042
2
0
1866877245
4
0
41043
2
0
1866878269
4
0
41044
2
0
1866879293
4
0
41045
2
0
1866880317
4
0
41046
2
0
1866881341
4
0
41047
2
0
1866883901
4
0
41048
2
0
1866884925
4
0
41049
2
0
1866885949
4
0
41050
2
0
1866886973
4
0
41051
2
0
1866887997
4
0
41052
2
0
1866889021
4
0
41053
2
0
1866870845
4
0
41054
2
0
1866871869
4
0
41055
2
0
1866872893
4
0
41056
2
0
1866940733
4
0
41057
2
0
1866941757
4
0
41058
2
0
1866942781
4
0
41059
2
0
1866943805
4
0
41060
2
0
1866944829
4
0
41061
2
0
1866945853
4
0
41062
2
0
1866946877
4
0
41063
2
0
1866949437
4
0
41064
2
0
1866950461
4
0
41065
2
0
1866951485
4
0
41066
2
0
1866952509
4
0
41067
2
0
1866953533
4
0
41068
2
0
1866954557
4
0
41069
2
0
1866936381
4
0
41070
2
0
1866937405
4
0
41071
2
0
1866938429
4
0
41072
2
0
1867006269
4
0
41073
2
0
1867007293
4
0
41074
2
0
1867008317
4
0
41075
2
0
1867009341
4
0
41076
2
0
1867010365
4
0
41077
2
0
1867011389
4
0
41078
2
0
1867012413
4
0
41079
2
0
1867014973
4
0
41080
2
0
1867015997
4
0
41081
2
0
1867017021
4
0
41082
2
0
1867018045
4
0
41083
2
0
1867019069
4
0
41084
2
0
1867020093
4
0
41085
2
0
1867001917
4
0
41086
2
0
1867002941
4
0
41087
2
0
1867003965
4
0
41088
2
0
1867071805
4
0
41089
2
0
1867072829
4
0
41090
2
0
1867073853
4
0
41091
2
0
1867074877
4
0
41092
2
0
1867075901
4
0
41093
2
0
1867076925
4
0
41094
2
0
1867077949
4
0
41095
2
0
1867080509
4
0
41096
2
0
1867081533
4
0
41097
2
0
1867082557
4
0
41098
2
0
1867083581
4
0
41099
2
0
1867084605
4
0
41100
2
0
1867085629
4
0
41101
2
0
1867067453
4
0
41102
2
0
1867068477
4
0
41103
2
0
1867069501
4
0
41104
2
0
1867137341
4
0
41105
2
0
1867138365
4
0
41106
2
0
1867139389
4
0
41107
2
0
1867140413
4
0
41108
2
0
1867141437
4
0
41109
2
0
1867142461
4
0
41110
2
0
1867143485
4
0
41111
2
0
1867146045
4
0
41112
2
0
1867147069
4
0
41113
2
0
1867148093
4
0
41114
2
0
1867149117
4
0
41115
2
0
1867150141
4
0
41116
2
0
1867151165
4
0
41117
2
0
1867132989
4
0
41118
2
0
1867134013
4
0
41119
2
0
1867135037
4
0
41120
2
0
1867202877
4
0
41121
2
0
1867203901
4
0
41122
2
0
1867204925
4
0
41123
2
0
1867205949
4
0
41124
2
0
1867206973
4
0
41125
2
0
1867207997
4
0
41126
2
0
1867209021
4
0
41127
2
0
1867211581
4
0
41128
2
0
1867212605
4
0
41129
2
0
1867213629
4
0
41130
2
0
1867214653
4
0
41131
2
0
1867215677
4
0
41132
2
0
1867216701
4
0
41133
2
0
1867198525
4
0
41134
2
0
1867199549
4
0
41135
2
0
1867200573
4
0
41136
2
0
1867268413
4
0
41137
2
0
1867269437
4
0
41138
2
0
1867270461
4
0
41139
2
0
1867271485
4
0
41140
2
0
1867272509
4
0
41141
2
0
1867273533
4
0
41142
2
0
1867274557
4
0
41143
2
0
1867277117
4
0
41144
2
0
1867278141
4
0
41145
2
0
1867279165
4
0
41146
2
0
1867280189
4
0
41147
2
0
1867281213
4
0
41148
2
0
1867282237
4
0
41149
2
0
1867264061
4
0
41150
2
0
1867265085
4
0
41151
2
0
1867266109
4
0
41152
2
0
1867333949
4
0
41153
2
0
1867334973
4
0
41154
2
0
1867335997
4
0
41155
2
0
1867337021
4
0
41156
2
0
1867338045
4
0
41157
2
0
1867339069
4
0
41158
2
0
1867340093
4
0
41159
2
0
1867342653
4
0
41160
2
0
1867343677
4
0
41161
2
0
1867344701
4
0
41162
2
0
1867345725
4
0
41163
2
0
1867346749
4
0
41164
2
0
1867347773
4
0
41165
2
0
1867329597
4
0
41166
2
0
1867330621
4
0
41167
2
0
1867331645
4
0
41168
2
0
1867399485
4
0
41169
2
0
1867400509
4
0
41170
2
0
1867401533
4
0
41171
2
0
1867402557
4
0
41172
2
0
1867403581
4
0
41173
2
0
1867404605
4
0
41174
2
0
1867405629
4
0
41175
2
0
1867408189
4
0
41176
2
0
1867409213
4
0
41177
2
0
1867410237
4
0
41178
2
0
1867411261
4
0
41179
2
0
1867412285
4
0
41180
2
0
1867413309
4
0
41181
2
0
1867395133
4
0
41182
2
0
1867396157
4
0
41183
2
0
1867397181
4
0
41184
2
0
1867465021
4
0
41185
2
0
1867466045
4
0
41186
2
0
1867467069
4
0
41187
2
0
1867468093
4
0
41188
2
0
1867469117
4
0
41189
2
0
1867470141
4
0
41190
2
0
1867471165
4
0
41191
2
0
1867473725
4
0
41192
2
0
1867474749
4
0
41193
2
0
1867475773
4
0
41194
2
0
1867476797
4
0
41195
2
0
1867477821
4
0
41196
2
0
1867478845
4
0
41197
2
0
1867460669
4
0
41198
2
0
1867461693
4
0
41199
2
0
1867462717
4
0
41200
2
0
1867530557
4
0
41201
2
0
1867531581
4
0
41202
2
0
1867532605
4
0
41203
2
0
1867533629
4
0
41204
2
0
1867534653
4
0
41205
2
0
1867535677
4
0
41206
2
0
1867536701
4
0
41207
2
0
1867539261
4
0
41208
2
0
1867540285
4
0
41209
2
0
1867541309
4
0
41210
2
0
1867542333
4
0
41211
2
0
1867543357
4
0
41212
2
0
1867544381
4
0
41213
2
0
1867526205
4
0
41214
2
0
1867527229
4
0
41215
2
0
1867528253
4
0
41216
2
0
1867596093
4
0
41217
2
0
1867597117
4
0
41218
2
0
1867598141
4
0
41219
2
0
1867599165
4
0
41220
2
0
1867600189
4
0
41221
2
0
1867601213
4
0
41222
2
0
1867602237
4
0
41223
2
0
1867604797
4
0
41224
2
0
1867605821
4
0
41225
2
0
1867606845
4
0
41226
2
0
1867607869
4
0
41227
2
0
1867608893
4
0
41228
2
0
1867609917
4
0
41229
2
0
1867591741
4
0
41230
2
0
1867592765
4
0
41231
2
0
1867593789
4
0
41232
2
0
1867661629
4
0
41233
2
0
1867662653
4
0
41234
2
0
1867663677
4
0
41235
2
0
1867664701
4
0
41236
2
0
1867665725
4
0
41237
2
0
1867666749
4
0
41238
2
0
1867667773
4
0
41239
2
0
1867670333
4
0
41240
2
0
1867671357
4
0
41241
2
0
1867672381
4
0
41242
2
0
1867673405
4
0
41243
2
0
1867674429
4
0
41244
2
0
1867675453
4
0
41245
2
0
1867657277
4
0
41246
2
0
1867658301
4
0
41247
2
0
1867659325
4
0
41248
2
0
1867727165
4
0
41249
2
0
1867728189
4
0
41250
2
0
1867729213
4
0
41251
2
0
1867730237
4
0
41252
2
0
1867731261
4
0
41253
2
0
1867732285
4
0
41254
2
0
1867733309
4
0
41255
2
0
1867735869
4
0
41256
2
0
1867736893
4
0
41257
2
0
1867737917
4
0
41258
2
0
1867738941
4
0
41259
2
0
1867739965
4
0
41260
2
0
1867740989
4
0
41261
2
0
1867722813
4
0
41262
2
0
1867723837
4
0
41263
2
0
1867724861
4
0
41264
2
0
1867792701
4
0
41265
2
0
1867793725
4
0
41266
2
0
1867794749
4
0
41267
2
0
1867795773
4
0
41268
2
0
1867796797
4
0
41269
2
0
1867797821
4
0
41270
2
0
1867798845
4
0
41271
2
0
1867801405
4
0
41272
2
0
1867802429
4
0
41273
2
0
1867803453
4
0
41274
2
0
1867804477
4
0
41275
2
0
1867805501
4
0
41276
2
0
1867806525
4
0
41277
2
0
1867788349
4
0
41278
2
0
1867789373
4
0
41279
2
0
1867790397
4
0
41280
2
0
1867858237
4
0
41281
2
0
1867859261
4
0
41282
2
0
1867860285
4
0
41283
2
0
1867861309
4
0
41284
2
0
1867862333
4
0
41285
2
0
1867863357
4
0
41286
2
0
1867864381
4
0
41287
2
0
1867866941
4
0
41288
2
0
1867867965
4
0
41289
2
0
1867868989
4
0
41290
2
0
1867870013
4
0
41291
2
0
1867871037
4
0
41292
2
0
1867872061
4
0
41293
2
0
1867853885
4
0
41294
2
0
1867854909
4
0
41295
2
0
1867855933
4
0
41296
2
0
1867923773
4
0
41297
2
0
1867924797
4
0
41298
2
0
1867925821
4
0
41299
2
0
1867926845
4
0
41300
2
0
1867927869
4
0
41301
2
0
1867928893
4
0
41302
2
0
1867929917
4
0
41303
2
0
1867932477
4
0
41304
2
0
1867933501
4
0
41305
2
0
1867934525
4
0
41306
2
0
1867935549
4
0
41307
2
0
1867936573
4
0
41308
2
0
1867937597
4
0
41309
2
0
1867919421
4
0
41310
2
0
1867920445
4
0
41311
2
0
1867921469
4
0
41312
2
0
1867989309
4
0
41313
2
0
1867990333
4
0
41314
2
0
1867991357
4
0
41315
2
0
1867992381
4
0
41316
2
0
1867993405
4
0
41317
2
0
1867994429
4
0
41318
2
0
1867995453
4
0
41319
2
0
1867998013
4
0
41320
2
0
1867999037
4
0
41321
2
0
1868000061
4
0
41322
2
0
1868001085
4
0
41323
2
0
1868002109
4
0
41324
2
0
1868003133
4
0
41325
2
0
1867984957
4
0
41326
2
0
1867985981
4
0
41327
2
0
1867987005
4
0
41328
2
0
1868054845
4
0
41329
2
0
1868055869
4
0
41330
2
0
1868056893
4
0
41331
2
0
1868057917
4
0
41332
2
0
1868058941
4
0
41333
2
0
1868059965
4
0
41334
2
0
1868060989
4
0
41335
2
0
1868063549
4
0
41336
2
0
1868064573
4
0
41337
2
0
1868065597
4
0
41338
2
0
1868066621
4
0
41339
2
0
1868067645
4
0
41340
2
0
1868068669
4
0
41341
2
0
1868050493
4
0
41342
2
0
1868051517
4
0
41343
2
0
1868052541
4
0
41344
2
0
1868120381
4
0
41345
2
0
1868121405
4
0
41346
2
0
1868122429
4
0
41347
2
0
1868123453
4
0
41348
2
0
1868124477
4
0
41349
2
0
1868125501
4
0
41350
2
0
1868126525
4
0
41351
2
0
1868129085
4
0
41352
2
0
1868130109
4
0
41353
2
0
1868131133
4
0
41354
2
0
1868132157
4
0
41355
2
0
1868133181
4
0
41356
2
0
1868134205
4
0
41357
2
0
1868116029
4
0
41358
2
0
1868117053
4
0
41359
2
0
1868118077
4
0
41360
2
0
1868185917
4
0
41361
2
0
1868186941
4
0
41362
2
0
1868187965
4
0
41363
2
0
1868188989
4
0
41364
2
0
1868190013
4
0
41365
2
0
1868191037
4
0
41366
2
0
1868192061
4
0
41367
2
0
1868194621
4
0
41368
2
0
1868195645
4
0
41369
2
0
1868196669
4
0
41370
2
0
1868197693
4
0
41371
2
0
1868198717
4
0
41372
2
0
1868199741
4
0
41373
2
0
1868181565
4
0
41374
2
0
1868182589
4
0
41375
2
0
1868183613
4
0
41376
2
0
1868644669
4
0
41377
2
0
1868645693
4
0
41378
2
0
1868646717
4
0
41379
2
0
1868647741
4
0
41380
2
0
1868648765
4
0
41381
2
0
1868649789
4
0
41382
2
0
1868650813
4
0
41383
2
0
1868653373
4
0
41384
2
0
1868654397
4
0
41385
2
0
1868655421
4
0
41386
2
0
1868656445
4
0
41387
2
0
1868657469
4
0
41388
2
0
1868658493
4
0
41389
2
0
1868640317
4
0
41390
2
0
1868641341
4
0
41391
2
0
1868642365
4
0
41392
2
0
1868710205
4
0
41393
2
0
1868711229
4
0
41394
2
0
1868712253
4
0
41395
2
0
1868713277
4
0
41396
2
0
1868714301
4
0
41397
2
0
1868715325
4
0
41398
2
0
1868716349
4
0
41399
2
0
1868718909
4
0
41400
2
0
1868719933
4
0
41401
2
0
1868720957
4
0
41402
2
0
1868721981
4
0
41403
2
0
1868723005
4
0
41404
2
0
1868724029
4
0
41405
2
0
1868705853
4
0
41406
2
0
1868706877
4
0
41407
2
0
1868707901
4
0
41408
2
0
1868775741
4
0
41409
2
0
1868776765
4
0
41410
2
0
1868777789
4
0
41411
2
0
1868778813
4
0
41412
2
0
1868779837
4
0
41413
2
0
1868780861
4
0
41414
2
0
1868781885
4
0
41415
2
0
1868784445
4
0
41416
2
0
1868785469
4
0
41417
2
0
1868786493
4
0
41418
2
0
1868787517
4
0
41419
2
0
1868788541
4
0
41420
2
0
1868789565
4
0
41421
2
0
1868771389
4
0
41422
2
0
1868772413
4
0
41423
2
0
1868773437
4
0
41424
2
0
1868841277
4
0
41425
2
0
1868842301
4
0
41426
2
0
1868843325
4
0
41427
2
0
1868844349
4
0
41428
2
0
1868845373
4
0
41429
2
0
1868846397
4
0
41430
2
0
1868847421
4
0
41431
2
0
1868849981
4
0
41432
2
0
1868851005
4
0
41433
2
0
1868852029
4
0
41434
2
0
1868853053
4
0
41435
2
0
1868854077
4
0
41436
2
0
1868855101
4
0
41437
2
0
1868836925
4
0
41438
2
0
1868837949
4
0
41439
2
0
1868838973
4
0
41440
2
0
1868906813
4
0
41441
2
0
1868907837
4
0
41442
2
0
1868908861
4
0
41443
2
0
1868909885
4
0
41444
2
0
1868910909
4
0
41445
2
0
1868911933
4
0
41446
2
0
1868912957
4
0
41447
2
0
1868915517
4
0
41448
2
0
1868916541
4
0
41449
2
0
1868917565
4
0
41450
2
0
1868918589
4
0
41451
2
0
1868919613
4
0
41452
2
0
1868920637
4
0
41453
2
0
1868902461
4
0
41454
2
0
1868903485
4
0
41455
2
0
1868904509
4
0
41456
2
0
1868972349
4
0
41457
2
0
1868973373
4
0
41458
2
0
1868974397
4
0
41459
2
0
1868975421
4
0
41460
2
0
1868976445
4
0
41461
2
0
1868977469
4
0
41462
2
0
1868978493
4
0
41463
2
0
1868981053
4
0
41464
2
0
1868982077
4
0
41465
2
0
1868983101
4
0
41466
2
0
1868984125
4
0
41467
2
0
1868985149
4
0
41468
2
0
1868986173
4
0
41469
2
0
1868967997
4
0
41470
2
0
1868969021
4
0
41471
2
0
1868970045
4
0
41472
2
0
1869037885
4
0
41473
2
0
1869038909
4
0
41474
2
0
1869039933
4
0
41475
2
0
1869040957
4
0
41476
2
0
1869041981
4
0
41477
2
0
1869043005
4
0
41478
2
0
1869044029
4
0
41479
2
0
1869046589
4
0
41480
2
0
1869047613
4
0
41481
2
0
1869048637
4
0
41482
2
0
1869049661
4
0
41483
2
0
1869050685
4
0
41484
2
0
1869051709
4
0
41485
2
0
1869033533
4
0
41486
2
0
1869034557
4
0
41487
2
0
1869035581
4
0
41488
2
0
1869103421
4
0
41489
2
0
1869104445
4
0
41490
2
0
1869105469
4
0
41491
2
0
1869106493
4
0
41492
2
0
1869107517
4
0
41493
2
0
1869108541
4
0
41494
2
0
1869109565
4
0
41495
2
0
1869112125
4
0
41496
2
0
1869113149
4
0
41497
2
0
1869114173
4
0
41498
2
0
1869115197
4
0
41499
2
0
1869116221
4
0
41500
2
0
1869117245
4
0
41501
2
0
1869099069
4
0
41502
2
0
1869100093
4
0
41503
2
0
1869101117
4
0
41504
2
0
1869168957
4
0
41505
2
0
1869169981
4
0
41506
2
0
1869171005
4
0
41507
2
0
1869172029
4
0
41508
2
0
1869173053
4
0
41509
2
0
1869174077
4
0
41510
2
0
1869175101
4
0
41511
2
0
1869177661
4
0
41512
2
0
1869178685
4
0
41513
2
0
1869179709
4
0
41514
2
0
1869180733
4
0
41515
2
0
1869181757
4
0
41516
2
0
1869182781
4
0
41517
2
0
1869164605
4
0
41518
2
0
1869165629
4
0
41519
2
0
1869166653
4
0
41520
2
0
1869234493
4
0
41521
2
0
1869235517
4
0
41522
2
0
1869236541
4
0
41523
2
0
1869237565
4
0
41524
2
0
1869238589
4
0
41525
2
0
1869239613
4
0
41526
2
0
1869240637
4
0
41527
2
0
1869243197
4
0
41528
2
0
1869244221
4
0
41529
2
0
1869245245
4
0
41530
2
0
1869246269
4
0
41531
2
0
1869247293
4
0
41532
2
0
1869248317
4
0
41533
2
0
1869230141
4
0
41534
2
0
1869231165
4
0
41535
2
0
1869232189
4
0
41536
2
0
1869300029
4
0
41537
2
0
1869301053
4
0
41538
2
0
1869302077
4
0
41539
2
0
1869303101
4
0
41540
2
0
1869304125
4
0
41541
2
0
1869305149
4
0
41542
2
0
1869306173
4
0
41543
2
0
1869308733
4
0
41544
2
0
1869309757
4
0
41545
2
0
1869310781
4
0
41546
2
0
1869311805
4
0
41547
2
0
1869312829
4
0
41548
2
0
1869313853
4
0
41549
2
0
1869295677
4
0
41550
2
0
1869296701
4
0
41551
2
0
1869297725
4
0
41552
2
0
1869365565
4
0
41553
2
0
1869366589
4
0
41554
2
0
1869367613
4
0
41555
2
0
1869368637
4
0
41556
2
0
1869369661
4
0
41557
2
0
1869370685
4
0
41558
2
0
1869371709
4
0
41559
2
0
1869374269
4
0
41560
2
0
1869375293
4
0
41561
2
0
1869376317
4
0
41562
2
0
1869377341
4
0
41563
2
0
1869378365
4
0
41564
2
0
1869379389
4
0
41565
2
0
1869361213
4
0
41566
2
0
1869362237
4
0
41567
2
0
1869363261
4
0
41568
2
0
1869431101
4
0
41569
2
0
1869432125
4
0
41570
2
0
1869433149
4
0
41571
2
0
1869434173
4
0
41572
2
0
1869435197
4
0
41573
2
0
1869436221
4
0
41574
2
0
1869437245
4
0
41575
2
0
1869439805
4
0
41576
2
0
1869440829
4
0
41577
2
0
1869441853
4
0
41578
2
0
1869442877
4
0
41579
2
0
1869443901
4
0
41580
2
0
1869444925
4
0
41581
2
0
1869426749
4
0
41582
2
0
1869427773
4
0
41583
2
0
1869428797
4
0
41584
2
0
1869496637
4
0
41585
2
0
1869497661
4
0
41586
2
0
1869498685
4
0
41587
2
0
1869499709
4
0
41588
2
0
1869500733
4
0
41589
2
0
1869501757
4
0
41590
2
0
1869502781
4
0
41591
2
0
1869505341
4
0
41592
2
0
1869506365
4
0
41593
2
0
1869507389
4
0
41594
2
0
1869508413
4
0
41595
2
0
1869509437
4
0
41596
2
0
1869510461
4
0
41597
2
0
1869492285
4
0
41598
2
0
1869493309
4
0
41599
2
0
1869494333
4
0
41600
2
0
1869562173
4
0
41601
2
0
1869563197
4
0
41602
2
0
1869564221
4
0
41603
2
0
1869565245
4
0
41604
2
0
1869566269
4
0
41605
2
0
1869567293
4
0
41606
2
0
1869568317
4
0
41607
2
0
1869570877
4
0
41608
2
0
1869571901
4
0
41609
2
0
1869572925
4
0
41610
2
0
1869573949
4
0
41611
2
0
1869574973
4
0
41612
2
0
1869575997
4
0
41613
2
0
1869557821
4
0
41614
2
0
1869558845
4
0
41615
2
0
1869559869
4
0
41616
2
0
1869627709
4
0
41617
2
0
1869628733
4
0
41618
2
0
1869629757
4
0
41619
2
0
1869630781
4
0
41620
2
0
1869631805
4
0
41621
2
0
1869632829
4
0
41622
2
0
1869633853
4
0
41623
2
0
1869636413
4
0
41624
2
0
1869637437
4
0
41625
2
0
1869638461
4
0
41626
2
0
1869639485
4
0
41627
2
0
1869640509
4
0
41628
2
0
1869641533
4
0
41629
2
0
1869623357
4
0
41630
2
0
1869624381
4
0
41631
2
0
1869625405
4
0
41632
2
0
1869693245
4
0
41633
2
0
1869694269
4
0
41634
2
0
1869695293
4
0
41635
2
0
1869696317
4
0
41636
2
0
1869697341
4
0
41637
2
0
1869698365
4
0
41638
2
0
1869699389
4
0
41639
2
0
1869701949
4
0
41640
2
0
1869702973
4
0
41641
2
0
1869703997
4
0
41642
2
0
1869705021
4
0
41643
2
0
1869706045
4
0
41644
2
0
1869707069
4
0
41645
2
0
1869688893
4
0
41646
2
0
1869689917
4
0
41647
2
0
1869690941
4
0
41648
2
0
1869758781
4
0
41649
2
0
1869759805
4
0
41650
2
0
1869760829
4
0
41651
2
0
1869761853
4
0
41652
2
0
1869762877
4
0
41653
2
0
1869763901
4
0
41654
2
0
1869764925
4
0
41655
2
0
1869767485
4
0
41656
2
0
1869768509
4
0
41657
2
0
1869769533
4
0
41658
2
0
1869770557
4
0
41659
2
0
1869771581
4
0
41660
2
0
1869772605
4
0
41661
2
0
1869754429
4
0
41662
2
0
1869755453
4
0
41663
2
0
1869756477
4
0
41664
2
0
1869824317
4
0
41665
2
0
1869825341
4
0
41666
2
0
1869826365
4
0
41667
2
0
1869827389
4
0
41668
2
0
1869828413
4
0
41669
2
0
1869829437
4
0
41670
2
0
1869830461
4
0
41671
2
0
1869833021
4
0
41672
2
0
1869834045
4
0
41673
2
0
1869835069
4
0
41674
2
0
1869836093
4
0
41675
2
0
1869837117
4
0
41676
2
0
1869838141
4
0
41677
2
0
1869819965
4
0
41678
2
0
1869820989
4
0
41679
2
0
1869822013
4
0
41680
2
0
1869889853
4
0
41681
2
0
1869890877
4
0
41682
2
0
1869891901
4
0
41683
2
0
1869892925
4
0
41684
2
0
1869893949
4
0
41685
2
0
1869894973
4
0
41686
2
0
1869895997
4
0
41687
2
0
1869898557
4
0
41688
2
0
1869899581
4
0
41689
2
0
1869900605
4
0
41690
2
0
1869901629
4
0
41691
2
0
1869902653
4
0
41692
2
0
1869903677
4
0
41693
2
0
1869885501
4
0
41694
2
0
1869886525
4
0
41695
2
0
1869887549
4
0
41696
2
0
1869955389
4
0
41697
2
0
1869956413
4
0
41698
2
0
1869957437
4
0
41699
2
0
1869958461
4
0
41700
2
0
1869959485
4
0
41701
2
0
1869960509
4
0
41702
2
0
1869961533
4
0
41703
2
0
1869964093
4
0
41704
2
0
1869965117
4
0
41705
2
0
1869966141
4
0
41706
2
0
1869967165
4
0
41707
2
0
1869968189
4
0
41708
2
0
1869969213
4
0
41709
2
0
1869951037
4
0
41710
2
0
1869952061
4
0
41711
2
0
1869953085
4
0
41712
2
0
1870020925
4
0
41713
2
0
1870021949
4
0
41714
2
0
1870022973
4
0
41715
2
0
1870023997
4
0
41716
2
0
1870025021
4
0
41717
2
0
1870026045
4
0
41718
2
0
1870027069
4
0
41719
2
0
1870029629
4
0
41720
2
0
1870030653
4
0
41721
2
0
1870031677
4
0
41722
2
0
1870032701
4
0
41723
2
0
1870033725
4
0
41724
2
0
1870034749
4
0
41725
2
0
1870016573
4
0
41726
2
0
1870017597
4
0
41727
2
0
1870018621
4
0
41728
2
0
1870086461
4
0
41729
2
0
1870087485
4
0
41730
2
0
1870088509
4
0
41731
2
0
1870089533
4
0
41732
2
0
1870090557
4
0
41733
2
0
1870091581
4
0
41734
2
0
1870092605
4
0
41735
2
0
1870095165
4
0
41736
2
0
1870096189
4
0
41737
2
0
1870097213
4
0
41738
2
0
1870098237
4
0
41739
2
0
1870099261
4
0
41740
2
0
1870100285
4
0
41741
2
0
1870082109
4
0
41742
2
0
1870083133
4
0
41743
2
0
1870084157
4
0
41744
2
0
1870151997
4
0
41745
2
0
1870153021
4
0
41746
2
0
1870154045
4
0
41747
2
0
1870155069
4
0
41748
2
0
1870156093
4
0
41749
2
0
1870157117
4
0
41750
2
0
1870158141
4
0
41751
2
0
1870160701
4
0
41752
2
0
1870161725
4
0
41753
2
0
1870162749
4
0
41754
2
0
1870163773
4
0
41755
2
0
1870164797
4
0
41756
2
0
1870165821
4
0
41757
2
0
1870147645
4
0
41758
2
0
1870148669
4
0
41759
2
0
1870149693
4
0
41760
2
0
1870217533
4
0
41761
2
0
1870218557
4
0
41762
2
0
1870219581
4
0
41763
2
0
1870220605
4
0
41764
2
0
1870221629
4
0
41765
2
0
1870222653
4
0
41766
2
0
1870223677
4
0
41767
2
0
1870226237
4
0
41768
2
0
1870227261
4
0
41769
2
0
1870228285
4
0
41770
2
0
1870229309
4
0
41771
2
0
1870230333
4
0
41772
2
0
1870231357
4
0
41773
2
0
1870213181
4
0
41774
2
0
1870214205
4
0
41775
2
0
1870215229
4
0
41776
2
0
1870283069
4
0
41777
2
0
1870284093
4
0
41778
2
0
1870285117
4
0
41779
2
0
1870286141
4
0
41780
2
0
1870287165
4
0
41781
2
0
1870288189
4
0
41782
2
0
1870289213
4
0
41783
2
0
1870291773
4
0
41784
2
0
1870292797
4
0
41785
2
0
1870293821
4
0
41786
2
0
1870294845
4
0
41787
2
0
1870295869
4
0
41788
2
0
1870296893
4
0
41789
2
0
1870278717
4
0
41790
2
0
1870279741
4
0
41791
2
0
1870280765
4
0
41792
2
0
1865433405
4
0
41793
2
0
1865434429
4
0
41794
2
0
1865435453
4
0
41795
2
0
1865436477
4
0
41796
2
0
1865437501
4
0
41797
2
0
1865438525
4
0
41798
2
0
1865439549
4
0
41799
2
0
1865442109
4
0
41800
2
0
1865443133
4
0
41801
2
0
1865444157
4
0
41802
2
0
1865445181
4
0
41803
2
0
1865446205
4
0
41804
2
0
1865447229
4
0
41805
2
0
1865429053
4
0
41806
2
0
1865430077
4
0
41807
2
0
1865431101
4
0
41808
2
0
1865498941
4
0
41809
2
0
1865499965
4
0
41810
2
0
1865500989
4
0
41811
2
0
1865502013
4
0
41812
2
0
1865503037
4
0
41813
2
0
1865504061
4
0
41814
2
0
1865505085
4
0
41815
2
0
1865507645
4
0
41816
2
0
1865508669
4
0
41817
2
0
1865509693
4
0
41818
2
0
1865510717
4
0
41819
2
0
1865511741
4
0
41820
2
0
1865512765
4
0
41821
2
0
1865494589
4
0
41822
2
0
1865495613
4
0
41823
2
0
1865496637
4
0
41824
2
0
1865564477
4
0
41825
2
0
1865565501
4
0
41826
2
0
1865566525
4
0
41827
2
0
1865567549
4
0
41828
2
0
1865568573
4
0
41829
2
0
1865569597
4
0
41830
2
0
1865570621
4
0
41831
2
0
1865573181
4
0
41832
2
0
1865574205
4
0
41833
2
0
1865575229
4
0
41834
2
0
1865576253
4
0
41835
2
0
1865577277
4
0
41836
2
0
1865578301
4
0
41837
2
0
1865560125
4
0
41838
2
0
1865561149
4
0
41839
2
0
1865562173
4
0
41840
2
0
1865630013
4
0
41841
2
0
1865631037
4
0
41842
2
0
1865632061
4
0
41843
2
0
1865633085
4
0
41844
2
0
1865634109
4
0
41845
2
0
1865635133
4
0
41846
2
0
1865636157
4
0
41847
2
0
1865638717
4
0
41848
2
0
1865639741
4
0
41849
2
0
1865640765
4
0
41850
2
0
1865641789
4
0
41851
2
0
1865642813
4
0
41852
2
0
1865643837
4
0
41853
2
0
1865625661
4
0
41854
2
0
1865626685
4
0
41855
2
0
1865627709
4
0
41856
2
0
1865695549
4
0
41857
2
0
1865696573
4
0
41858
2
0
1865697597
4
0
41859
2
0
1865698621
4
0
41860
2
0
1865699645
4
0
41861
2
0
1865700669
4
0
41862
2
0
1865701693
4
0
41863
2
0
1865704253
4
0
41864
2
0
1865705277
4
0
41865
2
0
1865706301
4
0
41866
2
0
1865707325
4
0
41867
2
0
1865708349
4
0
41868
2
0
1865709373
4
0
41869
2
0
1865691197
4
0
41870
2
0
1865692221
4
0
41871
2
0
1865693245
4
0
41872
2
0
1865761085
4
0
41873
2
0
1865762109
4
0
41874
2
0
1865763133
4
0
41875
2
0
1865764157
4
0
41876
2
0
1865765181
4
0
41877
2
0
1865766205
4
0
41878
2
0
1865767229
4
0
41879
2
0
1865769789
4
0
41880
2
0
1865770813
4
0
41881
2
0
1865771837
4
0
41882
2
0
1865772861
4
0
41883
2
0
1865773885
4
0
41884
2
0
1865774909
4
0
41885
2
0
1865756733
4
0
41886
2
0
1865757757
4
0
41887
2
0
1865758781
4
0
41888
2
0
1865826621
4
0
41889
2
0
1865827645
4
0
41890
2
0
1865828669
4
0
41891
2
0
1865829693
4
0
41892
2
0
1865830717
4
0
41893
2
0
1865831741
4
0
41894
2
0
1865832765
4
0
41895
2
0
1865835325
4
0
41896
2
0
1865836349
4
0
41897
2
0
1865837373
4
0
41898
2
0
1865838397
4
0
41899
2
0
1865839421
4
0
41900
2
0
1865840445
4
0
41901
2
0
1865822269
4
0
41902
2
0
1865823293
4
0
41903
2
0
1865824317
4
0
41904
2
0
1865892157
4
0
41905
2
0
1865893181
4
0
41906
2
0
1865894205
4
0
41907
2
0
1865895229
4
0
41908
2
0
1865896253
4
0
41909
2
0
1865897277
4
0
41910
2
0
1865898301
4
0
41911
2
0
1865900861
4
0
41912
2
0
1865901885
4
0
41913
2
0
1865902909
4
0
41914
2
0
1865903933
4
0
41915
2
0
1865904957
4
0
41916
2
0
1865905981
4
0
41917
2
0
1865887805
4
0
41918
2
0
1865888829
4
0
41919
2
0
1865889853
4
0
41920
2
0
1865957693
4
0
41921
2
0
1865958717
4
0
41922
2
0
1865959741
4
0
41923
2
0
1865960765
4
0
41924
2
0
1865961789
4
0
41925
2
0
1865962813
4
0
41926
2
0
1865963837
4
0
41927
2
0
1865966397
4
0
41928
2
0
1865967421
4
0
41929
2
0
1865968445
4
0
41930
2
0
1865969469
4
0
41931
2
0
1865970493
4
0
41932
2
0
1865971517
4
0
41933
2
0
1865953341
4
0
41934
2
0
1865954365
4
0
41935
2
0
1865955389
4
0
41936
2
0
1866023229
4
0
41937
2
0
1866024253
4
0
41938
2
0
1866025277
4
0
41939
2
0
1866026301
4
0
41940
2
0
1866027325
4
0
41941
2
0
1866028349
4
0
41942
2
0
1866029373
4
0
41943
2
0
1866031933
4
0
41944
2
0
1866032957
4
0
41945
2
0
1866033981
4
0
41946
2
0
1866035005
4
0
41947
2
0
1866036029
4
0
41948
2
0
1866037053
4
0
41949
2
0
1866018877
4
0
41950
2
0
1866019901
4
0
41951
2
0
1866020925
4
0
41952
2
0
1865105725
4
0
41953
2
0
1865106749
4
0
41954
2
0
1865107773
4
0
41955
2
0
1865108797
4
0
41956
2
0
1865109821
4
0
41957
2
0
1865110845
4
0
41958
2
0
1865111869
4
0
41959
2
0
1865114429
4
0
41960
2
0
1865115453
4
0
41961
2
0
1865116477
4
0
41962
2
0
1865117501
4
0
41963
2
0
1865118525
4
0
41964
2
0
1865119549
4
0
41965
2
0
1865101373
4
0
41966
2
0
1865102397
4
0
41967
2
0
1865103421
4
0
41968
2
0
1865367869
4
0
41969
2
0
1865368893
4
0
41970
2
0
1865369917
4
0
41971
2
0
1865370941
4
0
41972
2
0
1865371965
4
0
41973
2
0
1865372989
4
0
41974
2
0
1865374013
4
0
41975
2
0
1865376573
4
0
41976
2
0
1865377597
4
0
41977
2
0
1865378621
4
0
41978
2
0
1865379645
4
0
41979
2
0
1865380669
4
0
41980
2
0
1865381693
4
0
41981
2
0
1865363517
4
0
41982
2
0
1865364541
4
0
41983
2
0
1865365565
4
