1024
0
9216
2
0
1245790525
4
0
9217
2
0
1245791549
4
0
9218
2
0
1245792573
4
0
9219
2
0
1245793597
4
0
9220
2
0
1245794621
4
0
9221
2
0
1245795645
4
0
9222
2
0
1245796669
4
0
9223
2
0
1245799229
4
0
9224
2
0
1245800253
4
0
9225
2
0
1245801277
4
0
9226
2
0
1245802301
4
0
9227
2
0
1245803325
4
0
9228
2
0
1245804349
4
0
9229
2
0
1245786173
4
0
9230
2
0
1245787197
4
0
9231
2
0
1245788221
4
0
9232
2
0
1245856061
4
0
9233
2
0
1245857085
4
0
9234
2
0
1245858109
4
0
9235
2
0
1245859133
4
0
9236
2
0
1245860157
4
0
9237
2
0
1245861181
4
0
9238
2
0
1245862205
4
0
9239
2
0
1245864765
4
0
9240
2
0
1245865789
4
0
9241
2
0
1245866813
4
0
9242
2
0
1245867837
4
0
9243
2
0
1245868861
4
0
9244
2
0
1245869885
4
0
9245
2
0
1245851709
4
0
9246
2
0
1245852733
4
0
9247
2
0
1245853757
4
0
9248
2
0
1245921597
4
0
9249
2
0
1245922621
4
0
9250
2
0
1245923645
4
0
9251
2
0
1245924669
4
0
9252
2
0
1245925693
4
0
9253
2
0
1245926717
4
0
9254
2
0
1245927741
4
0
9255
2
0
1245930301
4
0
9256
2
0
1245931325
4
0
9257
2
0
1245932349
4
0
9258
2
0
1245933373
4
0
9259
2
0
1245934397
4
0
9260
2
0
1245935421
4
0
9261
2
0
1245917245
4
0
9262
2
0
1245918269
4
0
9263
2
0
1245919293
4
0
9264
2
0
1245987133
4
0
9265
2
0
1245988157
4
0
9266
2
0
1245989181
4
0
9267
2
0
1245990205
4
0
9268
2
0
1245991229
4
0
9269
2
0
1245992253
4
0
9270
2
0
1245993277
4
0
9271
2
0
1245995837
4
0
9272
2
0
1245996861
4
0
9273
2
0
1245997885
4
0
9274
2
0
1245998909
4
0
9275
2
0
1245999933
4
0
9276
2
0
1246000957
4
0
9277
2
0
1245982781
4
0
9278
2
0
1245983805
4
0
9279
2
0
1245984829
4
0
9280
2
0
1246052669
4
0
9281
2
0
1246053693
4
0
9282
2
0
1246054717
4
0
9283
2
0
1246055741
4
0
9284
2
0
1246056765
4
0
9285
2
0
1246057789
4
0
9286
2
0
1246058813
4
0
9287
2
0
1246061373
4
0
9288
2
0
1246062397
4
0
9289
2
0
1246063421
4
0
9290
2
0
1246064445
4
0
9291
2
0
1246065469
4
0
9292
2
0
1246066493
4
0
9293
2
0
1246048317
4
0
9294
2
0
1246049341
4
0
9295
2
0
1246050365
4
0
9296
2
0
1246118205
4
0
9297
2
0
1246119229
4
0
9298
2
0
1246120253
4
0
9299
2
0
1246121277
4
0
9300
2
0
1246122301
4
0
9301
2
0
1246123325
4
0
9302
2
0
1246124349
4
0
9303
2
0
1246126909
4
0
9304
2
0
1246127933
4
0
9305
2
0
1246128957
4
0
9306
2
0
1246129981
4
0
9307
2
0
1246131005
4
0
9308
2
0
1246132029
4
0
9309
2
0
1246113853
4
0
9310
2
0
1246114877
4
0
9311
2
0
1246115901
4
0
9312
2
0
1246183741
4
0
9313
2
0
1246184765
4
0
9314
2
0
1246185789
4
0
9315
2
0
1246186813
4
0
9316
2
0
1246187837
4
0
9317
2
0
1246188861
4
0
9318
2
0
1246189885
4
0
9319
2
0
1246192445
4
0
9320
2
0
1246193469
4
0
9321
2
0
1246194493
4
0
9322
2
0
1246195517
4
0
9323
2
0
1246196541
4
0
9324
2
0
1246197565
4
0
9325
2
0
1246179389
4
0
9326
2
0
1246180413
4
0
9327
2
0
1246181437
4
0
9328
2
0
1246249277
4
0
9329
2
0
1246250301
4
0
9330
2
0
1246251325
4
0
9331
2
0
1246252349
4
0
9332
2
0
1246253373
4
0
9333
2
0
1246254397
4
0
9334
2
0
1246255421
4
0
9335
2
0
1246257981
4
0
9336
2
0
1246259005
4
0
9337
2
0
1246260029
4
0
9338
2
0
1246261053
4
0
9339
2
0
1246262077
4
0
9340
2
0
1246263101
4
0
9341
2
0
1246244925
4
0
9342
2
0
1246245949
4
0
9343
2
0
1246246973
4
0
9344
2
0
1246314813
4
0
9345
2
0
1246315837
4
0
9346
2
0
1246316861
4
0
9347
2
0
1246317885
4
0
9348
2
0
1246318909
4
0
9349
2
0
1246319933
4
0
9350
2
0
1246320957
4
0
9351
2
0
1246323517
4
0
9352
2
0
1246324541
4
0
9353
2
0
1246325565
4
0
9354
2
0
1246326589
4
0
9355
2
0
1246327613
4
0
9356
2
0
1246328637
4
0
9357
2
0
1246310461
4
0
9358
2
0
1246311485
4
0
9359
2
0
1246312509
4
0
9360
2
0
1246380349
4
0
9361
2
0
1246381373
4
0
9362
2
0
1246382397
4
0
9363
2
0
1246383421
4
0
9364
2
0
1246384445
4
0
9365
2
0
1246385469
4
0
9366
2
0
1246386493
4
0
9367
2
0
1246389053
4
0
9368
2
0
1246390077
4
0
9369
2
0
1246391101
4
0
9370
2
0
1246392125
4
0
9371
2
0
1246393149
4
0
9372
2
0
1246394173
4
0
9373
2
0
1246375997
4
0
9374
2
0
1246377021
4
0
9375
2
0
1246378045
4
0
9376
2
0
1246445885
4
0
9377
2
0
1246446909
4
0
9378
2
0
1246447933
4
0
9379
2
0
1246448957
4
0
9380
2
0
1246449981
4
0
9381
2
0
1246451005
4
0
9382
2
0
1246452029
4
0
9383
2
0
1246454589
4
0
9384
2
0
1246455613
4
0
9385
2
0
1246456637
4
0
9386
2
0
1246457661
4
0
9387
2
0
1246458685
4
0
9388
2
0
1246459709
4
0
9389
2
0
1246441533
4
0
9390
2
0
1246442557
4
0
9391
2
0
1246443581
4
0
9392
2
0
1246511421
4
0
9393
2
0
1246512445
4
0
9394
2
0
1246513469
4
0
9395
2
0
1246514493
4
0
9396
2
0
1246515517
4
0
9397
2
0
1246516541
4
0
9398
2
0
1246517565
4
0
9399
2
0
1246520125
4
0
9400
2
0
1246521149
4
0
9401
2
0
1246522173
4
0
9402
2
0
1246523197
4
0
9403
2
0
1246524221
4
0
9404
2
0
1246525245
4
0
9405
2
0
1246507069
4
0
9406
2
0
1246508093
4
0
9407
2
0
1246509117
4
0
9408
2
0
1246576957
4
0
9409
2
0
1246577981
4
0
9410
2
0
1246579005
4
0
9411
2
0
1246580029
4
0
9412
2
0
1246581053
4
0
9413
2
0
1246582077
4
0
9414
2
0
1246583101
4
0
9415
2
0
1246585661
4
0
9416
2
0
1246586685
4
0
9417
2
0
1246587709
4
0
9418
2
0
1246588733
4
0
9419
2
0
1246589757
4
0
9420
2
0
1246590781
4
0
9421
2
0
1246572605
4
0
9422
2
0
1246573629
4
0
9423
2
0
1246574653
4
0
9424
2
0
1246642493
4
0
9425
2
0
1246643517
4
0
9426
2
0
1246644541
4
0
9427
2
0
1246645565
4
0
9428
2
0
1246646589
4
0
9429
2
0
1246647613
4
0
9430
2
0
1246648637
4
0
9431
2
0
1246651197
4
0
9432
2
0
1246652221
4
0
9433
2
0
1246653245
4
0
9434
2
0
1246654269
4
0
9435
2
0
1246655293
4
0
9436
2
0
1246656317
4
0
9437
2
0
1246638141
4
0
9438
2
0
1246639165
4
0
9439
2
0
1246640189
4
0
9440
2
0
1246708029
4
0
9441
2
0
1246709053
4
0
9442
2
0
1246710077
4
0
9443
2
0
1246711101
4
0
9444
2
0
1246712125
4
0
9445
2
0
1246713149
4
0
9446
2
0
1246714173
4
0
9447
2
0
1246716733
4
0
9448
2
0
1246717757
4
0
9449
2
0
1246718781
4
0
9450
2
0
1246719805
4
0
9451
2
0
1246720829
4
0
9452
2
0
1246721853
4
0
9453
2
0
1246703677
4
0
9454
2
0
1246704701
4
0
9455
2
0
1246705725
4
0
9456
2
0
1246773565
4
0
9457
2
0
1246774589
4
0
9458
2
0
1246775613
4
0
9459
2
0
1246776637
4
0
9460
2
0
1246777661
4
0
9461
2
0
1246778685
4
0
9462
2
0
1246779709
4
0
9463
2
0
1246782269
4
0
9464
2
0
1246783293
4
0
9465
2
0
1246784317
4
0
9466
2
0
1246785341
4
0
9467
2
0
1246786365
4
0
9468
2
0
1246787389
4
0
9469
2
0
1246769213
4
0
9470
2
0
1246770237
4
0
9471
2
0
1246771261
4
0
9472
2
0
1246839101
4
0
9473
2
0
1246840125
4
0
9474
2
0
1246841149
4
0
9475
2
0
1246842173
4
0
9476
2
0
1246843197
4
0
9477
2
0
1246844221
4
0
9478
2
0
1246845245
4
0
9479
2
0
1246847805
4
0
9480
2
0
1246848829
4
0
9481
2
0
1246849853
4
0
9482
2
0
1246850877
4
0
9483
2
0
1246851901
4
0
9484
2
0
1246852925
4
0
9485
2
0
1246834749
4
0
9486
2
0
1246835773
4
0
9487
2
0
1246836797
4
0
9488
2
0
1246904637
4
0
9489
2
0
1246905661
4
0
9490
2
0
1246906685
4
0
9491
2
0
1246907709
4
0
9492
2
0
1246908733
4
0
9493
2
0
1246909757
4
0
9494
2
0
1246910781
4
0
9495
2
0
1246913341
4
0
9496
2
0
1246914365
4
0
9497
2
0
1246915389
4
0
9498
2
0
1246916413
4
0
9499
2
0
1246917437
4
0
9500
2
0
1246918461
4
0
9501
2
0
1246900285
4
0
9502
2
0
1246901309
4
0
9503
2
0
1246902333
4
0
9504
2
0
1246970173
4
0
9505
2
0
1246971197
4
0
9506
2
0
1246972221
4
0
9507
2
0
1246973245
4
0
9508
2
0
1246974269
4
0
9509
2
0
1246975293
4
0
9510
2
0
1246976317
4
0
9511
2
0
1246978877
4
0
9512
2
0
1246979901
4
0
9513
2
0
1246980925
4
0
9514
2
0
1246981949
4
0
9515
2
0
1246982973
4
0
9516
2
0
1246983997
4
0
9517
2
0
1246965821
4
0
9518
2
0
1246966845
4
0
9519
2
0
1246967869
4
0
9520
2
0
1247035709
4
0
9521
2
0
1247036733
4
0
9522
2
0
1247037757
4
0
9523
2
0
1247038781
4
0
9524
2
0
1247039805
4
0
9525
2
0
1247040829
4
0
9526
2
0
1247041853
4
0
9527
2
0
1247044413
4
0
9528
2
0
1247045437
4
0
9529
2
0
1247046461
4
0
9530
2
0
1247047485
4
0
9531
2
0
1247048509
4
0
9532
2
0
1247049533
4
0
9533
2
0
1247031357
4
0
9534
2
0
1247032381
4
0
9535
2
0
1247033405
4
0
9536
2
0
1247101245
4
0
9537
2
0
1247102269
4
0
9538
2
0
1247103293
4
0
9539
2
0
1247104317
4
0
9540
2
0
1247105341
4
0
9541
2
0
1247106365
4
0
9542
2
0
1247107389
4
0
9543
2
0
1247109949
4
0
9544
2
0
1247110973
4
0
9545
2
0
1247111997
4
0
9546
2
0
1247113021
4
0
9547
2
0
1247114045
4
0
9548
2
0
1247115069
4
0
9549
2
0
1247096893
4
0
9550
2
0
1247097917
4
0
9551
2
0
1247098941
4
0
9552
2
0
1247166781
4
0
9553
2
0
1247167805
4
0
9554
2
0
1247168829
4
0
9555
2
0
1247169853
4
0
9556
2
0
1247170877
4
0
9557
2
0
1247171901
4
0
9558
2
0
1247172925
4
0
9559
2
0
1247175485
4
0
9560
2
0
1247176509
4
0
9561
2
0
1247177533
4
0
9562
2
0
1247178557
4
0
9563
2
0
1247179581
4
0
9564
2
0
1247180605
4
0
9565
2
0
1247162429
4
0
9566
2
0
1247163453
4
0
9567
2
0
1247164477
4
0
9568
2
0
1247232317
4
0
9569
2
0
1247233341
4
0
9570
2
0
1247234365
4
0
9571
2
0
1247235389
4
0
9572
2
0
1247236413
4
0
9573
2
0
1247237437
4
0
9574
2
0
1247238461
4
0
9575
2
0
1247241021
4
0
9576
2
0
1247242045
4
0
9577
2
0
1247243069
4
0
9578
2
0
1247244093
4
0
9579
2
0
1247245117
4
0
9580
2
0
1247246141
4
0
9581
2
0
1247227965
4
0
9582
2
0
1247228989
4
0
9583
2
0
1247230013
4
0
9584
2
0
1247297853
4
0
9585
2
0
1247298877
4
0
9586
2
0
1247299901
4
0
9587
2
0
1247300925
4
0
9588
2
0
1247301949
4
0
9589
2
0
1247302973
4
0
9590
2
0
1247303997
4
0
9591
2
0
1247306557
4
0
9592
2
0
1247307581
4
0
9593
2
0
1247308605
4
0
9594
2
0
1247309629
4
0
9595
2
0
1247310653
4
0
9596
2
0
1247311677
4
0
9597
2
0
1247293501
4
0
9598
2
0
1247294525
4
0
9599
2
0
1247295549
4
0
9600
2
0
1247363389
4
0
9601
2
0
1247364413
4
0
9602
2
0
1247365437
4
0
9603
2
0
1247366461
4
0
9604
2
0
1247367485
4
0
9605
2
0
1247368509
4
0
9606
2
0
1247369533
4
0
9607
2
0
1247372093
4
0
9608
2
0
1247373117
4
0
9609
2
0
1247374141
4
0
9610
2
0
1247375165
4
0
9611
2
0
1247376189
4
0
9612
2
0
1247377213
4
0
9613
2
0
1247359037
4
0
9614
2
0
1247360061
4
0
9615
2
0
1247361085
4
0
9616
2
0
1247428925
4
0
9617
2
0
1247429949
4
0
9618
2
0
1247430973
4
0
9619
2
0
1247431997
4
0
9620
2
0
1247433021
4
0
9621
2
0
1247434045
4
0
9622
2
0
1247435069
4
0
9623
2
0
1247437629
4
0
9624
2
0
1247438653
4
0
9625
2
0
1247439677
4
0
9626
2
0
1247440701
4
0
9627
2
0
1247441725
4
0
9628
2
0
1247442749
4
0
9629
2
0
1247424573
4
0
9630
2
0
1247425597
4
0
9631
2
0
1247426621
4
0
9632
2
0
1247887677
4
0
9633
2
0
1247888701
4
0
9634
2
0
1247889725
4
0
9635
2
0
1247890749
4
0
9636
2
0
1247891773
4
0
9637
2
0
1247892797
4
0
9638
2
0
1247893821
4
0
9639
2
0
1247896381
4
0
9640
2
0
1247897405
4
0
9641
2
0
1247898429
4
0
9642
2
0
1247899453
4
0
9643
2
0
1247900477
4
0
9644
2
0
1247901501
4
0
9645
2
0
1247883325
4
0
9646
2
0
1247884349
4
0
9647
2
0
1247885373
4
0
9648
2
0
1247953213
4
0
9649
2
0
1247954237
4
0
9650
2
0
1247955261
4
0
9651
2
0
1247956285
4
0
9652
2
0
1247957309
4
0
9653
2
0
1247958333
4
0
9654
2
0
1247959357
4
0
9655
2
0
1247961917
4
0
9656
2
0
1247962941
4
0
9657
2
0
1247963965
4
0
9658
2
0
1247964989
4
0
9659
2
0
1247966013
4
0
9660
2
0
1247967037
4
0
9661
2
0
1247948861
4
0
9662
2
0
1247949885
4
0
9663
2
0
1247950909
4
0
9664
2
0
1248018749
4
0
9665
2
0
1248019773
4
0
9666
2
0
1248020797
4
0
9667
2
0
1248021821
4
0
9668
2
0
1248022845
4
0
9669
2
0
1248023869
4
0
9670
2
0
1248024893
4
0
9671
2
0
1248027453
4
0
9672
2
0
1248028477
4
0
9673
2
0
1248029501
4
0
9674
2
0
1248030525
4
0
9675
2
0
1248031549
4
0
9676
2
0
1248032573
4
0
9677
2
0
1248014397
4
0
9678
2
0
1248015421
4
0
9679
2
0
1248016445
4
0
9680
2
0
1248084285
4
0
9681
2
0
1248085309
4
0
9682
2
0
1248086333
4
0
9683
2
0
1248087357
4
0
9684
2
0
1248088381
4
0
9685
2
0
1248089405
4
0
9686
2
0
1248090429
4
0
9687
2
0
1248092989
4
0
9688
2
0
1248094013
4
0
9689
2
0
1248095037
4
0
9690
2
0
1248096061
4
0
9691
2
0
1248097085
4
0
9692
2
0
1248098109
4
0
9693
2
0
1248079933
4
0
9694
2
0
1248080957
4
0
9695
2
0
1248081981
4
0
9696
2
0
1248149821
4
0
9697
2
0
1248150845
4
0
9698
2
0
1248151869
4
0
9699
2
0
1248152893
4
0
9700
2
0
1248153917
4
0
9701
2
0
1248154941
4
0
9702
2
0
1248155965
4
0
9703
2
0
1248158525
4
0
9704
2
0
1248159549
4
0
9705
2
0
1248160573
4
0
9706
2
0
1248161597
4
0
9707
2
0
1248162621
4
0
9708
2
0
1248163645
4
0
9709
2
0
1248145469
4
0
9710
2
0
1248146493
4
0
9711
2
0
1248147517
4
0
9712
2
0
1248215357
4
0
9713
2
0
1248216381
4
0
9714
2
0
1248217405
4
0
9715
2
0
1248218429
4
0
9716
2
0
1248219453
4
0
9717
2
0
1248220477
4
0
9718
2
0
1248221501
4
0
9719
2
0
1248224061
4
0
9720
2
0
1248225085
4
0
9721
2
0
1248226109
4
0
9722
2
0
1248227133
4
0
9723
2
0
1248228157
4
0
9724
2
0
1248229181
4
0
9725
2
0
1248211005
4
0
9726
2
0
1248212029
4
0
9727
2
0
1248213053
4
0
9728
2
0
1248280893
4
0
9729
2
0
1248281917
4
0
9730
2
0
1248282941
4
0
9731
2
0
1248283965
4
0
9732
2
0
1248284989
4
0
9733
2
0
1248286013
4
0
9734
2
0
1248287037
4
0
9735
2
0
1248289597
4
0
9736
2
0
1248290621
4
0
9737
2
0
1248291645
4
0
9738
2
0
1248292669
4
0
9739
2
0
1248293693
4
0
9740
2
0
1248294717
4
0
9741
2
0
1248276541
4
0
9742
2
0
1248277565
4
0
9743
2
0
1248278589
4
0
9744
2
0
1248346429
4
0
9745
2
0
1248347453
4
0
9746
2
0
1248348477
4
0
9747
2
0
1248349501
4
0
9748
2
0
1248350525
4
0
9749
2
0
1248351549
4
0
9750
2
0
1248352573
4
0
9751
2
0
1248355133
4
0
9752
2
0
1248356157
4
0
9753
2
0
1248357181
4
0
9754
2
0
1248358205
4
0
9755
2
0
1248359229
4
0
9756
2
0
1248360253
4
0
9757
2
0
1248342077
4
0
9758
2
0
1248343101
4
0
9759
2
0
1248344125
4
0
9760
2
0
1248411965
4
0
9761
2
0
1248412989
4
0
9762
2
0
1248414013
4
0
9763
2
0
1248415037
4
0
9764
2
0
1248416061
4
0
9765
2
0
1248417085
4
0
9766
2
0
1248418109
4
0
9767
2
0
1248420669
4
0
9768
2
0
1248421693
4
0
9769
2
0
1248422717
4
0
9770
2
0
1248423741
4
0
9771
2
0
1248424765
4
0
9772
2
0
1248425789
4
0
9773
2
0
1248407613
4
0
9774
2
0
1248408637
4
0
9775
2
0
1248409661
4
0
9776
2
0
1248477501
4
0
9777
2
0
1248478525
4
0
9778
2
0
1248479549
4
0
9779
2
0
1248480573
4
0
9780
2
0
1248481597
4
0
9781
2
0
1248482621
4
0
9782
2
0
1248483645
4
0
9783
2
0
1248486205
4
0
9784
2
0
1248487229
4
0
9785
2
0
1248488253
4
0
9786
2
0
1248489277
4
0
9787
2
0
1248490301
4
0
9788
2
0
1248491325
4
0
9789
2
0
1248473149
4
0
9790
2
0
1248474173
4
0
9791
2
0
1248475197
4
0
9792
2
0
1248543037
4
0
9793
2
0
1248544061
4
0
9794
2
0
1248545085
4
0
9795
2
0
1248546109
4
0
9796
2
0
1248547133
4
0
9797
2
0
1248548157
4
0
9798
2
0
1248549181
4
0
9799
2
0
1248551741
4
0
9800
2
0
1248552765
4
0
9801
2
0
1248553789
4
0
9802
2
0
1248554813
4
0
9803
2
0
1248555837
4
0
9804
2
0
1248556861
4
0
9805
2
0
1248538685
4
0
9806
2
0
1248539709
4
0
9807
2
0
1248540733
4
0
9808
2
0
1248608573
4
0
9809
2
0
1248609597
4
0
9810
2
0
1248610621
4
0
9811
2
0
1248611645
4
0
9812
2
0
1248612669
4
0
9813
2
0
1248613693
4
0
9814
2
0
1248614717
4
0
9815
2
0
1248617277
4
0
9816
2
0
1248618301
4
0
9817
2
0
1248619325
4
0
9818
2
0
1248620349
4
0
9819
2
0
1248621373
4
0
9820
2
0
1248622397
4
0
9821
2
0
1248604221
4
0
9822
2
0
1248605245
4
0
9823
2
0
1248606269
4
0
9824
2
0
1248674109
4
0
9825
2
0
1248675133
4
0
9826
2
0
1248676157
4
0
9827
2
0
1248677181
4
0
9828
2
0
1248678205
4
0
9829
2
0
1248679229
4
0
9830
2
0
1248680253
4
0
9831
2
0
1248682813
4
0
9832
2
0
1248683837
4
0
9833
2
0
1248684861
4
0
9834
2
0
1248685885
4
0
9835
2
0
1248686909
4
0
9836
2
0
1248687933
4
0
9837
2
0
1248669757
4
0
9838
2
0
1248670781
4
0
9839
2
0
1248671805
4
0
9840
2
0
1248739645
4
0
9841
2
0
1248740669
4
0
9842
2
0
1248741693
4
0
9843
2
0
1248742717
4
0
9844
2
0
1248743741
4
0
9845
2
0
1248744765
4
0
9846
2
0
1248745789
4
0
9847
2
0
1248748349
4
0
9848
2
0
1248749373
4
0
9849
2
0
1248750397
4
0
9850
2
0
1248751421
4
0
9851
2
0
1248752445
4
0
9852
2
0
1248753469
4
0
9853
2
0
1248735293
4
0
9854
2
0
1248736317
4
0
9855
2
0
1248737341
4
0
9856
2
0
1248805181
4
0
9857
2
0
1248806205
4
0
9858
2
0
1248807229
4
0
9859
2
0
1248808253
4
0
9860
2
0
1248809277
4
0
9861
2
0
1248810301
4
0
9862
2
0
1248811325
4
0
9863
2
0
1248813885
4
0
9864
2
0
1248814909
4
0
9865
2
0
1248815933
4
0
9866
2
0
1248816957
4
0
9867
2
0
1248817981
4
0
9868
2
0
1248819005
4
0
9869
2
0
1248800829
4
0
9870
2
0
1248801853
4
0
9871
2
0
1248802877
4
0
9872
2
0
1248870717
4
0
9873
2
0
1248871741
4
0
9874
2
0
1248872765
4
0
9875
2
0
1248873789
4
0
9876
2
0
1248874813
4
0
9877
2
0
1248875837
4
0
9878
2
0
1248876861
4
0
9879
2
0
1248879421
4
0
9880
2
0
1248880445
4
0
9881
2
0
1248881469
4
0
9882
2
0
1248882493
4
0
9883
2
0
1248883517
4
0
9884
2
0
1248884541
4
0
9885
2
0
1248866365
4
0
9886
2
0
1248867389
4
0
9887
2
0
1248868413
4
0
9888
2
0
1248936253
4
0
9889
2
0
1248937277
4
0
9890
2
0
1248938301
4
0
9891
2
0
1248939325
4
0
9892
2
0
1248940349
4
0
9893
2
0
1248941373
4
0
9894
2
0
1248942397
4
0
9895
2
0
1248944957
4
0
9896
2
0
1248945981
4
0
9897
2
0
1248947005
4
0
9898
2
0
1248948029
4
0
9899
2
0
1248949053
4
0
9900
2
0
1248950077
4
0
9901
2
0
1248931901
4
0
9902
2
0
1248932925
4
0
9903
2
0
1248933949
4
0
9904
2
0
1249001789
4
0
9905
2
0
1249002813
4
0
9906
2
0
1249003837
4
0
9907
2
0
1249004861
4
0
9908
2
0
1249005885
4
0
9909
2
0
1249006909
4
0
9910
2
0
1249007933
4
0
9911
2
0
1249010493
4
0
9912
2
0
1249011517
4
0
9913
2
0
1249012541
4
0
9914
2
0
1249013565
4
0
9915
2
0
1249014589
4
0
9916
2
0
1249015613
4
0
9917
2
0
1248997437
4
0
9918
2
0
1248998461
4
0
9919
2
0
1248999485
4
0
9920
2
0
1249067325
4
0
9921
2
0
1249068349
4
0
9922
2
0
1249069373
4
0
9923
2
0
1249070397
4
0
9924
2
0
1249071421
4
0
9925
2
0
1249072445
4
0
9926
2
0
1249073469
4
0
9927
2
0
1249076029
4
0
9928
2
0
1249077053
4
0
9929
2
0
1249078077
4
0
9930
2
0
1249079101
4
0
9931
2
0
1249080125
4
0
9932
2
0
1249081149
4
0
9933
2
0
1249062973
4
0
9934
2
0
1249063997
4
0
9935
2
0
1249065021
4
0
9936
2
0
1249132861
4
0
9937
2
0
1249133885
4
0
9938
2
0
1249134909
4
0
9939
2
0
1249135933
4
0
9940
2
0
1249136957
4
0
9941
2
0
1249137981
4
0
9942
2
0
1249139005
4
0
9943
2
0
1249141565
4
0
9944
2
0
1249142589
4
0
9945
2
0
1249143613
4
0
9946
2
0
1249144637
4
0
9947
2
0
1249145661
4
0
9948
2
0
1249146685
4
0
9949
2
0
1249128509
4
0
9950
2
0
1249129533
4
0
9951
2
0
1249130557
4
0
9952
2
0
1249198397
4
0
9953
2
0
1249199421
4
0
9954
2
0
1249200445
4
0
9955
2
0
1249201469
4
0
9956
2
0
1249202493
4
0
9957
2
0
1249203517
4
0
9958
2
0
1249204541
4
0
9959
2
0
1249207101
4
0
9960
2
0
1249208125
4
0
9961
2
0
1249209149
4
0
9962
2
0
1249210173
4
0
9963
2
0
1249211197
4
0
9964
2
0
1249212221
4
0
9965
2
0
1249194045
4
0
9966
2
0
1249195069
4
0
9967
2
0
1249196093
4
0
9968
2
0
1249263933
4
0
9969
2
0
1249264957
4
0
9970
2
0
1249265981
4
0
9971
2
0
1249267005
4
0
9972
2
0
1249268029
4
0
9973
2
0
1249269053
4
0
9974
2
0
1249270077
4
0
9975
2
0
1249272637
4
0
9976
2
0
1249273661
4
0
9977
2
0
1249274685
4
0
9978
2
0
1249275709
4
0
9979
2
0
1249276733
4
0
9980
2
0
1249277757
4
0
9981
2
0
1249259581
4
0
9982
2
0
1249260605
4
0
9983
2
0
1249261629
4
0
9984
2
0
1249329469
4
0
9985
2
0
1249330493
4
0
9986
2
0
1249331517
4
0
9987
2
0
1249332541
4
0
9988
2
0
1249333565
4
0
9989
2
0
1249334589
4
0
9990
2
0
1249335613
4
0
9991
2
0
1249338173
4
0
9992
2
0
1249339197
4
0
9993
2
0
1249340221
4
0
9994
2
0
1249341245
4
0
9995
2
0
1249342269
4
0
9996
2
0
1249343293
4
0
9997
2
0
1249325117
4
0
9998
2
0
1249326141
4
0
9999
2
0
1249327165
4
0
10000
2
0
1249395005
4
0
10001
2
0
1249396029
4
0
10002
2
0
1249397053
4
0
10003
2
0
1249398077
4
0
10004
2
0
1249399101
4
0
10005
2
0
1249400125
4
0
10006
2
0
1249401149
4
0
10007
2
0
1249403709
4
0
10008
2
0
1249404733
4
0
10009
2
0
1249405757
4
0
10010
2
0
1249406781
4
0
10011
2
0
1249407805
4
0
10012
2
0
1249408829
4
0
10013
2
0
1249390653
4
0
10014
2
0
1249391677
4
0
10015
2
0
1249392701
4
0
10016
2
0
1249460541
4
0
10017
2
0
1249461565
4
0
10018
2
0
1249462589
4
0
10019
2
0
1249463613
4
0
10020
2
0
1249464637
4
0
10021
2
0
1249465661
4
0
10022
2
0
1249466685
4
0
10023
2
0
1249469245
4
0
10024
2
0
1249470269
4
0
10025
2
0
1249471293
4
0
10026
2
0
1249472317
4
0
10027
2
0
1249473341
4
0
10028
2
0
1249474365
4
0
10029
2
0
1249456189
4
0
10030
2
0
1249457213
4
0
10031
2
0
1249458237
4
0
10032
2
0
1249526077
4
0
10033
2
0
1249527101
4
0
10034
2
0
1249528125
4
0
10035
2
0
1249529149
4
0
10036
2
0
1249530173
4
0
10037
2
0
1249531197
4
0
10038
2
0
1249532221
4
0
10039
2
0
1249534781
4
0
10040
2
0
1249535805
4
0
10041
2
0
1249536829
4
0
10042
2
0
1249537853
4
0
10043
2
0
1249538877
4
0
10044
2
0
1249539901
4
0
10045
2
0
1249521725
4
0
10046
2
0
1249522749
4
0
10047
2
0
1249523773
4
0
10048
2
0
1244676413
4
0
10049
2
0
1244677437
4
0
10050
2
0
1244678461
4
0
10051
2
0
1244679485
4
0
10052
2
0
1244680509
4
0
10053
2
0
1244681533
4
0
10054
2
0
1244682557
4
0
10055
2
0
1244685117
4
0
10056
2
0
1244686141
4
0
10057
2
0
1244687165
4
0
10058
2
0
1244688189
4
0
10059
2
0
1244689213
4
0
10060
2
0
1244690237
4
0
10061
2
0
1244672061
4
0
10062
2
0
1244673085
4
0
10063
2
0
1244674109
4
0
10064
2
0
1244741949
4
0
10065
2
0
1244742973
4
0
10066
2
0
1244743997
4
0
10067
2
0
1244745021
4
0
10068
2
0
1244746045
4
0
10069
2
0
1244747069
4
0
10070
2
0
1244748093
4
0
10071
2
0
1244750653
4
0
10072
2
0
1244751677
4
0
10073
2
0
1244752701
4
0
10074
2
0
1244753725
4
0
10075
2
0
1244754749
4
0
10076
2
0
1244755773
4
0
10077
2
0
1244737597
4
0
10078
2
0
1244738621
4
0
10079
2
0
1244739645
4
0
10080
2
0
1244807485
4
0
10081
2
0
1244808509
4
0
10082
2
0
1244809533
4
0
10083
2
0
1244810557
4
0
10084
2
0
1244811581
4
0
10085
2
0
1244812605
4
0
10086
2
0
1244813629
4
0
10087
2
0
1244816189
4
0
10088
2
0
1244817213
4
0
10089
2
0
1244818237
4
0
10090
2
0
1244819261
4
0
10091
2
0
1244820285
4
0
10092
2
0
1244821309
4
0
10093
2
0
1244803133
4
0
10094
2
0
1244804157
4
0
10095
2
0
1244805181
4
0
10096
2
0
1244873021
4
0
10097
2
0
1244874045
4
0
10098
2
0
1244875069
4
0
10099
2
0
1244876093
4
0
10100
2
0
1244877117
4
0
10101
2
0
1244878141
4
0
10102
2
0
1244879165
4
0
10103
2
0
1244881725
4
0
10104
2
0
1244882749
4
0
10105
2
0
1244883773
4
0
10106
2
0
1244884797
4
0
10107
2
0
1244885821
4
0
10108
2
0
1244886845
4
0
10109
2
0
1244868669
4
0
10110
2
0
1244869693
4
0
10111
2
0
1244870717
4
0
10112
2
0
1244938557
4
0
10113
2
0
1244939581
4
0
10114
2
0
1244940605
4
0
10115
2
0
1244941629
4
0
10116
2
0
1244942653
4
0
10117
2
0
1244943677
4
0
10118
2
0
1244944701
4
0
10119
2
0
1244947261
4
0
10120
2
0
1244948285
4
0
10121
2
0
1244949309
4
0
10122
2
0
1244950333
4
0
10123
2
0
1244951357
4
0
10124
2
0
1244952381
4
0
10125
2
0
1244934205
4
0
10126
2
0
1244935229
4
0
10127
2
0
1244936253
4
0
10128
2
0
1245004093
4
0
10129
2
0
1245005117
4
0
10130
2
0
1245006141
4
0
10131
2
0
1245007165
4
0
10132
2
0
1245008189
4
0
10133
2
0
1245009213
4
0
10134
2
0
1245010237
4
0
10135
2
0
1245012797
4
0
10136
2
0
1245013821
4
0
10137
2
0
1245014845
4
0
10138
2
0
1245015869
4
0
10139
2
0
1245016893
4
0
10140
2
0
1245017917
4
0
10141
2
0
1244999741
4
0
10142
2
0
1245000765
4
0
10143
2
0
1245001789
4
0
10144
2
0
1245069629
4
0
10145
2
0
1245070653
4
0
10146
2
0
1245071677
4
0
10147
2
0
1245072701
4
0
10148
2
0
1245073725
4
0
10149
2
0
1245074749
4
0
10150
2
0
1245075773
4
0
10151
2
0
1245078333
4
0
10152
2
0
1245079357
4
0
10153
2
0
1245080381
4
0
10154
2
0
1245081405
4
0
10155
2
0
1245082429
4
0
10156
2
0
1245083453
4
0
10157
2
0
1245065277
4
0
10158
2
0
1245066301
4
0
10159
2
0
1245067325
4
0
10160
2
0
1245135165
4
0
10161
2
0
1245136189
4
0
10162
2
0
1245137213
4
0
10163
2
0
1245138237
4
0
10164
2
0
1245139261
4
0
10165
2
0
1245140285
4
0
10166
2
0
1245141309
4
0
10167
2
0
1245143869
4
0
10168
2
0
1245144893
4
0
10169
2
0
1245145917
4
0
10170
2
0
1245146941
4
0
10171
2
0
1245147965
4
0
10172
2
0
1245148989
4
0
10173
2
0
1245130813
4
0
10174
2
0
1245131837
4
0
10175
2
0
1245132861
4
0
10176
2
0
1245200701
4
0
10177
2
0
1245201725
4
0
10178
2
0
1245202749
4
0
10179
2
0
1245203773
4
0
10180
2
0
1245204797
4
0
10181
2
0
1245205821
4
0
10182
2
0
1245206845
4
0
10183
2
0
1245209405
4
0
10184
2
0
1245210429
4
0
10185
2
0
1245211453
4
0
10186
2
0
1245212477
4
0
10187
2
0
1245213501
4
0
10188
2
0
1245214525
4
0
10189
2
0
1245196349
4
0
10190
2
0
1245197373
4
0
10191
2
0
1245198397
4
0
10192
2
0
1245266237
4
0
10193
2
0
1245267261
4
0
10194
2
0
1245268285
4
0
10195
2
0
1245269309
4
0
10196
2
0
1245270333
4
0
10197
2
0
1245271357
4
0
10198
2
0
1245272381
4
0
10199
2
0
1245274941
4
0
10200
2
0
1245275965
4
0
10201
2
0
1245276989
4
0
10202
2
0
1245278013
4
0
10203
2
0
1245279037
4
0
10204
2
0
1245280061
4
0
10205
2
0
1245261885
4
0
10206
2
0
1245262909
4
0
10207
2
0
1245263933
4
0
10208
2
0
1244348733
4
0
10209
2
0
1244349757
4
0
10210
2
0
1244350781
4
0
10211
2
0
1244351805
4
0
10212
2
0
1244352829
4
0
10213
2
0
1244353853
4
0
10214
2
0
1244354877
4
0
10215
2
0
1244357437
4
0
10216
2
0
1244358461
4
0
10217
2
0
1244359485
4
0
10218
2
0
1244360509
4
0
10219
2
0
1244361533
4
0
10220
2
0
1244362557
4
0
10221
2
0
1244344381
4
0
10222
2
0
1244345405
4
0
10223
2
0
1244346429
4
0
10224
2
0
1244610877
4
0
10225
2
0
1244611901
4
0
10226
2
0
1244612925
4
0
10227
2
0
1244613949
4
0
10228
2
0
1244614973
4
0
10229
2
0
1244615997
4
0
10230
2
0
1244617021
4
0
10231
2
0
1244619581
4
0
10232
2
0
1244620605
4
0
10233
2
0
1244621629
4
0
10234
2
0
1244622653
4
0
10235
2
0
1244623677
4
0
10236
2
0
1244624701
4
0
10237
2
0
1244606525
4
0
10238
2
0
1244607549
4
0
10239
2
0
1244608573
4
