1024
0
49152
2
0
2000765245
4
0
49153
2
0
2000766269
4
0
49154
2
0
2000767293
4
0
49155
2
0
2000768317
4
0
49156
2
0
2000769341
4
0
49157
2
0
2000770365
4
0
49158
2
0
2000771389
4
0
49159
2
0
2000773949
4
0
49160
2
0
2000774973
4
0
49161
2
0
2000775997
4
0
49162
2
0
2000777021
4
0
49163
2
0
2000778045
4
0
49164
2
0
2000779069
4
0
49165
2
0
2000760893
4
0
49166
2
0
2000761917
4
0
49167
2
0
2000762941
4
0
49168
2
0
2000830781
4
0
49169
2
0
2000831805
4
0
49170
2
0
2000832829
4
0
49171
2
0
2000833853
4
0
49172
2
0
2000834877
4
0
49173
2
0
2000835901
4
0
49174
2
0
2000836925
4
0
49175
2
0
2000839485
4
0
49176
2
0
2000840509
4
0
49177
2
0
2000841533
4
0
49178
2
0
2000842557
4
0
49179
2
0
2000843581
4
0
49180
2
0
2000844605
4
0
49181
2
0
2000826429
4
0
49182
2
0
2000827453
4
0
49183
2
0
2000828477
4
0
49184
2
0
2000896317
4
0
49185
2
0
2000897341
4
0
49186
2
0
2000898365
4
0
49187
2
0
2000899389
4
0
49188
2
0
2000900413
4
0
49189
2
0
2000901437
4
0
49190
2
0
2000902461
4
0
49191
2
0
2000905021
4
0
49192
2
0
2000906045
4
0
49193
2
0
2000907069
4
0
49194
2
0
2000908093
4
0
49195
2
0
2000909117
4
0
49196
2
0
2000910141
4
0
49197
2
0
2000891965
4
0
49198
2
0
2000892989
4
0
49199
2
0
2000894013
4
0
49200
2
0
2000961853
4
0
49201
2
0
2000962877
4
0
49202
2
0
2000963901
4
0
49203
2
0
2000964925
4
0
49204
2
0
2000965949
4
0
49205
2
0
2000966973
4
0
49206
2
0
2000967997
4
0
49207
2
0
2000970557
4
0
49208
2
0
2000971581
4
0
49209
2
0
2000972605
4
0
49210
2
0
2000973629
4
0
49211
2
0
2000974653
4
0
49212
2
0
2000975677
4
0
49213
2
0
2000957501
4
0
49214
2
0
2000958525
4
0
49215
2
0
2000959549
4
0
49216
2
0
2001027389
4
0
49217
2
0
2001028413
4
0
49218
2
0
2001029437
4
0
49219
2
0
2001030461
4
0
49220
2
0
2001031485
4
0
49221
2
0
2001032509
4
0
49222
2
0
2001033533
4
0
49223
2
0
2001036093
4
0
49224
2
0
2001037117
4
0
49225
2
0
2001038141
4
0
49226
2
0
2001039165
4
0
49227
2
0
2001040189
4
0
49228
2
0
2001041213
4
0
49229
2
0
2001023037
4
0
49230
2
0
2001024061
4
0
49231
2
0
2001025085
4
0
49232
2
0
2001092925
4
0
49233
2
0
2001093949
4
0
49234
2
0
2001094973
4
0
49235
2
0
2001095997
4
0
49236
2
0
2001097021
4
0
49237
2
0
2001098045
4
0
49238
2
0
2001099069
4
0
49239
2
0
2001101629
4
0
49240
2
0
2001102653
4
0
49241
2
0
2001103677
4
0
49242
2
0
2001104701
4
0
49243
2
0
2001105725
4
0
49244
2
0
2001106749
4
0
49245
2
0
2001088573
4
0
49246
2
0
2001089597
4
0
49247
2
0
2001090621
4
0
49248
2
0
2001158461
4
0
49249
2
0
2001159485
4
0
49250
2
0
2001160509
4
0
49251
2
0
2001161533
4
0
49252
2
0
2001162557
4
0
49253
2
0
2001163581
4
0
49254
2
0
2001164605
4
0
49255
2
0
2001167165
4
0
49256
2
0
2001168189
4
0
49257
2
0
2001169213
4
0
49258
2
0
2001170237
4
0
49259
2
0
2001171261
4
0
49260
2
0
2001172285
4
0
49261
2
0
2001154109
4
0
49262
2
0
2001155133
4
0
49263
2
0
2001156157
4
0
49264
2
0
2001223997
4
0
49265
2
0
2001225021
4
0
49266
2
0
2001226045
4
0
49267
2
0
2001227069
4
0
49268
2
0
2001228093
4
0
49269
2
0
2001229117
4
0
49270
2
0
2001230141
4
0
49271
2
0
2001232701
4
0
49272
2
0
2001233725
4
0
49273
2
0
2001234749
4
0
49274
2
0
2001235773
4
0
49275
2
0
2001236797
4
0
49276
2
0
2001237821
4
0
49277
2
0
2001219645
4
0
49278
2
0
2001220669
4
0
49279
2
0
2001221693
4
0
49280
2
0
2001289533
4
0
49281
2
0
2001290557
4
0
49282
2
0
2001291581
4
0
49283
2
0
2001292605
4
0
49284
2
0
2001293629
4
0
49285
2
0
2001294653
4
0
49286
2
0
2001295677
4
0
49287
2
0
2001298237
4
0
49288
2
0
2001299261
4
0
49289
2
0
2001300285
4
0
49290
2
0
2001301309
4
0
49291
2
0
2001302333
4
0
49292
2
0
2001303357
4
0
49293
2
0
2001285181
4
0
49294
2
0
2001286205
4
0
49295
2
0
2001287229
4
0
49296
2
0
2001355069
4
0
49297
2
0
2001356093
4
0
49298
2
0
2001357117
4
0
49299
2
0
2001358141
4
0
49300
2
0
2001359165
4
0
49301
2
0
2001360189
4
0
49302
2
0
2001361213
4
0
49303
2
0
2001363773
4
0
49304
2
0
2001364797
4
0
49305
2
0
2001365821
4
0
49306
2
0
2001366845
4
0
49307
2
0
2001367869
4
0
49308
2
0
2001368893
4
0
49309
2
0
2001350717
4
0
49310
2
0
2001351741
4
0
49311
2
0
2001352765
4
0
49312
2
0
2001420605
4
0
49313
2
0
2001421629
4
0
49314
2
0
2001422653
4
0
49315
2
0
2001423677
4
0
49316
2
0
2001424701
4
0
49317
2
0
2001425725
4
0
49318
2
0
2001426749
4
0
49319
2
0
2001429309
4
0
49320
2
0
2001430333
4
0
49321
2
0
2001431357
4
0
49322
2
0
2001432381
4
0
49323
2
0
2001433405
4
0
49324
2
0
2001434429
4
0
49325
2
0
2001416253
4
0
49326
2
0
2001417277
4
0
49327
2
0
2001418301
4
0
49328
2
0
2001486141
4
0
49329
2
0
2001487165
4
0
49330
2
0
2001488189
4
0
49331
2
0
2001489213
4
0
49332
2
0
2001490237
4
0
49333
2
0
2001491261
4
0
49334
2
0
2001492285
4
0
49335
2
0
2001494845
4
0
49336
2
0
2001495869
4
0
49337
2
0
2001496893
4
0
49338
2
0
2001497917
4
0
49339
2
0
2001498941
4
0
49340
2
0
2001499965
4
0
49341
2
0
2001481789
4
0
49342
2
0
2001482813
4
0
49343
2
0
2001483837
4
0
49344
2
0
2001551677
4
0
49345
2
0
2001552701
4
0
49346
2
0
2001553725
4
0
49347
2
0
2001554749
4
0
49348
2
0
2001555773
4
0
49349
2
0
2001556797
4
0
49350
2
0
2001557821
4
0
49351
2
0
2001560381
4
0
49352
2
0
2001561405
4
0
49353
2
0
2001562429
4
0
49354
2
0
2001563453
4
0
49355
2
0
2001564477
4
0
49356
2
0
2001565501
4
0
49357
2
0
2001547325
4
0
49358
2
0
2001548349
4
0
49359
2
0
2001549373
4
0
49360
2
0
2001617213
4
0
49361
2
0
2001618237
4
0
49362
2
0
2001619261
4
0
49363
2
0
2001620285
4
0
49364
2
0
2001621309
4
0
49365
2
0
2001622333
4
0
49366
2
0
2001623357
4
0
49367
2
0
2001625917
4
0
49368
2
0
2001626941
4
0
49369
2
0
2001627965
4
0
49370
2
0
2001628989
4
0
49371
2
0
2001630013
4
0
49372
2
0
2001631037
4
0
49373
2
0
2001612861
4
0
49374
2
0
2001613885
4
0
49375
2
0
2001614909
4
0
49376
2
0
2001682749
4
0
49377
2
0
2001683773
4
0
49378
2
0
2001684797
4
0
49379
2
0
2001685821
4
0
49380
2
0
2001686845
4
0
49381
2
0
2001687869
4
0
49382
2
0
2001688893
4
0
49383
2
0
2001691453
4
0
49384
2
0
2001692477
4
0
49385
2
0
2001693501
4
0
49386
2
0
2001694525
4
0
49387
2
0
2001695549
4
0
49388
2
0
2001696573
4
0
49389
2
0
2001678397
4
0
49390
2
0
2001679421
4
0
49391
2
0
2001680445
4
0
49392
2
0
2001748285
4
0
49393
2
0
2001749309
4
0
49394
2
0
2001750333
4
0
49395
2
0
2001751357
4
0
49396
2
0
2001752381
4
0
49397
2
0
2001753405
4
0
49398
2
0
2001754429
4
0
49399
2
0
2001756989
4
0
49400
2
0
2001758013
4
0
49401
2
0
2001759037
4
0
49402
2
0
2001760061
4
0
49403
2
0
2001761085
4
0
49404
2
0
2001762109
4
0
49405
2
0
2001743933
4
0
49406
2
0
2001744957
4
0
49407
2
0
2001745981
4
0
49408
2
0
2001813821
4
0
49409
2
0
2001814845
4
0
49410
2
0
2001815869
4
0
49411
2
0
2001816893
4
0
49412
2
0
2001817917
4
0
49413
2
0
2001818941
4
0
49414
2
0
2001819965
4
0
49415
2
0
2001822525
4
0
49416
2
0
2001823549
4
0
49417
2
0
2001824573
4
0
49418
2
0
2001825597
4
0
49419
2
0
2001826621
4
0
49420
2
0
2001827645
4
0
49421
2
0
2001809469
4
0
49422
2
0
2001810493
4
0
49423
2
0
2001811517
4
0
49424
2
0
2001879357
4
0
49425
2
0
2001880381
4
0
49426
2
0
2001881405
4
0
49427
2
0
2001882429
4
0
49428
2
0
2001883453
4
0
49429
2
0
2001884477
4
0
49430
2
0
2001885501
4
0
49431
2
0
2001888061
4
0
49432
2
0
2001889085
4
0
49433
2
0
2001890109
4
0
49434
2
0
2001891133
4
0
49435
2
0
2001892157
4
0
49436
2
0
2001893181
4
0
49437
2
0
2001875005
4
0
49438
2
0
2001876029
4
0
49439
2
0
2001877053
4
0
49440
2
0
2001944893
4
0
49441
2
0
2001945917
4
0
49442
2
0
2001946941
4
0
49443
2
0
2001947965
4
0
49444
2
0
2001948989
4
0
49445
2
0
2001950013
4
0
49446
2
0
2001951037
4
0
49447
2
0
2001953597
4
0
49448
2
0
2001954621
4
0
49449
2
0
2001955645
4
0
49450
2
0
2001956669
4
0
49451
2
0
2001957693
4
0
49452
2
0
2001958717
4
0
49453
2
0
2001940541
4
0
49454
2
0
2001941565
4
0
49455
2
0
2001942589
4
0
49456
2
0
2002010429
4
0
49457
2
0
2002011453
4
0
49458
2
0
2002012477
4
0
49459
2
0
2002013501
4
0
49460
2
0
2002014525
4
0
49461
2
0
2002015549
4
0
49462
2
0
2002016573
4
0
49463
2
0
2002019133
4
0
49464
2
0
2002020157
4
0
49465
2
0
2002021181
4
0
49466
2
0
2002022205
4
0
49467
2
0
2002023229
4
0
49468
2
0
2002024253
4
0
49469
2
0
2002006077
4
0
49470
2
0
2002007101
4
0
49471
2
0
2002008125
4
0
49472
2
0
2002075965
4
0
49473
2
0
2002076989
4
0
49474
2
0
2002078013
4
0
49475
2
0
2002079037
4
0
49476
2
0
2002080061
4
0
49477
2
0
2002081085
4
0
49478
2
0
2002082109
4
0
49479
2
0
2002084669
4
0
49480
2
0
2002085693
4
0
49481
2
0
2002086717
4
0
49482
2
0
2002087741
4
0
49483
2
0
2002088765
4
0
49484
2
0
2002089789
4
0
49485
2
0
2002071613
4
0
49486
2
0
2002072637
4
0
49487
2
0
2002073661
4
0
49488
2
0
2002141501
4
0
49489
2
0
2002142525
4
0
49490
2
0
2002143549
4
0
49491
2
0
2002144573
4
0
49492
2
0
2002145597
4
0
49493
2
0
2002146621
4
0
49494
2
0
2002147645
4
0
49495
2
0
2002150205
4
0
49496
2
0
2002151229
4
0
49497
2
0
2002152253
4
0
49498
2
0
2002153277
4
0
49499
2
0
2002154301
4
0
49500
2
0
2002155325
4
0
49501
2
0
2002137149
4
0
49502
2
0
2002138173
4
0
49503
2
0
2002139197
4
0
49504
2
0
2002207037
4
0
49505
2
0
2002208061
4
0
49506
2
0
2002209085
4
0
49507
2
0
2002210109
4
0
49508
2
0
2002211133
4
0
49509
2
0
2002212157
4
0
49510
2
0
2002213181
4
0
49511
2
0
2002215741
4
0
49512
2
0
2002216765
4
0
49513
2
0
2002217789
4
0
49514
2
0
2002218813
4
0
49515
2
0
2002219837
4
0
49516
2
0
2002220861
4
0
49517
2
0
2002202685
4
0
49518
2
0
2002203709
4
0
49519
2
0
2002204733
4
0
49520
2
0
2002272573
4
0
49521
2
0
2002273597
4
0
49522
2
0
2002274621
4
0
49523
2
0
2002275645
4
0
49524
2
0
2002276669
4
0
49525
2
0
2002277693
4
0
49526
2
0
2002278717
4
0
49527
2
0
2002281277
4
0
49528
2
0
2002282301
4
0
49529
2
0
2002283325
4
0
49530
2
0
2002284349
4
0
49531
2
0
2002285373
4
0
49532
2
0
2002286397
4
0
49533
2
0
2002268221
4
0
49534
2
0
2002269245
4
0
49535
2
0
2002270269
4
0
49536
2
0
2002338109
4
0
49537
2
0
2002339133
4
0
49538
2
0
2002340157
4
0
49539
2
0
2002341181
4
0
49540
2
0
2002342205
4
0
49541
2
0
2002343229
4
0
49542
2
0
2002344253
4
0
49543
2
0
2002346813
4
0
49544
2
0
2002347837
4
0
49545
2
0
2002348861
4
0
49546
2
0
2002349885
4
0
49547
2
0
2002350909
4
0
49548
2
0
2002351933
4
0
49549
2
0
2002333757
4
0
49550
2
0
2002334781
4
0
49551
2
0
2002335805
4
0
49552
2
0
2002403645
4
0
49553
2
0
2002404669
4
0
49554
2
0
2002405693
4
0
49555
2
0
2002406717
4
0
49556
2
0
2002407741
4
0
49557
2
0
2002408765
4
0
49558
2
0
2002409789
4
0
49559
2
0
2002412349
4
0
49560
2
0
2002413373
4
0
49561
2
0
2002414397
4
0
49562
2
0
2002415421
4
0
49563
2
0
2002416445
4
0
49564
2
0
2002417469
4
0
49565
2
0
2002399293
4
0
49566
2
0
2002400317
4
0
49567
2
0
2002401341
4
0
49568
2
0
2002862397
4
0
49569
2
0
2002863421
4
0
49570
2
0
2002864445
4
0
49571
2
0
2002865469
4
0
49572
2
0
2002866493
4
0
49573
2
0
2002867517
4
0
49574
2
0
2002868541
4
0
49575
2
0
2002871101
4
0
49576
2
0
2002872125
4
0
49577
2
0
2002873149
4
0
49578
2
0
2002874173
4
0
49579
2
0
2002875197
4
0
49580
2
0
2002876221
4
0
49581
2
0
2002858045
4
0
49582
2
0
2002859069
4
0
49583
2
0
2002860093
4
0
49584
2
0
2002927933
4
0
49585
2
0
2002928957
4
0
49586
2
0
2002929981
4
0
49587
2
0
2002931005
4
0
49588
2
0
2002932029
4
0
49589
2
0
2002933053
4
0
49590
2
0
2002934077
4
0
49591
2
0
2002936637
4
0
49592
2
0
2002937661
4
0
49593
2
0
2002938685
4
0
49594
2
0
2002939709
4
0
49595
2
0
2002940733
4
0
49596
2
0
2002941757
4
0
49597
2
0
2002923581
4
0
49598
2
0
2002924605
4
0
49599
2
0
2002925629
4
0
49600
2
0
2002993469
4
0
49601
2
0
2002994493
4
0
49602
2
0
2002995517
4
0
49603
2
0
2002996541
4
0
49604
2
0
2002997565
4
0
49605
2
0
2002998589
4
0
49606
2
0
2002999613
4
0
49607
2
0
2003002173
4
0
49608
2
0
2003003197
4
0
49609
2
0
2003004221
4
0
49610
2
0
2003005245
4
0
49611
2
0
2003006269
4
0
49612
2
0
2003007293
4
0
49613
2
0
2002989117
4
0
49614
2
0
2002990141
4
0
49615
2
0
2002991165
4
0
49616
2
0
2003059005
4
0
49617
2
0
2003060029
4
0
49618
2
0
2003061053
4
0
49619
2
0
2003062077
4
0
49620
2
0
2003063101
4
0
49621
2
0
2003064125
4
0
49622
2
0
2003065149
4
0
49623
2
0
2003067709
4
0
49624
2
0
2003068733
4
0
49625
2
0
2003069757
4
0
49626
2
0
2003070781
4
0
49627
2
0
2003071805
4
0
49628
2
0
2003072829
4
0
49629
2
0
2003054653
4
0
49630
2
0
2003055677
4
0
49631
2
0
2003056701
4
0
49632
2
0
2003124541
4
0
49633
2
0
2003125565
4
0
49634
2
0
2003126589
4
0
49635
2
0
2003127613
4
0
49636
2
0
2003128637
4
0
49637
2
0
2003129661
4
0
49638
2
0
2003130685
4
0
49639
2
0
2003133245
4
0
49640
2
0
2003134269
4
0
49641
2
0
2003135293
4
0
49642
2
0
2003136317
4
0
49643
2
0
2003137341
4
0
49644
2
0
2003138365
4
0
49645
2
0
2003120189
4
0
49646
2
0
2003121213
4
0
49647
2
0
2003122237
4
0
49648
2
0
2003190077
4
0
49649
2
0
2003191101
4
0
49650
2
0
2003192125
4
0
49651
2
0
2003193149
4
0
49652
2
0
2003194173
4
0
49653
2
0
2003195197
4
0
49654
2
0
2003196221
4
0
49655
2
0
2003198781
4
0
49656
2
0
2003199805
4
0
49657
2
0
2003200829
4
0
49658
2
0
2003201853
4
0
49659
2
0
2003202877
4
0
49660
2
0
2003203901
4
0
49661
2
0
2003185725
4
0
49662
2
0
2003186749
4
0
49663
2
0
2003187773
4
0
49664
2
0
2003255613
4
0
49665
2
0
2003256637
4
0
49666
2
0
2003257661
4
0
49667
2
0
2003258685
4
0
49668
2
0
2003259709
4
0
49669
2
0
2003260733
4
0
49670
2
0
2003261757
4
0
49671
2
0
2003264317
4
0
49672
2
0
2003265341
4
0
49673
2
0
2003266365
4
0
49674
2
0
2003267389
4
0
49675
2
0
2003268413
4
0
49676
2
0
2003269437
4
0
49677
2
0
2003251261
4
0
49678
2
0
2003252285
4
0
49679
2
0
2003253309
4
0
49680
2
0
2003321149
4
0
49681
2
0
2003322173
4
0
49682
2
0
2003323197
4
0
49683
2
0
2003324221
4
0
49684
2
0
2003325245
4
0
49685
2
0
2003326269
4
0
49686
2
0
2003327293
4
0
49687
2
0
2003329853
4
0
49688
2
0
2003330877
4
0
49689
2
0
2003331901
4
0
49690
2
0
2003332925
4
0
49691
2
0
2003333949
4
0
49692
2
0
2003334973
4
0
49693
2
0
2003316797
4
0
49694
2
0
2003317821
4
0
49695
2
0
2003318845
4
0
49696
2
0
2003386685
4
0
49697
2
0
2003387709
4
0
49698
2
0
2003388733
4
0
49699
2
0
2003389757
4
0
49700
2
0
2003390781
4
0
49701
2
0
2003391805
4
0
49702
2
0
2003392829
4
0
49703
2
0
2003395389
4
0
49704
2
0
2003396413
4
0
49705
2
0
2003397437
4
0
49706
2
0
2003398461
4
0
49707
2
0
2003399485
4
0
49708
2
0
2003400509
4
0
49709
2
0
2003382333
4
0
49710
2
0
2003383357
4
0
49711
2
0
2003384381
4
0
49712
2
0
2003452221
4
0
49713
2
0
2003453245
4
0
49714
2
0
2003454269
4
0
49715
2
0
2003455293
4
0
49716
2
0
2003456317
4
0
49717
2
0
2003457341
4
0
49718
2
0
2003458365
4
0
49719
2
0
2003460925
4
0
49720
2
0
2003461949
4
0
49721
2
0
2003462973
4
0
49722
2
0
2003463997
4
0
49723
2
0
2003465021
4
0
49724
2
0
2003466045
4
0
49725
2
0
2003447869
4
0
49726
2
0
2003448893
4
0
49727
2
0
2003449917
4
0
49728
2
0
2003517757
4
0
49729
2
0
2003518781
4
0
49730
2
0
2003519805
4
0
49731
2
0
2003520829
4
0
49732
2
0
2003521853
4
0
49733
2
0
2003522877
4
0
49734
2
0
2003523901
4
0
49735
2
0
2003526461
4
0
49736
2
0
2003527485
4
0
49737
2
0
2003528509
4
0
49738
2
0
2003529533
4
0
49739
2
0
2003530557
4
0
49740
2
0
2003531581
4
0
49741
2
0
2003513405
4
0
49742
2
0
2003514429
4
0
49743
2
0
2003515453
4
0
49744
2
0
2003583293
4
0
49745
2
0
2003584317
4
0
49746
2
0
2003585341
4
0
49747
2
0
2003586365
4
0
49748
2
0
2003587389
4
0
49749
2
0
2003588413
4
0
49750
2
0
2003589437
4
0
49751
2
0
2003591997
4
0
49752
2
0
2003593021
4
0
49753
2
0
2003594045
4
0
49754
2
0
2003595069
4
0
49755
2
0
2003596093
4
0
49756
2
0
2003597117
4
0
49757
2
0
2003578941
4
0
49758
2
0
2003579965
4
0
49759
2
0
2003580989
4
0
49760
2
0
2003648829
4
0
49761
2
0
2003649853
4
0
49762
2
0
2003650877
4
0
49763
2
0
2003651901
4
0
49764
2
0
2003652925
4
0
49765
2
0
2003653949
4
0
49766
2
0
2003654973
4
0
49767
2
0
2003657533
4
0
49768
2
0
2003658557
4
0
49769
2
0
2003659581
4
0
49770
2
0
2003660605
4
0
49771
2
0
2003661629
4
0
49772
2
0
2003662653
4
0
49773
2
0
2003644477
4
0
49774
2
0
2003645501
4
0
49775
2
0
2003646525
4
0
49776
2
0
2003714365
4
0
49777
2
0
2003715389
4
0
49778
2
0
2003716413
4
0
49779
2
0
2003717437
4
0
49780
2
0
2003718461
4
0
49781
2
0
2003719485
4
0
49782
2
0
2003720509
4
0
49783
2
0
2003723069
4
0
49784
2
0
2003724093
4
0
49785
2
0
2003725117
4
0
49786
2
0
2003726141
4
0
49787
2
0
2003727165
4
0
49788
2
0
2003728189
4
0
49789
2
0
2003710013
4
0
49790
2
0
2003711037
4
0
49791
2
0
2003712061
4
0
49792
2
0
2003779901
4
0
49793
2
0
2003780925
4
0
49794
2
0
2003781949
4
0
49795
2
0
2003782973
4
0
49796
2
0
2003783997
4
0
49797
2
0
2003785021
4
0
49798
2
0
2003786045
4
0
49799
2
0
2003788605
4
0
49800
2
0
2003789629
4
0
49801
2
0
2003790653
4
0
49802
2
0
2003791677
4
0
49803
2
0
2003792701
4
0
49804
2
0
2003793725
4
0
49805
2
0
2003775549
4
0
49806
2
0
2003776573
4
0
49807
2
0
2003777597
4
0
49808
2
0
2003845437
4
0
49809
2
0
2003846461
4
0
49810
2
0
2003847485
4
0
49811
2
0
2003848509
4
0
49812
2
0
2003849533
4
0
49813
2
0
2003850557
4
0
49814
2
0
2003851581
4
0
49815
2
0
2003854141
4
0
49816
2
0
2003855165
4
0
49817
2
0
2003856189
4
0
49818
2
0
2003857213
4
0
49819
2
0
2003858237
4
0
49820
2
0
2003859261
4
0
49821
2
0
2003841085
4
0
49822
2
0
2003842109
4
0
49823
2
0
2003843133
4
0
49824
2
0
2003910973
4
0
49825
2
0
2003911997
4
0
49826
2
0
2003913021
4
0
49827
2
0
2003914045
4
0
49828
2
0
2003915069
4
0
49829
2
0
2003916093
4
0
49830
2
0
2003917117
4
0
49831
2
0
2003919677
4
0
49832
2
0
2003920701
4
0
49833
2
0
2003921725
4
0
49834
2
0
2003922749
4
0
49835
2
0
2003923773
4
0
49836
2
0
2003924797
4
0
49837
2
0
2003906621
4
0
49838
2
0
2003907645
4
0
49839
2
0
2003908669
4
0
49840
2
0
2003976509
4
0
49841
2
0
2003977533
4
0
49842
2
0
2003978557
4
0
49843
2
0
2003979581
4
0
49844
2
0
2003980605
4
0
49845
2
0
2003981629
4
0
49846
2
0
2003982653
4
0
49847
2
0
2003985213
4
0
49848
2
0
2003986237
4
0
49849
2
0
2003987261
4
0
49850
2
0
2003988285
4
0
49851
2
0
2003989309
4
0
49852
2
0
2003990333
4
0
49853
2
0
2003972157
4
0
49854
2
0
2003973181
4
0
49855
2
0
2003974205
4
0
49856
2
0
2004042045
4
0
49857
2
0
2004043069
4
0
49858
2
0
2004044093
4
0
49859
2
0
2004045117
4
0
49860
2
0
2004046141
4
0
49861
2
0
2004047165
4
0
49862
2
0
2004048189
4
0
49863
2
0
2004050749
4
0
49864
2
0
2004051773
4
0
49865
2
0
2004052797
4
0
49866
2
0
2004053821
4
0
49867
2
0
2004054845
4
0
49868
2
0
2004055869
4
0
49869
2
0
2004037693
4
0
49870
2
0
2004038717
4
0
49871
2
0
2004039741
4
0
49872
2
0
2004107581
4
0
49873
2
0
2004108605
4
0
49874
2
0
2004109629
4
0
49875
2
0
2004110653
4
0
49876
2
0
2004111677
4
0
49877
2
0
2004112701
4
0
49878
2
0
2004113725
4
0
49879
2
0
2004116285
4
0
49880
2
0
2004117309
4
0
49881
2
0
2004118333
4
0
49882
2
0
2004119357
4
0
49883
2
0
2004120381
4
0
49884
2
0
2004121405
4
0
49885
2
0
2004103229
4
0
49886
2
0
2004104253
4
0
49887
2
0
2004105277
4
0
49888
2
0
2004173117
4
0
49889
2
0
2004174141
4
0
49890
2
0
2004175165
4
0
49891
2
0
2004176189
4
0
49892
2
0
2004177213
4
0
49893
2
0
2004178237
4
0
49894
2
0
2004179261
4
0
49895
2
0
2004181821
4
0
49896
2
0
2004182845
4
0
49897
2
0
2004183869
4
0
49898
2
0
2004184893
4
0
49899
2
0
2004185917
4
0
49900
2
0
2004186941
4
0
49901
2
0
2004168765
4
0
49902
2
0
2004169789
4
0
49903
2
0
2004170813
4
0
49904
2
0
2004238653
4
0
49905
2
0
2004239677
4
0
49906
2
0
2004240701
4
0
49907
2
0
2004241725
4
0
49908
2
0
2004242749
4
0
49909
2
0
2004243773
4
0
49910
2
0
2004244797
4
0
49911
2
0
2004247357
4
0
49912
2
0
2004248381
4
0
49913
2
0
2004249405
4
0
49914
2
0
2004250429
4
0
49915
2
0
2004251453
4
0
49916
2
0
2004252477
4
0
49917
2
0
2004234301
4
0
49918
2
0
2004235325
4
0
49919
2
0
2004236349
4
0
49920
2
0
2004304189
4
0
49921
2
0
2004305213
4
0
49922
2
0
2004306237
4
0
49923
2
0
2004307261
4
0
49924
2
0
2004308285
4
0
49925
2
0
2004309309
4
0
49926
2
0
2004310333
4
0
49927
2
0
2004312893
4
0
49928
2
0
2004313917
4
0
49929
2
0
2004314941
4
0
49930
2
0
2004315965
4
0
49931
2
0
2004316989
4
0
49932
2
0
2004318013
4
0
49933
2
0
2004299837
4
0
49934
2
0
2004300861
4
0
49935
2
0
2004301885
4
0
49936
2
0
2004369725
4
0
49937
2
0
2004370749
4
0
49938
2
0
2004371773
4
0
49939
2
0
2004372797
4
0
49940
2
0
2004373821
4
0
49941
2
0
2004374845
4
0
49942
2
0
2004375869
4
0
49943
2
0
2004378429
4
0
49944
2
0
2004379453
4
0
49945
2
0
2004380477
4
0
49946
2
0
2004381501
4
0
49947
2
0
2004382525
4
0
49948
2
0
2004383549
4
0
49949
2
0
2004365373
4
0
49950
2
0
2004366397
4
0
49951
2
0
2004367421
4
0
49952
2
0
2004435261
4
0
49953
2
0
2004436285
4
0
49954
2
0
2004437309
4
0
49955
2
0
2004438333
4
0
49956
2
0
2004439357
4
0
49957
2
0
2004440381
4
0
49958
2
0
2004441405
4
0
49959
2
0
2004443965
4
0
49960
2
0
2004444989
4
0
49961
2
0
2004446013
4
0
49962
2
0
2004447037
4
0
49963
2
0
2004448061
4
0
49964
2
0
2004449085
4
0
49965
2
0
2004430909
4
0
49966
2
0
2004431933
4
0
49967
2
0
2004432957
4
0
49968
2
0
2004500797
4
0
49969
2
0
2004501821
4
0
49970
2
0
2004502845
4
0
49971
2
0
2004503869
4
0
49972
2
0
2004504893
4
0
49973
2
0
2004505917
4
0
49974
2
0
2004506941
4
0
49975
2
0
2004509501
4
0
49976
2
0
2004510525
4
0
49977
2
0
2004511549
4
0
49978
2
0
2004512573
4
0
49979
2
0
2004513597
4
0
49980
2
0
2004514621
4
0
49981
2
0
2004496445
4
0
49982
2
0
2004497469
4
0
49983
2
0
2004498493
4
0
49984
2
0
1999651133
4
0
49985
2
0
1999652157
4
0
49986
2
0
1999653181
4
0
49987
2
0
1999654205
4
0
49988
2
0
1999655229
4
0
49989
2
0
1999656253
4
0
49990
2
0
1999657277
4
0
49991
2
0
1999659837
4
0
49992
2
0
1999660861
4
0
49993
2
0
1999661885
4
0
49994
2
0
1999662909
4
0
49995
2
0
1999663933
4
0
49996
2
0
1999664957
4
0
49997
2
0
1999646781
4
0
49998
2
0
1999647805
4
0
49999
2
0
1999648829
4
0
50000
2
0
1999716669
4
0
50001
2
0
1999717693
4
0
50002
2
0
1999718717
4
0
50003
2
0
1999719741
4
0
50004
2
0
1999720765
4
0
50005
2
0
1999721789
4
0
50006
2
0
1999722813
4
0
50007
2
0
1999725373
4
0
50008
2
0
1999726397
4
0
50009
2
0
1999727421
4
0
50010
2
0
1999728445
4
0
50011
2
0
1999729469
4
0
50012
2
0
1999730493
4
0
50013
2
0
1999712317
4
0
50014
2
0
1999713341
4
0
50015
2
0
1999714365
4
0
50016
2
0
1999782205
4
0
50017
2
0
1999783229
4
0
50018
2
0
1999784253
4
0
50019
2
0
1999785277
4
0
50020
2
0
1999786301
4
0
50021
2
0
1999787325
4
0
50022
2
0
1999788349
4
0
50023
2
0
1999790909
4
0
50024
2
0
1999791933
4
0
50025
2
0
1999792957
4
0
50026
2
0
1999793981
4
0
50027
2
0
1999795005
4
0
50028
2
0
1999796029
4
0
50029
2
0
1999777853
4
0
50030
2
0
1999778877
4
0
50031
2
0
1999779901
4
0
50032
2
0
1999847741
4
0
50033
2
0
1999848765
4
0
50034
2
0
1999849789
4
0
50035
2
0
1999850813
4
0
50036
2
0
1999851837
4
0
50037
2
0
1999852861
4
0
50038
2
0
1999853885
4
0
50039
2
0
1999856445
4
0
50040
2
0
1999857469
4
0
50041
2
0
1999858493
4
0
50042
2
0
1999859517
4
0
50043
2
0
1999860541
4
0
50044
2
0
1999861565
4
0
50045
2
0
1999843389
4
0
50046
2
0
1999844413
4
0
50047
2
0
1999845437
4
0
50048
2
0
1999913277
4
0
50049
2
0
1999914301
4
0
50050
2
0
1999915325
4
0
50051
2
0
1999916349
4
0
50052
2
0
1999917373
4
0
50053
2
0
1999918397
4
0
50054
2
0
1999919421
4
0
50055
2
0
1999921981
4
0
50056
2
0
1999923005
4
0
50057
2
0
1999924029
4
0
50058
2
0
1999925053
4
0
50059
2
0
1999926077
4
0
50060
2
0
1999927101
4
0
50061
2
0
1999908925
4
0
50062
2
0
1999909949
4
0
50063
2
0
1999910973
4
0
50064
2
0
1999978813
4
0
50065
2
0
1999979837
4
0
50066
2
0
1999980861
4
0
50067
2
0
1999981885
4
0
50068
2
0
1999982909
4
0
50069
2
0
1999983933
4
0
50070
2
0
1999984957
4
0
50071
2
0
1999987517
4
0
50072
2
0
1999988541
4
0
50073
2
0
1999989565
4
0
50074
2
0
1999990589
4
0
50075
2
0
1999991613
4
0
50076
2
0
1999992637
4
0
50077
2
0
1999974461
4
0
50078
2
0
1999975485
4
0
50079
2
0
1999976509
4
0
50080
2
0
2000044349
4
0
50081
2
0
2000045373
4
0
50082
2
0
2000046397
4
0
50083
2
0
2000047421
4
0
50084
2
0
2000048445
4
0
50085
2
0
2000049469
4
0
50086
2
0
2000050493
4
0
50087
2
0
2000053053
4
0
50088
2
0
2000054077
4
0
50089
2
0
2000055101
4
0
50090
2
0
2000056125
4
0
50091
2
0
2000057149
4
0
50092
2
0
2000058173
4
0
50093
2
0
2000039997
4
0
50094
2
0
2000041021
4
0
50095
2
0
2000042045
4
0
50096
2
0
2000109885
4
0
50097
2
0
2000110909
4
0
50098
2
0
2000111933
4
0
50099
2
0
2000112957
4
0
50100
2
0
2000113981
4
0
50101
2
0
2000115005
4
0
50102
2
0
2000116029
4
0
50103
2
0
2000118589
4
0
50104
2
0
2000119613
4
0
50105
2
0
2000120637
4
0
50106
2
0
2000121661
4
0
50107
2
0
2000122685
4
0
50108
2
0
2000123709
4
0
50109
2
0
2000105533
4
0
50110
2
0
2000106557
4
0
50111
2
0
2000107581
4
0
50112
2
0
2000175421
4
0
50113
2
0
2000176445
4
0
50114
2
0
2000177469
4
0
50115
2
0
2000178493
4
0
50116
2
0
2000179517
4
0
50117
2
0
2000180541
4
0
50118
2
0
2000181565
4
0
50119
2
0
2000184125
4
0
50120
2
0
2000185149
4
0
50121
2
0
2000186173
4
0
50122
2
0
2000187197
4
0
50123
2
0
2000188221
4
0
50124
2
0
2000189245
4
0
50125
2
0
2000171069
4
0
50126
2
0
2000172093
4
0
50127
2
0
2000173117
4
0
50128
2
0
2000240957
4
0
50129
2
0
2000241981
4
0
50130
2
0
2000243005
4
0
50131
2
0
2000244029
4
0
50132
2
0
2000245053
4
0
50133
2
0
2000246077
4
0
50134
2
0
2000247101
4
0
50135
2
0
2000249661
4
0
50136
2
0
2000250685
4
0
50137
2
0
2000251709
4
0
50138
2
0
2000252733
4
0
50139
2
0
2000253757
4
0
50140
2
0
2000254781
4
0
50141
2
0
2000236605
4
0
50142
2
0
2000237629
4
0
50143
2
0
2000238653
4
0
50144
2
0
1999323453
4
0
50145
2
0
1999324477
4
0
50146
2
0
1999325501
4
0
50147
2
0
1999326525
4
0
50148
2
0
1999327549
4
0
50149
2
0
1999328573
4
0
50150
2
0
1999329597
4
0
50151
2
0
1999332157
4
0
50152
2
0
1999333181
4
0
50153
2
0
1999334205
4
0
50154
2
0
1999335229
4
0
50155
2
0
1999336253
4
0
50156
2
0
1999337277
4
0
50157
2
0
1999319101
4
0
50158
2
0
1999320125
4
0
50159
2
0
1999321149
4
0
50160
2
0
1999585597
4
0
50161
2
0
1999586621
4
0
50162
2
0
1999587645
4
0
50163
2
0
1999588669
4
0
50164
2
0
1999589693
4
0
50165
2
0
1999590717
4
0
50166
2
0
1999591741
4
0
50167
2
0
1999594301
4
0
50168
2
0
1999595325
4
0
50169
2
0
1999596349
4
0
50170
2
0
1999597373
4
0
50171
2
0
1999598397
4
0
50172
2
0
1999599421
4
0
50173
2
0
1999581245
4
0
50174
2
0
1999582269
4
0
50175
2
0
1999583293
4
