1024
0
35840
2
0
1782661437
4
0
35841
2
0
1782662461
4
0
35842
2
0
1782663485
4
0
35843
2
0
1782664509
4
0
35844
2
0
1782665533
4
0
35845
2
0
1782666557
4
0
35846
2
0
1782667581
4
0
35847
2
0
1782670141
4
0
35848
2
0
1782671165
4
0
35849
2
0
1782672189
4
0
35850
2
0
1782673213
4
0
35851
2
0
1782674237
4
0
35852
2
0
1782675261
4
0
35853
2
0
1782657085
4
0
35854
2
0
1782658109
4
0
35855
2
0
1782659133
4
0
35856
2
0
1782726973
4
0
35857
2
0
1782727997
4
0
35858
2
0
1782729021
4
0
35859
2
0
1782730045
4
0
35860
2
0
1782731069
4
0
35861
2
0
1782732093
4
0
35862
2
0
1782733117
4
0
35863
2
0
1782735677
4
0
35864
2
0
1782736701
4
0
35865
2
0
1782737725
4
0
35866
2
0
1782738749
4
0
35867
2
0
1782739773
4
0
35868
2
0
1782740797
4
0
35869
2
0
1782722621
4
0
35870
2
0
1782723645
4
0
35871
2
0
1782724669
4
0
35872
2
0
1782792509
4
0
35873
2
0
1782793533
4
0
35874
2
0
1782794557
4
0
35875
2
0
1782795581
4
0
35876
2
0
1782796605
4
0
35877
2
0
1782797629
4
0
35878
2
0
1782798653
4
0
35879
2
0
1782801213
4
0
35880
2
0
1782802237
4
0
35881
2
0
1782803261
4
0
35882
2
0
1782804285
4
0
35883
2
0
1782805309
4
0
35884
2
0
1782806333
4
0
35885
2
0
1782788157
4
0
35886
2
0
1782789181
4
0
35887
2
0
1782790205
4
0
35888
2
0
1782858045
4
0
35889
2
0
1782859069
4
0
35890
2
0
1782860093
4
0
35891
2
0
1782861117
4
0
35892
2
0
1782862141
4
0
35893
2
0
1782863165
4
0
35894
2
0
1782864189
4
0
35895
2
0
1782866749
4
0
35896
2
0
1782867773
4
0
35897
2
0
1782868797
4
0
35898
2
0
1782869821
4
0
35899
2
0
1782870845
4
0
35900
2
0
1782871869
4
0
35901
2
0
1782853693
4
0
35902
2
0
1782854717
4
0
35903
2
0
1782855741
4
0
35904
2
0
1782923581
4
0
35905
2
0
1782924605
4
0
35906
2
0
1782925629
4
0
35907
2
0
1782926653
4
0
35908
2
0
1782927677
4
0
35909
2
0
1782928701
4
0
35910
2
0
1782929725
4
0
35911
2
0
1782932285
4
0
35912
2
0
1782933309
4
0
35913
2
0
1782934333
4
0
35914
2
0
1782935357
4
0
35915
2
0
1782936381
4
0
35916
2
0
1782937405
4
0
35917
2
0
1782919229
4
0
35918
2
0
1782920253
4
0
35919
2
0
1782921277
4
0
35920
2
0
1782989117
4
0
35921
2
0
1782990141
4
0
35922
2
0
1782991165
4
0
35923
2
0
1782992189
4
0
35924
2
0
1782993213
4
0
35925
2
0
1782994237
4
0
35926
2
0
1782995261
4
0
35927
2
0
1782997821
4
0
35928
2
0
1782998845
4
0
35929
2
0
1782999869
4
0
35930
2
0
1783000893
4
0
35931
2
0
1783001917
4
0
35932
2
0
1783002941
4
0
35933
2
0
1782984765
4
0
35934
2
0
1782985789
4
0
35935
2
0
1782986813
4
0
35936
2
0
1783054653
4
0
35937
2
0
1783055677
4
0
35938
2
0
1783056701
4
0
35939
2
0
1783057725
4
0
35940
2
0
1783058749
4
0
35941
2
0
1783059773
4
0
35942
2
0
1783060797
4
0
35943
2
0
1783063357
4
0
35944
2
0
1783064381
4
0
35945
2
0
1783065405
4
0
35946
2
0
1783066429
4
0
35947
2
0
1783067453
4
0
35948
2
0
1783068477
4
0
35949
2
0
1783050301
4
0
35950
2
0
1783051325
4
0
35951
2
0
1783052349
4
0
35952
2
0
1783120189
4
0
35953
2
0
1783121213
4
0
35954
2
0
1783122237
4
0
35955
2
0
1783123261
4
0
35956
2
0
1783124285
4
0
35957
2
0
1783125309
4
0
35958
2
0
1783126333
4
0
35959
2
0
1783128893
4
0
35960
2
0
1783129917
4
0
35961
2
0
1783130941
4
0
35962
2
0
1783131965
4
0
35963
2
0
1783132989
4
0
35964
2
0
1783134013
4
0
35965
2
0
1783115837
4
0
35966
2
0
1783116861
4
0
35967
2
0
1783117885
4
0
35968
2
0
1783185725
4
0
35969
2
0
1783186749
4
0
35970
2
0
1783187773
4
0
35971
2
0
1783188797
4
0
35972
2
0
1783189821
4
0
35973
2
0
1783190845
4
0
35974
2
0
1783191869
4
0
35975
2
0
1783194429
4
0
35976
2
0
1783195453
4
0
35977
2
0
1783196477
4
0
35978
2
0
1783197501
4
0
35979
2
0
1783198525
4
0
35980
2
0
1783199549
4
0
35981
2
0
1783181373
4
0
35982
2
0
1783182397
4
0
35983
2
0
1783183421
4
0
35984
2
0
1783251261
4
0
35985
2
0
1783252285
4
0
35986
2
0
1783253309
4
0
35987
2
0
1783254333
4
0
35988
2
0
1783255357
4
0
35989
2
0
1783256381
4
0
35990
2
0
1783257405
4
0
35991
2
0
1783259965
4
0
35992
2
0
1783260989
4
0
35993
2
0
1783262013
4
0
35994
2
0
1783263037
4
0
35995
2
0
1783264061
4
0
35996
2
0
1783265085
4
0
35997
2
0
1783246909
4
0
35998
2
0
1783247933
4
0
35999
2
0
1783248957
4
0
36000
2
0
1783316797
4
0
36001
2
0
1783317821
4
0
36002
2
0
1783318845
4
0
36003
2
0
1783319869
4
0
36004
2
0
1783320893
4
0
36005
2
0
1783321917
4
0
36006
2
0
1783322941
4
0
36007
2
0
1783325501
4
0
36008
2
0
1783326525
4
0
36009
2
0
1783327549
4
0
36010
2
0
1783328573
4
0
36011
2
0
1783329597
4
0
36012
2
0
1783330621
4
0
36013
2
0
1783312445
4
0
36014
2
0
1783313469
4
0
36015
2
0
1783314493
4
0
36016
2
0
1783382333
4
0
36017
2
0
1783383357
4
0
36018
2
0
1783384381
4
0
36019
2
0
1783385405
4
0
36020
2
0
1783386429
4
0
36021
2
0
1783387453
4
0
36022
2
0
1783388477
4
0
36023
2
0
1783391037
4
0
36024
2
0
1783392061
4
0
36025
2
0
1783393085
4
0
36026
2
0
1783394109
4
0
36027
2
0
1783395133
4
0
36028
2
0
1783396157
4
0
36029
2
0
1783377981
4
0
36030
2
0
1783379005
4
0
36031
2
0
1783380029
4
0
36032
2
0
1783447869
4
0
36033
2
0
1783448893
4
0
36034
2
0
1783449917
4
0
36035
2
0
1783450941
4
0
36036
2
0
1783451965
4
0
36037
2
0
1783452989
4
0
36038
2
0
1783454013
4
0
36039
2
0
1783456573
4
0
36040
2
0
1783457597
4
0
36041
2
0
1783458621
4
0
36042
2
0
1783459645
4
0
36043
2
0
1783460669
4
0
36044
2
0
1783461693
4
0
36045
2
0
1783443517
4
0
36046
2
0
1783444541
4
0
36047
2
0
1783445565
4
0
36048
2
0
1783513405
4
0
36049
2
0
1783514429
4
0
36050
2
0
1783515453
4
0
36051
2
0
1783516477
4
0
36052
2
0
1783517501
4
0
36053
2
0
1783518525
4
0
36054
2
0
1783519549
4
0
36055
2
0
1783522109
4
0
36056
2
0
1783523133
4
0
36057
2
0
1783524157
4
0
36058
2
0
1783525181
4
0
36059
2
0
1783526205
4
0
36060
2
0
1783527229
4
0
36061
2
0
1783509053
4
0
36062
2
0
1783510077
4
0
36063
2
0
1783511101
4
0
36064
2
0
1783578941
4
0
36065
2
0
1783579965
4
0
36066
2
0
1783580989
4
0
36067
2
0
1783582013
4
0
36068
2
0
1783583037
4
0
36069
2
0
1783584061
4
0
36070
2
0
1783585085
4
0
36071
2
0
1783587645
4
0
36072
2
0
1783588669
4
0
36073
2
0
1783589693
4
0
36074
2
0
1783590717
4
0
36075
2
0
1783591741
4
0
36076
2
0
1783592765
4
0
36077
2
0
1783574589
4
0
36078
2
0
1783575613
4
0
36079
2
0
1783576637
4
0
36080
2
0
1783644477
4
0
36081
2
0
1783645501
4
0
36082
2
0
1783646525
4
0
36083
2
0
1783647549
4
0
36084
2
0
1783648573
4
0
36085
2
0
1783649597
4
0
36086
2
0
1783650621
4
0
36087
2
0
1783653181
4
0
36088
2
0
1783654205
4
0
36089
2
0
1783655229
4
0
36090
2
0
1783656253
4
0
36091
2
0
1783657277
4
0
36092
2
0
1783658301
4
0
36093
2
0
1783640125
4
0
36094
2
0
1783641149
4
0
36095
2
0
1783642173
4
0
36096
2
0
1783710013
4
0
36097
2
0
1783711037
4
0
36098
2
0
1783712061
4
0
36099
2
0
1783713085
4
0
36100
2
0
1783714109
4
0
36101
2
0
1783715133
4
0
36102
2
0
1783716157
4
0
36103
2
0
1783718717
4
0
36104
2
0
1783719741
4
0
36105
2
0
1783720765
4
0
36106
2
0
1783721789
4
0
36107
2
0
1783722813
4
0
36108
2
0
1783723837
4
0
36109
2
0
1783705661
4
0
36110
2
0
1783706685
4
0
36111
2
0
1783707709
4
0
36112
2
0
1783775549
4
0
36113
2
0
1783776573
4
0
36114
2
0
1783777597
4
0
36115
2
0
1783778621
4
0
36116
2
0
1783779645
4
0
36117
2
0
1783780669
4
0
36118
2
0
1783781693
4
0
36119
2
0
1783784253
4
0
36120
2
0
1783785277
4
0
36121
2
0
1783786301
4
0
36122
2
0
1783787325
4
0
36123
2
0
1783788349
4
0
36124
2
0
1783789373
4
0
36125
2
0
1783771197
4
0
36126
2
0
1783772221
4
0
36127
2
0
1783773245
4
0
36128
2
0
1783841085
4
0
36129
2
0
1783842109
4
0
36130
2
0
1783843133
4
0
36131
2
0
1783844157
4
0
36132
2
0
1783845181
4
0
36133
2
0
1783846205
4
0
36134
2
0
1783847229
4
0
36135
2
0
1783849789
4
0
36136
2
0
1783850813
4
0
36137
2
0
1783851837
4
0
36138
2
0
1783852861
4
0
36139
2
0
1783853885
4
0
36140
2
0
1783854909
4
0
36141
2
0
1783836733
4
0
36142
2
0
1783837757
4
0
36143
2
0
1783838781
4
0
36144
2
0
1783906621
4
0
36145
2
0
1783907645
4
0
36146
2
0
1783908669
4
0
36147
2
0
1783909693
4
0
36148
2
0
1783910717
4
0
36149
2
0
1783911741
4
0
36150
2
0
1783912765
4
0
36151
2
0
1783915325
4
0
36152
2
0
1783916349
4
0
36153
2
0
1783917373
4
0
36154
2
0
1783918397
4
0
36155
2
0
1783919421
4
0
36156
2
0
1783920445
4
0
36157
2
0
1783902269
4
0
36158
2
0
1783903293
4
0
36159
2
0
1783904317
4
0
36160
2
0
1783972157
4
0
36161
2
0
1783973181
4
0
36162
2
0
1783974205
4
0
36163
2
0
1783975229
4
0
36164
2
0
1783976253
4
0
36165
2
0
1783977277
4
0
36166
2
0
1783978301
4
0
36167
2
0
1783980861
4
0
36168
2
0
1783981885
4
0
36169
2
0
1783982909
4
0
36170
2
0
1783983933
4
0
36171
2
0
1783984957
4
0
36172
2
0
1783985981
4
0
36173
2
0
1783967805
4
0
36174
2
0
1783968829
4
0
36175
2
0
1783969853
4
0
36176
2
0
1784037693
4
0
36177
2
0
1784038717
4
0
36178
2
0
1784039741
4
0
36179
2
0
1784040765
4
0
36180
2
0
1784041789
4
0
36181
2
0
1784042813
4
0
36182
2
0
1784043837
4
0
36183
2
0
1784046397
4
0
36184
2
0
1784047421
4
0
36185
2
0
1784048445
4
0
36186
2
0
1784049469
4
0
36187
2
0
1784050493
4
0
36188
2
0
1784051517
4
0
36189
2
0
1784033341
4
0
36190
2
0
1784034365
4
0
36191
2
0
1784035389
4
0
36192
2
0
1784103229
4
0
36193
2
0
1784104253
4
0
36194
2
0
1784105277
4
0
36195
2
0
1784106301
4
0
36196
2
0
1784107325
4
0
36197
2
0
1784108349
4
0
36198
2
0
1784109373
4
0
36199
2
0
1784111933
4
0
36200
2
0
1784112957
4
0
36201
2
0
1784113981
4
0
36202
2
0
1784115005
4
0
36203
2
0
1784116029
4
0
36204
2
0
1784117053
4
0
36205
2
0
1784098877
4
0
36206
2
0
1784099901
4
0
36207
2
0
1784100925
4
0
36208
2
0
1784168765
4
0
36209
2
0
1784169789
4
0
36210
2
0
1784170813
4
0
36211
2
0
1784171837
4
0
36212
2
0
1784172861
4
0
36213
2
0
1784173885
4
0
36214
2
0
1784174909
4
0
36215
2
0
1784177469
4
0
36216
2
0
1784178493
4
0
36217
2
0
1784179517
4
0
36218
2
0
1784180541
4
0
36219
2
0
1784181565
4
0
36220
2
0
1784182589
4
0
36221
2
0
1784164413
4
0
36222
2
0
1784165437
4
0
36223
2
0
1784166461
4
0
36224
2
0
1784234301
4
0
36225
2
0
1784235325
4
0
36226
2
0
1784236349
4
0
36227
2
0
1784237373
4
0
36228
2
0
1784238397
4
0
36229
2
0
1784239421
4
0
36230
2
0
1784240445
4
0
36231
2
0
1784243005
4
0
36232
2
0
1784244029
4
0
36233
2
0
1784245053
4
0
36234
2
0
1784246077
4
0
36235
2
0
1784247101
4
0
36236
2
0
1784248125
4
0
36237
2
0
1784229949
4
0
36238
2
0
1784230973
4
0
36239
2
0
1784231997
4
0
36240
2
0
1784299837
4
0
36241
2
0
1784300861
4
0
36242
2
0
1784301885
4
0
36243
2
0
1784302909
4
0
36244
2
0
1784303933
4
0
36245
2
0
1784304957
4
0
36246
2
0
1784305981
4
0
36247
2
0
1784308541
4
0
36248
2
0
1784309565
4
0
36249
2
0
1784310589
4
0
36250
2
0
1784311613
4
0
36251
2
0
1784312637
4
0
36252
2
0
1784313661
4
0
36253
2
0
1784295485
4
0
36254
2
0
1784296509
4
0
36255
2
0
1784297533
4
0
36256
2
0
1784758589
4
0
36257
2
0
1784759613
4
0
36258
2
0
1784760637
4
0
36259
2
0
1784761661
4
0
36260
2
0
1784762685
4
0
36261
2
0
1784763709
4
0
36262
2
0
1784764733
4
0
36263
2
0
1784767293
4
0
36264
2
0
1784768317
4
0
36265
2
0
1784769341
4
0
36266
2
0
1784770365
4
0
36267
2
0
1784771389
4
0
36268
2
0
1784772413
4
0
36269
2
0
1784754237
4
0
36270
2
0
1784755261
4
0
36271
2
0
1784756285
4
0
36272
2
0
1784824125
4
0
36273
2
0
1784825149
4
0
36274
2
0
1784826173
4
0
36275
2
0
1784827197
4
0
36276
2
0
1784828221
4
0
36277
2
0
1784829245
4
0
36278
2
0
1784830269
4
0
36279
2
0
1784832829
4
0
36280
2
0
1784833853
4
0
36281
2
0
1784834877
4
0
36282
2
0
1784835901
4
0
36283
2
0
1784836925
4
0
36284
2
0
1784837949
4
0
36285
2
0
1784819773
4
0
36286
2
0
1784820797
4
0
36287
2
0
1784821821
4
0
36288
2
0
1784889661
4
0
36289
2
0
1784890685
4
0
36290
2
0
1784891709
4
0
36291
2
0
1784892733
4
0
36292
2
0
1784893757
4
0
36293
2
0
1784894781
4
0
36294
2
0
1784895805
4
0
36295
2
0
1784898365
4
0
36296
2
0
1784899389
4
0
36297
2
0
1784900413
4
0
36298
2
0
1784901437
4
0
36299
2
0
1784902461
4
0
36300
2
0
1784903485
4
0
36301
2
0
1784885309
4
0
36302
2
0
1784886333
4
0
36303
2
0
1784887357
4
0
36304
2
0
1784955197
4
0
36305
2
0
1784956221
4
0
36306
2
0
1784957245
4
0
36307
2
0
1784958269
4
0
36308
2
0
1784959293
4
0
36309
2
0
1784960317
4
0
36310
2
0
1784961341
4
0
36311
2
0
1784963901
4
0
36312
2
0
1784964925
4
0
36313
2
0
1784965949
4
0
36314
2
0
1784966973
4
0
36315
2
0
1784967997
4
0
36316
2
0
1784969021
4
0
36317
2
0
1784950845
4
0
36318
2
0
1784951869
4
0
36319
2
0
1784952893
4
0
36320
2
0
1785020733
4
0
36321
2
0
1785021757
4
0
36322
2
0
1785022781
4
0
36323
2
0
1785023805
4
0
36324
2
0
1785024829
4
0
36325
2
0
1785025853
4
0
36326
2
0
1785026877
4
0
36327
2
0
1785029437
4
0
36328
2
0
1785030461
4
0
36329
2
0
1785031485
4
0
36330
2
0
1785032509
4
0
36331
2
0
1785033533
4
0
36332
2
0
1785034557
4
0
36333
2
0
1785016381
4
0
36334
2
0
1785017405
4
0
36335
2
0
1785018429
4
0
36336
2
0
1785086269
4
0
36337
2
0
1785087293
4
0
36338
2
0
1785088317
4
0
36339
2
0
1785089341
4
0
36340
2
0
1785090365
4
0
36341
2
0
1785091389
4
0
36342
2
0
1785092413
4
0
36343
2
0
1785094973
4
0
36344
2
0
1785095997
4
0
36345
2
0
1785097021
4
0
36346
2
0
1785098045
4
0
36347
2
0
1785099069
4
0
36348
2
0
1785100093
4
0
36349
2
0
1785081917
4
0
36350
2
0
1785082941
4
0
36351
2
0
1785083965
4
0
36352
2
0
1785151805
4
0
36353
2
0
1785152829
4
0
36354
2
0
1785153853
4
0
36355
2
0
1785154877
4
0
36356
2
0
1785155901
4
0
36357
2
0
1785156925
4
0
36358
2
0
1785157949
4
0
36359
2
0
1785160509
4
0
36360
2
0
1785161533
4
0
36361
2
0
1785162557
4
0
36362
2
0
1785163581
4
0
36363
2
0
1785164605
4
0
36364
2
0
1785165629
4
0
36365
2
0
1785147453
4
0
36366
2
0
1785148477
4
0
36367
2
0
1785149501
4
0
36368
2
0
1785217341
4
0
36369
2
0
1785218365
4
0
36370
2
0
1785219389
4
0
36371
2
0
1785220413
4
0
36372
2
0
1785221437
4
0
36373
2
0
1785222461
4
0
36374
2
0
1785223485
4
0
36375
2
0
1785226045
4
0
36376
2
0
1785227069
4
0
36377
2
0
1785228093
4
0
36378
2
0
1785229117
4
0
36379
2
0
1785230141
4
0
36380
2
0
1785231165
4
0
36381
2
0
1785212989
4
0
36382
2
0
1785214013
4
0
36383
2
0
1785215037
4
0
36384
2
0
1785282877
4
0
36385
2
0
1785283901
4
0
36386
2
0
1785284925
4
0
36387
2
0
1785285949
4
0
36388
2
0
1785286973
4
0
36389
2
0
1785287997
4
0
36390
2
0
1785289021
4
0
36391
2
0
1785291581
4
0
36392
2
0
1785292605
4
0
36393
2
0
1785293629
4
0
36394
2
0
1785294653
4
0
36395
2
0
1785295677
4
0
36396
2
0
1785296701
4
0
36397
2
0
1785278525
4
0
36398
2
0
1785279549
4
0
36399
2
0
1785280573
4
0
36400
2
0
1785348413
4
0
36401
2
0
1785349437
4
0
36402
2
0
1785350461
4
0
36403
2
0
1785351485
4
0
36404
2
0
1785352509
4
0
36405
2
0
1785353533
4
0
36406
2
0
1785354557
4
0
36407
2
0
1785357117
4
0
36408
2
0
1785358141
4
0
36409
2
0
1785359165
4
0
36410
2
0
1785360189
4
0
36411
2
0
1785361213
4
0
36412
2
0
1785362237
4
0
36413
2
0
1785344061
4
0
36414
2
0
1785345085
4
0
36415
2
0
1785346109
4
0
36416
2
0
1785413949
4
0
36417
2
0
1785414973
4
0
36418
2
0
1785415997
4
0
36419
2
0
1785417021
4
0
36420
2
0
1785418045
4
0
36421
2
0
1785419069
4
0
36422
2
0
1785420093
4
0
36423
2
0
1785422653
4
0
36424
2
0
1785423677
4
0
36425
2
0
1785424701
4
0
36426
2
0
1785425725
4
0
36427
2
0
1785426749
4
0
36428
2
0
1785427773
4
0
36429
2
0
1785409597
4
0
36430
2
0
1785410621
4
0
36431
2
0
1785411645
4
0
36432
2
0
1785479485
4
0
36433
2
0
1785480509
4
0
36434
2
0
1785481533
4
0
36435
2
0
1785482557
4
0
36436
2
0
1785483581
4
0
36437
2
0
1785484605
4
0
36438
2
0
1785485629
4
0
36439
2
0
1785488189
4
0
36440
2
0
1785489213
4
0
36441
2
0
1785490237
4
0
36442
2
0
1785491261
4
0
36443
2
0
1785492285
4
0
36444
2
0
1785493309
4
0
36445
2
0
1785475133
4
0
36446
2
0
1785476157
4
0
36447
2
0
1785477181
4
0
36448
2
0
1785545021
4
0
36449
2
0
1785546045
4
0
36450
2
0
1785547069
4
0
36451
2
0
1785548093
4
0
36452
2
0
1785549117
4
0
36453
2
0
1785550141
4
0
36454
2
0
1785551165
4
0
36455
2
0
1785553725
4
0
36456
2
0
1785554749
4
0
36457
2
0
1785555773
4
0
36458
2
0
1785556797
4
0
36459
2
0
1785557821
4
0
36460
2
0
1785558845
4
0
36461
2
0
1785540669
4
0
36462
2
0
1785541693
4
0
36463
2
0
1785542717
4
0
36464
2
0
1785610557
4
0
36465
2
0
1785611581
4
0
36466
2
0
1785612605
4
0
36467
2
0
1785613629
4
0
36468
2
0
1785614653
4
0
36469
2
0
1785615677
4
0
36470
2
0
1785616701
4
0
36471
2
0
1785619261
4
0
36472
2
0
1785620285
4
0
36473
2
0
1785621309
4
0
36474
2
0
1785622333
4
0
36475
2
0
1785623357
4
0
36476
2
0
1785624381
4
0
36477
2
0
1785606205
4
0
36478
2
0
1785607229
4
0
36479
2
0
1785608253
4
0
36480
2
0
1785676093
4
0
36481
2
0
1785677117
4
0
36482
2
0
1785678141
4
0
36483
2
0
1785679165
4
0
36484
2
0
1785680189
4
0
36485
2
0
1785681213
4
0
36486
2
0
1785682237
4
0
36487
2
0
1785684797
4
0
36488
2
0
1785685821
4
0
36489
2
0
1785686845
4
0
36490
2
0
1785687869
4
0
36491
2
0
1785688893
4
0
36492
2
0
1785689917
4
0
36493
2
0
1785671741
4
0
36494
2
0
1785672765
4
0
36495
2
0
1785673789
4
0
36496
2
0
1785741629
4
0
36497
2
0
1785742653
4
0
36498
2
0
1785743677
4
0
36499
2
0
1785744701
4
0
36500
2
0
1785745725
4
0
36501
2
0
1785746749
4
0
36502
2
0
1785747773
4
0
36503
2
0
1785750333
4
0
36504
2
0
1785751357
4
0
36505
2
0
1785752381
4
0
36506
2
0
1785753405
4
0
36507
2
0
1785754429
4
0
36508
2
0
1785755453
4
0
36509
2
0
1785737277
4
0
36510
2
0
1785738301
4
0
36511
2
0
1785739325
4
0
36512
2
0
1785807165
4
0
36513
2
0
1785808189
4
0
36514
2
0
1785809213
4
0
36515
2
0
1785810237
4
0
36516
2
0
1785811261
4
0
36517
2
0
1785812285
4
0
36518
2
0
1785813309
4
0
36519
2
0
1785815869
4
0
36520
2
0
1785816893
4
0
36521
2
0
1785817917
4
0
36522
2
0
1785818941
4
0
36523
2
0
1785819965
4
0
36524
2
0
1785820989
4
0
36525
2
0
1785802813
4
0
36526
2
0
1785803837
4
0
36527
2
0
1785804861
4
0
36528
2
0
1785872701
4
0
36529
2
0
1785873725
4
0
36530
2
0
1785874749
4
0
36531
2
0
1785875773
4
0
36532
2
0
1785876797
4
0
36533
2
0
1785877821
4
0
36534
2
0
1785878845
4
0
36535
2
0
1785881405
4
0
36536
2
0
1785882429
4
0
36537
2
0
1785883453
4
0
36538
2
0
1785884477
4
0
36539
2
0
1785885501
4
0
36540
2
0
1785886525
4
0
36541
2
0
1785868349
4
0
36542
2
0
1785869373
4
0
36543
2
0
1785870397
4
0
36544
2
0
1785938237
4
0
36545
2
0
1785939261
4
0
36546
2
0
1785940285
4
0
36547
2
0
1785941309
4
0
36548
2
0
1785942333
4
0
36549
2
0
1785943357
4
0
36550
2
0
1785944381
4
0
36551
2
0
1785946941
4
0
36552
2
0
1785947965
4
0
36553
2
0
1785948989
4
0
36554
2
0
1785950013
4
0
36555
2
0
1785951037
4
0
36556
2
0
1785952061
4
0
36557
2
0
1785933885
4
0
36558
2
0
1785934909
4
0
36559
2
0
1785935933
4
0
36560
2
0
1786003773
4
0
36561
2
0
1786004797
4
0
36562
2
0
1786005821
4
0
36563
2
0
1786006845
4
0
36564
2
0
1786007869
4
0
36565
2
0
1786008893
4
0
36566
2
0
1786009917
4
0
36567
2
0
1786012477
4
0
36568
2
0
1786013501
4
0
36569
2
0
1786014525
4
0
36570
2
0
1786015549
4
0
36571
2
0
1786016573
4
0
36572
2
0
1786017597
4
0
36573
2
0
1785999421
4
0
36574
2
0
1786000445
4
0
36575
2
0
1786001469
4
0
36576
2
0
1786069309
4
0
36577
2
0
1786070333
4
0
36578
2
0
1786071357
4
0
36579
2
0
1786072381
4
0
36580
2
0
1786073405
4
0
36581
2
0
1786074429
4
0
36582
2
0
1786075453
4
0
36583
2
0
1786078013
4
0
36584
2
0
1786079037
4
0
36585
2
0
1786080061
4
0
36586
2
0
1786081085
4
0
36587
2
0
1786082109
4
0
36588
2
0
1786083133
4
0
36589
2
0
1786064957
4
0
36590
2
0
1786065981
4
0
36591
2
0
1786067005
4
0
36592
2
0
1786134845
4
0
36593
2
0
1786135869
4
0
36594
2
0
1786136893
4
0
36595
2
0
1786137917
4
0
36596
2
0
1786138941
4
0
36597
2
0
1786139965
4
0
36598
2
0
1786140989
4
0
36599
2
0
1786143549
4
0
36600
2
0
1786144573
4
0
36601
2
0
1786145597
4
0
36602
2
0
1786146621
4
0
36603
2
0
1786147645
4
0
36604
2
0
1786148669
4
0
36605
2
0
1786130493
4
0
36606
2
0
1786131517
4
0
36607
2
0
1786132541
4
0
36608
2
0
1786200381
4
0
36609
2
0
1786201405
4
0
36610
2
0
1786202429
4
0
36611
2
0
1786203453
4
0
36612
2
0
1786204477
4
0
36613
2
0
1786205501
4
0
36614
2
0
1786206525
4
0
36615
2
0
1786209085
4
0
36616
2
0
1786210109
4
0
36617
2
0
1786211133
4
0
36618
2
0
1786212157
4
0
36619
2
0
1786213181
4
0
36620
2
0
1786214205
4
0
36621
2
0
1786196029
4
0
36622
2
0
1786197053
4
0
36623
2
0
1786198077
4
0
36624
2
0
1786265917
4
0
36625
2
0
1786266941
4
0
36626
2
0
1786267965
4
0
36627
2
0
1786268989
4
0
36628
2
0
1786270013
4
0
36629
2
0
1786271037
4
0
36630
2
0
1786272061
4
0
36631
2
0
1786274621
4
0
36632
2
0
1786275645
4
0
36633
2
0
1786276669
4
0
36634
2
0
1786277693
4
0
36635
2
0
1786278717
4
0
36636
2
0
1786279741
4
0
36637
2
0
1786261565
4
0
36638
2
0
1786262589
4
0
36639
2
0
1786263613
4
0
36640
2
0
1786331453
4
0
36641
2
0
1786332477
4
0
36642
2
0
1786333501
4
0
36643
2
0
1786334525
4
0
36644
2
0
1786335549
4
0
36645
2
0
1786336573
4
0
36646
2
0
1786337597
4
0
36647
2
0
1786340157
4
0
36648
2
0
1786341181
4
0
36649
2
0
1786342205
4
0
36650
2
0
1786343229
4
0
36651
2
0
1786344253
4
0
36652
2
0
1786345277
4
0
36653
2
0
1786327101
4
0
36654
2
0
1786328125
4
0
36655
2
0
1786329149
4
0
36656
2
0
1786396989
4
0
36657
2
0
1786398013
4
0
36658
2
0
1786399037
4
0
36659
2
0
1786400061
4
0
36660
2
0
1786401085
4
0
36661
2
0
1786402109
4
0
36662
2
0
1786403133
4
0
36663
2
0
1786405693
4
0
36664
2
0
1786406717
4
0
36665
2
0
1786407741
4
0
36666
2
0
1786408765
4
0
36667
2
0
1786409789
4
0
36668
2
0
1786410813
4
0
36669
2
0
1786392637
4
0
36670
2
0
1786393661
4
0
36671
2
0
1786394685
4
0
36672
2
0
1781547325
4
0
36673
2
0
1781548349
4
0
36674
2
0
1781549373
4
0
36675
2
0
1781550397
4
0
36676
2
0
1781551421
4
0
36677
2
0
1781552445
4
0
36678
2
0
1781553469
4
0
36679
2
0
1781556029
4
0
36680
2
0
1781557053
4
0
36681
2
0
1781558077
4
0
36682
2
0
1781559101
4
0
36683
2
0
1781560125
4
0
36684
2
0
1781561149
4
0
36685
2
0
1781542973
4
0
36686
2
0
1781543997
4
0
36687
2
0
1781545021
4
0
36688
2
0
1781612861
4
0
36689
2
0
1781613885
4
0
36690
2
0
1781614909
4
0
36691
2
0
1781615933
4
0
36692
2
0
1781616957
4
0
36693
2
0
1781617981
4
0
36694
2
0
1781619005
4
0
36695
2
0
1781621565
4
0
36696
2
0
1781622589
4
0
36697
2
0
1781623613
4
0
36698
2
0
1781624637
4
0
36699
2
0
1781625661
4
0
36700
2
0
1781626685
4
0
36701
2
0
1781608509
4
0
36702
2
0
1781609533
4
0
36703
2
0
1781610557
4
0
36704
2
0
1781678397
4
0
36705
2
0
1781679421
4
0
36706
2
0
1781680445
4
0
36707
2
0
1781681469
4
0
36708
2
0
1781682493
4
0
36709
2
0
1781683517
4
0
36710
2
0
1781684541
4
0
36711
2
0
1781687101
4
0
36712
2
0
1781688125
4
0
36713
2
0
1781689149
4
0
36714
2
0
1781690173
4
0
36715
2
0
1781691197
4
0
36716
2
0
1781692221
4
0
36717
2
0
1781674045
4
0
36718
2
0
1781675069
4
0
36719
2
0
1781676093
4
0
36720
2
0
1781743933
4
0
36721
2
0
1781744957
4
0
36722
2
0
1781745981
4
0
36723
2
0
1781747005
4
0
36724
2
0
1781748029
4
0
36725
2
0
1781749053
4
0
36726
2
0
1781750077
4
0
36727
2
0
1781752637
4
0
36728
2
0
1781753661
4
0
36729
2
0
1781754685
4
0
36730
2
0
1781755709
4
0
36731
2
0
1781756733
4
0
36732
2
0
1781757757
4
0
36733
2
0
1781739581
4
0
36734
2
0
1781740605
4
0
36735
2
0
1781741629
4
0
36736
2
0
1781809469
4
0
36737
2
0
1781810493
4
0
36738
2
0
1781811517
4
0
36739
2
0
1781812541
4
0
36740
2
0
1781813565
4
0
36741
2
0
1781814589
4
0
36742
2
0
1781815613
4
0
36743
2
0
1781818173
4
0
36744
2
0
1781819197
4
0
36745
2
0
1781820221
4
0
36746
2
0
1781821245
4
0
36747
2
0
1781822269
4
0
36748
2
0
1781823293
4
0
36749
2
0
1781805117
4
0
36750
2
0
1781806141
4
0
36751
2
0
1781807165
4
0
36752
2
0
1781875005
4
0
36753
2
0
1781876029
4
0
36754
2
0
1781877053
4
0
36755
2
0
1781878077
4
0
36756
2
0
1781879101
4
0
36757
2
0
1781880125
4
0
36758
2
0
1781881149
4
0
36759
2
0
1781883709
4
0
36760
2
0
1781884733
4
0
36761
2
0
1781885757
4
0
36762
2
0
1781886781
4
0
36763
2
0
1781887805
4
0
36764
2
0
1781888829
4
0
36765
2
0
1781870653
4
0
36766
2
0
1781871677
4
0
36767
2
0
1781872701
4
0
36768
2
0
1781940541
4
0
36769
2
0
1781941565
4
0
36770
2
0
1781942589
4
0
36771
2
0
1781943613
4
0
36772
2
0
1781944637
4
0
36773
2
0
1781945661
4
0
36774
2
0
1781946685
4
0
36775
2
0
1781949245
4
0
36776
2
0
1781950269
4
0
36777
2
0
1781951293
4
0
36778
2
0
1781952317
4
0
36779
2
0
1781953341
4
0
36780
2
0
1781954365
4
0
36781
2
0
1781936189
4
0
36782
2
0
1781937213
4
0
36783
2
0
1781938237
4
0
36784
2
0
1782006077
4
0
36785
2
0
1782007101
4
0
36786
2
0
1782008125
4
0
36787
2
0
1782009149
4
0
36788
2
0
1782010173
4
0
36789
2
0
1782011197
4
0
36790
2
0
1782012221
4
0
36791
2
0
1782014781
4
0
36792
2
0
1782015805
4
0
36793
2
0
1782016829
4
0
36794
2
0
1782017853
4
0
36795
2
0
1782018877
4
0
36796
2
0
1782019901
4
0
36797
2
0
1782001725
4
0
36798
2
0
1782002749
4
0
36799
2
0
1782003773
4
0
36800
2
0
1782071613
4
0
36801
2
0
1782072637
4
0
36802
2
0
1782073661
4
0
36803
2
0
1782074685
4
0
36804
2
0
1782075709
4
0
36805
2
0
1782076733
4
0
36806
2
0
1782077757
4
0
36807
2
0
1782080317
4
0
36808
2
0
1782081341
4
0
36809
2
0
1782082365
4
0
36810
2
0
1782083389
4
0
36811
2
0
1782084413
4
0
36812
2
0
1782085437
4
0
36813
2
0
1782067261
4
0
36814
2
0
1782068285
4
0
36815
2
0
1782069309
4
0
36816
2
0
1782137149
4
0
36817
2
0
1782138173
4
0
36818
2
0
1782139197
4
0
36819
2
0
1782140221
4
0
36820
2
0
1782141245
4
0
36821
2
0
1782142269
4
0
36822
2
0
1782143293
4
0
36823
2
0
1782145853
4
0
36824
2
0
1782146877
4
0
36825
2
0
1782147901
4
0
36826
2
0
1782148925
4
0
36827
2
0
1782149949
4
0
36828
2
0
1782150973
4
0
36829
2
0
1782132797
4
0
36830
2
0
1782133821
4
0
36831
2
0
1782134845
4
0
36832
2
0
1781219645
4
0
36833
2
0
1781220669
4
0
36834
2
0
1781221693
4
0
36835
2
0
1781222717
4
0
36836
2
0
1781223741
4
0
36837
2
0
1781224765
4
0
36838
2
0
1781225789
4
0
36839
2
0
1781228349
4
0
36840
2
0
1781229373
4
0
36841
2
0
1781230397
4
0
36842
2
0
1781231421
4
0
36843
2
0
1781232445
4
0
36844
2
0
1781233469
4
0
36845
2
0
1781215293
4
0
36846
2
0
1781216317
4
0
36847
2
0
1781217341
4
0
36848
2
0
1781481789
4
0
36849
2
0
1781482813
4
0
36850
2
0
1781483837
4
0
36851
2
0
1781484861
4
0
36852
2
0
1781485885
4
0
36853
2
0
1781486909
4
0
36854
2
0
1781487933
4
0
36855
2
0
1781490493
4
0
36856
2
0
1781491517
4
0
36857
2
0
1781492541
4
0
36858
2
0
1781493565
4
0
36859
2
0
1781494589
4
0
36860
2
0
1781495613
4
0
36861
2
0
1781477437
4
0
36862
2
0
1781478461
4
0
36863
2
0
1781479485
4
