1024
0
62464
2
0
960577853
4
0
62465
2
0
960578877
4
0
62466
2
0
960579901
4
0
62467
2
0
960580925
4
0
62468
2
0
960581949
4
0
62469
2
0
960582973
4
0
62470
2
0
960583997
4
0
62471
2
0
960586557
4
0
62472
2
0
960587581
4
0
62473
2
0
960588605
4
0
62474
2
0
960589629
4
0
62475
2
0
960590653
4
0
62476
2
0
960591677
4
0
62477
2
0
960573501
4
0
62478
2
0
960574525
4
0
62479
2
0
960575549
4
0
62480
2
0
960643389
4
0
62481
2
0
960644413
4
0
62482
2
0
960645437
4
0
62483
2
0
960646461
4
0
62484
2
0
960647485
4
0
62485
2
0
960648509
4
0
62486
2
0
960649533
4
0
62487
2
0
960652093
4
0
62488
2
0
960653117
4
0
62489
2
0
960654141
4
0
62490
2
0
960655165
4
0
62491
2
0
960656189
4
0
62492
2
0
960657213
4
0
62493
2
0
960639037
4
0
62494
2
0
960640061
4
0
62495
2
0
960641085
4
0
62496
2
0
960708925
4
0
62497
2
0
960709949
4
0
62498
2
0
960710973
4
0
62499
2
0
960711997
4
0
62500
2
0
960713021
4
0
62501
2
0
960714045
4
0
62502
2
0
960715069
4
0
62503
2
0
960717629
4
0
62504
2
0
960718653
4
0
62505
2
0
960719677
4
0
62506
2
0
960720701
4
0
62507
2
0
960721725
4
0
62508
2
0
960722749
4
0
62509
2
0
960704573
4
0
62510
2
0
960705597
4
0
62511
2
0
960706621
4
0
62512
2
0
960774461
4
0
62513
2
0
960775485
4
0
62514
2
0
960776509
4
0
62515
2
0
960777533
4
0
62516
2
0
960778557
4
0
62517
2
0
960779581
4
0
62518
2
0
960780605
4
0
62519
2
0
960783165
4
0
62520
2
0
960784189
4
0
62521
2
0
960785213
4
0
62522
2
0
960786237
4
0
62523
2
0
960787261
4
0
62524
2
0
960788285
4
0
62525
2
0
960770109
4
0
62526
2
0
960771133
4
0
62527
2
0
960772157
4
0
62528
2
0
960839997
4
0
62529
2
0
960841021
4
0
62530
2
0
960842045
4
0
62531
2
0
960843069
4
0
62532
2
0
960844093
4
0
62533
2
0
960845117
4
0
62534
2
0
960846141
4
0
62535
2
0
960848701
4
0
62536
2
0
960849725
4
0
62537
2
0
960850749
4
0
62538
2
0
960851773
4
0
62539
2
0
960852797
4
0
62540
2
0
960853821
4
0
62541
2
0
960835645
4
0
62542
2
0
960836669
4
0
62543
2
0
960837693
4
0
62544
2
0
960905533
4
0
62545
2
0
960906557
4
0
62546
2
0
960907581
4
0
62547
2
0
960908605
4
0
62548
2
0
960909629
4
0
62549
2
0
960910653
4
0
62550
2
0
960911677
4
0
62551
2
0
960914237
4
0
62552
2
0
960915261
4
0
62553
2
0
960916285
4
0
62554
2
0
960917309
4
0
62555
2
0
960918333
4
0
62556
2
0
960919357
4
0
62557
2
0
960901181
4
0
62558
2
0
960902205
4
0
62559
2
0
960903229
4
0
62560
2
0
960971069
4
0
62561
2
0
960972093
4
0
62562
2
0
960973117
4
0
62563
2
0
960974141
4
0
62564
2
0
960975165
4
0
62565
2
0
960976189
4
0
62566
2
0
960977213
4
0
62567
2
0
960979773
4
0
62568
2
0
960980797
4
0
62569
2
0
960981821
4
0
62570
2
0
960982845
4
0
62571
2
0
960983869
4
0
62572
2
0
960984893
4
0
62573
2
0
960966717
4
0
62574
2
0
960967741
4
0
62575
2
0
960968765
4
0
62576
2
0
961036605
4
0
62577
2
0
961037629
4
0
62578
2
0
961038653
4
0
62579
2
0
961039677
4
0
62580
2
0
961040701
4
0
62581
2
0
961041725
4
0
62582
2
0
961042749
4
0
62583
2
0
961045309
4
0
62584
2
0
961046333
4
0
62585
2
0
961047357
4
0
62586
2
0
961048381
4
0
62587
2
0
961049405
4
0
62588
2
0
961050429
4
0
62589
2
0
961032253
4
0
62590
2
0
961033277
4
0
62591
2
0
961034301
4
0
62592
2
0
961102141
4
0
62593
2
0
961103165
4
0
62594
2
0
961104189
4
0
62595
2
0
961105213
4
0
62596
2
0
961106237
4
0
62597
2
0
961107261
4
0
62598
2
0
961108285
4
0
62599
2
0
961110845
4
0
62600
2
0
961111869
4
0
62601
2
0
961112893
4
0
62602
2
0
961113917
4
0
62603
2
0
961114941
4
0
62604
2
0
961115965
4
0
62605
2
0
961097789
4
0
62606
2
0
961098813
4
0
62607
2
0
961099837
4
0
62608
2
0
961167677
4
0
62609
2
0
961168701
4
0
62610
2
0
961169725
4
0
62611
2
0
961170749
4
0
62612
2
0
961171773
4
0
62613
2
0
961172797
4
0
62614
2
0
961173821
4
0
62615
2
0
961176381
4
0
62616
2
0
961177405
4
0
62617
2
0
961178429
4
0
62618
2
0
961179453
4
0
62619
2
0
961180477
4
0
62620
2
0
961181501
4
0
62621
2
0
961163325
4
0
62622
2
0
961164349
4
0
62623
2
0
961165373
4
0
62624
2
0
961233213
4
0
62625
2
0
961234237
4
0
62626
2
0
961235261
4
0
62627
2
0
961236285
4
0
62628
2
0
961237309
4
0
62629
2
0
961238333
4
0
62630
2
0
961239357
4
0
62631
2
0
961241917
4
0
62632
2
0
961242941
4
0
62633
2
0
961243965
4
0
62634
2
0
961244989
4
0
62635
2
0
961246013
4
0
62636
2
0
961247037
4
0
62637
2
0
961228861
4
0
62638
2
0
961229885
4
0
62639
2
0
961230909
4
0
62640
2
0
961298749
4
0
62641
2
0
961299773
4
0
62642
2
0
961300797
4
0
62643
2
0
961301821
4
0
62644
2
0
961302845
4
0
62645
2
0
961303869
4
0
62646
2
0
961304893
4
0
62647
2
0
961307453
4
0
62648
2
0
961308477
4
0
62649
2
0
961309501
4
0
62650
2
0
961310525
4
0
62651
2
0
961311549
4
0
62652
2
0
961312573
4
0
62653
2
0
961294397
4
0
62654
2
0
961295421
4
0
62655
2
0
961296445
4
0
62656
2
0
961364285
4
0
62657
2
0
961365309
4
0
62658
2
0
961366333
4
0
62659
2
0
961367357
4
0
62660
2
0
961368381
4
0
62661
2
0
961369405
4
0
62662
2
0
961370429
4
0
62663
2
0
961372989
4
0
62664
2
0
961374013
4
0
62665
2
0
961375037
4
0
62666
2
0
961376061
4
0
62667
2
0
961377085
4
0
62668
2
0
961378109
4
0
62669
2
0
961359933
4
0
62670
2
0
961360957
4
0
62671
2
0
961361981
4
0
62672
2
0
961429821
4
0
62673
2
0
961430845
4
0
62674
2
0
961431869
4
0
62675
2
0
961432893
4
0
62676
2
0
961433917
4
0
62677
2
0
961434941
4
0
62678
2
0
961435965
4
0
62679
2
0
961438525
4
0
62680
2
0
961439549
4
0
62681
2
0
961440573
4
0
62682
2
0
961441597
4
0
62683
2
0
961442621
4
0
62684
2
0
961443645
4
0
62685
2
0
961425469
4
0
62686
2
0
961426493
4
0
62687
2
0
961427517
4
0
62688
2
0
961495357
4
0
62689
2
0
961496381
4
0
62690
2
0
961497405
4
0
62691
2
0
961498429
4
0
62692
2
0
961499453
4
0
62693
2
0
961500477
4
0
62694
2
0
961501501
4
0
62695
2
0
961504061
4
0
62696
2
0
961505085
4
0
62697
2
0
961506109
4
0
62698
2
0
961507133
4
0
62699
2
0
961508157
4
0
62700
2
0
961509181
4
0
62701
2
0
961491005
4
0
62702
2
0
961492029
4
0
62703
2
0
961493053
4
0
62704
2
0
961560893
4
0
62705
2
0
961561917
4
0
62706
2
0
961562941
4
0
62707
2
0
961563965
4
0
62708
2
0
961564989
4
0
62709
2
0
961566013
4
0
62710
2
0
961567037
4
0
62711
2
0
961569597
4
0
62712
2
0
961570621
4
0
62713
2
0
961571645
4
0
62714
2
0
961572669
4
0
62715
2
0
961573693
4
0
62716
2
0
961574717
4
0
62717
2
0
961556541
4
0
62718
2
0
961557565
4
0
62719
2
0
961558589
4
0
62720
2
0
961626429
4
0
62721
2
0
961627453
4
0
62722
2
0
961628477
4
0
62723
2
0
961629501
4
0
62724
2
0
961630525
4
0
62725
2
0
961631549
4
0
62726
2
0
961632573
4
0
62727
2
0
961635133
4
0
62728
2
0
961636157
4
0
62729
2
0
961637181
4
0
62730
2
0
961638205
4
0
62731
2
0
961639229
4
0
62732
2
0
961640253
4
0
62733
2
0
961622077
4
0
62734
2
0
961623101
4
0
62735
2
0
961624125
4
0
62736
2
0
961691965
4
0
62737
2
0
961692989
4
0
62738
2
0
961694013
4
0
62739
2
0
961695037
4
0
62740
2
0
961696061
4
0
62741
2
0
961697085
4
0
62742
2
0
961698109
4
0
62743
2
0
961700669
4
0
62744
2
0
961701693
4
0
62745
2
0
961702717
4
0
62746
2
0
961703741
4
0
62747
2
0
961704765
4
0
62748
2
0
961705789
4
0
62749
2
0
961687613
4
0
62750
2
0
961688637
4
0
62751
2
0
961689661
4
0
62752
2
0
961757501
4
0
62753
2
0
961758525
4
0
62754
2
0
961759549
4
0
62755
2
0
961760573
4
0
62756
2
0
961761597
4
0
62757
2
0
961762621
4
0
62758
2
0
961763645
4
0
62759
2
0
961766205
4
0
62760
2
0
961767229
4
0
62761
2
0
961768253
4
0
62762
2
0
961769277
4
0
62763
2
0
961770301
4
0
62764
2
0
961771325
4
0
62765
2
0
961753149
4
0
62766
2
0
961754173
4
0
62767
2
0
961755197
4
0
62768
2
0
961823037
4
0
62769
2
0
961824061
4
0
62770
2
0
961825085
4
0
62771
2
0
961826109
4
0
62772
2
0
961827133
4
0
62773
2
0
961828157
4
0
62774
2
0
961829181
4
0
62775
2
0
961831741
4
0
62776
2
0
961832765
4
0
62777
2
0
961833789
4
0
62778
2
0
961834813
4
0
62779
2
0
961835837
4
0
62780
2
0
961836861
4
0
62781
2
0
961818685
4
0
62782
2
0
961819709
4
0
62783
2
0
961820733
4
0
62784
2
0
961888573
4
0
62785
2
0
961889597
4
0
62786
2
0
961890621
4
0
62787
2
0
961891645
4
0
62788
2
0
961892669
4
0
62789
2
0
961893693
4
0
62790
2
0
961894717
4
0
62791
2
0
961897277
4
0
62792
2
0
961898301
4
0
62793
2
0
961899325
4
0
62794
2
0
961900349
4
0
62795
2
0
961901373
4
0
62796
2
0
961902397
4
0
62797
2
0
961884221
4
0
62798
2
0
961885245
4
0
62799
2
0
961886269
4
0
62800
2
0
961954109
4
0
62801
2
0
961955133
4
0
62802
2
0
961956157
4
0
62803
2
0
961957181
4
0
62804
2
0
961958205
4
0
62805
2
0
961959229
4
0
62806
2
0
961960253
4
0
62807
2
0
961962813
4
0
62808
2
0
961963837
4
0
62809
2
0
961964861
4
0
62810
2
0
961965885
4
0
62811
2
0
961966909
4
0
62812
2
0
961967933
4
0
62813
2
0
961949757
4
0
62814
2
0
961950781
4
0
62815
2
0
961951805
4
0
62816
2
0
962019645
4
0
62817
2
0
962020669
4
0
62818
2
0
962021693
4
0
62819
2
0
962022717
4
0
62820
2
0
962023741
4
0
62821
2
0
962024765
4
0
62822
2
0
962025789
4
0
62823
2
0
962028349
4
0
62824
2
0
962029373
4
0
62825
2
0
962030397
4
0
62826
2
0
962031421
4
0
62827
2
0
962032445
4
0
62828
2
0
962033469
4
0
62829
2
0
962015293
4
0
62830
2
0
962016317
4
0
62831
2
0
962017341
4
0
62832
2
0
962085181
4
0
62833
2
0
962086205
4
0
62834
2
0
962087229
4
0
62835
2
0
962088253
4
0
62836
2
0
962089277
4
0
62837
2
0
962090301
4
0
62838
2
0
962091325
4
0
62839
2
0
962093885
4
0
62840
2
0
962094909
4
0
62841
2
0
962095933
4
0
62842
2
0
962096957
4
0
62843
2
0
962097981
4
0
62844
2
0
962099005
4
0
62845
2
0
962080829
4
0
62846
2
0
962081853
4
0
62847
2
0
962082877
4
0
62848
2
0
962150717
4
0
62849
2
0
962151741
4
0
62850
2
0
962152765
4
0
62851
2
0
962153789
4
0
62852
2
0
962154813
4
0
62853
2
0
962155837
4
0
62854
2
0
962156861
4
0
62855
2
0
962159421
4
0
62856
2
0
962160445
4
0
62857
2
0
962161469
4
0
62858
2
0
962162493
4
0
62859
2
0
962163517
4
0
62860
2
0
962164541
4
0
62861
2
0
962146365
4
0
62862
2
0
962147389
4
0
62863
2
0
962148413
4
0
62864
2
0
962216253
4
0
62865
2
0
962217277
4
0
62866
2
0
962218301
4
0
62867
2
0
962219325
4
0
62868
2
0
962220349
4
0
62869
2
0
962221373
4
0
62870
2
0
962222397
4
0
62871
2
0
962224957
4
0
62872
2
0
962225981
4
0
62873
2
0
962227005
4
0
62874
2
0
962228029
4
0
62875
2
0
962229053
4
0
62876
2
0
962230077
4
0
62877
2
0
962211901
4
0
62878
2
0
962212925
4
0
62879
2
0
962213949
4
0
62880
2
0
962675005
4
0
62881
2
0
962676029
4
0
62882
2
0
962677053
4
0
62883
2
0
962678077
4
0
62884
2
0
962679101
4
0
62885
2
0
962680125
4
0
62886
2
0
962681149
4
0
62887
2
0
962683709
4
0
62888
2
0
962684733
4
0
62889
2
0
962685757
4
0
62890
2
0
962686781
4
0
62891
2
0
962687805
4
0
62892
2
0
962688829
4
0
62893
2
0
962670653
4
0
62894
2
0
962671677
4
0
62895
2
0
962672701
4
0
62896
2
0
962740541
4
0
62897
2
0
962741565
4
0
62898
2
0
962742589
4
0
62899
2
0
962743613
4
0
62900
2
0
962744637
4
0
62901
2
0
962745661
4
0
62902
2
0
962746685
4
0
62903
2
0
962749245
4
0
62904
2
0
962750269
4
0
62905
2
0
962751293
4
0
62906
2
0
962752317
4
0
62907
2
0
962753341
4
0
62908
2
0
962754365
4
0
62909
2
0
962736189
4
0
62910
2
0
962737213
4
0
62911
2
0
962738237
4
0
62912
2
0
962806077
4
0
62913
2
0
962807101
4
0
62914
2
0
962808125
4
0
62915
2
0
962809149
4
0
62916
2
0
962810173
4
0
62917
2
0
962811197
4
0
62918
2
0
962812221
4
0
62919
2
0
962814781
4
0
62920
2
0
962815805
4
0
62921
2
0
962816829
4
0
62922
2
0
962817853
4
0
62923
2
0
962818877
4
0
62924
2
0
962819901
4
0
62925
2
0
962801725
4
0
62926
2
0
962802749
4
0
62927
2
0
962803773
4
0
62928
2
0
962871613
4
0
62929
2
0
962872637
4
0
62930
2
0
962873661
4
0
62931
2
0
962874685
4
0
62932
2
0
962875709
4
0
62933
2
0
962876733
4
0
62934
2
0
962877757
4
0
62935
2
0
962880317
4
0
62936
2
0
962881341
4
0
62937
2
0
962882365
4
0
62938
2
0
962883389
4
0
62939
2
0
962884413
4
0
62940
2
0
962885437
4
0
62941
2
0
962867261
4
0
62942
2
0
962868285
4
0
62943
2
0
962869309
4
0
62944
2
0
962937149
4
0
62945
2
0
962938173
4
0
62946
2
0
962939197
4
0
62947
2
0
962940221
4
0
62948
2
0
962941245
4
0
62949
2
0
962942269
4
0
62950
2
0
962943293
4
0
62951
2
0
962945853
4
0
62952
2
0
962946877
4
0
62953
2
0
962947901
4
0
62954
2
0
962948925
4
0
62955
2
0
962949949
4
0
62956
2
0
962950973
4
0
62957
2
0
962932797
4
0
62958
2
0
962933821
4
0
62959
2
0
962934845
4
0
62960
2
0
963002685
4
0
62961
2
0
963003709
4
0
62962
2
0
963004733
4
0
62963
2
0
963005757
4
0
62964
2
0
963006781
4
0
62965
2
0
963007805
4
0
62966
2
0
963008829
4
0
62967
2
0
963011389
4
0
62968
2
0
963012413
4
0
62969
2
0
963013437
4
0
62970
2
0
963014461
4
0
62971
2
0
963015485
4
0
62972
2
0
963016509
4
0
62973
2
0
962998333
4
0
62974
2
0
962999357
4
0
62975
2
0
963000381
4
0
62976
2
0
963068221
4
0
62977
2
0
963069245
4
0
62978
2
0
963070269
4
0
62979
2
0
963071293
4
0
62980
2
0
963072317
4
0
62981
2
0
963073341
4
0
62982
2
0
963074365
4
0
62983
2
0
963076925
4
0
62984
2
0
963077949
4
0
62985
2
0
963078973
4
0
62986
2
0
963079997
4
0
62987
2
0
963081021
4
0
62988
2
0
963082045
4
0
62989
2
0
963063869
4
0
62990
2
0
963064893
4
0
62991
2
0
963065917
4
0
62992
2
0
963133757
4
0
62993
2
0
963134781
4
0
62994
2
0
963135805
4
0
62995
2
0
963136829
4
0
62996
2
0
963137853
4
0
62997
2
0
963138877
4
0
62998
2
0
963139901
4
0
62999
2
0
963142461
4
0
63000
2
0
963143485
4
0
63001
2
0
963144509
4
0
63002
2
0
963145533
4
0
63003
2
0
963146557
4
0
63004
2
0
963147581
4
0
63005
2
0
963129405
4
0
63006
2
0
963130429
4
0
63007
2
0
963131453
4
0
63008
2
0
963199293
4
0
63009
2
0
963200317
4
0
63010
2
0
963201341
4
0
63011
2
0
963202365
4
0
63012
2
0
963203389
4
0
63013
2
0
963204413
4
0
63014
2
0
963205437
4
0
63015
2
0
963207997
4
0
63016
2
0
963209021
4
0
63017
2
0
963210045
4
0
63018
2
0
963211069
4
0
63019
2
0
963212093
4
0
63020
2
0
963213117
4
0
63021
2
0
963194941
4
0
63022
2
0
963195965
4
0
63023
2
0
963196989
4
0
63024
2
0
963264829
4
0
63025
2
0
963265853
4
0
63026
2
0
963266877
4
0
63027
2
0
963267901
4
0
63028
2
0
963268925
4
0
63029
2
0
963269949
4
0
63030
2
0
963270973
4
0
63031
2
0
963273533
4
0
63032
2
0
963274557
4
0
63033
2
0
963275581
4
0
63034
2
0
963276605
4
0
63035
2
0
963277629
4
0
63036
2
0
963278653
4
0
63037
2
0
963260477
4
0
63038
2
0
963261501
4
0
63039
2
0
963262525
4
0
63040
2
0
963330365
4
0
63041
2
0
963331389
4
0
63042
2
0
963332413
4
0
63043
2
0
963333437
4
0
63044
2
0
963334461
4
0
63045
2
0
963335485
4
0
63046
2
0
963336509
4
0
63047
2
0
963339069
4
0
63048
2
0
963340093
4
0
63049
2
0
963341117
4
0
63050
2
0
963342141
4
0
63051
2
0
963343165
4
0
63052
2
0
963344189
4
0
63053
2
0
963326013
4
0
63054
2
0
963327037
4
0
63055
2
0
963328061
4
0
63056
2
0
963395901
4
0
63057
2
0
963396925
4
0
63058
2
0
963397949
4
0
63059
2
0
963398973
4
0
63060
2
0
963399997
4
0
63061
2
0
963401021
4
0
63062
2
0
963402045
4
0
63063
2
0
963404605
4
0
63064
2
0
963405629
4
0
63065
2
0
963406653
4
0
63066
2
0
963407677
4
0
63067
2
0
963408701
4
0
63068
2
0
963409725
4
0
63069
2
0
963391549
4
0
63070
2
0
963392573
4
0
63071
2
0
963393597
4
0
63072
2
0
963461437
4
0
63073
2
0
963462461
4
0
63074
2
0
963463485
4
0
63075
2
0
963464509
4
0
63076
2
0
963465533
4
0
63077
2
0
963466557
4
0
63078
2
0
963467581
4
0
63079
2
0
963470141
4
0
63080
2
0
963471165
4
0
63081
2
0
963472189
4
0
63082
2
0
963473213
4
0
63083
2
0
963474237
4
0
63084
2
0
963475261
4
0
63085
2
0
963457085
4
0
63086
2
0
963458109
4
0
63087
2
0
963459133
4
0
63088
2
0
963526973
4
0
63089
2
0
963527997
4
0
63090
2
0
963529021
4
0
63091
2
0
963530045
4
0
63092
2
0
963531069
4
0
63093
2
0
963532093
4
0
63094
2
0
963533117
4
0
63095
2
0
963535677
4
0
63096
2
0
963536701
4
0
63097
2
0
963537725
4
0
63098
2
0
963538749
4
0
63099
2
0
963539773
4
0
63100
2
0
963540797
4
0
63101
2
0
963522621
4
0
63102
2
0
963523645
4
0
63103
2
0
963524669
4
0
63104
2
0
963592509
4
0
63105
2
0
963593533
4
0
63106
2
0
963594557
4
0
63107
2
0
963595581
4
0
63108
2
0
963596605
4
0
63109
2
0
963597629
4
0
63110
2
0
963598653
4
0
63111
2
0
963601213
4
0
63112
2
0
963602237
4
0
63113
2
0
963603261
4
0
63114
2
0
963604285
4
0
63115
2
0
963605309
4
0
63116
2
0
963606333
4
0
63117
2
0
963588157
4
0
63118
2
0
963589181
4
0
63119
2
0
963590205
4
0
63120
2
0
963658045
4
0
63121
2
0
963659069
4
0
63122
2
0
963660093
4
0
63123
2
0
963661117
4
0
63124
2
0
963662141
4
0
63125
2
0
963663165
4
0
63126
2
0
963664189
4
0
63127
2
0
963666749
4
0
63128
2
0
963667773
4
0
63129
2
0
963668797
4
0
63130
2
0
963669821
4
0
63131
2
0
963670845
4
0
63132
2
0
963671869
4
0
63133
2
0
963653693
4
0
63134
2
0
963654717
4
0
63135
2
0
963655741
4
0
63136
2
0
963723581
4
0
63137
2
0
963724605
4
0
63138
2
0
963725629
4
0
63139
2
0
963726653
4
0
63140
2
0
963727677
4
0
63141
2
0
963728701
4
0
63142
2
0
963729725
4
0
63143
2
0
963732285
4
0
63144
2
0
963733309
4
0
63145
2
0
963734333
4
0
63146
2
0
963735357
4
0
63147
2
0
963736381
4
0
63148
2
0
963737405
4
0
63149
2
0
963719229
4
0
63150
2
0
963720253
4
0
63151
2
0
963721277
4
0
63152
2
0
963789117
4
0
63153
2
0
963790141
4
0
63154
2
0
963791165
4
0
63155
2
0
963792189
4
0
63156
2
0
963793213
4
0
63157
2
0
963794237
4
0
63158
2
0
963795261
4
0
63159
2
0
963797821
4
0
63160
2
0
963798845
4
0
63161
2
0
963799869
4
0
63162
2
0
963800893
4
0
63163
2
0
963801917
4
0
63164
2
0
963802941
4
0
63165
2
0
963784765
4
0
63166
2
0
963785789
4
0
63167
2
0
963786813
4
0
63168
2
0
963854653
4
0
63169
2
0
963855677
4
0
63170
2
0
963856701
4
0
63171
2
0
963857725
4
0
63172
2
0
963858749
4
0
63173
2
0
963859773
4
0
63174
2
0
963860797
4
0
63175
2
0
963863357
4
0
63176
2
0
963864381
4
0
63177
2
0
963865405
4
0
63178
2
0
963866429
4
0
63179
2
0
963867453
4
0
63180
2
0
963868477
4
0
63181
2
0
963850301
4
0
63182
2
0
963851325
4
0
63183
2
0
963852349
4
0
63184
2
0
963920189
4
0
63185
2
0
963921213
4
0
63186
2
0
963922237
4
0
63187
2
0
963923261
4
0
63188
2
0
963924285
4
0
63189
2
0
963925309
4
0
63190
2
0
963926333
4
0
63191
2
0
963928893
4
0
63192
2
0
963929917
4
0
63193
2
0
963930941
4
0
63194
2
0
963931965
4
0
63195
2
0
963932989
4
0
63196
2
0
963934013
4
0
63197
2
0
963915837
4
0
63198
2
0
963916861
4
0
63199
2
0
963917885
4
0
63200
2
0
963985725
4
0
63201
2
0
963986749
4
0
63202
2
0
963987773
4
0
63203
2
0
963988797
4
0
63204
2
0
963989821
4
0
63205
2
0
963990845
4
0
63206
2
0
963991869
4
0
63207
2
0
963994429
4
0
63208
2
0
963995453
4
0
63209
2
0
963996477
4
0
63210
2
0
963997501
4
0
63211
2
0
963998525
4
0
63212
2
0
963999549
4
0
63213
2
0
963981373
4
0
63214
2
0
963982397
4
0
63215
2
0
963983421
4
0
63216
2
0
964051261
4
0
63217
2
0
964052285
4
0
63218
2
0
964053309
4
0
63219
2
0
964054333
4
0
63220
2
0
964055357
4
0
63221
2
0
964056381
4
0
63222
2
0
964057405
4
0
63223
2
0
964059965
4
0
63224
2
0
964060989
4
0
63225
2
0
964062013
4
0
63226
2
0
964063037
4
0
63227
2
0
964064061
4
0
63228
2
0
964065085
4
0
63229
2
0
964046909
4
0
63230
2
0
964047933
4
0
63231
2
0
964048957
4
0
63232
2
0
964116797
4
0
63233
2
0
964117821
4
0
63234
2
0
964118845
4
0
63235
2
0
964119869
4
0
63236
2
0
964120893
4
0
63237
2
0
964121917
4
0
63238
2
0
964122941
4
0
63239
2
0
964125501
4
0
63240
2
0
964126525
4
0
63241
2
0
964127549
4
0
63242
2
0
964128573
4
0
63243
2
0
964129597
4
0
63244
2
0
964130621
4
0
63245
2
0
964112445
4
0
63246
2
0
964113469
4
0
63247
2
0
964114493
4
0
63248
2
0
964182333
4
0
63249
2
0
964183357
4
0
63250
2
0
964184381
4
0
63251
2
0
964185405
4
0
63252
2
0
964186429
4
0
63253
2
0
964187453
4
0
63254
2
0
964188477
4
0
63255
2
0
964191037
4
0
63256
2
0
964192061
4
0
63257
2
0
964193085
4
0
63258
2
0
964194109
4
0
63259
2
0
964195133
4
0
63260
2
0
964196157
4
0
63261
2
0
964177981
4
0
63262
2
0
964179005
4
0
63263
2
0
964180029
4
0
63264
2
0
964247869
4
0
63265
2
0
964248893
4
0
63266
2
0
964249917
4
0
63267
2
0
964250941
4
0
63268
2
0
964251965
4
0
63269
2
0
964252989
4
0
63270
2
0
964254013
4
0
63271
2
0
964256573
4
0
63272
2
0
964257597
4
0
63273
2
0
964258621
4
0
63274
2
0
964259645
4
0
63275
2
0
964260669
4
0
63276
2
0
964261693
4
0
63277
2
0
964243517
4
0
63278
2
0
964244541
4
0
63279
2
0
964245565
4
0
63280
2
0
964313405
4
0
63281
2
0
964314429
4
0
63282
2
0
964315453
4
0
63283
2
0
964316477
4
0
63284
2
0
964317501
4
0
63285
2
0
964318525
4
0
63286
2
0
964319549
4
0
63287
2
0
964322109
4
0
63288
2
0
964323133
4
0
63289
2
0
964324157
4
0
63290
2
0
964325181
4
0
63291
2
0
964326205
4
0
63292
2
0
964327229
4
0
63293
2
0
964309053
4
0
63294
2
0
964310077
4
0
63295
2
0
964311101
4
0
63296
2
0
959463741
4
0
63297
2
0
959464765
4
0
63298
2
0
959465789
4
0
63299
2
0
959466813
4
0
63300
2
0
959467837
4
0
63301
2
0
959468861
4
0
63302
2
0
959469885
4
0
63303
2
0
959472445
4
0
63304
2
0
959473469
4
0
63305
2
0
959474493
4
0
63306
2
0
959475517
4
0
63307
2
0
959476541
4
0
63308
2
0
959477565
4
0
63309
2
0
959459389
4
0
63310
2
0
959460413
4
0
63311
2
0
959461437
4
0
63312
2
0
959529277
4
0
63313
2
0
959530301
4
0
63314
2
0
959531325
4
0
63315
2
0
959532349
4
0
63316
2
0
959533373
4
0
63317
2
0
959534397
4
0
63318
2
0
959535421
4
0
63319
2
0
959537981
4
0
63320
2
0
959539005
4
0
63321
2
0
959540029
4
0
63322
2
0
959541053
4
0
63323
2
0
959542077
4
0
63324
2
0
959543101
4
0
63325
2
0
959524925
4
0
63326
2
0
959525949
4
0
63327
2
0
959526973
4
0
63328
2
0
959594813
4
0
63329
2
0
959595837
4
0
63330
2
0
959596861
4
0
63331
2
0
959597885
4
0
63332
2
0
959598909
4
0
63333
2
0
959599933
4
0
63334
2
0
959600957
4
0
63335
2
0
959603517
4
0
63336
2
0
959604541
4
0
63337
2
0
959605565
4
0
63338
2
0
959606589
4
0
63339
2
0
959607613
4
0
63340
2
0
959608637
4
0
63341
2
0
959590461
4
0
63342
2
0
959591485
4
0
63343
2
0
959592509
4
0
63344
2
0
959660349
4
0
63345
2
0
959661373
4
0
63346
2
0
959662397
4
0
63347
2
0
959663421
4
0
63348
2
0
959664445
4
0
63349
2
0
959665469
4
0
63350
2
0
959666493
4
0
63351
2
0
959669053
4
0
63352
2
0
959670077
4
0
63353
2
0
959671101
4
0
63354
2
0
959672125
4
0
63355
2
0
959673149
4
0
63356
2
0
959674173
4
0
63357
2
0
959655997
4
0
63358
2
0
959657021
4
0
63359
2
0
959658045
4
0
63360
2
0
959725885
4
0
63361
2
0
959726909
4
0
63362
2
0
959727933
4
0
63363
2
0
959728957
4
0
63364
2
0
959729981
4
0
63365
2
0
959731005
4
0
63366
2
0
959732029
4
0
63367
2
0
959734589
4
0
63368
2
0
959735613
4
0
63369
2
0
959736637
4
0
63370
2
0
959737661
4
0
63371
2
0
959738685
4
0
63372
2
0
959739709
4
0
63373
2
0
959721533
4
0
63374
2
0
959722557
4
0
63375
2
0
959723581
4
0
63376
2
0
959791421
4
0
63377
2
0
959792445
4
0
63378
2
0
959793469
4
0
63379
2
0
959794493
4
0
63380
2
0
959795517
4
0
63381
2
0
959796541
4
0
63382
2
0
959797565
4
0
63383
2
0
959800125
4
0
63384
2
0
959801149
4
0
63385
2
0
959802173
4
0
63386
2
0
959803197
4
0
63387
2
0
959804221
4
0
63388
2
0
959805245
4
0
63389
2
0
959787069
4
0
63390
2
0
959788093
4
0
63391
2
0
959789117
4
0
63392
2
0
959856957
4
0
63393
2
0
959857981
4
0
63394
2
0
959859005
4
0
63395
2
0
959860029
4
0
63396
2
0
959861053
4
0
63397
2
0
959862077
4
0
63398
2
0
959863101
4
0
63399
2
0
959865661
4
0
63400
2
0
959866685
4
0
63401
2
0
959867709
4
0
63402
2
0
959868733
4
0
63403
2
0
959869757
4
0
63404
2
0
959870781
4
0
63405
2
0
959852605
4
0
63406
2
0
959853629
4
0
63407
2
0
959854653
4
0
63408
2
0
959922493
4
0
63409
2
0
959923517
4
0
63410
2
0
959924541
4
0
63411
2
0
959925565
4
0
63412
2
0
959926589
4
0
63413
2
0
959927613
4
0
63414
2
0
959928637
4
0
63415
2
0
959931197
4
0
63416
2
0
959932221
4
0
63417
2
0
959933245
4
0
63418
2
0
959934269
4
0
63419
2
0
959935293
4
0
63420
2
0
959936317
4
0
63421
2
0
959918141
4
0
63422
2
0
959919165
4
0
63423
2
0
959920189
4
0
63424
2
0
959988029
4
0
63425
2
0
959989053
4
0
63426
2
0
959990077
4
0
63427
2
0
959991101
4
0
63428
2
0
959992125
4
0
63429
2
0
959993149
4
0
63430
2
0
959994173
4
0
63431
2
0
959996733
4
0
63432
2
0
959997757
4
0
63433
2
0
959998781
4
0
63434
2
0
959999805
4
0
63435
2
0
960000829
4
0
63436
2
0
960001853
4
0
63437
2
0
959983677
4
0
63438
2
0
959984701
4
0
63439
2
0
959985725
4
0
63440
2
0
960053565
4
0
63441
2
0
960054589
4
0
63442
2
0
960055613
4
0
63443
2
0
960056637
4
0
63444
2
0
960057661
4
0
63445
2
0
960058685
4
0
63446
2
0
960059709
4
0
63447
2
0
960062269
4
0
63448
2
0
960063293
4
0
63449
2
0
960064317
4
0
63450
2
0
960065341
4
0
63451
2
0
960066365
4
0
63452
2
0
960067389
4
0
63453
2
0
960049213
4
0
63454
2
0
960050237
4
0
63455
2
0
960051261
4
0
63456
2
0
959136061
4
0
63457
2
0
959137085
4
0
63458
2
0
959138109
4
0
63459
2
0
959139133
4
0
63460
2
0
959140157
4
0
63461
2
0
959141181
4
0
63462
2
0
959142205
4
0
63463
2
0
959144765
4
0
63464
2
0
959145789
4
0
63465
2
0
959146813
4
0
63466
2
0
959147837
4
0
63467
2
0
959148861
4
0
63468
2
0
959149885
4
0
63469
2
0
959131709
4
0
63470
2
0
959132733
4
0
63471
2
0
959133757
4
0
63472
2
0
959398205
4
0
63473
2
0
959399229
4
0
63474
2
0
959400253
4
0
63475
2
0
959401277
4
0
63476
2
0
959402301
4
0
63477
2
0
959403325
4
0
63478
2
0
959404349
4
0
63479
2
0
959406909
4
0
63480
2
0
959407933
4
0
63481
2
0
959408957
4
0
63482
2
0
959409981
4
0
63483
2
0
959411005
4
0
63484
2
0
959412029
4
0
63485
2
0
959393853
4
0
63486
2
0
959394877
4
0
63487
2
0
959395901
4
