1024
0
38912
2
0
1832993085
4
0
38913
2
0
1832994109
4
0
38914
2
0
1832995133
4
0
38915
2
0
1832996157
4
0
38916
2
0
1832997181
4
0
38917
2
0
1832998205
4
0
38918
2
0
1832999229
4
0
38919
2
0
1833001789
4
0
38920
2
0
1833002813
4
0
38921
2
0
1833003837
4
0
38922
2
0
1833004861
4
0
38923
2
0
1833005885
4
0
38924
2
0
1833006909
4
0
38925
2
0
1832988733
4
0
38926
2
0
1832989757
4
0
38927
2
0
1832990781
4
0
38928
2
0
1833058621
4
0
38929
2
0
1833059645
4
0
38930
2
0
1833060669
4
0
38931
2
0
1833061693
4
0
38932
2
0
1833062717
4
0
38933
2
0
1833063741
4
0
38934
2
0
1833064765
4
0
38935
2
0
1833067325
4
0
38936
2
0
1833068349
4
0
38937
2
0
1833069373
4
0
38938
2
0
1833070397
4
0
38939
2
0
1833071421
4
0
38940
2
0
1833072445
4
0
38941
2
0
1833054269
4
0
38942
2
0
1833055293
4
0
38943
2
0
1833056317
4
0
38944
2
0
1833124157
4
0
38945
2
0
1833125181
4
0
38946
2
0
1833126205
4
0
38947
2
0
1833127229
4
0
38948
2
0
1833128253
4
0
38949
2
0
1833129277
4
0
38950
2
0
1833130301
4
0
38951
2
0
1833132861
4
0
38952
2
0
1833133885
4
0
38953
2
0
1833134909
4
0
38954
2
0
1833135933
4
0
38955
2
0
1833136957
4
0
38956
2
0
1833137981
4
0
38957
2
0
1833119805
4
0
38958
2
0
1833120829
4
0
38959
2
0
1833121853
4
0
38960
2
0
1833189693
4
0
38961
2
0
1833190717
4
0
38962
2
0
1833191741
4
0
38963
2
0
1833192765
4
0
38964
2
0
1833193789
4
0
38965
2
0
1833194813
4
0
38966
2
0
1833195837
4
0
38967
2
0
1833198397
4
0
38968
2
0
1833199421
4
0
38969
2
0
1833200445
4
0
38970
2
0
1833201469
4
0
38971
2
0
1833202493
4
0
38972
2
0
1833203517
4
0
38973
2
0
1833185341
4
0
38974
2
0
1833186365
4
0
38975
2
0
1833187389
4
0
38976
2
0
1833255229
4
0
38977
2
0
1833256253
4
0
38978
2
0
1833257277
4
0
38979
2
0
1833258301
4
0
38980
2
0
1833259325
4
0
38981
2
0
1833260349
4
0
38982
2
0
1833261373
4
0
38983
2
0
1833263933
4
0
38984
2
0
1833264957
4
0
38985
2
0
1833265981
4
0
38986
2
0
1833267005
4
0
38987
2
0
1833268029
4
0
38988
2
0
1833269053
4
0
38989
2
0
1833250877
4
0
38990
2
0
1833251901
4
0
38991
2
0
1833252925
4
0
38992
2
0
1833320765
4
0
38993
2
0
1833321789
4
0
38994
2
0
1833322813
4
0
38995
2
0
1833323837
4
0
38996
2
0
1833324861
4
0
38997
2
0
1833325885
4
0
38998
2
0
1833326909
4
0
38999
2
0
1833329469
4
0
39000
2
0
1833330493
4
0
39001
2
0
1833331517
4
0
39002
2
0
1833332541
4
0
39003
2
0
1833333565
4
0
39004
2
0
1833334589
4
0
39005
2
0
1833316413
4
0
39006
2
0
1833317437
4
0
39007
2
0
1833318461
4
0
39008
2
0
1833386301
4
0
39009
2
0
1833387325
4
0
39010
2
0
1833388349
4
0
39011
2
0
1833389373
4
0
39012
2
0
1833390397
4
0
39013
2
0
1833391421
4
0
39014
2
0
1833392445
4
0
39015
2
0
1833395005
4
0
39016
2
0
1833396029
4
0
39017
2
0
1833397053
4
0
39018
2
0
1833398077
4
0
39019
2
0
1833399101
4
0
39020
2
0
1833400125
4
0
39021
2
0
1833381949
4
0
39022
2
0
1833382973
4
0
39023
2
0
1833383997
4
0
39024
2
0
1833451837
4
0
39025
2
0
1833452861
4
0
39026
2
0
1833453885
4
0
39027
2
0
1833454909
4
0
39028
2
0
1833455933
4
0
39029
2
0
1833456957
4
0
39030
2
0
1833457981
4
0
39031
2
0
1833460541
4
0
39032
2
0
1833461565
4
0
39033
2
0
1833462589
4
0
39034
2
0
1833463613
4
0
39035
2
0
1833464637
4
0
39036
2
0
1833465661
4
0
39037
2
0
1833447485
4
0
39038
2
0
1833448509
4
0
39039
2
0
1833449533
4
0
39040
2
0
1833517373
4
0
39041
2
0
1833518397
4
0
39042
2
0
1833519421
4
0
39043
2
0
1833520445
4
0
39044
2
0
1833521469
4
0
39045
2
0
1833522493
4
0
39046
2
0
1833523517
4
0
39047
2
0
1833526077
4
0
39048
2
0
1833527101
4
0
39049
2
0
1833528125
4
0
39050
2
0
1833529149
4
0
39051
2
0
1833530173
4
0
39052
2
0
1833531197
4
0
39053
2
0
1833513021
4
0
39054
2
0
1833514045
4
0
39055
2
0
1833515069
4
0
39056
2
0
1833582909
4
0
39057
2
0
1833583933
4
0
39058
2
0
1833584957
4
0
39059
2
0
1833585981
4
0
39060
2
0
1833587005
4
0
39061
2
0
1833588029
4
0
39062
2
0
1833589053
4
0
39063
2
0
1833591613
4
0
39064
2
0
1833592637
4
0
39065
2
0
1833593661
4
0
39066
2
0
1833594685
4
0
39067
2
0
1833595709
4
0
39068
2
0
1833596733
4
0
39069
2
0
1833578557
4
0
39070
2
0
1833579581
4
0
39071
2
0
1833580605
4
0
39072
2
0
1833648445
4
0
39073
2
0
1833649469
4
0
39074
2
0
1833650493
4
0
39075
2
0
1833651517
4
0
39076
2
0
1833652541
4
0
39077
2
0
1833653565
4
0
39078
2
0
1833654589
4
0
39079
2
0
1833657149
4
0
39080
2
0
1833658173
4
0
39081
2
0
1833659197
4
0
39082
2
0
1833660221
4
0
39083
2
0
1833661245
4
0
39084
2
0
1833662269
4
0
39085
2
0
1833644093
4
0
39086
2
0
1833645117
4
0
39087
2
0
1833646141
4
0
39088
2
0
1833713981
4
0
39089
2
0
1833715005
4
0
39090
2
0
1833716029
4
0
39091
2
0
1833717053
4
0
39092
2
0
1833718077
4
0
39093
2
0
1833719101
4
0
39094
2
0
1833720125
4
0
39095
2
0
1833722685
4
0
39096
2
0
1833723709
4
0
39097
2
0
1833724733
4
0
39098
2
0
1833725757
4
0
39099
2
0
1833726781
4
0
39100
2
0
1833727805
4
0
39101
2
0
1833709629
4
0
39102
2
0
1833710653
4
0
39103
2
0
1833711677
4
0
39104
2
0
1833779517
4
0
39105
2
0
1833780541
4
0
39106
2
0
1833781565
4
0
39107
2
0
1833782589
4
0
39108
2
0
1833783613
4
0
39109
2
0
1833784637
4
0
39110
2
0
1833785661
4
0
39111
2
0
1833788221
4
0
39112
2
0
1833789245
4
0
39113
2
0
1833790269
4
0
39114
2
0
1833791293
4
0
39115
2
0
1833792317
4
0
39116
2
0
1833793341
4
0
39117
2
0
1833775165
4
0
39118
2
0
1833776189
4
0
39119
2
0
1833777213
4
0
39120
2
0
1833845053
4
0
39121
2
0
1833846077
4
0
39122
2
0
1833847101
4
0
39123
2
0
1833848125
4
0
39124
2
0
1833849149
4
0
39125
2
0
1833850173
4
0
39126
2
0
1833851197
4
0
39127
2
0
1833853757
4
0
39128
2
0
1833854781
4
0
39129
2
0
1833855805
4
0
39130
2
0
1833856829
4
0
39131
2
0
1833857853
4
0
39132
2
0
1833858877
4
0
39133
2
0
1833840701
4
0
39134
2
0
1833841725
4
0
39135
2
0
1833842749
4
0
39136
2
0
1833910589
4
0
39137
2
0
1833911613
4
0
39138
2
0
1833912637
4
0
39139
2
0
1833913661
4
0
39140
2
0
1833914685
4
0
39141
2
0
1833915709
4
0
39142
2
0
1833916733
4
0
39143
2
0
1833919293
4
0
39144
2
0
1833920317
4
0
39145
2
0
1833921341
4
0
39146
2
0
1833922365
4
0
39147
2
0
1833923389
4
0
39148
2
0
1833924413
4
0
39149
2
0
1833906237
4
0
39150
2
0
1833907261
4
0
39151
2
0
1833908285
4
0
39152
2
0
1833976125
4
0
39153
2
0
1833977149
4
0
39154
2
0
1833978173
4
0
39155
2
0
1833979197
4
0
39156
2
0
1833980221
4
0
39157
2
0
1833981245
4
0
39158
2
0
1833982269
4
0
39159
2
0
1833984829
4
0
39160
2
0
1833985853
4
0
39161
2
0
1833986877
4
0
39162
2
0
1833987901
4
0
39163
2
0
1833988925
4
0
39164
2
0
1833989949
4
0
39165
2
0
1833971773
4
0
39166
2
0
1833972797
4
0
39167
2
0
1833973821
4
0
39168
2
0
1834041661
4
0
39169
2
0
1834042685
4
0
39170
2
0
1834043709
4
0
39171
2
0
1834044733
4
0
39172
2
0
1834045757
4
0
39173
2
0
1834046781
4
0
39174
2
0
1834047805
4
0
39175
2
0
1834050365
4
0
39176
2
0
1834051389
4
0
39177
2
0
1834052413
4
0
39178
2
0
1834053437
4
0
39179
2
0
1834054461
4
0
39180
2
0
1834055485
4
0
39181
2
0
1834037309
4
0
39182
2
0
1834038333
4
0
39183
2
0
1834039357
4
0
39184
2
0
1834107197
4
0
39185
2
0
1834108221
4
0
39186
2
0
1834109245
4
0
39187
2
0
1834110269
4
0
39188
2
0
1834111293
4
0
39189
2
0
1834112317
4
0
39190
2
0
1834113341
4
0
39191
2
0
1834115901
4
0
39192
2
0
1834116925
4
0
39193
2
0
1834117949
4
0
39194
2
0
1834118973
4
0
39195
2
0
1834119997
4
0
39196
2
0
1834121021
4
0
39197
2
0
1834102845
4
0
39198
2
0
1834103869
4
0
39199
2
0
1834104893
4
0
39200
2
0
1834172733
4
0
39201
2
0
1834173757
4
0
39202
2
0
1834174781
4
0
39203
2
0
1834175805
4
0
39204
2
0
1834176829
4
0
39205
2
0
1834177853
4
0
39206
2
0
1834178877
4
0
39207
2
0
1834181437
4
0
39208
2
0
1834182461
4
0
39209
2
0
1834183485
4
0
39210
2
0
1834184509
4
0
39211
2
0
1834185533
4
0
39212
2
0
1834186557
4
0
39213
2
0
1834168381
4
0
39214
2
0
1834169405
4
0
39215
2
0
1834170429
4
0
39216
2
0
1834238269
4
0
39217
2
0
1834239293
4
0
39218
2
0
1834240317
4
0
39219
2
0
1834241341
4
0
39220
2
0
1834242365
4
0
39221
2
0
1834243389
4
0
39222
2
0
1834244413
4
0
39223
2
0
1834246973
4
0
39224
2
0
1834247997
4
0
39225
2
0
1834249021
4
0
39226
2
0
1834250045
4
0
39227
2
0
1834251069
4
0
39228
2
0
1834252093
4
0
39229
2
0
1834233917
4
0
39230
2
0
1834234941
4
0
39231
2
0
1834235965
4
0
39232
2
0
1834303805
4
0
39233
2
0
1834304829
4
0
39234
2
0
1834305853
4
0
39235
2
0
1834306877
4
0
39236
2
0
1834307901
4
0
39237
2
0
1834308925
4
0
39238
2
0
1834309949
4
0
39239
2
0
1834312509
4
0
39240
2
0
1834313533
4
0
39241
2
0
1834314557
4
0
39242
2
0
1834315581
4
0
39243
2
0
1834316605
4
0
39244
2
0
1834317629
4
0
39245
2
0
1834299453
4
0
39246
2
0
1834300477
4
0
39247
2
0
1834301501
4
0
39248
2
0
1834369341
4
0
39249
2
0
1834370365
4
0
39250
2
0
1834371389
4
0
39251
2
0
1834372413
4
0
39252
2
0
1834373437
4
0
39253
2
0
1834374461
4
0
39254
2
0
1834375485
4
0
39255
2
0
1834378045
4
0
39256
2
0
1834379069
4
0
39257
2
0
1834380093
4
0
39258
2
0
1834381117
4
0
39259
2
0
1834382141
4
0
39260
2
0
1834383165
4
0
39261
2
0
1834364989
4
0
39262
2
0
1834366013
4
0
39263
2
0
1834367037
4
0
39264
2
0
1834434877
4
0
39265
2
0
1834435901
4
0
39266
2
0
1834436925
4
0
39267
2
0
1834437949
4
0
39268
2
0
1834438973
4
0
39269
2
0
1834439997
4
0
39270
2
0
1834441021
4
0
39271
2
0
1834443581
4
0
39272
2
0
1834444605
4
0
39273
2
0
1834445629
4
0
39274
2
0
1834446653
4
0
39275
2
0
1834447677
4
0
39276
2
0
1834448701
4
0
39277
2
0
1834430525
4
0
39278
2
0
1834431549
4
0
39279
2
0
1834432573
4
0
39280
2
0
1834500413
4
0
39281
2
0
1834501437
4
0
39282
2
0
1834502461
4
0
39283
2
0
1834503485
4
0
39284
2
0
1834504509
4
0
39285
2
0
1834505533
4
0
39286
2
0
1834506557
4
0
39287
2
0
1834509117
4
0
39288
2
0
1834510141
4
0
39289
2
0
1834511165
4
0
39290
2
0
1834512189
4
0
39291
2
0
1834513213
4
0
39292
2
0
1834514237
4
0
39293
2
0
1834496061
4
0
39294
2
0
1834497085
4
0
39295
2
0
1834498109
4
0
39296
2
0
1834565949
4
0
39297
2
0
1834566973
4
0
39298
2
0
1834567997
4
0
39299
2
0
1834569021
4
0
39300
2
0
1834570045
4
0
39301
2
0
1834571069
4
0
39302
2
0
1834572093
4
0
39303
2
0
1834574653
4
0
39304
2
0
1834575677
4
0
39305
2
0
1834576701
4
0
39306
2
0
1834577725
4
0
39307
2
0
1834578749
4
0
39308
2
0
1834579773
4
0
39309
2
0
1834561597
4
0
39310
2
0
1834562621
4
0
39311
2
0
1834563645
4
0
39312
2
0
1834631485
4
0
39313
2
0
1834632509
4
0
39314
2
0
1834633533
4
0
39315
2
0
1834634557
4
0
39316
2
0
1834635581
4
0
39317
2
0
1834636605
4
0
39318
2
0
1834637629
4
0
39319
2
0
1834640189
4
0
39320
2
0
1834641213
4
0
39321
2
0
1834642237
4
0
39322
2
0
1834643261
4
0
39323
2
0
1834644285
4
0
39324
2
0
1834645309
4
0
39325
2
0
1834627133
4
0
39326
2
0
1834628157
4
0
39327
2
0
1834629181
4
0
39328
2
0
1835090237
4
0
39329
2
0
1835091261
4
0
39330
2
0
1835092285
4
0
39331
2
0
1835093309
4
0
39332
2
0
1835094333
4
0
39333
2
0
1835095357
4
0
39334
2
0
1835096381
4
0
39335
2
0
1835098941
4
0
39336
2
0
1835099965
4
0
39337
2
0
1835100989
4
0
39338
2
0
1835102013
4
0
39339
2
0
1835103037
4
0
39340
2
0
1835104061
4
0
39341
2
0
1835085885
4
0
39342
2
0
1835086909
4
0
39343
2
0
1835087933
4
0
39344
2
0
1835155773
4
0
39345
2
0
1835156797
4
0
39346
2
0
1835157821
4
0
39347
2
0
1835158845
4
0
39348
2
0
1835159869
4
0
39349
2
0
1835160893
4
0
39350
2
0
1835161917
4
0
39351
2
0
1835164477
4
0
39352
2
0
1835165501
4
0
39353
2
0
1835166525
4
0
39354
2
0
1835167549
4
0
39355
2
0
1835168573
4
0
39356
2
0
1835169597
4
0
39357
2
0
1835151421
4
0
39358
2
0
1835152445
4
0
39359
2
0
1835153469
4
0
39360
2
0
1835221309
4
0
39361
2
0
1835222333
4
0
39362
2
0
1835223357
4
0
39363
2
0
1835224381
4
0
39364
2
0
1835225405
4
0
39365
2
0
1835226429
4
0
39366
2
0
1835227453
4
0
39367
2
0
1835230013
4
0
39368
2
0
1835231037
4
0
39369
2
0
1835232061
4
0
39370
2
0
1835233085
4
0
39371
2
0
1835234109
4
0
39372
2
0
1835235133
4
0
39373
2
0
1835216957
4
0
39374
2
0
1835217981
4
0
39375
2
0
1835219005
4
0
39376
2
0
1835286845
4
0
39377
2
0
1835287869
4
0
39378
2
0
1835288893
4
0
39379
2
0
1835289917
4
0
39380
2
0
1835290941
4
0
39381
2
0
1835291965
4
0
39382
2
0
1835292989
4
0
39383
2
0
1835295549
4
0
39384
2
0
1835296573
4
0
39385
2
0
1835297597
4
0
39386
2
0
1835298621
4
0
39387
2
0
1835299645
4
0
39388
2
0
1835300669
4
0
39389
2
0
1835282493
4
0
39390
2
0
1835283517
4
0
39391
2
0
1835284541
4
0
39392
2
0
1835352381
4
0
39393
2
0
1835353405
4
0
39394
2
0
1835354429
4
0
39395
2
0
1835355453
4
0
39396
2
0
1835356477
4
0
39397
2
0
1835357501
4
0
39398
2
0
1835358525
4
0
39399
2
0
1835361085
4
0
39400
2
0
1835362109
4
0
39401
2
0
1835363133
4
0
39402
2
0
1835364157
4
0
39403
2
0
1835365181
4
0
39404
2
0
1835366205
4
0
39405
2
0
1835348029
4
0
39406
2
0
1835349053
4
0
39407
2
0
1835350077
4
0
39408
2
0
1835417917
4
0
39409
2
0
1835418941
4
0
39410
2
0
1835419965
4
0
39411
2
0
1835420989
4
0
39412
2
0
1835422013
4
0
39413
2
0
1835423037
4
0
39414
2
0
1835424061
4
0
39415
2
0
1835426621
4
0
39416
2
0
1835427645
4
0
39417
2
0
1835428669
4
0
39418
2
0
1835429693
4
0
39419
2
0
1835430717
4
0
39420
2
0
1835431741
4
0
39421
2
0
1835413565
4
0
39422
2
0
1835414589
4
0
39423
2
0
1835415613
4
0
39424
2
0
1835483453
4
0
39425
2
0
1835484477
4
0
39426
2
0
1835485501
4
0
39427
2
0
1835486525
4
0
39428
2
0
1835487549
4
0
39429
2
0
1835488573
4
0
39430
2
0
1835489597
4
0
39431
2
0
1835492157
4
0
39432
2
0
1835493181
4
0
39433
2
0
1835494205
4
0
39434
2
0
1835495229
4
0
39435
2
0
1835496253
4
0
39436
2
0
1835497277
4
0
39437
2
0
1835479101
4
0
39438
2
0
1835480125
4
0
39439
2
0
1835481149
4
0
39440
2
0
1835548989
4
0
39441
2
0
1835550013
4
0
39442
2
0
1835551037
4
0
39443
2
0
1835552061
4
0
39444
2
0
1835553085
4
0
39445
2
0
1835554109
4
0
39446
2
0
1835555133
4
0
39447
2
0
1835557693
4
0
39448
2
0
1835558717
4
0
39449
2
0
1835559741
4
0
39450
2
0
1835560765
4
0
39451
2
0
1835561789
4
0
39452
2
0
1835562813
4
0
39453
2
0
1835544637
4
0
39454
2
0
1835545661
4
0
39455
2
0
1835546685
4
0
39456
2
0
1835614525
4
0
39457
2
0
1835615549
4
0
39458
2
0
1835616573
4
0
39459
2
0
1835617597
4
0
39460
2
0
1835618621
4
0
39461
2
0
1835619645
4
0
39462
2
0
1835620669
4
0
39463
2
0
1835623229
4
0
39464
2
0
1835624253
4
0
39465
2
0
1835625277
4
0
39466
2
0
1835626301
4
0
39467
2
0
1835627325
4
0
39468
2
0
1835628349
4
0
39469
2
0
1835610173
4
0
39470
2
0
1835611197
4
0
39471
2
0
1835612221
4
0
39472
2
0
1835680061
4
0
39473
2
0
1835681085
4
0
39474
2
0
1835682109
4
0
39475
2
0
1835683133
4
0
39476
2
0
1835684157
4
0
39477
2
0
1835685181
4
0
39478
2
0
1835686205
4
0
39479
2
0
1835688765
4
0
39480
2
0
1835689789
4
0
39481
2
0
1835690813
4
0
39482
2
0
1835691837
4
0
39483
2
0
1835692861
4
0
39484
2
0
1835693885
4
0
39485
2
0
1835675709
4
0
39486
2
0
1835676733
4
0
39487
2
0
1835677757
4
0
39488
2
0
1835745597
4
0
39489
2
0
1835746621
4
0
39490
2
0
1835747645
4
0
39491
2
0
1835748669
4
0
39492
2
0
1835749693
4
0
39493
2
0
1835750717
4
0
39494
2
0
1835751741
4
0
39495
2
0
1835754301
4
0
39496
2
0
1835755325
4
0
39497
2
0
1835756349
4
0
39498
2
0
1835757373
4
0
39499
2
0
1835758397
4
0
39500
2
0
1835759421
4
0
39501
2
0
1835741245
4
0
39502
2
0
1835742269
4
0
39503
2
0
1835743293
4
0
39504
2
0
1835811133
4
0
39505
2
0
1835812157
4
0
39506
2
0
1835813181
4
0
39507
2
0
1835814205
4
0
39508
2
0
1835815229
4
0
39509
2
0
1835816253
4
0
39510
2
0
1835817277
4
0
39511
2
0
1835819837
4
0
39512
2
0
1835820861
4
0
39513
2
0
1835821885
4
0
39514
2
0
1835822909
4
0
39515
2
0
1835823933
4
0
39516
2
0
1835824957
4
0
39517
2
0
1835806781
4
0
39518
2
0
1835807805
4
0
39519
2
0
1835808829
4
0
39520
2
0
1835876669
4
0
39521
2
0
1835877693
4
0
39522
2
0
1835878717
4
0
39523
2
0
1835879741
4
0
39524
2
0
1835880765
4
0
39525
2
0
1835881789
4
0
39526
2
0
1835882813
4
0
39527
2
0
1835885373
4
0
39528
2
0
1835886397
4
0
39529
2
0
1835887421
4
0
39530
2
0
1835888445
4
0
39531
2
0
1835889469
4
0
39532
2
0
1835890493
4
0
39533
2
0
1835872317
4
0
39534
2
0
1835873341
4
0
39535
2
0
1835874365
4
0
39536
2
0
1835942205
4
0
39537
2
0
1835943229
4
0
39538
2
0
1835944253
4
0
39539
2
0
1835945277
4
0
39540
2
0
1835946301
4
0
39541
2
0
1835947325
4
0
39542
2
0
1835948349
4
0
39543
2
0
1835950909
4
0
39544
2
0
1835951933
4
0
39545
2
0
1835952957
4
0
39546
2
0
1835953981
4
0
39547
2
0
1835955005
4
0
39548
2
0
1835956029
4
0
39549
2
0
1835937853
4
0
39550
2
0
1835938877
4
0
39551
2
0
1835939901
4
0
39552
2
0
1836007741
4
0
39553
2
0
1836008765
4
0
39554
2
0
1836009789
4
0
39555
2
0
1836010813
4
0
39556
2
0
1836011837
4
0
39557
2
0
1836012861
4
0
39558
2
0
1836013885
4
0
39559
2
0
1836016445
4
0
39560
2
0
1836017469
4
0
39561
2
0
1836018493
4
0
39562
2
0
1836019517
4
0
39563
2
0
1836020541
4
0
39564
2
0
1836021565
4
0
39565
2
0
1836003389
4
0
39566
2
0
1836004413
4
0
39567
2
0
1836005437
4
0
39568
2
0
1836073277
4
0
39569
2
0
1836074301
4
0
39570
2
0
1836075325
4
0
39571
2
0
1836076349
4
0
39572
2
0
1836077373
4
0
39573
2
0
1836078397
4
0
39574
2
0
1836079421
4
0
39575
2
0
1836081981
4
0
39576
2
0
1836083005
4
0
39577
2
0
1836084029
4
0
39578
2
0
1836085053
4
0
39579
2
0
1836086077
4
0
39580
2
0
1836087101
4
0
39581
2
0
1836068925
4
0
39582
2
0
1836069949
4
0
39583
2
0
1836070973
4
0
39584
2
0
1836138813
4
0
39585
2
0
1836139837
4
0
39586
2
0
1836140861
4
0
39587
2
0
1836141885
4
0
39588
2
0
1836142909
4
0
39589
2
0
1836143933
4
0
39590
2
0
1836144957
4
0
39591
2
0
1836147517
4
0
39592
2
0
1836148541
4
0
39593
2
0
1836149565
4
0
39594
2
0
1836150589
4
0
39595
2
0
1836151613
4
0
39596
2
0
1836152637
4
0
39597
2
0
1836134461
4
0
39598
2
0
1836135485
4
0
39599
2
0
1836136509
4
0
39600
2
0
1836204349
4
0
39601
2
0
1836205373
4
0
39602
2
0
1836206397
4
0
39603
2
0
1836207421
4
0
39604
2
0
1836208445
4
0
39605
2
0
1836209469
4
0
39606
2
0
1836210493
4
0
39607
2
0
1836213053
4
0
39608
2
0
1836214077
4
0
39609
2
0
1836215101
4
0
39610
2
0
1836216125
4
0
39611
2
0
1836217149
4
0
39612
2
0
1836218173
4
0
39613
2
0
1836199997
4
0
39614
2
0
1836201021
4
0
39615
2
0
1836202045
4
0
39616
2
0
1836269885
4
0
39617
2
0
1836270909
4
0
39618
2
0
1836271933
4
0
39619
2
0
1836272957
4
0
39620
2
0
1836273981
4
0
39621
2
0
1836275005
4
0
39622
2
0
1836276029
4
0
39623
2
0
1836278589
4
0
39624
2
0
1836279613
4
0
39625
2
0
1836280637
4
0
39626
2
0
1836281661
4
0
39627
2
0
1836282685
4
0
39628
2
0
1836283709
4
0
39629
2
0
1836265533
4
0
39630
2
0
1836266557
4
0
39631
2
0
1836267581
4
0
39632
2
0
1836335421
4
0
39633
2
0
1836336445
4
0
39634
2
0
1836337469
4
0
39635
2
0
1836338493
4
0
39636
2
0
1836339517
4
0
39637
2
0
1836340541
4
0
39638
2
0
1836341565
4
0
39639
2
0
1836344125
4
0
39640
2
0
1836345149
4
0
39641
2
0
1836346173
4
0
39642
2
0
1836347197
4
0
39643
2
0
1836348221
4
0
39644
2
0
1836349245
4
0
39645
2
0
1836331069
4
0
39646
2
0
1836332093
4
0
39647
2
0
1836333117
4
0
39648
2
0
1836400957
4
0
39649
2
0
1836401981
4
0
39650
2
0
1836403005
4
0
39651
2
0
1836404029
4
0
39652
2
0
1836405053
4
0
39653
2
0
1836406077
4
0
39654
2
0
1836407101
4
0
39655
2
0
1836409661
4
0
39656
2
0
1836410685
4
0
39657
2
0
1836411709
4
0
39658
2
0
1836412733
4
0
39659
2
0
1836413757
4
0
39660
2
0
1836414781
4
0
39661
2
0
1836396605
4
0
39662
2
0
1836397629
4
0
39663
2
0
1836398653
4
0
39664
2
0
1836466493
4
0
39665
2
0
1836467517
4
0
39666
2
0
1836468541
4
0
39667
2
0
1836469565
4
0
39668
2
0
1836470589
4
0
39669
2
0
1836471613
4
0
39670
2
0
1836472637
4
0
39671
2
0
1836475197
4
0
39672
2
0
1836476221
4
0
39673
2
0
1836477245
4
0
39674
2
0
1836478269
4
0
39675
2
0
1836479293
4
0
39676
2
0
1836480317
4
0
39677
2
0
1836462141
4
0
39678
2
0
1836463165
4
0
39679
2
0
1836464189
4
0
39680
2
0
1836532029
4
0
39681
2
0
1836533053
4
0
39682
2
0
1836534077
4
0
39683
2
0
1836535101
4
0
39684
2
0
1836536125
4
0
39685
2
0
1836537149
4
0
39686
2
0
1836538173
4
0
39687
2
0
1836540733
4
0
39688
2
0
1836541757
4
0
39689
2
0
1836542781
4
0
39690
2
0
1836543805
4
0
39691
2
0
1836544829
4
0
39692
2
0
1836545853
4
0
39693
2
0
1836527677
4
0
39694
2
0
1836528701
4
0
39695
2
0
1836529725
4
0
39696
2
0
1836597565
4
0
39697
2
0
1836598589
4
0
39698
2
0
1836599613
4
0
39699
2
0
1836600637
4
0
39700
2
0
1836601661
4
0
39701
2
0
1836602685
4
0
39702
2
0
1836603709
4
0
39703
2
0
1836606269
4
0
39704
2
0
1836607293
4
0
39705
2
0
1836608317
4
0
39706
2
0
1836609341
4
0
39707
2
0
1836610365
4
0
39708
2
0
1836611389
4
0
39709
2
0
1836593213
4
0
39710
2
0
1836594237
4
0
39711
2
0
1836595261
4
0
39712
2
0
1836663101
4
0
39713
2
0
1836664125
4
0
39714
2
0
1836665149
4
0
39715
2
0
1836666173
4
0
39716
2
0
1836667197
4
0
39717
2
0
1836668221
4
0
39718
2
0
1836669245
4
0
39719
2
0
1836671805
4
0
39720
2
0
1836672829
4
0
39721
2
0
1836673853
4
0
39722
2
0
1836674877
4
0
39723
2
0
1836675901
4
0
39724
2
0
1836676925
4
0
39725
2
0
1836658749
4
0
39726
2
0
1836659773
4
0
39727
2
0
1836660797
4
0
39728
2
0
1836728637
4
0
39729
2
0
1836729661
4
0
39730
2
0
1836730685
4
0
39731
2
0
1836731709
4
0
39732
2
0
1836732733
4
0
39733
2
0
1836733757
4
0
39734
2
0
1836734781
4
0
39735
2
0
1836737341
4
0
39736
2
0
1836738365
4
0
39737
2
0
1836739389
4
0
39738
2
0
1836740413
4
0
39739
2
0
1836741437
4
0
39740
2
0
1836742461
4
0
39741
2
0
1836724285
4
0
39742
2
0
1836725309
4
0
39743
2
0
1836726333
4
0
39744
2
0
1831878973
4
0
39745
2
0
1831879997
4
0
39746
2
0
1831881021
4
0
39747
2
0
1831882045
4
0
39748
2
0
1831883069
4
0
39749
2
0
1831884093
4
0
39750
2
0
1831885117
4
0
39751
2
0
1831887677
4
0
39752
2
0
1831888701
4
0
39753
2
0
1831889725
4
0
39754
2
0
1831890749
4
0
39755
2
0
1831891773
4
0
39756
2
0
1831892797
4
0
39757
2
0
1831874621
4
0
39758
2
0
1831875645
4
0
39759
2
0
1831876669
4
0
39760
2
0
1831944509
4
0
39761
2
0
1831945533
4
0
39762
2
0
1831946557
4
0
39763
2
0
1831947581
4
0
39764
2
0
1831948605
4
0
39765
2
0
1831949629
4
0
39766
2
0
1831950653
4
0
39767
2
0
1831953213
4
0
39768
2
0
1831954237
4
0
39769
2
0
1831955261
4
0
39770
2
0
1831956285
4
0
39771
2
0
1831957309
4
0
39772
2
0
1831958333
4
0
39773
2
0
1831940157
4
0
39774
2
0
1831941181
4
0
39775
2
0
1831942205
4
0
39776
2
0
1832010045
4
0
39777
2
0
1832011069
4
0
39778
2
0
1832012093
4
0
39779
2
0
1832013117
4
0
39780
2
0
1832014141
4
0
39781
2
0
1832015165
4
0
39782
2
0
1832016189
4
0
39783
2
0
1832018749
4
0
39784
2
0
1832019773
4
0
39785
2
0
1832020797
4
0
39786
2
0
1832021821
4
0
39787
2
0
1832022845
4
0
39788
2
0
1832023869
4
0
39789
2
0
1832005693
4
0
39790
2
0
1832006717
4
0
39791
2
0
1832007741
4
0
39792
2
0
1832075581
4
0
39793
2
0
1832076605
4
0
39794
2
0
1832077629
4
0
39795
2
0
1832078653
4
0
39796
2
0
1832079677
4
0
39797
2
0
1832080701
4
0
39798
2
0
1832081725
4
0
39799
2
0
1832084285
4
0
39800
2
0
1832085309
4
0
39801
2
0
1832086333
4
0
39802
2
0
1832087357
4
0
39803
2
0
1832088381
4
0
39804
2
0
1832089405
4
0
39805
2
0
1832071229
4
0
39806
2
0
1832072253
4
0
39807
2
0
1832073277
4
0
39808
2
0
1832141117
4
0
39809
2
0
1832142141
4
0
39810
2
0
1832143165
4
0
39811
2
0
1832144189
4
0
39812
2
0
1832145213
4
0
39813
2
0
1832146237
4
0
39814
2
0
1832147261
4
0
39815
2
0
1832149821
4
0
39816
2
0
1832150845
4
0
39817
2
0
1832151869
4
0
39818
2
0
1832152893
4
0
39819
2
0
1832153917
4
0
39820
2
0
1832154941
4
0
39821
2
0
1832136765
4
0
39822
2
0
1832137789
4
0
39823
2
0
1832138813
4
0
39824
2
0
1832206653
4
0
39825
2
0
1832207677
4
0
39826
2
0
1832208701
4
0
39827
2
0
1832209725
4
0
39828
2
0
1832210749
4
0
39829
2
0
1832211773
4
0
39830
2
0
1832212797
4
0
39831
2
0
1832215357
4
0
39832
2
0
1832216381
4
0
39833
2
0
1832217405
4
0
39834
2
0
1832218429
4
0
39835
2
0
1832219453
4
0
39836
2
0
1832220477
4
0
39837
2
0
1832202301
4
0
39838
2
0
1832203325
4
0
39839
2
0
1832204349
4
0
39840
2
0
1832272189
4
0
39841
2
0
1832273213
4
0
39842
2
0
1832274237
4
0
39843
2
0
1832275261
4
0
39844
2
0
1832276285
4
0
39845
2
0
1832277309
4
0
39846
2
0
1832278333
4
0
39847
2
0
1832280893
4
0
39848
2
0
1832281917
4
0
39849
2
0
1832282941
4
0
39850
2
0
1832283965
4
0
39851
2
0
1832284989
4
0
39852
2
0
1832286013
4
0
39853
2
0
1832267837
4
0
39854
2
0
1832268861
4
0
39855
2
0
1832269885
4
0
39856
2
0
1832337725
4
0
39857
2
0
1832338749
4
0
39858
2
0
1832339773
4
0
39859
2
0
1832340797
4
0
39860
2
0
1832341821
4
0
39861
2
0
1832342845
4
0
39862
2
0
1832343869
4
0
39863
2
0
1832346429
4
0
39864
2
0
1832347453
4
0
39865
2
0
1832348477
4
0
39866
2
0
1832349501
4
0
39867
2
0
1832350525
4
0
39868
2
0
1832351549
4
0
39869
2
0
1832333373
4
0
39870
2
0
1832334397
4
0
39871
2
0
1832335421
4
0
39872
2
0
1832403261
4
0
39873
2
0
1832404285
4
0
39874
2
0
1832405309
4
0
39875
2
0
1832406333
4
0
39876
2
0
1832407357
4
0
39877
2
0
1832408381
4
0
39878
2
0
1832409405
4
0
39879
2
0
1832411965
4
0
39880
2
0
1832412989
4
0
39881
2
0
1832414013
4
0
39882
2
0
1832415037
4
0
39883
2
0
1832416061
4
0
39884
2
0
1832417085
4
0
39885
2
0
1832398909
4
0
39886
2
0
1832399933
4
0
39887
2
0
1832400957
4
0
39888
2
0
1832468797
4
0
39889
2
0
1832469821
4
0
39890
2
0
1832470845
4
0
39891
2
0
1832471869
4
0
39892
2
0
1832472893
4
0
39893
2
0
1832473917
4
0
39894
2
0
1832474941
4
0
39895
2
0
1832477501
4
0
39896
2
0
1832478525
4
0
39897
2
0
1832479549
4
0
39898
2
0
1832480573
4
0
39899
2
0
1832481597
4
0
39900
2
0
1832482621
4
0
39901
2
0
1832464445
4
0
39902
2
0
1832465469
4
0
39903
2
0
1832466493
4
0
39904
2
0
1831551293
4
0
39905
2
0
1831552317
4
0
39906
2
0
1831553341
4
0
39907
2
0
1831554365
4
0
39908
2
0
1831555389
4
0
39909
2
0
1831556413
4
0
39910
2
0
1831557437
4
0
39911
2
0
1831559997
4
0
39912
2
0
1831561021
4
0
39913
2
0
1831562045
4
0
39914
2
0
1831563069
4
0
39915
2
0
1831564093
4
0
39916
2
0
1831565117
4
0
39917
2
0
1831546941
4
0
39918
2
0
1831547965
4
0
39919
2
0
1831548989
4
0
39920
2
0
1831813437
4
0
39921
2
0
1831814461
4
0
39922
2
0
1831815485
4
0
39923
2
0
1831816509
4
0
39924
2
0
1831817533
4
0
39925
2
0
1831818557
4
0
39926
2
0
1831819581
4
0
39927
2
0
1831822141
4
0
39928
2
0
1831823165
4
0
39929
2
0
1831824189
4
0
39930
2
0
1831825213
4
0
39931
2
0
1831826237
4
0
39932
2
0
1831827261
4
0
39933
2
0
1831809085
4
0
39934
2
0
1831810109
4
0
39935
2
0
1831811133
4
