1024
0
36864
2
0
1799438653
4
0
36865
2
0
1799439677
4
0
36866
2
0
1799440701
4
0
36867
2
0
1799441725
4
0
36868
2
0
1799442749
4
0
36869
2
0
1799443773
4
0
36870
2
0
1799444797
4
0
36871
2
0
1799447357
4
0
36872
2
0
1799448381
4
0
36873
2
0
1799449405
4
0
36874
2
0
1799450429
4
0
36875
2
0
1799451453
4
0
36876
2
0
1799452477
4
0
36877
2
0
1799434301
4
0
36878
2
0
1799435325
4
0
36879
2
0
1799436349
4
0
36880
2
0
1799504189
4
0
36881
2
0
1799505213
4
0
36882
2
0
1799506237
4
0
36883
2
0
1799507261
4
0
36884
2
0
1799508285
4
0
36885
2
0
1799509309
4
0
36886
2
0
1799510333
4
0
36887
2
0
1799512893
4
0
36888
2
0
1799513917
4
0
36889
2
0
1799514941
4
0
36890
2
0
1799515965
4
0
36891
2
0
1799516989
4
0
36892
2
0
1799518013
4
0
36893
2
0
1799499837
4
0
36894
2
0
1799500861
4
0
36895
2
0
1799501885
4
0
36896
2
0
1799569725
4
0
36897
2
0
1799570749
4
0
36898
2
0
1799571773
4
0
36899
2
0
1799572797
4
0
36900
2
0
1799573821
4
0
36901
2
0
1799574845
4
0
36902
2
0
1799575869
4
0
36903
2
0
1799578429
4
0
36904
2
0
1799579453
4
0
36905
2
0
1799580477
4
0
36906
2
0
1799581501
4
0
36907
2
0
1799582525
4
0
36908
2
0
1799583549
4
0
36909
2
0
1799565373
4
0
36910
2
0
1799566397
4
0
36911
2
0
1799567421
4
0
36912
2
0
1799635261
4
0
36913
2
0
1799636285
4
0
36914
2
0
1799637309
4
0
36915
2
0
1799638333
4
0
36916
2
0
1799639357
4
0
36917
2
0
1799640381
4
0
36918
2
0
1799641405
4
0
36919
2
0
1799643965
4
0
36920
2
0
1799644989
4
0
36921
2
0
1799646013
4
0
36922
2
0
1799647037
4
0
36923
2
0
1799648061
4
0
36924
2
0
1799649085
4
0
36925
2
0
1799630909
4
0
36926
2
0
1799631933
4
0
36927
2
0
1799632957
4
0
36928
2
0
1799700797
4
0
36929
2
0
1799701821
4
0
36930
2
0
1799702845
4
0
36931
2
0
1799703869
4
0
36932
2
0
1799704893
4
0
36933
2
0
1799705917
4
0
36934
2
0
1799706941
4
0
36935
2
0
1799709501
4
0
36936
2
0
1799710525
4
0
36937
2
0
1799711549
4
0
36938
2
0
1799712573
4
0
36939
2
0
1799713597
4
0
36940
2
0
1799714621
4
0
36941
2
0
1799696445
4
0
36942
2
0
1799697469
4
0
36943
2
0
1799698493
4
0
36944
2
0
1799766333
4
0
36945
2
0
1799767357
4
0
36946
2
0
1799768381
4
0
36947
2
0
1799769405
4
0
36948
2
0
1799770429
4
0
36949
2
0
1799771453
4
0
36950
2
0
1799772477
4
0
36951
2
0
1799775037
4
0
36952
2
0
1799776061
4
0
36953
2
0
1799777085
4
0
36954
2
0
1799778109
4
0
36955
2
0
1799779133
4
0
36956
2
0
1799780157
4
0
36957
2
0
1799761981
4
0
36958
2
0
1799763005
4
0
36959
2
0
1799764029
4
0
36960
2
0
1799831869
4
0
36961
2
0
1799832893
4
0
36962
2
0
1799833917
4
0
36963
2
0
1799834941
4
0
36964
2
0
1799835965
4
0
36965
2
0
1799836989
4
0
36966
2
0
1799838013
4
0
36967
2
0
1799840573
4
0
36968
2
0
1799841597
4
0
36969
2
0
1799842621
4
0
36970
2
0
1799843645
4
0
36971
2
0
1799844669
4
0
36972
2
0
1799845693
4
0
36973
2
0
1799827517
4
0
36974
2
0
1799828541
4
0
36975
2
0
1799829565
4
0
36976
2
0
1799897405
4
0
36977
2
0
1799898429
4
0
36978
2
0
1799899453
4
0
36979
2
0
1799900477
4
0
36980
2
0
1799901501
4
0
36981
2
0
1799902525
4
0
36982
2
0
1799903549
4
0
36983
2
0
1799906109
4
0
36984
2
0
1799907133
4
0
36985
2
0
1799908157
4
0
36986
2
0
1799909181
4
0
36987
2
0
1799910205
4
0
36988
2
0
1799911229
4
0
36989
2
0
1799893053
4
0
36990
2
0
1799894077
4
0
36991
2
0
1799895101
4
0
36992
2
0
1799962941
4
0
36993
2
0
1799963965
4
0
36994
2
0
1799964989
4
0
36995
2
0
1799966013
4
0
36996
2
0
1799967037
4
0
36997
2
0
1799968061
4
0
36998
2
0
1799969085
4
0
36999
2
0
1799971645
4
0
37000
2
0
1799972669
4
0
37001
2
0
1799973693
4
0
37002
2
0
1799974717
4
0
37003
2
0
1799975741
4
0
37004
2
0
1799976765
4
0
37005
2
0
1799958589
4
0
37006
2
0
1799959613
4
0
37007
2
0
1799960637
4
0
37008
2
0
1800028477
4
0
37009
2
0
1800029501
4
0
37010
2
0
1800030525
4
0
37011
2
0
1800031549
4
0
37012
2
0
1800032573
4
0
37013
2
0
1800033597
4
0
37014
2
0
1800034621
4
0
37015
2
0
1800037181
4
0
37016
2
0
1800038205
4
0
37017
2
0
1800039229
4
0
37018
2
0
1800040253
4
0
37019
2
0
1800041277
4
0
37020
2
0
1800042301
4
0
37021
2
0
1800024125
4
0
37022
2
0
1800025149
4
0
37023
2
0
1800026173
4
0
37024
2
0
1800094013
4
0
37025
2
0
1800095037
4
0
37026
2
0
1800096061
4
0
37027
2
0
1800097085
4
0
37028
2
0
1800098109
4
0
37029
2
0
1800099133
4
0
37030
2
0
1800100157
4
0
37031
2
0
1800102717
4
0
37032
2
0
1800103741
4
0
37033
2
0
1800104765
4
0
37034
2
0
1800105789
4
0
37035
2
0
1800106813
4
0
37036
2
0
1800107837
4
0
37037
2
0
1800089661
4
0
37038
2
0
1800090685
4
0
37039
2
0
1800091709
4
0
37040
2
0
1800159549
4
0
37041
2
0
1800160573
4
0
37042
2
0
1800161597
4
0
37043
2
0
1800162621
4
0
37044
2
0
1800163645
4
0
37045
2
0
1800164669
4
0
37046
2
0
1800165693
4
0
37047
2
0
1800168253
4
0
37048
2
0
1800169277
4
0
37049
2
0
1800170301
4
0
37050
2
0
1800171325
4
0
37051
2
0
1800172349
4
0
37052
2
0
1800173373
4
0
37053
2
0
1800155197
4
0
37054
2
0
1800156221
4
0
37055
2
0
1800157245
4
0
37056
2
0
1800225085
4
0
37057
2
0
1800226109
4
0
37058
2
0
1800227133
4
0
37059
2
0
1800228157
4
0
37060
2
0
1800229181
4
0
37061
2
0
1800230205
4
0
37062
2
0
1800231229
4
0
37063
2
0
1800233789
4
0
37064
2
0
1800234813
4
0
37065
2
0
1800235837
4
0
37066
2
0
1800236861
4
0
37067
2
0
1800237885
4
0
37068
2
0
1800238909
4
0
37069
2
0
1800220733
4
0
37070
2
0
1800221757
4
0
37071
2
0
1800222781
4
0
37072
2
0
1800290621
4
0
37073
2
0
1800291645
4
0
37074
2
0
1800292669
4
0
37075
2
0
1800293693
4
0
37076
2
0
1800294717
4
0
37077
2
0
1800295741
4
0
37078
2
0
1800296765
4
0
37079
2
0
1800299325
4
0
37080
2
0
1800300349
4
0
37081
2
0
1800301373
4
0
37082
2
0
1800302397
4
0
37083
2
0
1800303421
4
0
37084
2
0
1800304445
4
0
37085
2
0
1800286269
4
0
37086
2
0
1800287293
4
0
37087
2
0
1800288317
4
0
37088
2
0
1800356157
4
0
37089
2
0
1800357181
4
0
37090
2
0
1800358205
4
0
37091
2
0
1800359229
4
0
37092
2
0
1800360253
4
0
37093
2
0
1800361277
4
0
37094
2
0
1800362301
4
0
37095
2
0
1800364861
4
0
37096
2
0
1800365885
4
0
37097
2
0
1800366909
4
0
37098
2
0
1800367933
4
0
37099
2
0
1800368957
4
0
37100
2
0
1800369981
4
0
37101
2
0
1800351805
4
0
37102
2
0
1800352829
4
0
37103
2
0
1800353853
4
0
37104
2
0
1800421693
4
0
37105
2
0
1800422717
4
0
37106
2
0
1800423741
4
0
37107
2
0
1800424765
4
0
37108
2
0
1800425789
4
0
37109
2
0
1800426813
4
0
37110
2
0
1800427837
4
0
37111
2
0
1800430397
4
0
37112
2
0
1800431421
4
0
37113
2
0
1800432445
4
0
37114
2
0
1800433469
4
0
37115
2
0
1800434493
4
0
37116
2
0
1800435517
4
0
37117
2
0
1800417341
4
0
37118
2
0
1800418365
4
0
37119
2
0
1800419389
4
0
37120
2
0
1800487229
4
0
37121
2
0
1800488253
4
0
37122
2
0
1800489277
4
0
37123
2
0
1800490301
4
0
37124
2
0
1800491325
4
0
37125
2
0
1800492349
4
0
37126
2
0
1800493373
4
0
37127
2
0
1800495933
4
0
37128
2
0
1800496957
4
0
37129
2
0
1800497981
4
0
37130
2
0
1800499005
4
0
37131
2
0
1800500029
4
0
37132
2
0
1800501053
4
0
37133
2
0
1800482877
4
0
37134
2
0
1800483901
4
0
37135
2
0
1800484925
4
0
37136
2
0
1800552765
4
0
37137
2
0
1800553789
4
0
37138
2
0
1800554813
4
0
37139
2
0
1800555837
4
0
37140
2
0
1800556861
4
0
37141
2
0
1800557885
4
0
37142
2
0
1800558909
4
0
37143
2
0
1800561469
4
0
37144
2
0
1800562493
4
0
37145
2
0
1800563517
4
0
37146
2
0
1800564541
4
0
37147
2
0
1800565565
4
0
37148
2
0
1800566589
4
0
37149
2
0
1800548413
4
0
37150
2
0
1800549437
4
0
37151
2
0
1800550461
4
0
37152
2
0
1800618301
4
0
37153
2
0
1800619325
4
0
37154
2
0
1800620349
4
0
37155
2
0
1800621373
4
0
37156
2
0
1800622397
4
0
37157
2
0
1800623421
4
0
37158
2
0
1800624445
4
0
37159
2
0
1800627005
4
0
37160
2
0
1800628029
4
0
37161
2
0
1800629053
4
0
37162
2
0
1800630077
4
0
37163
2
0
1800631101
4
0
37164
2
0
1800632125
4
0
37165
2
0
1800613949
4
0
37166
2
0
1800614973
4
0
37167
2
0
1800615997
4
0
37168
2
0
1800683837
4
0
37169
2
0
1800684861
4
0
37170
2
0
1800685885
4
0
37171
2
0
1800686909
4
0
37172
2
0
1800687933
4
0
37173
2
0
1800688957
4
0
37174
2
0
1800689981
4
0
37175
2
0
1800692541
4
0
37176
2
0
1800693565
4
0
37177
2
0
1800694589
4
0
37178
2
0
1800695613
4
0
37179
2
0
1800696637
4
0
37180
2
0
1800697661
4
0
37181
2
0
1800679485
4
0
37182
2
0
1800680509
4
0
37183
2
0
1800681533
4
0
37184
2
0
1800749373
4
0
37185
2
0
1800750397
4
0
37186
2
0
1800751421
4
0
37187
2
0
1800752445
4
0
37188
2
0
1800753469
4
0
37189
2
0
1800754493
4
0
37190
2
0
1800755517
4
0
37191
2
0
1800758077
4
0
37192
2
0
1800759101
4
0
37193
2
0
1800760125
4
0
37194
2
0
1800761149
4
0
37195
2
0
1800762173
4
0
37196
2
0
1800763197
4
0
37197
2
0
1800745021
4
0
37198
2
0
1800746045
4
0
37199
2
0
1800747069
4
0
37200
2
0
1800814909
4
0
37201
2
0
1800815933
4
0
37202
2
0
1800816957
4
0
37203
2
0
1800817981
4
0
37204
2
0
1800819005
4
0
37205
2
0
1800820029
4
0
37206
2
0
1800821053
4
0
37207
2
0
1800823613
4
0
37208
2
0
1800824637
4
0
37209
2
0
1800825661
4
0
37210
2
0
1800826685
4
0
37211
2
0
1800827709
4
0
37212
2
0
1800828733
4
0
37213
2
0
1800810557
4
0
37214
2
0
1800811581
4
0
37215
2
0
1800812605
4
0
37216
2
0
1800880445
4
0
37217
2
0
1800881469
4
0
37218
2
0
1800882493
4
0
37219
2
0
1800883517
4
0
37220
2
0
1800884541
4
0
37221
2
0
1800885565
4
0
37222
2
0
1800886589
4
0
37223
2
0
1800889149
4
0
37224
2
0
1800890173
4
0
37225
2
0
1800891197
4
0
37226
2
0
1800892221
4
0
37227
2
0
1800893245
4
0
37228
2
0
1800894269
4
0
37229
2
0
1800876093
4
0
37230
2
0
1800877117
4
0
37231
2
0
1800878141
4
0
37232
2
0
1800945981
4
0
37233
2
0
1800947005
4
0
37234
2
0
1800948029
4
0
37235
2
0
1800949053
4
0
37236
2
0
1800950077
4
0
37237
2
0
1800951101
4
0
37238
2
0
1800952125
4
0
37239
2
0
1800954685
4
0
37240
2
0
1800955709
4
0
37241
2
0
1800956733
4
0
37242
2
0
1800957757
4
0
37243
2
0
1800958781
4
0
37244
2
0
1800959805
4
0
37245
2
0
1800941629
4
0
37246
2
0
1800942653
4
0
37247
2
0
1800943677
4
0
37248
2
0
1801011517
4
0
37249
2
0
1801012541
4
0
37250
2
0
1801013565
4
0
37251
2
0
1801014589
4
0
37252
2
0
1801015613
4
0
37253
2
0
1801016637
4
0
37254
2
0
1801017661
4
0
37255
2
0
1801020221
4
0
37256
2
0
1801021245
4
0
37257
2
0
1801022269
4
0
37258
2
0
1801023293
4
0
37259
2
0
1801024317
4
0
37260
2
0
1801025341
4
0
37261
2
0
1801007165
4
0
37262
2
0
1801008189
4
0
37263
2
0
1801009213
4
0
37264
2
0
1801077053
4
0
37265
2
0
1801078077
4
0
37266
2
0
1801079101
4
0
37267
2
0
1801080125
4
0
37268
2
0
1801081149
4
0
37269
2
0
1801082173
4
0
37270
2
0
1801083197
4
0
37271
2
0
1801085757
4
0
37272
2
0
1801086781
4
0
37273
2
0
1801087805
4
0
37274
2
0
1801088829
4
0
37275
2
0
1801089853
4
0
37276
2
0
1801090877
4
0
37277
2
0
1801072701
4
0
37278
2
0
1801073725
4
0
37279
2
0
1801074749
4
0
37280
2
0
1801535805
4
0
37281
2
0
1801536829
4
0
37282
2
0
1801537853
4
0
37283
2
0
1801538877
4
0
37284
2
0
1801539901
4
0
37285
2
0
1801540925
4
0
37286
2
0
1801541949
4
0
37287
2
0
1801544509
4
0
37288
2
0
1801545533
4
0
37289
2
0
1801546557
4
0
37290
2
0
1801547581
4
0
37291
2
0
1801548605
4
0
37292
2
0
1801549629
4
0
37293
2
0
1801531453
4
0
37294
2
0
1801532477
4
0
37295
2
0
1801533501
4
0
37296
2
0
1801601341
4
0
37297
2
0
1801602365
4
0
37298
2
0
1801603389
4
0
37299
2
0
1801604413
4
0
37300
2
0
1801605437
4
0
37301
2
0
1801606461
4
0
37302
2
0
1801607485
4
0
37303
2
0
1801610045
4
0
37304
2
0
1801611069
4
0
37305
2
0
1801612093
4
0
37306
2
0
1801613117
4
0
37307
2
0
1801614141
4
0
37308
2
0
1801615165
4
0
37309
2
0
1801596989
4
0
37310
2
0
1801598013
4
0
37311
2
0
1801599037
4
0
37312
2
0
1801666877
4
0
37313
2
0
1801667901
4
0
37314
2
0
1801668925
4
0
37315
2
0
1801669949
4
0
37316
2
0
1801670973
4
0
37317
2
0
1801671997
4
0
37318
2
0
1801673021
4
0
37319
2
0
1801675581
4
0
37320
2
0
1801676605
4
0
37321
2
0
1801677629
4
0
37322
2
0
1801678653
4
0
37323
2
0
1801679677
4
0
37324
2
0
1801680701
4
0
37325
2
0
1801662525
4
0
37326
2
0
1801663549
4
0
37327
2
0
1801664573
4
0
37328
2
0
1801732413
4
0
37329
2
0
1801733437
4
0
37330
2
0
1801734461
4
0
37331
2
0
1801735485
4
0
37332
2
0
1801736509
4
0
37333
2
0
1801737533
4
0
37334
2
0
1801738557
4
0
37335
2
0
1801741117
4
0
37336
2
0
1801742141
4
0
37337
2
0
1801743165
4
0
37338
2
0
1801744189
4
0
37339
2
0
1801745213
4
0
37340
2
0
1801746237
4
0
37341
2
0
1801728061
4
0
37342
2
0
1801729085
4
0
37343
2
0
1801730109
4
0
37344
2
0
1801797949
4
0
37345
2
0
1801798973
4
0
37346
2
0
1801799997
4
0
37347
2
0
1801801021
4
0
37348
2
0
1801802045
4
0
37349
2
0
1801803069
4
0
37350
2
0
1801804093
4
0
37351
2
0
1801806653
4
0
37352
2
0
1801807677
4
0
37353
2
0
1801808701
4
0
37354
2
0
1801809725
4
0
37355
2
0
1801810749
4
0
37356
2
0
1801811773
4
0
37357
2
0
1801793597
4
0
37358
2
0
1801794621
4
0
37359
2
0
1801795645
4
0
37360
2
0
1801863485
4
0
37361
2
0
1801864509
4
0
37362
2
0
1801865533
4
0
37363
2
0
1801866557
4
0
37364
2
0
1801867581
4
0
37365
2
0
1801868605
4
0
37366
2
0
1801869629
4
0
37367
2
0
1801872189
4
0
37368
2
0
1801873213
4
0
37369
2
0
1801874237
4
0
37370
2
0
1801875261
4
0
37371
2
0
1801876285
4
0
37372
2
0
1801877309
4
0
37373
2
0
1801859133
4
0
37374
2
0
1801860157
4
0
37375
2
0
1801861181
4
0
37376
2
0
1801929021
4
0
37377
2
0
1801930045
4
0
37378
2
0
1801931069
4
0
37379
2
0
1801932093
4
0
37380
2
0
1801933117
4
0
37381
2
0
1801934141
4
0
37382
2
0
1801935165
4
0
37383
2
0
1801937725
4
0
37384
2
0
1801938749
4
0
37385
2
0
1801939773
4
0
37386
2
0
1801940797
4
0
37387
2
0
1801941821
4
0
37388
2
0
1801942845
4
0
37389
2
0
1801924669
4
0
37390
2
0
1801925693
4
0
37391
2
0
1801926717
4
0
37392
2
0
1801994557
4
0
37393
2
0
1801995581
4
0
37394
2
0
1801996605
4
0
37395
2
0
1801997629
4
0
37396
2
0
1801998653
4
0
37397
2
0
1801999677
4
0
37398
2
0
1802000701
4
0
37399
2
0
1802003261
4
0
37400
2
0
1802004285
4
0
37401
2
0
1802005309
4
0
37402
2
0
1802006333
4
0
37403
2
0
1802007357
4
0
37404
2
0
1802008381
4
0
37405
2
0
1801990205
4
0
37406
2
0
1801991229
4
0
37407
2
0
1801992253
4
0
37408
2
0
1802060093
4
0
37409
2
0
1802061117
4
0
37410
2
0
1802062141
4
0
37411
2
0
1802063165
4
0
37412
2
0
1802064189
4
0
37413
2
0
1802065213
4
0
37414
2
0
1802066237
4
0
37415
2
0
1802068797
4
0
37416
2
0
1802069821
4
0
37417
2
0
1802070845
4
0
37418
2
0
1802071869
4
0
37419
2
0
1802072893
4
0
37420
2
0
1802073917
4
0
37421
2
0
1802055741
4
0
37422
2
0
1802056765
4
0
37423
2
0
1802057789
4
0
37424
2
0
1802125629
4
0
37425
2
0
1802126653
4
0
37426
2
0
1802127677
4
0
37427
2
0
1802128701
4
0
37428
2
0
1802129725
4
0
37429
2
0
1802130749
4
0
37430
2
0
1802131773
4
0
37431
2
0
1802134333
4
0
37432
2
0
1802135357
4
0
37433
2
0
1802136381
4
0
37434
2
0
1802137405
4
0
37435
2
0
1802138429
4
0
37436
2
0
1802139453
4
0
37437
2
0
1802121277
4
0
37438
2
0
1802122301
4
0
37439
2
0
1802123325
4
0
37440
2
0
1802191165
4
0
37441
2
0
1802192189
4
0
37442
2
0
1802193213
4
0
37443
2
0
1802194237
4
0
37444
2
0
1802195261
4
0
37445
2
0
1802196285
4
0
37446
2
0
1802197309
4
0
37447
2
0
1802199869
4
0
37448
2
0
1802200893
4
0
37449
2
0
1802201917
4
0
37450
2
0
1802202941
4
0
37451
2
0
1802203965
4
0
37452
2
0
1802204989
4
0
37453
2
0
1802186813
4
0
37454
2
0
1802187837
4
0
37455
2
0
1802188861
4
0
37456
2
0
1802256701
4
0
37457
2
0
1802257725
4
0
37458
2
0
1802258749
4
0
37459
2
0
1802259773
4
0
37460
2
0
1802260797
4
0
37461
2
0
1802261821
4
0
37462
2
0
1802262845
4
0
37463
2
0
1802265405
4
0
37464
2
0
1802266429
4
0
37465
2
0
1802267453
4
0
37466
2
0
1802268477
4
0
37467
2
0
1802269501
4
0
37468
2
0
1802270525
4
0
37469
2
0
1802252349
4
0
37470
2
0
1802253373
4
0
37471
2
0
1802254397
4
0
37472
2
0
1802322237
4
0
37473
2
0
1802323261
4
0
37474
2
0
1802324285
4
0
37475
2
0
1802325309
4
0
37476
2
0
1802326333
4
0
37477
2
0
1802327357
4
0
37478
2
0
1802328381
4
0
37479
2
0
1802330941
4
0
37480
2
0
1802331965
4
0
37481
2
0
1802332989
4
0
37482
2
0
1802334013
4
0
37483
2
0
1802335037
4
0
37484
2
0
1802336061
4
0
37485
2
0
1802317885
4
0
37486
2
0
1802318909
4
0
37487
2
0
1802319933
4
0
37488
2
0
1802387773
4
0
37489
2
0
1802388797
4
0
37490
2
0
1802389821
4
0
37491
2
0
1802390845
4
0
37492
2
0
1802391869
4
0
37493
2
0
1802392893
4
0
37494
2
0
1802393917
4
0
37495
2
0
1802396477
4
0
37496
2
0
1802397501
4
0
37497
2
0
1802398525
4
0
37498
2
0
1802399549
4
0
37499
2
0
1802400573
4
0
37500
2
0
1802401597
4
0
37501
2
0
1802383421
4
0
37502
2
0
1802384445
4
0
37503
2
0
1802385469
4
0
37504
2
0
1802453309
4
0
37505
2
0
1802454333
4
0
37506
2
0
1802455357
4
0
37507
2
0
1802456381
4
0
37508
2
0
1802457405
4
0
37509
2
0
1802458429
4
0
37510
2
0
1802459453
4
0
37511
2
0
1802462013
4
0
37512
2
0
1802463037
4
0
37513
2
0
1802464061
4
0
37514
2
0
1802465085
4
0
37515
2
0
1802466109
4
0
37516
2
0
1802467133
4
0
37517
2
0
1802448957
4
0
37518
2
0
1802449981
4
0
37519
2
0
1802451005
4
0
37520
2
0
1802518845
4
0
37521
2
0
1802519869
4
0
37522
2
0
1802520893
4
0
37523
2
0
1802521917
4
0
37524
2
0
1802522941
4
0
37525
2
0
1802523965
4
0
37526
2
0
1802524989
4
0
37527
2
0
1802527549
4
0
37528
2
0
1802528573
4
0
37529
2
0
1802529597
4
0
37530
2
0
1802530621
4
0
37531
2
0
1802531645
4
0
37532
2
0
1802532669
4
0
37533
2
0
1802514493
4
0
37534
2
0
1802515517
4
0
37535
2
0
1802516541
4
0
37536
2
0
1802584381
4
0
37537
2
0
1802585405
4
0
37538
2
0
1802586429
4
0
37539
2
0
1802587453
4
0
37540
2
0
1802588477
4
0
37541
2
0
1802589501
4
0
37542
2
0
1802590525
4
0
37543
2
0
1802593085
4
0
37544
2
0
1802594109
4
0
37545
2
0
1802595133
4
0
37546
2
0
1802596157
4
0
37547
2
0
1802597181
4
0
37548
2
0
1802598205
4
0
37549
2
0
1802580029
4
0
37550
2
0
1802581053
4
0
37551
2
0
1802582077
4
0
37552
2
0
1802649917
4
0
37553
2
0
1802650941
4
0
37554
2
0
1802651965
4
0
37555
2
0
1802652989
4
0
37556
2
0
1802654013
4
0
37557
2
0
1802655037
4
0
37558
2
0
1802656061
4
0
37559
2
0
1802658621
4
0
37560
2
0
1802659645
4
0
37561
2
0
1802660669
4
0
37562
2
0
1802661693
4
0
37563
2
0
1802662717
4
0
37564
2
0
1802663741
4
0
37565
2
0
1802645565
4
0
37566
2
0
1802646589
4
0
37567
2
0
1802647613
4
0
37568
2
0
1802715453
4
0
37569
2
0
1802716477
4
0
37570
2
0
1802717501
4
0
37571
2
0
1802718525
4
0
37572
2
0
1802719549
4
0
37573
2
0
1802720573
4
0
37574
2
0
1802721597
4
0
37575
2
0
1802724157
4
0
37576
2
0
1802725181
4
0
37577
2
0
1802726205
4
0
37578
2
0
1802727229
4
0
37579
2
0
1802728253
4
0
37580
2
0
1802729277
4
0
37581
2
0
1802711101
4
0
37582
2
0
1802712125
4
0
37583
2
0
1802713149
4
0
37584
2
0
1802780989
4
0
37585
2
0
1802782013
4
0
37586
2
0
1802783037
4
0
37587
2
0
1802784061
4
0
37588
2
0
1802785085
4
0
37589
2
0
1802786109
4
0
37590
2
0
1802787133
4
0
37591
2
0
1802789693
4
0
37592
2
0
1802790717
4
0
37593
2
0
1802791741
4
0
37594
2
0
1802792765
4
0
37595
2
0
1802793789
4
0
37596
2
0
1802794813
4
0
37597
2
0
1802776637
4
0
37598
2
0
1802777661
4
0
37599
2
0
1802778685
4
0
37600
2
0
1802846525
4
0
37601
2
0
1802847549
4
0
37602
2
0
1802848573
4
0
37603
2
0
1802849597
4
0
37604
2
0
1802850621
4
0
37605
2
0
1802851645
4
0
37606
2
0
1802852669
4
0
37607
2
0
1802855229
4
0
37608
2
0
1802856253
4
0
37609
2
0
1802857277
4
0
37610
2
0
1802858301
4
0
37611
2
0
1802859325
4
0
37612
2
0
1802860349
4
0
37613
2
0
1802842173
4
0
37614
2
0
1802843197
4
0
37615
2
0
1802844221
4
0
37616
2
0
1802912061
4
0
37617
2
0
1802913085
4
0
37618
2
0
1802914109
4
0
37619
2
0
1802915133
4
0
37620
2
0
1802916157
4
0
37621
2
0
1802917181
4
0
37622
2
0
1802918205
4
0
37623
2
0
1802920765
4
0
37624
2
0
1802921789
4
0
37625
2
0
1802922813
4
0
37626
2
0
1802923837
4
0
37627
2
0
1802924861
4
0
37628
2
0
1802925885
4
0
37629
2
0
1802907709
4
0
37630
2
0
1802908733
4
0
37631
2
0
1802909757
4
0
37632
2
0
1802977597
4
0
37633
2
0
1802978621
4
0
37634
2
0
1802979645
4
0
37635
2
0
1802980669
4
0
37636
2
0
1802981693
4
0
37637
2
0
1802982717
4
0
37638
2
0
1802983741
4
0
37639
2
0
1802986301
4
0
37640
2
0
1802987325
4
0
37641
2
0
1802988349
4
0
37642
2
0
1802989373
4
0
37643
2
0
1802990397
4
0
37644
2
0
1802991421
4
0
37645
2
0
1802973245
4
0
37646
2
0
1802974269
4
0
37647
2
0
1802975293
4
0
37648
2
0
1803043133
4
0
37649
2
0
1803044157
4
0
37650
2
0
1803045181
4
0
37651
2
0
1803046205
4
0
37652
2
0
1803047229
4
0
37653
2
0
1803048253
4
0
37654
2
0
1803049277
4
0
37655
2
0
1803051837
4
0
37656
2
0
1803052861
4
0
37657
2
0
1803053885
4
0
37658
2
0
1803054909
4
0
37659
2
0
1803055933
4
0
37660
2
0
1803056957
4
0
37661
2
0
1803038781
4
0
37662
2
0
1803039805
4
0
37663
2
0
1803040829
4
0
37664
2
0
1803108669
4
0
37665
2
0
1803109693
4
0
37666
2
0
1803110717
4
0
37667
2
0
1803111741
4
0
37668
2
0
1803112765
4
0
37669
2
0
1803113789
4
0
37670
2
0
1803114813
4
0
37671
2
0
1803117373
4
0
37672
2
0
1803118397
4
0
37673
2
0
1803119421
4
0
37674
2
0
1803120445
4
0
37675
2
0
1803121469
4
0
37676
2
0
1803122493
4
0
37677
2
0
1803104317
4
0
37678
2
0
1803105341
4
0
37679
2
0
1803106365
4
0
37680
2
0
1803174205
4
0
37681
2
0
1803175229
4
0
37682
2
0
1803176253
4
0
37683
2
0
1803177277
4
0
37684
2
0
1803178301
4
0
37685
2
0
1803179325
4
0
37686
2
0
1803180349
4
0
37687
2
0
1803182909
4
0
37688
2
0
1803183933
4
0
37689
2
0
1803184957
4
0
37690
2
0
1803185981
4
0
37691
2
0
1803187005
4
0
37692
2
0
1803188029
4
0
37693
2
0
1803169853
4
0
37694
2
0
1803170877
4
0
37695
2
0
1803171901
4
0
37696
2
0
1798324541
4
0
37697
2
0
1798325565
4
0
37698
2
0
1798326589
4
0
37699
2
0
1798327613
4
0
37700
2
0
1798328637
4
0
37701
2
0
1798329661
4
0
37702
2
0
1798330685
4
0
37703
2
0
1798333245
4
0
37704
2
0
1798334269
4
0
37705
2
0
1798335293
4
0
37706
2
0
1798336317
4
0
37707
2
0
1798337341
4
0
37708
2
0
1798338365
4
0
37709
2
0
1798320189
4
0
37710
2
0
1798321213
4
0
37711
2
0
1798322237
4
0
37712
2
0
1798390077
4
0
37713
2
0
1798391101
4
0
37714
2
0
1798392125
4
0
37715
2
0
1798393149
4
0
37716
2
0
1798394173
4
0
37717
2
0
1798395197
4
0
37718
2
0
1798396221
4
0
37719
2
0
1798398781
4
0
37720
2
0
1798399805
4
0
37721
2
0
1798400829
4
0
37722
2
0
1798401853
4
0
37723
2
0
1798402877
4
0
37724
2
0
1798403901
4
0
37725
2
0
1798385725
4
0
37726
2
0
1798386749
4
0
37727
2
0
1798387773
4
0
37728
2
0
1798455613
4
0
37729
2
0
1798456637
4
0
37730
2
0
1798457661
4
0
37731
2
0
1798458685
4
0
37732
2
0
1798459709
4
0
37733
2
0
1798460733
4
0
37734
2
0
1798461757
4
0
37735
2
0
1798464317
4
0
37736
2
0
1798465341
4
0
37737
2
0
1798466365
4
0
37738
2
0
1798467389
4
0
37739
2
0
1798468413
4
0
37740
2
0
1798469437
4
0
37741
2
0
1798451261
4
0
37742
2
0
1798452285
4
0
37743
2
0
1798453309
4
0
37744
2
0
1798521149
4
0
37745
2
0
1798522173
4
0
37746
2
0
1798523197
4
0
37747
2
0
1798524221
4
0
37748
2
0
1798525245
4
0
37749
2
0
1798526269
4
0
37750
2
0
1798527293
4
0
37751
2
0
1798529853
4
0
37752
2
0
1798530877
4
0
37753
2
0
1798531901
4
0
37754
2
0
1798532925
4
0
37755
2
0
1798533949
4
0
37756
2
0
1798534973
4
0
37757
2
0
1798516797
4
0
37758
2
0
1798517821
4
0
37759
2
0
1798518845
4
0
37760
2
0
1798586685
4
0
37761
2
0
1798587709
4
0
37762
2
0
1798588733
4
0
37763
2
0
1798589757
4
0
37764
2
0
1798590781
4
0
37765
2
0
1798591805
4
0
37766
2
0
1798592829
4
0
37767
2
0
1798595389
4
0
37768
2
0
1798596413
4
0
37769
2
0
1798597437
4
0
37770
2
0
1798598461
4
0
37771
2
0
1798599485
4
0
37772
2
0
1798600509
4
0
37773
2
0
1798582333
4
0
37774
2
0
1798583357
4
0
37775
2
0
1798584381
4
0
37776
2
0
1798652221
4
0
37777
2
0
1798653245
4
0
37778
2
0
1798654269
4
0
37779
2
0
1798655293
4
0
37780
2
0
1798656317
4
0
37781
2
0
1798657341
4
0
37782
2
0
1798658365
4
0
37783
2
0
1798660925
4
0
37784
2
0
1798661949
4
0
37785
2
0
1798662973
4
0
37786
2
0
1798663997
4
0
37787
2
0
1798665021
4
0
37788
2
0
1798666045
4
0
37789
2
0
1798647869
4
0
37790
2
0
1798648893
4
0
37791
2
0
1798649917
4
0
37792
2
0
1798717757
4
0
37793
2
0
1798718781
4
0
37794
2
0
1798719805
4
0
37795
2
0
1798720829
4
0
37796
2
0
1798721853
4
0
37797
2
0
1798722877
4
0
37798
2
0
1798723901
4
0
37799
2
0
1798726461
4
0
37800
2
0
1798727485
4
0
37801
2
0
1798728509
4
0
37802
2
0
1798729533
4
0
37803
2
0
1798730557
4
0
37804
2
0
1798731581
4
0
37805
2
0
1798713405
4
0
37806
2
0
1798714429
4
0
37807
2
0
1798715453
4
0
37808
2
0
1798783293
4
0
37809
2
0
1798784317
4
0
37810
2
0
1798785341
4
0
37811
2
0
1798786365
4
0
37812
2
0
1798787389
4
0
37813
2
0
1798788413
4
0
37814
2
0
1798789437
4
0
37815
2
0
1798791997
4
0
37816
2
0
1798793021
4
0
37817
2
0
1798794045
4
0
37818
2
0
1798795069
4
0
37819
2
0
1798796093
4
0
37820
2
0
1798797117
4
0
37821
2
0
1798778941
4
0
37822
2
0
1798779965
4
0
37823
2
0
1798780989
4
0
37824
2
0
1798848829
4
0
37825
2
0
1798849853
4
0
37826
2
0
1798850877
4
0
37827
2
0
1798851901
4
0
37828
2
0
1798852925
4
0
37829
2
0
1798853949
4
0
37830
2
0
1798854973
4
0
37831
2
0
1798857533
4
0
37832
2
0
1798858557
4
0
37833
2
0
1798859581
4
0
37834
2
0
1798860605
4
0
37835
2
0
1798861629
4
0
37836
2
0
1798862653
4
0
37837
2
0
1798844477
4
0
37838
2
0
1798845501
4
0
37839
2
0
1798846525
4
0
37840
2
0
1798914365
4
0
37841
2
0
1798915389
4
0
37842
2
0
1798916413
4
0
37843
2
0
1798917437
4
0
37844
2
0
1798918461
4
0
37845
2
0
1798919485
4
0
37846
2
0
1798920509
4
0
37847
2
0
1798923069
4
0
37848
2
0
1798924093
4
0
37849
2
0
1798925117
4
0
37850
2
0
1798926141
4
0
37851
2
0
1798927165
4
0
37852
2
0
1798928189
4
0
37853
2
0
1798910013
4
0
37854
2
0
1798911037
4
0
37855
2
0
1798912061
4
0
37856
2
0
1797996861
4
0
37857
2
0
1797997885
4
0
37858
2
0
1797998909
4
0
37859
2
0
1797999933
4
0
37860
2
0
1798000957
4
0
37861
2
0
1798001981
4
0
37862
2
0
1798003005
4
0
37863
2
0
1798005565
4
0
37864
2
0
1798006589
4
0
37865
2
0
1798007613
4
0
37866
2
0
1798008637
4
0
37867
2
0
1798009661
4
0
37868
2
0
1798010685
4
0
37869
2
0
1797992509
4
0
37870
2
0
1797993533
4
0
37871
2
0
1797994557
4
0
37872
2
0
1798259005
4
0
37873
2
0
1798260029
4
0
37874
2
0
1798261053
4
0
37875
2
0
1798262077
4
0
37876
2
0
1798263101
4
0
37877
2
0
1798264125
4
0
37878
2
0
1798265149
4
0
37879
2
0
1798267709
4
0
37880
2
0
1798268733
4
0
37881
2
0
1798269757
4
0
37882
2
0
1798270781
4
0
37883
2
0
1798271805
4
0
37884
2
0
1798272829
4
0
37885
2
0
1798254653
4
0
37886
2
0
1798255677
4
0
37887
2
0
1798256701
4
