1024
0
52224
2
0
2051096893
4
0
52225
2
0
2051097917
4
0
52226
2
0
2051098941
4
0
52227
2
0
2051099965
4
0
52228
2
0
2051100989
4
0
52229
2
0
2051102013
4
0
52230
2
0
2051103037
4
0
52231
2
0
2051105597
4
0
52232
2
0
2051106621
4
0
52233
2
0
2051107645
4
0
52234
2
0
2051108669
4
0
52235
2
0
2051109693
4
0
52236
2
0
2051110717
4
0
52237
2
0
2051092541
4
0
52238
2
0
2051093565
4
0
52239
2
0
2051094589
4
0
52240
2
0
2051162429
4
0
52241
2
0
2051163453
4
0
52242
2
0
2051164477
4
0
52243
2
0
2051165501
4
0
52244
2
0
2051166525
4
0
52245
2
0
2051167549
4
0
52246
2
0
2051168573
4
0
52247
2
0
2051171133
4
0
52248
2
0
2051172157
4
0
52249
2
0
2051173181
4
0
52250
2
0
2051174205
4
0
52251
2
0
2051175229
4
0
52252
2
0
2051176253
4
0
52253
2
0
2051158077
4
0
52254
2
0
2051159101
4
0
52255
2
0
2051160125
4
0
52256
2
0
2051227965
4
0
52257
2
0
2051228989
4
0
52258
2
0
2051230013
4
0
52259
2
0
2051231037
4
0
52260
2
0
2051232061
4
0
52261
2
0
2051233085
4
0
52262
2
0
2051234109
4
0
52263
2
0
2051236669
4
0
52264
2
0
2051237693
4
0
52265
2
0
2051238717
4
0
52266
2
0
2051239741
4
0
52267
2
0
2051240765
4
0
52268
2
0
2051241789
4
0
52269
2
0
2051223613
4
0
52270
2
0
2051224637
4
0
52271
2
0
2051225661
4
0
52272
2
0
2051293501
4
0
52273
2
0
2051294525
4
0
52274
2
0
2051295549
4
0
52275
2
0
2051296573
4
0
52276
2
0
2051297597
4
0
52277
2
0
2051298621
4
0
52278
2
0
2051299645
4
0
52279
2
0
2051302205
4
0
52280
2
0
2051303229
4
0
52281
2
0
2051304253
4
0
52282
2
0
2051305277
4
0
52283
2
0
2051306301
4
0
52284
2
0
2051307325
4
0
52285
2
0
2051289149
4
0
52286
2
0
2051290173
4
0
52287
2
0
2051291197
4
0
52288
2
0
2051359037
4
0
52289
2
0
2051360061
4
0
52290
2
0
2051361085
4
0
52291
2
0
2051362109
4
0
52292
2
0
2051363133
4
0
52293
2
0
2051364157
4
0
52294
2
0
2051365181
4
0
52295
2
0
2051367741
4
0
52296
2
0
2051368765
4
0
52297
2
0
2051369789
4
0
52298
2
0
2051370813
4
0
52299
2
0
2051371837
4
0
52300
2
0
2051372861
4
0
52301
2
0
2051354685
4
0
52302
2
0
2051355709
4
0
52303
2
0
2051356733
4
0
52304
2
0
2051424573
4
0
52305
2
0
2051425597
4
0
52306
2
0
2051426621
4
0
52307
2
0
2051427645
4
0
52308
2
0
2051428669
4
0
52309
2
0
2051429693
4
0
52310
2
0
2051430717
4
0
52311
2
0
2051433277
4
0
52312
2
0
2051434301
4
0
52313
2
0
2051435325
4
0
52314
2
0
2051436349
4
0
52315
2
0
2051437373
4
0
52316
2
0
2051438397
4
0
52317
2
0
2051420221
4
0
52318
2
0
2051421245
4
0
52319
2
0
2051422269
4
0
52320
2
0
2051490109
4
0
52321
2
0
2051491133
4
0
52322
2
0
2051492157
4
0
52323
2
0
2051493181
4
0
52324
2
0
2051494205
4
0
52325
2
0
2051495229
4
0
52326
2
0
2051496253
4
0
52327
2
0
2051498813
4
0
52328
2
0
2051499837
4
0
52329
2
0
2051500861
4
0
52330
2
0
2051501885
4
0
52331
2
0
2051502909
4
0
52332
2
0
2051503933
4
0
52333
2
0
2051485757
4
0
52334
2
0
2051486781
4
0
52335
2
0
2051487805
4
0
52336
2
0
2051555645
4
0
52337
2
0
2051556669
4
0
52338
2
0
2051557693
4
0
52339
2
0
2051558717
4
0
52340
2
0
2051559741
4
0
52341
2
0
2051560765
4
0
52342
2
0
2051561789
4
0
52343
2
0
2051564349
4
0
52344
2
0
2051565373
4
0
52345
2
0
2051566397
4
0
52346
2
0
2051567421
4
0
52347
2
0
2051568445
4
0
52348
2
0
2051569469
4
0
52349
2
0
2051551293
4
0
52350
2
0
2051552317
4
0
52351
2
0
2051553341
4
0
52352
2
0
2051621181
4
0
52353
2
0
2051622205
4
0
52354
2
0
2051623229
4
0
52355
2
0
2051624253
4
0
52356
2
0
2051625277
4
0
52357
2
0
2051626301
4
0
52358
2
0
2051627325
4
0
52359
2
0
2051629885
4
0
52360
2
0
2051630909
4
0
52361
2
0
2051631933
4
0
52362
2
0
2051632957
4
0
52363
2
0
2051633981
4
0
52364
2
0
2051635005
4
0
52365
2
0
2051616829
4
0
52366
2
0
2051617853
4
0
52367
2
0
2051618877
4
0
52368
2
0
2051686717
4
0
52369
2
0
2051687741
4
0
52370
2
0
2051688765
4
0
52371
2
0
2051689789
4
0
52372
2
0
2051690813
4
0
52373
2
0
2051691837
4
0
52374
2
0
2051692861
4
0
52375
2
0
2051695421
4
0
52376
2
0
2051696445
4
0
52377
2
0
2051697469
4
0
52378
2
0
2051698493
4
0
52379
2
0
2051699517
4
0
52380
2
0
2051700541
4
0
52381
2
0
2051682365
4
0
52382
2
0
2051683389
4
0
52383
2
0
2051684413
4
0
52384
2
0
2051752253
4
0
52385
2
0
2051753277
4
0
52386
2
0
2051754301
4
0
52387
2
0
2051755325
4
0
52388
2
0
2051756349
4
0
52389
2
0
2051757373
4
0
52390
2
0
2051758397
4
0
52391
2
0
2051760957
4
0
52392
2
0
2051761981
4
0
52393
2
0
2051763005
4
0
52394
2
0
2051764029
4
0
52395
2
0
2051765053
4
0
52396
2
0
2051766077
4
0
52397
2
0
2051747901
4
0
52398
2
0
2051748925
4
0
52399
2
0
2051749949
4
0
52400
2
0
2051817789
4
0
52401
2
0
2051818813
4
0
52402
2
0
2051819837
4
0
52403
2
0
2051820861
4
0
52404
2
0
2051821885
4
0
52405
2
0
2051822909
4
0
52406
2
0
2051823933
4
0
52407
2
0
2051826493
4
0
52408
2
0
2051827517
4
0
52409
2
0
2051828541
4
0
52410
2
0
2051829565
4
0
52411
2
0
2051830589
4
0
52412
2
0
2051831613
4
0
52413
2
0
2051813437
4
0
52414
2
0
2051814461
4
0
52415
2
0
2051815485
4
0
52416
2
0
2051883325
4
0
52417
2
0
2051884349
4
0
52418
2
0
2051885373
4
0
52419
2
0
2051886397
4
0
52420
2
0
2051887421
4
0
52421
2
0
2051888445
4
0
52422
2
0
2051889469
4
0
52423
2
0
2051892029
4
0
52424
2
0
2051893053
4
0
52425
2
0
2051894077
4
0
52426
2
0
2051895101
4
0
52427
2
0
2051896125
4
0
52428
2
0
2051897149
4
0
52429
2
0
2051878973
4
0
52430
2
0
2051879997
4
0
52431
2
0
2051881021
4
0
52432
2
0
2051948861
4
0
52433
2
0
2051949885
4
0
52434
2
0
2051950909
4
0
52435
2
0
2051951933
4
0
52436
2
0
2051952957
4
0
52437
2
0
2051953981
4
0
52438
2
0
2051955005
4
0
52439
2
0
2051957565
4
0
52440
2
0
2051958589
4
0
52441
2
0
2051959613
4
0
52442
2
0
2051960637
4
0
52443
2
0
2051961661
4
0
52444
2
0
2051962685
4
0
52445
2
0
2051944509
4
0
52446
2
0
2051945533
4
0
52447
2
0
2051946557
4
0
52448
2
0
2052014397
4
0
52449
2
0
2052015421
4
0
52450
2
0
2052016445
4
0
52451
2
0
2052017469
4
0
52452
2
0
2052018493
4
0
52453
2
0
2052019517
4
0
52454
2
0
2052020541
4
0
52455
2
0
2052023101
4
0
52456
2
0
2052024125
4
0
52457
2
0
2052025149
4
0
52458
2
0
2052026173
4
0
52459
2
0
2052027197
4
0
52460
2
0
2052028221
4
0
52461
2
0
2052010045
4
0
52462
2
0
2052011069
4
0
52463
2
0
2052012093
4
0
52464
2
0
2052079933
4
0
52465
2
0
2052080957
4
0
52466
2
0
2052081981
4
0
52467
2
0
2052083005
4
0
52468
2
0
2052084029
4
0
52469
2
0
2052085053
4
0
52470
2
0
2052086077
4
0
52471
2
0
2052088637
4
0
52472
2
0
2052089661
4
0
52473
2
0
2052090685
4
0
52474
2
0
2052091709
4
0
52475
2
0
2052092733
4
0
52476
2
0
2052093757
4
0
52477
2
0
2052075581
4
0
52478
2
0
2052076605
4
0
52479
2
0
2052077629
4
0
52480
2
0
2052145469
4
0
52481
2
0
2052146493
4
0
52482
2
0
2052147517
4
0
52483
2
0
2052148541
4
0
52484
2
0
2052149565
4
0
52485
2
0
2052150589
4
0
52486
2
0
2052151613
4
0
52487
2
0
2052154173
4
0
52488
2
0
2052155197
4
0
52489
2
0
2052156221
4
0
52490
2
0
2052157245
4
0
52491
2
0
2052158269
4
0
52492
2
0
2052159293
4
0
52493
2
0
2052141117
4
0
52494
2
0
2052142141
4
0
52495
2
0
2052143165
4
0
52496
2
0
2052211005
4
0
52497
2
0
2052212029
4
0
52498
2
0
2052213053
4
0
52499
2
0
2052214077
4
0
52500
2
0
2052215101
4
0
52501
2
0
2052216125
4
0
52502
2
0
2052217149
4
0
52503
2
0
2052219709
4
0
52504
2
0
2052220733
4
0
52505
2
0
2052221757
4
0
52506
2
0
2052222781
4
0
52507
2
0
2052223805
4
0
52508
2
0
2052224829
4
0
52509
2
0
2052206653
4
0
52510
2
0
2052207677
4
0
52511
2
0
2052208701
4
0
52512
2
0
2052276541
4
0
52513
2
0
2052277565
4
0
52514
2
0
2052278589
4
0
52515
2
0
2052279613
4
0
52516
2
0
2052280637
4
0
52517
2
0
2052281661
4
0
52518
2
0
2052282685
4
0
52519
2
0
2052285245
4
0
52520
2
0
2052286269
4
0
52521
2
0
2052287293
4
0
52522
2
0
2052288317
4
0
52523
2
0
2052289341
4
0
52524
2
0
2052290365
4
0
52525
2
0
2052272189
4
0
52526
2
0
2052273213
4
0
52527
2
0
2052274237
4
0
52528
2
0
2052342077
4
0
52529
2
0
2052343101
4
0
52530
2
0
2052344125
4
0
52531
2
0
2052345149
4
0
52532
2
0
2052346173
4
0
52533
2
0
2052347197
4
0
52534
2
0
2052348221
4
0
52535
2
0
2052350781
4
0
52536
2
0
2052351805
4
0
52537
2
0
2052352829
4
0
52538
2
0
2052353853
4
0
52539
2
0
2052354877
4
0
52540
2
0
2052355901
4
0
52541
2
0
2052337725
4
0
52542
2
0
2052338749
4
0
52543
2
0
2052339773
4
0
52544
2
0
2052407613
4
0
52545
2
0
2052408637
4
0
52546
2
0
2052409661
4
0
52547
2
0
2052410685
4
0
52548
2
0
2052411709
4
0
52549
2
0
2052412733
4
0
52550
2
0
2052413757
4
0
52551
2
0
2052416317
4
0
52552
2
0
2052417341
4
0
52553
2
0
2052418365
4
0
52554
2
0
2052419389
4
0
52555
2
0
2052420413
4
0
52556
2
0
2052421437
4
0
52557
2
0
2052403261
4
0
52558
2
0
2052404285
4
0
52559
2
0
2052405309
4
0
52560
2
0
2052473149
4
0
52561
2
0
2052474173
4
0
52562
2
0
2052475197
4
0
52563
2
0
2052476221
4
0
52564
2
0
2052477245
4
0
52565
2
0
2052478269
4
0
52566
2
0
2052479293
4
0
52567
2
0
2052481853
4
0
52568
2
0
2052482877
4
0
52569
2
0
2052483901
4
0
52570
2
0
2052484925
4
0
52571
2
0
2052485949
4
0
52572
2
0
2052486973
4
0
52573
2
0
2052468797
4
0
52574
2
0
2052469821
4
0
52575
2
0
2052470845
4
0
52576
2
0
2052538685
4
0
52577
2
0
2052539709
4
0
52578
2
0
2052540733
4
0
52579
2
0
2052541757
4
0
52580
2
0
2052542781
4
0
52581
2
0
2052543805
4
0
52582
2
0
2052544829
4
0
52583
2
0
2052547389
4
0
52584
2
0
2052548413
4
0
52585
2
0
2052549437
4
0
52586
2
0
2052550461
4
0
52587
2
0
2052551485
4
0
52588
2
0
2052552509
4
0
52589
2
0
2052534333
4
0
52590
2
0
2052535357
4
0
52591
2
0
2052536381
4
0
52592
2
0
2052604221
4
0
52593
2
0
2052605245
4
0
52594
2
0
2052606269
4
0
52595
2
0
2052607293
4
0
52596
2
0
2052608317
4
0
52597
2
0
2052609341
4
0
52598
2
0
2052610365
4
0
52599
2
0
2052612925
4
0
52600
2
0
2052613949
4
0
52601
2
0
2052614973
4
0
52602
2
0
2052615997
4
0
52603
2
0
2052617021
4
0
52604
2
0
2052618045
4
0
52605
2
0
2052599869
4
0
52606
2
0
2052600893
4
0
52607
2
0
2052601917
4
0
52608
2
0
2052669757
4
0
52609
2
0
2052670781
4
0
52610
2
0
2052671805
4
0
52611
2
0
2052672829
4
0
52612
2
0
2052673853
4
0
52613
2
0
2052674877
4
0
52614
2
0
2052675901
4
0
52615
2
0
2052678461
4
0
52616
2
0
2052679485
4
0
52617
2
0
2052680509
4
0
52618
2
0
2052681533
4
0
52619
2
0
2052682557
4
0
52620
2
0
2052683581
4
0
52621
2
0
2052665405
4
0
52622
2
0
2052666429
4
0
52623
2
0
2052667453
4
0
52624
2
0
2052735293
4
0
52625
2
0
2052736317
4
0
52626
2
0
2052737341
4
0
52627
2
0
2052738365
4
0
52628
2
0
2052739389
4
0
52629
2
0
2052740413
4
0
52630
2
0
2052741437
4
0
52631
2
0
2052743997
4
0
52632
2
0
2052745021
4
0
52633
2
0
2052746045
4
0
52634
2
0
2052747069
4
0
52635
2
0
2052748093
4
0
52636
2
0
2052749117
4
0
52637
2
0
2052730941
4
0
52638
2
0
2052731965
4
0
52639
2
0
2052732989
4
0
52640
2
0
2053194045
4
0
52641
2
0
2053195069
4
0
52642
2
0
2053196093
4
0
52643
2
0
2053197117
4
0
52644
2
0
2053198141
4
0
52645
2
0
2053199165
4
0
52646
2
0
2053200189
4
0
52647
2
0
2053202749
4
0
52648
2
0
2053203773
4
0
52649
2
0
2053204797
4
0
52650
2
0
2053205821
4
0
52651
2
0
2053206845
4
0
52652
2
0
2053207869
4
0
52653
2
0
2053189693
4
0
52654
2
0
2053190717
4
0
52655
2
0
2053191741
4
0
52656
2
0
2053259581
4
0
52657
2
0
2053260605
4
0
52658
2
0
2053261629
4
0
52659
2
0
2053262653
4
0
52660
2
0
2053263677
4
0
52661
2
0
2053264701
4
0
52662
2
0
2053265725
4
0
52663
2
0
2053268285
4
0
52664
2
0
2053269309
4
0
52665
2
0
2053270333
4
0
52666
2
0
2053271357
4
0
52667
2
0
2053272381
4
0
52668
2
0
2053273405
4
0
52669
2
0
2053255229
4
0
52670
2
0
2053256253
4
0
52671
2
0
2053257277
4
0
52672
2
0
2053325117
4
0
52673
2
0
2053326141
4
0
52674
2
0
2053327165
4
0
52675
2
0
2053328189
4
0
52676
2
0
2053329213
4
0
52677
2
0
2053330237
4
0
52678
2
0
2053331261
4
0
52679
2
0
2053333821
4
0
52680
2
0
2053334845
4
0
52681
2
0
2053335869
4
0
52682
2
0
2053336893
4
0
52683
2
0
2053337917
4
0
52684
2
0
2053338941
4
0
52685
2
0
2053320765
4
0
52686
2
0
2053321789
4
0
52687
2
0
2053322813
4
0
52688
2
0
2053390653
4
0
52689
2
0
2053391677
4
0
52690
2
0
2053392701
4
0
52691
2
0
2053393725
4
0
52692
2
0
2053394749
4
0
52693
2
0
2053395773
4
0
52694
2
0
2053396797
4
0
52695
2
0
2053399357
4
0
52696
2
0
2053400381
4
0
52697
2
0
2053401405
4
0
52698
2
0
2053402429
4
0
52699
2
0
2053403453
4
0
52700
2
0
2053404477
4
0
52701
2
0
2053386301
4
0
52702
2
0
2053387325
4
0
52703
2
0
2053388349
4
0
52704
2
0
2053456189
4
0
52705
2
0
2053457213
4
0
52706
2
0
2053458237
4
0
52707
2
0
2053459261
4
0
52708
2
0
2053460285
4
0
52709
2
0
2053461309
4
0
52710
2
0
2053462333
4
0
52711
2
0
2053464893
4
0
52712
2
0
2053465917
4
0
52713
2
0
2053466941
4
0
52714
2
0
2053467965
4
0
52715
2
0
2053468989
4
0
52716
2
0
2053470013
4
0
52717
2
0
2053451837
4
0
52718
2
0
2053452861
4
0
52719
2
0
2053453885
4
0
52720
2
0
2053521725
4
0
52721
2
0
2053522749
4
0
52722
2
0
2053523773
4
0
52723
2
0
2053524797
4
0
52724
2
0
2053525821
4
0
52725
2
0
2053526845
4
0
52726
2
0
2053527869
4
0
52727
2
0
2053530429
4
0
52728
2
0
2053531453
4
0
52729
2
0
2053532477
4
0
52730
2
0
2053533501
4
0
52731
2
0
2053534525
4
0
52732
2
0
2053535549
4
0
52733
2
0
2053517373
4
0
52734
2
0
2053518397
4
0
52735
2
0
2053519421
4
0
52736
2
0
2053587261
4
0
52737
2
0
2053588285
4
0
52738
2
0
2053589309
4
0
52739
2
0
2053590333
4
0
52740
2
0
2053591357
4
0
52741
2
0
2053592381
4
0
52742
2
0
2053593405
4
0
52743
2
0
2053595965
4
0
52744
2
0
2053596989
4
0
52745
2
0
2053598013
4
0
52746
2
0
2053599037
4
0
52747
2
0
2053600061
4
0
52748
2
0
2053601085
4
0
52749
2
0
2053582909
4
0
52750
2
0
2053583933
4
0
52751
2
0
2053584957
4
0
52752
2
0
2053652797
4
0
52753
2
0
2053653821
4
0
52754
2
0
2053654845
4
0
52755
2
0
2053655869
4
0
52756
2
0
2053656893
4
0
52757
2
0
2053657917
4
0
52758
2
0
2053658941
4
0
52759
2
0
2053661501
4
0
52760
2
0
2053662525
4
0
52761
2
0
2053663549
4
0
52762
2
0
2053664573
4
0
52763
2
0
2053665597
4
0
52764
2
0
2053666621
4
0
52765
2
0
2053648445
4
0
52766
2
0
2053649469
4
0
52767
2
0
2053650493
4
0
52768
2
0
2053718333
4
0
52769
2
0
2053719357
4
0
52770
2
0
2053720381
4
0
52771
2
0
2053721405
4
0
52772
2
0
2053722429
4
0
52773
2
0
2053723453
4
0
52774
2
0
2053724477
4
0
52775
2
0
2053727037
4
0
52776
2
0
2053728061
4
0
52777
2
0
2053729085
4
0
52778
2
0
2053730109
4
0
52779
2
0
2053731133
4
0
52780
2
0
2053732157
4
0
52781
2
0
2053713981
4
0
52782
2
0
2053715005
4
0
52783
2
0
2053716029
4
0
52784
2
0
2053783869
4
0
52785
2
0
2053784893
4
0
52786
2
0
2053785917
4
0
52787
2
0
2053786941
4
0
52788
2
0
2053787965
4
0
52789
2
0
2053788989
4
0
52790
2
0
2053790013
4
0
52791
2
0
2053792573
4
0
52792
2
0
2053793597
4
0
52793
2
0
2053794621
4
0
52794
2
0
2053795645
4
0
52795
2
0
2053796669
4
0
52796
2
0
2053797693
4
0
52797
2
0
2053779517
4
0
52798
2
0
2053780541
4
0
52799
2
0
2053781565
4
0
52800
2
0
2053849405
4
0
52801
2
0
2053850429
4
0
52802
2
0
2053851453
4
0
52803
2
0
2053852477
4
0
52804
2
0
2053853501
4
0
52805
2
0
2053854525
4
0
52806
2
0
2053855549
4
0
52807
2
0
2053858109
4
0
52808
2
0
2053859133
4
0
52809
2
0
2053860157
4
0
52810
2
0
2053861181
4
0
52811
2
0
2053862205
4
0
52812
2
0
2053863229
4
0
52813
2
0
2053845053
4
0
52814
2
0
2053846077
4
0
52815
2
0
2053847101
4
0
52816
2
0
2053914941
4
0
52817
2
0
2053915965
4
0
52818
2
0
2053916989
4
0
52819
2
0
2053918013
4
0
52820
2
0
2053919037
4
0
52821
2
0
2053920061
4
0
52822
2
0
2053921085
4
0
52823
2
0
2053923645
4
0
52824
2
0
2053924669
4
0
52825
2
0
2053925693
4
0
52826
2
0
2053926717
4
0
52827
2
0
2053927741
4
0
52828
2
0
2053928765
4
0
52829
2
0
2053910589
4
0
52830
2
0
2053911613
4
0
52831
2
0
2053912637
4
0
52832
2
0
2053980477
4
0
52833
2
0
2053981501
4
0
52834
2
0
2053982525
4
0
52835
2
0
2053983549
4
0
52836
2
0
2053984573
4
0
52837
2
0
2053985597
4
0
52838
2
0
2053986621
4
0
52839
2
0
2053989181
4
0
52840
2
0
2053990205
4
0
52841
2
0
2053991229
4
0
52842
2
0
2053992253
4
0
52843
2
0
2053993277
4
0
52844
2
0
2053994301
4
0
52845
2
0
2053976125
4
0
52846
2
0
2053977149
4
0
52847
2
0
2053978173
4
0
52848
2
0
2054046013
4
0
52849
2
0
2054047037
4
0
52850
2
0
2054048061
4
0
52851
2
0
2054049085
4
0
52852
2
0
2054050109
4
0
52853
2
0
2054051133
4
0
52854
2
0
2054052157
4
0
52855
2
0
2054054717
4
0
52856
2
0
2054055741
4
0
52857
2
0
2054056765
4
0
52858
2
0
2054057789
4
0
52859
2
0
2054058813
4
0
52860
2
0
2054059837
4
0
52861
2
0
2054041661
4
0
52862
2
0
2054042685
4
0
52863
2
0
2054043709
4
0
52864
2
0
2054111549
4
0
52865
2
0
2054112573
4
0
52866
2
0
2054113597
4
0
52867
2
0
2054114621
4
0
52868
2
0
2054115645
4
0
52869
2
0
2054116669
4
0
52870
2
0
2054117693
4
0
52871
2
0
2054120253
4
0
52872
2
0
2054121277
4
0
52873
2
0
2054122301
4
0
52874
2
0
2054123325
4
0
52875
2
0
2054124349
4
0
52876
2
0
2054125373
4
0
52877
2
0
2054107197
4
0
52878
2
0
2054108221
4
0
52879
2
0
2054109245
4
0
52880
2
0
2054177085
4
0
52881
2
0
2054178109
4
0
52882
2
0
2054179133
4
0
52883
2
0
2054180157
4
0
52884
2
0
2054181181
4
0
52885
2
0
2054182205
4
0
52886
2
0
2054183229
4
0
52887
2
0
2054185789
4
0
52888
2
0
2054186813
4
0
52889
2
0
2054187837
4
0
52890
2
0
2054188861
4
0
52891
2
0
2054189885
4
0
52892
2
0
2054190909
4
0
52893
2
0
2054172733
4
0
52894
2
0
2054173757
4
0
52895
2
0
2054174781
4
0
52896
2
0
2054242621
4
0
52897
2
0
2054243645
4
0
52898
2
0
2054244669
4
0
52899
2
0
2054245693
4
0
52900
2
0
2054246717
4
0
52901
2
0
2054247741
4
0
52902
2
0
2054248765
4
0
52903
2
0
2054251325
4
0
52904
2
0
2054252349
4
0
52905
2
0
2054253373
4
0
52906
2
0
2054254397
4
0
52907
2
0
2054255421
4
0
52908
2
0
2054256445
4
0
52909
2
0
2054238269
4
0
52910
2
0
2054239293
4
0
52911
2
0
2054240317
4
0
52912
2
0
2054308157
4
0
52913
2
0
2054309181
4
0
52914
2
0
2054310205
4
0
52915
2
0
2054311229
4
0
52916
2
0
2054312253
4
0
52917
2
0
2054313277
4
0
52918
2
0
2054314301
4
0
52919
2
0
2054316861
4
0
52920
2
0
2054317885
4
0
52921
2
0
2054318909
4
0
52922
2
0
2054319933
4
0
52923
2
0
2054320957
4
0
52924
2
0
2054321981
4
0
52925
2
0
2054303805
4
0
52926
2
0
2054304829
4
0
52927
2
0
2054305853
4
0
52928
2
0
2054373693
4
0
52929
2
0
2054374717
4
0
52930
2
0
2054375741
4
0
52931
2
0
2054376765
4
0
52932
2
0
2054377789
4
0
52933
2
0
2054378813
4
0
52934
2
0
2054379837
4
0
52935
2
0
2054382397
4
0
52936
2
0
2054383421
4
0
52937
2
0
2054384445
4
0
52938
2
0
2054385469
4
0
52939
2
0
2054386493
4
0
52940
2
0
2054387517
4
0
52941
2
0
2054369341
4
0
52942
2
0
2054370365
4
0
52943
2
0
2054371389
4
0
52944
2
0
2054439229
4
0
52945
2
0
2054440253
4
0
52946
2
0
2054441277
4
0
52947
2
0
2054442301
4
0
52948
2
0
2054443325
4
0
52949
2
0
2054444349
4
0
52950
2
0
2054445373
4
0
52951
2
0
2054447933
4
0
52952
2
0
2054448957
4
0
52953
2
0
2054449981
4
0
52954
2
0
2054451005
4
0
52955
2
0
2054452029
4
0
52956
2
0
2054453053
4
0
52957
2
0
2054434877
4
0
52958
2
0
2054435901
4
0
52959
2
0
2054436925
4
0
52960
2
0
2054504765
4
0
52961
2
0
2054505789
4
0
52962
2
0
2054506813
4
0
52963
2
0
2054507837
4
0
52964
2
0
2054508861
4
0
52965
2
0
2054509885
4
0
52966
2
0
2054510909
4
0
52967
2
0
2054513469
4
0
52968
2
0
2054514493
4
0
52969
2
0
2054515517
4
0
52970
2
0
2054516541
4
0
52971
2
0
2054517565
4
0
52972
2
0
2054518589
4
0
52973
2
0
2054500413
4
0
52974
2
0
2054501437
4
0
52975
2
0
2054502461
4
0
52976
2
0
2054570301
4
0
52977
2
0
2054571325
4
0
52978
2
0
2054572349
4
0
52979
2
0
2054573373
4
0
52980
2
0
2054574397
4
0
52981
2
0
2054575421
4
0
52982
2
0
2054576445
4
0
52983
2
0
2054579005
4
0
52984
2
0
2054580029
4
0
52985
2
0
2054581053
4
0
52986
2
0
2054582077
4
0
52987
2
0
2054583101
4
0
52988
2
0
2054584125
4
0
52989
2
0
2054565949
4
0
52990
2
0
2054566973
4
0
52991
2
0
2054567997
4
0
52992
2
0
2054635837
4
0
52993
2
0
2054636861
4
0
52994
2
0
2054637885
4
0
52995
2
0
2054638909
4
0
52996
2
0
2054639933
4
0
52997
2
0
2054640957
4
0
52998
2
0
2054641981
4
0
52999
2
0
2054644541
4
0
53000
2
0
2054645565
4
0
53001
2
0
2054646589
4
0
53002
2
0
2054647613
4
0
53003
2
0
2054648637
4
0
53004
2
0
2054649661
4
0
53005
2
0
2054631485
4
0
53006
2
0
2054632509
4
0
53007
2
0
2054633533
4
0
53008
2
0
2054701373
4
0
53009
2
0
2054702397
4
0
53010
2
0
2054703421
4
0
53011
2
0
2054704445
4
0
53012
2
0
2054705469
4
0
53013
2
0
2054706493
4
0
53014
2
0
2054707517
4
0
53015
2
0
2054710077
4
0
53016
2
0
2054711101
4
0
53017
2
0
2054712125
4
0
53018
2
0
2054713149
4
0
53019
2
0
2054714173
4
0
53020
2
0
2054715197
4
0
53021
2
0
2054697021
4
0
53022
2
0
2054698045
4
0
53023
2
0
2054699069
4
0
53024
2
0
2054766909
4
0
53025
2
0
2054767933
4
0
53026
2
0
2054768957
4
0
53027
2
0
2054769981
4
0
53028
2
0
2054771005
4
0
53029
2
0
2054772029
4
0
53030
2
0
2054773053
4
0
53031
2
0
2054775613
4
0
53032
2
0
2054776637
4
0
53033
2
0
2054777661
4
0
53034
2
0
2054778685
4
0
53035
2
0
2054779709
4
0
53036
2
0
2054780733
4
0
53037
2
0
2054762557
4
0
53038
2
0
2054763581
4
0
53039
2
0
2054764605
4
0
53040
2
0
2054832445
4
0
53041
2
0
2054833469
4
0
53042
2
0
2054834493
4
0
53043
2
0
2054835517
4
0
53044
2
0
2054836541
4
0
53045
2
0
2054837565
4
0
53046
2
0
2054838589
4
0
53047
2
0
2054841149
4
0
53048
2
0
2054842173
4
0
53049
2
0
2054843197
4
0
53050
2
0
2054844221
4
0
53051
2
0
2054845245
4
0
53052
2
0
2054846269
4
0
53053
2
0
2054828093
4
0
53054
2
0
2054829117
4
0
53055
2
0
2054830141
4
0
53056
2
0
2049982781
4
0
53057
2
0
2049983805
4
0
53058
2
0
2049984829
4
0
53059
2
0
2049985853
4
0
53060
2
0
2049986877
4
0
53061
2
0
2049987901
4
0
53062
2
0
2049988925
4
0
53063
2
0
2049991485
4
0
53064
2
0
2049992509
4
0
53065
2
0
2049993533
4
0
53066
2
0
2049994557
4
0
53067
2
0
2049995581
4
0
53068
2
0
2049996605
4
0
53069
2
0
2049978429
4
0
53070
2
0
2049979453
4
0
53071
2
0
2049980477
4
0
53072
2
0
2050048317
4
0
53073
2
0
2050049341
4
0
53074
2
0
2050050365
4
0
53075
2
0
2050051389
4
0
53076
2
0
2050052413
4
0
53077
2
0
2050053437
4
0
53078
2
0
2050054461
4
0
53079
2
0
2050057021
4
0
53080
2
0
2050058045
4
0
53081
2
0
2050059069
4
0
53082
2
0
2050060093
4
0
53083
2
0
2050061117
4
0
53084
2
0
2050062141
4
0
53085
2
0
2050043965
4
0
53086
2
0
2050044989
4
0
53087
2
0
2050046013
4
0
53088
2
0
2050113853
4
0
53089
2
0
2050114877
4
0
53090
2
0
2050115901
4
0
53091
2
0
2050116925
4
0
53092
2
0
2050117949
4
0
53093
2
0
2050118973
4
0
53094
2
0
2050119997
4
0
53095
2
0
2050122557
4
0
53096
2
0
2050123581
4
0
53097
2
0
2050124605
4
0
53098
2
0
2050125629
4
0
53099
2
0
2050126653
4
0
53100
2
0
2050127677
4
0
53101
2
0
2050109501
4
0
53102
2
0
2050110525
4
0
53103
2
0
2050111549
4
0
53104
2
0
2050179389
4
0
53105
2
0
2050180413
4
0
53106
2
0
2050181437
4
0
53107
2
0
2050182461
4
0
53108
2
0
2050183485
4
0
53109
2
0
2050184509
4
0
53110
2
0
2050185533
4
0
53111
2
0
2050188093
4
0
53112
2
0
2050189117
4
0
53113
2
0
2050190141
4
0
53114
2
0
2050191165
4
0
53115
2
0
2050192189
4
0
53116
2
0
2050193213
4
0
53117
2
0
2050175037
4
0
53118
2
0
2050176061
4
0
53119
2
0
2050177085
4
0
53120
2
0
2050244925
4
0
53121
2
0
2050245949
4
0
53122
2
0
2050246973
4
0
53123
2
0
2050247997
4
0
53124
2
0
2050249021
4
0
53125
2
0
2050250045
4
0
53126
2
0
2050251069
4
0
53127
2
0
2050253629
4
0
53128
2
0
2050254653
4
0
53129
2
0
2050255677
4
0
53130
2
0
2050256701
4
0
53131
2
0
2050257725
4
0
53132
2
0
2050258749
4
0
53133
2
0
2050240573
4
0
53134
2
0
2050241597
4
0
53135
2
0
2050242621
4
0
53136
2
0
2050310461
4
0
53137
2
0
2050311485
4
0
53138
2
0
2050312509
4
0
53139
2
0
2050313533
4
0
53140
2
0
2050314557
4
0
53141
2
0
2050315581
4
0
53142
2
0
2050316605
4
0
53143
2
0
2050319165
4
0
53144
2
0
2050320189
4
0
53145
2
0
2050321213
4
0
53146
2
0
2050322237
4
0
53147
2
0
2050323261
4
0
53148
2
0
2050324285
4
0
53149
2
0
2050306109
4
0
53150
2
0
2050307133
4
0
53151
2
0
2050308157
4
0
53152
2
0
2050375997
4
0
53153
2
0
2050377021
4
0
53154
2
0
2050378045
4
0
53155
2
0
2050379069
4
0
53156
2
0
2050380093
4
0
53157
2
0
2050381117
4
0
53158
2
0
2050382141
4
0
53159
2
0
2050384701
4
0
53160
2
0
2050385725
4
0
53161
2
0
2050386749
4
0
53162
2
0
2050387773
4
0
53163
2
0
2050388797
4
0
53164
2
0
2050389821
4
0
53165
2
0
2050371645
4
0
53166
2
0
2050372669
4
0
53167
2
0
2050373693
4
0
53168
2
0
2050441533
4
0
53169
2
0
2050442557
4
0
53170
2
0
2050443581
4
0
53171
2
0
2050444605
4
0
53172
2
0
2050445629
4
0
53173
2
0
2050446653
4
0
53174
2
0
2050447677
4
0
53175
2
0
2050450237
4
0
53176
2
0
2050451261
4
0
53177
2
0
2050452285
4
0
53178
2
0
2050453309
4
0
53179
2
0
2050454333
4
0
53180
2
0
2050455357
4
0
53181
2
0
2050437181
4
0
53182
2
0
2050438205
4
0
53183
2
0
2050439229
4
0
53184
2
0
2050507069
4
0
53185
2
0
2050508093
4
0
53186
2
0
2050509117
4
0
53187
2
0
2050510141
4
0
53188
2
0
2050511165
4
0
53189
2
0
2050512189
4
0
53190
2
0
2050513213
4
0
53191
2
0
2050515773
4
0
53192
2
0
2050516797
4
0
53193
2
0
2050517821
4
0
53194
2
0
2050518845
4
0
53195
2
0
2050519869
4
0
53196
2
0
2050520893
4
0
53197
2
0
2050502717
4
0
53198
2
0
2050503741
4
0
53199
2
0
2050504765
4
0
53200
2
0
2050572605
4
0
53201
2
0
2050573629
4
0
53202
2
0
2050574653
4
0
53203
2
0
2050575677
4
0
53204
2
0
2050576701
4
0
53205
2
0
2050577725
4
0
53206
2
0
2050578749
4
0
53207
2
0
2050581309
4
0
53208
2
0
2050582333
4
0
53209
2
0
2050583357
4
0
53210
2
0
2050584381
4
0
53211
2
0
2050585405
4
0
53212
2
0
2050586429
4
0
53213
2
0
2050568253
4
0
53214
2
0
2050569277
4
0
53215
2
0
2050570301
4
0
53216
2
0
2049655101
4
0
53217
2
0
2049656125
4
0
53218
2
0
2049657149
4
0
53219
2
0
2049658173
4
0
53220
2
0
2049659197
4
0
53221
2
0
2049660221
4
0
53222
2
0
2049661245
4
0
53223
2
0
2049663805
4
0
53224
2
0
2049664829
4
0
53225
2
0
2049665853
4
0
53226
2
0
2049666877
4
0
53227
2
0
2049667901
4
0
53228
2
0
2049668925
4
0
53229
2
0
2049650749
4
0
53230
2
0
2049651773
4
0
53231
2
0
2049652797
4
0
53232
2
0
2049917245
4
0
53233
2
0
2049918269
4
0
53234
2
0
2049919293
4
0
53235
2
0
2049920317
4
0
53236
2
0
2049921341
4
0
53237
2
0
2049922365
4
0
53238
2
0
2049923389
4
0
53239
2
0
2049925949
4
0
53240
2
0
2049926973
4
0
53241
2
0
2049927997
4
0
53242
2
0
2049929021
4
0
53243
2
0
2049930045
4
0
53244
2
0
2049931069
4
0
53245
2
0
2049912893
4
0
53246
2
0
2049913917
4
0
53247
2
0
2049914941
4
