1024
0
32768
2
0
1732329789
4
0
32769
2
0
1732330813
4
0
32770
2
0
1732331837
4
0
32771
2
0
1732332861
4
0
32772
2
0
1732333885
4
0
32773
2
0
1732334909
4
0
32774
2
0
1732335933
4
0
32775
2
0
1732338493
4
0
32776
2
0
1732339517
4
0
32777
2
0
1732340541
4
0
32778
2
0
1732341565
4
0
32779
2
0
1732342589
4
0
32780
2
0
1732343613
4
0
32781
2
0
1732325437
4
0
32782
2
0
1732326461
4
0
32783
2
0
1732327485
4
0
32784
2
0
1732395325
4
0
32785
2
0
1732396349
4
0
32786
2
0
1732397373
4
0
32787
2
0
1732398397
4
0
32788
2
0
1732399421
4
0
32789
2
0
1732400445
4
0
32790
2
0
1732401469
4
0
32791
2
0
1732404029
4
0
32792
2
0
1732405053
4
0
32793
2
0
1732406077
4
0
32794
2
0
1732407101
4
0
32795
2
0
1732408125
4
0
32796
2
0
1732409149
4
0
32797
2
0
1732390973
4
0
32798
2
0
1732391997
4
0
32799
2
0
1732393021
4
0
32800
2
0
1732460861
4
0
32801
2
0
1732461885
4
0
32802
2
0
1732462909
4
0
32803
2
0
1732463933
4
0
32804
2
0
1732464957
4
0
32805
2
0
1732465981
4
0
32806
2
0
1732467005
4
0
32807
2
0
1732469565
4
0
32808
2
0
1732470589
4
0
32809
2
0
1732471613
4
0
32810
2
0
1732472637
4
0
32811
2
0
1732473661
4
0
32812
2
0
1732474685
4
0
32813
2
0
1732456509
4
0
32814
2
0
1732457533
4
0
32815
2
0
1732458557
4
0
32816
2
0
1732526397
4
0
32817
2
0
1732527421
4
0
32818
2
0
1732528445
4
0
32819
2
0
1732529469
4
0
32820
2
0
1732530493
4
0
32821
2
0
1732531517
4
0
32822
2
0
1732532541
4
0
32823
2
0
1732535101
4
0
32824
2
0
1732536125
4
0
32825
2
0
1732537149
4
0
32826
2
0
1732538173
4
0
32827
2
0
1732539197
4
0
32828
2
0
1732540221
4
0
32829
2
0
1732522045
4
0
32830
2
0
1732523069
4
0
32831
2
0
1732524093
4
0
32832
2
0
1732591933
4
0
32833
2
0
1732592957
4
0
32834
2
0
1732593981
4
0
32835
2
0
1732595005
4
0
32836
2
0
1732596029
4
0
32837
2
0
1732597053
4
0
32838
2
0
1732598077
4
0
32839
2
0
1732600637
4
0
32840
2
0
1732601661
4
0
32841
2
0
1732602685
4
0
32842
2
0
1732603709
4
0
32843
2
0
1732604733
4
0
32844
2
0
1732605757
4
0
32845
2
0
1732587581
4
0
32846
2
0
1732588605
4
0
32847
2
0
1732589629
4
0
32848
2
0
1732657469
4
0
32849
2
0
1732658493
4
0
32850
2
0
1732659517
4
0
32851
2
0
1732660541
4
0
32852
2
0
1732661565
4
0
32853
2
0
1732662589
4
0
32854
2
0
1732663613
4
0
32855
2
0
1732666173
4
0
32856
2
0
1732667197
4
0
32857
2
0
1732668221
4
0
32858
2
0
1732669245
4
0
32859
2
0
1732670269
4
0
32860
2
0
1732671293
4
0
32861
2
0
1732653117
4
0
32862
2
0
1732654141
4
0
32863
2
0
1732655165
4
0
32864
2
0
1732723005
4
0
32865
2
0
1732724029
4
0
32866
2
0
1732725053
4
0
32867
2
0
1732726077
4
0
32868
2
0
1732727101
4
0
32869
2
0
1732728125
4
0
32870
2
0
1732729149
4
0
32871
2
0
1732731709
4
0
32872
2
0
1732732733
4
0
32873
2
0
1732733757
4
0
32874
2
0
1732734781
4
0
32875
2
0
1732735805
4
0
32876
2
0
1732736829
4
0
32877
2
0
1732718653
4
0
32878
2
0
1732719677
4
0
32879
2
0
1732720701
4
0
32880
2
0
1732788541
4
0
32881
2
0
1732789565
4
0
32882
2
0
1732790589
4
0
32883
2
0
1732791613
4
0
32884
2
0
1732792637
4
0
32885
2
0
1732793661
4
0
32886
2
0
1732794685
4
0
32887
2
0
1732797245
4
0
32888
2
0
1732798269
4
0
32889
2
0
1732799293
4
0
32890
2
0
1732800317
4
0
32891
2
0
1732801341
4
0
32892
2
0
1732802365
4
0
32893
2
0
1732784189
4
0
32894
2
0
1732785213
4
0
32895
2
0
1732786237
4
0
32896
2
0
1732854077
4
0
32897
2
0
1732855101
4
0
32898
2
0
1732856125
4
0
32899
2
0
1732857149
4
0
32900
2
0
1732858173
4
0
32901
2
0
1732859197
4
0
32902
2
0
1732860221
4
0
32903
2
0
1732862781
4
0
32904
2
0
1732863805
4
0
32905
2
0
1732864829
4
0
32906
2
0
1732865853
4
0
32907
2
0
1732866877
4
0
32908
2
0
1732867901
4
0
32909
2
0
1732849725
4
0
32910
2
0
1732850749
4
0
32911
2
0
1732851773
4
0
32912
2
0
1732919613
4
0
32913
2
0
1732920637
4
0
32914
2
0
1732921661
4
0
32915
2
0
1732922685
4
0
32916
2
0
1732923709
4
0
32917
2
0
1732924733
4
0
32918
2
0
1732925757
4
0
32919
2
0
1732928317
4
0
32920
2
0
1732929341
4
0
32921
2
0
1732930365
4
0
32922
2
0
1732931389
4
0
32923
2
0
1732932413
4
0
32924
2
0
1732933437
4
0
32925
2
0
1732915261
4
0
32926
2
0
1732916285
4
0
32927
2
0
1732917309
4
0
32928
2
0
1732985149
4
0
32929
2
0
1732986173
4
0
32930
2
0
1732987197
4
0
32931
2
0
1732988221
4
0
32932
2
0
1732989245
4
0
32933
2
0
1732990269
4
0
32934
2
0
1732991293
4
0
32935
2
0
1732993853
4
0
32936
2
0
1732994877
4
0
32937
2
0
1732995901
4
0
32938
2
0
1732996925
4
0
32939
2
0
1732997949
4
0
32940
2
0
1732998973
4
0
32941
2
0
1732980797
4
0
32942
2
0
1732981821
4
0
32943
2
0
1732982845
4
0
32944
2
0
1733050685
4
0
32945
2
0
1733051709
4
0
32946
2
0
1733052733
4
0
32947
2
0
1733053757
4
0
32948
2
0
1733054781
4
0
32949
2
0
1733055805
4
0
32950
2
0
1733056829
4
0
32951
2
0
1733059389
4
0
32952
2
0
1733060413
4
0
32953
2
0
1733061437
4
0
32954
2
0
1733062461
4
0
32955
2
0
1733063485
4
0
32956
2
0
1733064509
4
0
32957
2
0
1733046333
4
0
32958
2
0
1733047357
4
0
32959
2
0
1733048381
4
0
32960
2
0
1733116221
4
0
32961
2
0
1733117245
4
0
32962
2
0
1733118269
4
0
32963
2
0
1733119293
4
0
32964
2
0
1733120317
4
0
32965
2
0
1733121341
4
0
32966
2
0
1733122365
4
0
32967
2
0
1733124925
4
0
32968
2
0
1733125949
4
0
32969
2
0
1733126973
4
0
32970
2
0
1733127997
4
0
32971
2
0
1733129021
4
0
32972
2
0
1733130045
4
0
32973
2
0
1733111869
4
0
32974
2
0
1733112893
4
0
32975
2
0
1733113917
4
0
32976
2
0
1733181757
4
0
32977
2
0
1733182781
4
0
32978
2
0
1733183805
4
0
32979
2
0
1733184829
4
0
32980
2
0
1733185853
4
0
32981
2
0
1733186877
4
0
32982
2
0
1733187901
4
0
32983
2
0
1733190461
4
0
32984
2
0
1733191485
4
0
32985
2
0
1733192509
4
0
32986
2
0
1733193533
4
0
32987
2
0
1733194557
4
0
32988
2
0
1733195581
4
0
32989
2
0
1733177405
4
0
32990
2
0
1733178429
4
0
32991
2
0
1733179453
4
0
32992
2
0
1733247293
4
0
32993
2
0
1733248317
4
0
32994
2
0
1733249341
4
0
32995
2
0
1733250365
4
0
32996
2
0
1733251389
4
0
32997
2
0
1733252413
4
0
32998
2
0
1733253437
4
0
32999
2
0
1733255997
4
0
33000
2
0
1733257021
4
0
33001
2
0
1733258045
4
0
33002
2
0
1733259069
4
0
33003
2
0
1733260093
4
0
33004
2
0
1733261117
4
0
33005
2
0
1733242941
4
0
33006
2
0
1733243965
4
0
33007
2
0
1733244989
4
0
33008
2
0
1733312829
4
0
33009
2
0
1733313853
4
0
33010
2
0
1733314877
4
0
33011
2
0
1733315901
4
0
33012
2
0
1733316925
4
0
33013
2
0
1733317949
4
0
33014
2
0
1733318973
4
0
33015
2
0
1733321533
4
0
33016
2
0
1733322557
4
0
33017
2
0
1733323581
4
0
33018
2
0
1733324605
4
0
33019
2
0
1733325629
4
0
33020
2
0
1733326653
4
0
33021
2
0
1733308477
4
0
33022
2
0
1733309501
4
0
33023
2
0
1733310525
4
0
33024
2
0
1733378365
4
0
33025
2
0
1733379389
4
0
33026
2
0
1733380413
4
0
33027
2
0
1733381437
4
0
33028
2
0
1733382461
4
0
33029
2
0
1733383485
4
0
33030
2
0
1733384509
4
0
33031
2
0
1733387069
4
0
33032
2
0
1733388093
4
0
33033
2
0
1733389117
4
0
33034
2
0
1733390141
4
0
33035
2
0
1733391165
4
0
33036
2
0
1733392189
4
0
33037
2
0
1733374013
4
0
33038
2
0
1733375037
4
0
33039
2
0
1733376061
4
0
33040
2
0
1733443901
4
0
33041
2
0
1733444925
4
0
33042
2
0
1733445949
4
0
33043
2
0
1733446973
4
0
33044
2
0
1733447997
4
0
33045
2
0
1733449021
4
0
33046
2
0
1733450045
4
0
33047
2
0
1733452605
4
0
33048
2
0
1733453629
4
0
33049
2
0
1733454653
4
0
33050
2
0
1733455677
4
0
33051
2
0
1733456701
4
0
33052
2
0
1733457725
4
0
33053
2
0
1733439549
4
0
33054
2
0
1733440573
4
0
33055
2
0
1733441597
4
0
33056
2
0
1733509437
4
0
33057
2
0
1733510461
4
0
33058
2
0
1733511485
4
0
33059
2
0
1733512509
4
0
33060
2
0
1733513533
4
0
33061
2
0
1733514557
4
0
33062
2
0
1733515581
4
0
33063
2
0
1733518141
4
0
33064
2
0
1733519165
4
0
33065
2
0
1733520189
4
0
33066
2
0
1733521213
4
0
33067
2
0
1733522237
4
0
33068
2
0
1733523261
4
0
33069
2
0
1733505085
4
0
33070
2
0
1733506109
4
0
33071
2
0
1733507133
4
0
33072
2
0
1733574973
4
0
33073
2
0
1733575997
4
0
33074
2
0
1733577021
4
0
33075
2
0
1733578045
4
0
33076
2
0
1733579069
4
0
33077
2
0
1733580093
4
0
33078
2
0
1733581117
4
0
33079
2
0
1733583677
4
0
33080
2
0
1733584701
4
0
33081
2
0
1733585725
4
0
33082
2
0
1733586749
4
0
33083
2
0
1733587773
4
0
33084
2
0
1733588797
4
0
33085
2
0
1733570621
4
0
33086
2
0
1733571645
4
0
33087
2
0
1733572669
4
0
33088
2
0
1733640509
4
0
33089
2
0
1733641533
4
0
33090
2
0
1733642557
4
0
33091
2
0
1733643581
4
0
33092
2
0
1733644605
4
0
33093
2
0
1733645629
4
0
33094
2
0
1733646653
4
0
33095
2
0
1733649213
4
0
33096
2
0
1733650237
4
0
33097
2
0
1733651261
4
0
33098
2
0
1733652285
4
0
33099
2
0
1733653309
4
0
33100
2
0
1733654333
4
0
33101
2
0
1733636157
4
0
33102
2
0
1733637181
4
0
33103
2
0
1733638205
4
0
33104
2
0
1733706045
4
0
33105
2
0
1733707069
4
0
33106
2
0
1733708093
4
0
33107
2
0
1733709117
4
0
33108
2
0
1733710141
4
0
33109
2
0
1733711165
4
0
33110
2
0
1733712189
4
0
33111
2
0
1733714749
4
0
33112
2
0
1733715773
4
0
33113
2
0
1733716797
4
0
33114
2
0
1733717821
4
0
33115
2
0
1733718845
4
0
33116
2
0
1733719869
4
0
33117
2
0
1733701693
4
0
33118
2
0
1733702717
4
0
33119
2
0
1733703741
4
0
33120
2
0
1733771581
4
0
33121
2
0
1733772605
4
0
33122
2
0
1733773629
4
0
33123
2
0
1733774653
4
0
33124
2
0
1733775677
4
0
33125
2
0
1733776701
4
0
33126
2
0
1733777725
4
0
33127
2
0
1733780285
4
0
33128
2
0
1733781309
4
0
33129
2
0
1733782333
4
0
33130
2
0
1733783357
4
0
33131
2
0
1733784381
4
0
33132
2
0
1733785405
4
0
33133
2
0
1733767229
4
0
33134
2
0
1733768253
4
0
33135
2
0
1733769277
4
0
33136
2
0
1733837117
4
0
33137
2
0
1733838141
4
0
33138
2
0
1733839165
4
0
33139
2
0
1733840189
4
0
33140
2
0
1733841213
4
0
33141
2
0
1733842237
4
0
33142
2
0
1733843261
4
0
33143
2
0
1733845821
4
0
33144
2
0
1733846845
4
0
33145
2
0
1733847869
4
0
33146
2
0
1733848893
4
0
33147
2
0
1733849917
4
0
33148
2
0
1733850941
4
0
33149
2
0
1733832765
4
0
33150
2
0
1733833789
4
0
33151
2
0
1733834813
4
0
33152
2
0
1733902653
4
0
33153
2
0
1733903677
4
0
33154
2
0
1733904701
4
0
33155
2
0
1733905725
4
0
33156
2
0
1733906749
4
0
33157
2
0
1733907773
4
0
33158
2
0
1733908797
4
0
33159
2
0
1733911357
4
0
33160
2
0
1733912381
4
0
33161
2
0
1733913405
4
0
33162
2
0
1733914429
4
0
33163
2
0
1733915453
4
0
33164
2
0
1733916477
4
0
33165
2
0
1733898301
4
0
33166
2
0
1733899325
4
0
33167
2
0
1733900349
4
0
33168
2
0
1733968189
4
0
33169
2
0
1733969213
4
0
33170
2
0
1733970237
4
0
33171
2
0
1733971261
4
0
33172
2
0
1733972285
4
0
33173
2
0
1733973309
4
0
33174
2
0
1733974333
4
0
33175
2
0
1733976893
4
0
33176
2
0
1733977917
4
0
33177
2
0
1733978941
4
0
33178
2
0
1733979965
4
0
33179
2
0
1733980989
4
0
33180
2
0
1733982013
4
0
33181
2
0
1733963837
4
0
33182
2
0
1733964861
4
0
33183
2
0
1733965885
4
0
33184
2
0
1734426941
4
0
33185
2
0
1734427965
4
0
33186
2
0
1734428989
4
0
33187
2
0
1734430013
4
0
33188
2
0
1734431037
4
0
33189
2
0
1734432061
4
0
33190
2
0
1734433085
4
0
33191
2
0
1734435645
4
0
33192
2
0
1734436669
4
0
33193
2
0
1734437693
4
0
33194
2
0
1734438717
4
0
33195
2
0
1734439741
4
0
33196
2
0
1734440765
4
0
33197
2
0
1734422589
4
0
33198
2
0
1734423613
4
0
33199
2
0
1734424637
4
0
33200
2
0
1734492477
4
0
33201
2
0
1734493501
4
0
33202
2
0
1734494525
4
0
33203
2
0
1734495549
4
0
33204
2
0
1734496573
4
0
33205
2
0
1734497597
4
0
33206
2
0
1734498621
4
0
33207
2
0
1734501181
4
0
33208
2
0
1734502205
4
0
33209
2
0
1734503229
4
0
33210
2
0
1734504253
4
0
33211
2
0
1734505277
4
0
33212
2
0
1734506301
4
0
33213
2
0
1734488125
4
0
33214
2
0
1734489149
4
0
33215
2
0
1734490173
4
0
33216
2
0
1734558013
4
0
33217
2
0
1734559037
4
0
33218
2
0
1734560061
4
0
33219
2
0
1734561085
4
0
33220
2
0
1734562109
4
0
33221
2
0
1734563133
4
0
33222
2
0
1734564157
4
0
33223
2
0
1734566717
4
0
33224
2
0
1734567741
4
0
33225
2
0
1734568765
4
0
33226
2
0
1734569789
4
0
33227
2
0
1734570813
4
0
33228
2
0
1734571837
4
0
33229
2
0
1734553661
4
0
33230
2
0
1734554685
4
0
33231
2
0
1734555709
4
0
33232
2
0
1734623549
4
0
33233
2
0
1734624573
4
0
33234
2
0
1734625597
4
0
33235
2
0
1734626621
4
0
33236
2
0
1734627645
4
0
33237
2
0
1734628669
4
0
33238
2
0
1734629693
4
0
33239
2
0
1734632253
4
0
33240
2
0
1734633277
4
0
33241
2
0
1734634301
4
0
33242
2
0
1734635325
4
0
33243
2
0
1734636349
4
0
33244
2
0
1734637373
4
0
33245
2
0
1734619197
4
0
33246
2
0
1734620221
4
0
33247
2
0
1734621245
4
0
33248
2
0
1734689085
4
0
33249
2
0
1734690109
4
0
33250
2
0
1734691133
4
0
33251
2
0
1734692157
4
0
33252
2
0
1734693181
4
0
33253
2
0
1734694205
4
0
33254
2
0
1734695229
4
0
33255
2
0
1734697789
4
0
33256
2
0
1734698813
4
0
33257
2
0
1734699837
4
0
33258
2
0
1734700861
4
0
33259
2
0
1734701885
4
0
33260
2
0
1734702909
4
0
33261
2
0
1734684733
4
0
33262
2
0
1734685757
4
0
33263
2
0
1734686781
4
0
33264
2
0
1734754621
4
0
33265
2
0
1734755645
4
0
33266
2
0
1734756669
4
0
33267
2
0
1734757693
4
0
33268
2
0
1734758717
4
0
33269
2
0
1734759741
4
0
33270
2
0
1734760765
4
0
33271
2
0
1734763325
4
0
33272
2
0
1734764349
4
0
33273
2
0
1734765373
4
0
33274
2
0
1734766397
4
0
33275
2
0
1734767421
4
0
33276
2
0
1734768445
4
0
33277
2
0
1734750269
4
0
33278
2
0
1734751293
4
0
33279
2
0
1734752317
4
0
33280
2
0
1734820157
4
0
33281
2
0
1734821181
4
0
33282
2
0
1734822205
4
0
33283
2
0
1734823229
4
0
33284
2
0
1734824253
4
0
33285
2
0
1734825277
4
0
33286
2
0
1734826301
4
0
33287
2
0
1734828861
4
0
33288
2
0
1734829885
4
0
33289
2
0
1734830909
4
0
33290
2
0
1734831933
4
0
33291
2
0
1734832957
4
0
33292
2
0
1734833981
4
0
33293
2
0
1734815805
4
0
33294
2
0
1734816829
4
0
33295
2
0
1734817853
4
0
33296
2
0
1734885693
4
0
33297
2
0
1734886717
4
0
33298
2
0
1734887741
4
0
33299
2
0
1734888765
4
0
33300
2
0
1734889789
4
0
33301
2
0
1734890813
4
0
33302
2
0
1734891837
4
0
33303
2
0
1734894397
4
0
33304
2
0
1734895421
4
0
33305
2
0
1734896445
4
0
33306
2
0
1734897469
4
0
33307
2
0
1734898493
4
0
33308
2
0
1734899517
4
0
33309
2
0
1734881341
4
0
33310
2
0
1734882365
4
0
33311
2
0
1734883389
4
0
33312
2
0
1734951229
4
0
33313
2
0
1734952253
4
0
33314
2
0
1734953277
4
0
33315
2
0
1734954301
4
0
33316
2
0
1734955325
4
0
33317
2
0
1734956349
4
0
33318
2
0
1734957373
4
0
33319
2
0
1734959933
4
0
33320
2
0
1734960957
4
0
33321
2
0
1734961981
4
0
33322
2
0
1734963005
4
0
33323
2
0
1734964029
4
0
33324
2
0
1734965053
4
0
33325
2
0
1734946877
4
0
33326
2
0
1734947901
4
0
33327
2
0
1734948925
4
0
33328
2
0
1735016765
4
0
33329
2
0
1735017789
4
0
33330
2
0
1735018813
4
0
33331
2
0
1735019837
4
0
33332
2
0
1735020861
4
0
33333
2
0
1735021885
4
0
33334
2
0
1735022909
4
0
33335
2
0
1735025469
4
0
33336
2
0
1735026493
4
0
33337
2
0
1735027517
4
0
33338
2
0
1735028541
4
0
33339
2
0
1735029565
4
0
33340
2
0
1735030589
4
0
33341
2
0
1735012413
4
0
33342
2
0
1735013437
4
0
33343
2
0
1735014461
4
0
33344
2
0
1735082301
4
0
33345
2
0
1735083325
4
0
33346
2
0
1735084349
4
0
33347
2
0
1735085373
4
0
33348
2
0
1735086397
4
0
33349
2
0
1735087421
4
0
33350
2
0
1735088445
4
0
33351
2
0
1735091005
4
0
33352
2
0
1735092029
4
0
33353
2
0
1735093053
4
0
33354
2
0
1735094077
4
0
33355
2
0
1735095101
4
0
33356
2
0
1735096125
4
0
33357
2
0
1735077949
4
0
33358
2
0
1735078973
4
0
33359
2
0
1735079997
4
0
33360
2
0
1735147837
4
0
33361
2
0
1735148861
4
0
33362
2
0
1735149885
4
0
33363
2
0
1735150909
4
0
33364
2
0
1735151933
4
0
33365
2
0
1735152957
4
0
33366
2
0
1735153981
4
0
33367
2
0
1735156541
4
0
33368
2
0
1735157565
4
0
33369
2
0
1735158589
4
0
33370
2
0
1735159613
4
0
33371
2
0
1735160637
4
0
33372
2
0
1735161661
4
0
33373
2
0
1735143485
4
0
33374
2
0
1735144509
4
0
33375
2
0
1735145533
4
0
33376
2
0
1735213373
4
0
33377
2
0
1735214397
4
0
33378
2
0
1735215421
4
0
33379
2
0
1735216445
4
0
33380
2
0
1735217469
4
0
33381
2
0
1735218493
4
0
33382
2
0
1735219517
4
0
33383
2
0
1735222077
4
0
33384
2
0
1735223101
4
0
33385
2
0
1735224125
4
0
33386
2
0
1735225149
4
0
33387
2
0
1735226173
4
0
33388
2
0
1735227197
4
0
33389
2
0
1735209021
4
0
33390
2
0
1735210045
4
0
33391
2
0
1735211069
4
0
33392
2
0
1735278909
4
0
33393
2
0
1735279933
4
0
33394
2
0
1735280957
4
0
33395
2
0
1735281981
4
0
33396
2
0
1735283005
4
0
33397
2
0
1735284029
4
0
33398
2
0
1735285053
4
0
33399
2
0
1735287613
4
0
33400
2
0
1735288637
4
0
33401
2
0
1735289661
4
0
33402
2
0
1735290685
4
0
33403
2
0
1735291709
4
0
33404
2
0
1735292733
4
0
33405
2
0
1735274557
4
0
33406
2
0
1735275581
4
0
33407
2
0
1735276605
4
0
33408
2
0
1735344445
4
0
33409
2
0
1735345469
4
0
33410
2
0
1735346493
4
0
33411
2
0
1735347517
4
0
33412
2
0
1735348541
4
0
33413
2
0
1735349565
4
0
33414
2
0
1735350589
4
0
33415
2
0
1735353149
4
0
33416
2
0
1735354173
4
0
33417
2
0
1735355197
4
0
33418
2
0
1735356221
4
0
33419
2
0
1735357245
4
0
33420
2
0
1735358269
4
0
33421
2
0
1735340093
4
0
33422
2
0
1735341117
4
0
33423
2
0
1735342141
4
0
33424
2
0
1735409981
4
0
33425
2
0
1735411005
4
0
33426
2
0
1735412029
4
0
33427
2
0
1735413053
4
0
33428
2
0
1735414077
4
0
33429
2
0
1735415101
4
0
33430
2
0
1735416125
4
0
33431
2
0
1735418685
4
0
33432
2
0
1735419709
4
0
33433
2
0
1735420733
4
0
33434
2
0
1735421757
4
0
33435
2
0
1735422781
4
0
33436
2
0
1735423805
4
0
33437
2
0
1735405629
4
0
33438
2
0
1735406653
4
0
33439
2
0
1735407677
4
0
33440
2
0
1735475517
4
0
33441
2
0
1735476541
4
0
33442
2
0
1735477565
4
0
33443
2
0
1735478589
4
0
33444
2
0
1735479613
4
0
33445
2
0
1735480637
4
0
33446
2
0
1735481661
4
0
33447
2
0
1735484221
4
0
33448
2
0
1735485245
4
0
33449
2
0
1735486269
4
0
33450
2
0
1735487293
4
0
33451
2
0
1735488317
4
0
33452
2
0
1735489341
4
0
33453
2
0
1735471165
4
0
33454
2
0
1735472189
4
0
33455
2
0
1735473213
4
0
33456
2
0
1735541053
4
0
33457
2
0
1735542077
4
0
33458
2
0
1735543101
4
0
33459
2
0
1735544125
4
0
33460
2
0
1735545149
4
0
33461
2
0
1735546173
4
0
33462
2
0
1735547197
4
0
33463
2
0
1735549757
4
0
33464
2
0
1735550781
4
0
33465
2
0
1735551805
4
0
33466
2
0
1735552829
4
0
33467
2
0
1735553853
4
0
33468
2
0
1735554877
4
0
33469
2
0
1735536701
4
0
33470
2
0
1735537725
4
0
33471
2
0
1735538749
4
0
33472
2
0
1735606589
4
0
33473
2
0
1735607613
4
0
33474
2
0
1735608637
4
0
33475
2
0
1735609661
4
0
33476
2
0
1735610685
4
0
33477
2
0
1735611709
4
0
33478
2
0
1735612733
4
0
33479
2
0
1735615293
4
0
33480
2
0
1735616317
4
0
33481
2
0
1735617341
4
0
33482
2
0
1735618365
4
0
33483
2
0
1735619389
4
0
33484
2
0
1735620413
4
0
33485
2
0
1735602237
4
0
33486
2
0
1735603261
4
0
33487
2
0
1735604285
4
0
33488
2
0
1735672125
4
0
33489
2
0
1735673149
4
0
33490
2
0
1735674173
4
0
33491
2
0
1735675197
4
0
33492
2
0
1735676221
4
0
33493
2
0
1735677245
4
0
33494
2
0
1735678269
4
0
33495
2
0
1735680829
4
0
33496
2
0
1735681853
4
0
33497
2
0
1735682877
4
0
33498
2
0
1735683901
4
0
33499
2
0
1735684925
4
0
33500
2
0
1735685949
4
0
33501
2
0
1735667773
4
0
33502
2
0
1735668797
4
0
33503
2
0
1735669821
4
0
33504
2
0
1735737661
4
0
33505
2
0
1735738685
4
0
33506
2
0
1735739709
4
0
33507
2
0
1735740733
4
0
33508
2
0
1735741757
4
0
33509
2
0
1735742781
4
0
33510
2
0
1735743805
4
0
33511
2
0
1735746365
4
0
33512
2
0
1735747389
4
0
33513
2
0
1735748413
4
0
33514
2
0
1735749437
4
0
33515
2
0
1735750461
4
0
33516
2
0
1735751485
4
0
33517
2
0
1735733309
4
0
33518
2
0
1735734333
4
0
33519
2
0
1735735357
4
0
33520
2
0
1735803197
4
0
33521
2
0
1735804221
4
0
33522
2
0
1735805245
4
0
33523
2
0
1735806269
4
0
33524
2
0
1735807293
4
0
33525
2
0
1735808317
4
0
33526
2
0
1735809341
4
0
33527
2
0
1735811901
4
0
33528
2
0
1735812925
4
0
33529
2
0
1735813949
4
0
33530
2
0
1735814973
4
0
33531
2
0
1735815997
4
0
33532
2
0
1735817021
4
0
33533
2
0
1735798845
4
0
33534
2
0
1735799869
4
0
33535
2
0
1735800893
4
0
33536
2
0
1735868733
4
0
33537
2
0
1735869757
4
0
33538
2
0
1735870781
4
0
33539
2
0
1735871805
4
0
33540
2
0
1735872829
4
0
33541
2
0
1735873853
4
0
33542
2
0
1735874877
4
0
33543
2
0
1735877437
4
0
33544
2
0
1735878461
4
0
33545
2
0
1735879485
4
0
33546
2
0
1735880509
4
0
33547
2
0
1735881533
4
0
33548
2
0
1735882557
4
0
33549
2
0
1735864381
4
0
33550
2
0
1735865405
4
0
33551
2
0
1735866429
4
0
33552
2
0
1735934269
4
0
33553
2
0
1735935293
4
0
33554
2
0
1735936317
4
0
33555
2
0
1735937341
4
0
33556
2
0
1735938365
4
0
33557
2
0
1735939389
4
0
33558
2
0
1735940413
4
0
33559
2
0
1735942973
4
0
33560
2
0
1735943997
4
0
33561
2
0
1735945021
4
0
33562
2
0
1735946045
4
0
33563
2
0
1735947069
4
0
33564
2
0
1735948093
4
0
33565
2
0
1735929917
4
0
33566
2
0
1735930941
4
0
33567
2
0
1735931965
4
0
33568
2
0
1735999805
4
0
33569
2
0
1736000829
4
0
33570
2
0
1736001853
4
0
33571
2
0
1736002877
4
0
33572
2
0
1736003901
4
0
33573
2
0
1736004925
4
0
33574
2
0
1736005949
4
0
33575
2
0
1736008509
4
0
33576
2
0
1736009533
4
0
33577
2
0
1736010557
4
0
33578
2
0
1736011581
4
0
33579
2
0
1736012605
4
0
33580
2
0
1736013629
4
0
33581
2
0
1735995453
4
0
33582
2
0
1735996477
4
0
33583
2
0
1735997501
4
0
33584
2
0
1736065341
4
0
33585
2
0
1736066365
4
0
33586
2
0
1736067389
4
0
33587
2
0
1736068413
4
0
33588
2
0
1736069437
4
0
33589
2
0
1736070461
4
0
33590
2
0
1736071485
4
0
33591
2
0
1736074045
4
0
33592
2
0
1736075069
4
0
33593
2
0
1736076093
4
0
33594
2
0
1736077117
4
0
33595
2
0
1736078141
4
0
33596
2
0
1736079165
4
0
33597
2
0
1736060989
4
0
33598
2
0
1736062013
4
0
33599
2
0
1736063037
4
0
33600
2
0
1731215677
4
0
33601
2
0
1731216701
4
0
33602
2
0
1731217725
4
0
33603
2
0
1731218749
4
0
33604
2
0
1731219773
4
0
33605
2
0
1731220797
4
0
33606
2
0
1731221821
4
0
33607
2
0
1731224381
4
0
33608
2
0
1731225405
4
0
33609
2
0
1731226429
4
0
33610
2
0
1731227453
4
0
33611
2
0
1731228477
4
0
33612
2
0
1731229501
4
0
33613
2
0
1731211325
4
0
33614
2
0
1731212349
4
0
33615
2
0
1731213373
4
0
33616
2
0
1731281213
4
0
33617
2
0
1731282237
4
0
33618
2
0
1731283261
4
0
33619
2
0
1731284285
4
0
33620
2
0
1731285309
4
0
33621
2
0
1731286333
4
0
33622
2
0
1731287357
4
0
33623
2
0
1731289917
4
0
33624
2
0
1731290941
4
0
33625
2
0
1731291965
4
0
33626
2
0
1731292989
4
0
33627
2
0
1731294013
4
0
33628
2
0
1731295037
4
0
33629
2
0
1731276861
4
0
33630
2
0
1731277885
4
0
33631
2
0
1731278909
4
0
33632
2
0
1731346749
4
0
33633
2
0
1731347773
4
0
33634
2
0
1731348797
4
0
33635
2
0
1731349821
4
0
33636
2
0
1731350845
4
0
33637
2
0
1731351869
4
0
33638
2
0
1731352893
4
0
33639
2
0
1731355453
4
0
33640
2
0
1731356477
4
0
33641
2
0
1731357501
4
0
33642
2
0
1731358525
4
0
33643
2
0
1731359549
4
0
33644
2
0
1731360573
4
0
33645
2
0
1731342397
4
0
33646
2
0
1731343421
4
0
33647
2
0
1731344445
4
0
33648
2
0
1731412285
4
0
33649
2
0
1731413309
4
0
33650
2
0
1731414333
4
0
33651
2
0
1731415357
4
0
33652
2
0
1731416381
4
0
33653
2
0
1731417405
4
0
33654
2
0
1731418429
4
0
33655
2
0
1731420989
4
0
33656
2
0
1731422013
4
0
33657
2
0
1731423037
4
0
33658
2
0
1731424061
4
0
33659
2
0
1731425085
4
0
33660
2
0
1731426109
4
0
33661
2
0
1731407933
4
0
33662
2
0
1731408957
4
0
33663
2
0
1731409981
4
0
33664
2
0
1731477821
4
0
33665
2
0
1731478845
4
0
33666
2
0
1731479869
4
0
33667
2
0
1731480893
4
0
33668
2
0
1731481917
4
0
33669
2
0
1731482941
4
0
33670
2
0
1731483965
4
0
33671
2
0
1731486525
4
0
33672
2
0
1731487549
4
0
33673
2
0
1731488573
4
0
33674
2
0
1731489597
4
0
33675
2
0
1731490621
4
0
33676
2
0
1731491645
4
0
33677
2
0
1731473469
4
0
33678
2
0
1731474493
4
0
33679
2
0
1731475517
4
0
33680
2
0
1731543357
4
0
33681
2
0
1731544381
4
0
33682
2
0
1731545405
4
0
33683
2
0
1731546429
4
0
33684
2
0
1731547453
4
0
33685
2
0
1731548477
4
0
33686
2
0
1731549501
4
0
33687
2
0
1731552061
4
0
33688
2
0
1731553085
4
0
33689
2
0
1731554109
4
0
33690
2
0
1731555133
4
0
33691
2
0
1731556157
4
0
33692
2
0
1731557181
4
0
33693
2
0
1731539005
4
0
33694
2
0
1731540029
4
0
33695
2
0
1731541053
4
0
33696
2
0
1731608893
4
0
33697
2
0
1731609917
4
0
33698
2
0
1731610941
4
0
33699
2
0
1731611965
4
0
33700
2
0
1731612989
4
0
33701
2
0
1731614013
4
0
33702
2
0
1731615037
4
0
33703
2
0
1731617597
4
0
33704
2
0
1731618621
4
0
33705
2
0
1731619645
4
0
33706
2
0
1731620669
4
0
33707
2
0
1731621693
4
0
33708
2
0
1731622717
4
0
33709
2
0
1731604541
4
0
33710
2
0
1731605565
4
0
33711
2
0
1731606589
4
0
33712
2
0
1731674429
4
0
33713
2
0
1731675453
4
0
33714
2
0
1731676477
4
0
33715
2
0
1731677501
4
0
33716
2
0
1731678525
4
0
33717
2
0
1731679549
4
0
33718
2
0
1731680573
4
0
33719
2
0
1731683133
4
0
33720
2
0
1731684157
4
0
33721
2
0
1731685181
4
0
33722
2
0
1731686205
4
0
33723
2
0
1731687229
4
0
33724
2
0
1731688253
4
0
33725
2
0
1731670077
4
0
33726
2
0
1731671101
4
0
33727
2
0
1731672125
4
0
33728
2
0
1731739965
4
0
33729
2
0
1731740989
4
0
33730
2
0
1731742013
4
0
33731
2
0
1731743037
4
0
33732
2
0
1731744061
4
0
33733
2
0
1731745085
4
0
33734
2
0
1731746109
4
0
33735
2
0
1731748669
4
0
33736
2
0
1731749693
4
0
33737
2
0
1731750717
4
0
33738
2
0
1731751741
4
0
33739
2
0
1731752765
4
0
33740
2
0
1731753789
4
0
33741
2
0
1731735613
4
0
33742
2
0
1731736637
4
0
33743
2
0
1731737661
4
0
33744
2
0
1731805501
4
0
33745
2
0
1731806525
4
0
33746
2
0
1731807549
4
0
33747
2
0
1731808573
4
0
33748
2
0
1731809597
4
0
33749
2
0
1731810621
4
0
33750
2
0
1731811645
4
0
33751
2
0
1731814205
4
0
33752
2
0
1731815229
4
0
33753
2
0
1731816253
4
0
33754
2
0
1731817277
4
0
33755
2
0
1731818301
4
0
33756
2
0
1731819325
4
0
33757
2
0
1731801149
4
0
33758
2
0
1731802173
4
0
33759
2
0
1731803197
4
0
33760
2
0
1730887997
4
0
33761
2
0
1730889021
4
0
33762
2
0
1730890045
4
0
33763
2
0
1730891069
4
0
33764
2
0
1730892093
4
0
33765
2
0
1730893117
4
0
33766
2
0
1730894141
4
0
33767
2
0
1730896701
4
0
33768
2
0
1730897725
4
0
33769
2
0
1730898749
4
0
33770
2
0
1730899773
4
0
33771
2
0
1730900797
4
0
33772
2
0
1730901821
4
0
33773
2
0
1730883645
4
0
33774
2
0
1730884669
4
0
33775
2
0
1730885693
4
0
33776
2
0
1731150141
4
0
33777
2
0
1731151165
4
0
33778
2
0
1731152189
4
0
33779
2
0
1731153213
4
0
33780
2
0
1731154237
4
0
33781
2
0
1731155261
4
0
33782
2
0
1731156285
4
0
33783
2
0
1731158845
4
0
33784
2
0
1731159869
4
0
33785
2
0
1731160893
4
0
33786
2
0
1731161917
4
0
33787
2
0
1731162941
4
0
33788
2
0
1731163965
4
0
33789
2
0
1731145789
4
0
33790
2
0
1731146813
4
0
33791
2
0
1731147837
4
