1024
0
3072
2
0
1145127229
4
0
3073
2
0
1145128253
4
0
3074
2
0
1145129277
4
0
3075
2
0
1145130301
4
0
3076
2
0
1145131325
4
0
3077
2
0
1145132349
4
0
3078
2
0
1145133373
4
0
3079
2
0
1145135933
4
0
3080
2
0
1145136957
4
0
3081
2
0
1145137981
4
0
3082
2
0
1145139005
4
0
3083
2
0
1145140029
4
0
3084
2
0
1145141053
4
0
3085
2
0
1145122877
4
0
3086
2
0
1145123901
4
0
3087
2
0
1145124925
4
0
3088
2
0
1145192765
4
0
3089
2
0
1145193789
4
0
3090
2
0
1145194813
4
0
3091
2
0
1145195837
4
0
3092
2
0
1145196861
4
0
3093
2
0
1145197885
4
0
3094
2
0
1145198909
4
0
3095
2
0
1145201469
4
0
3096
2
0
1145202493
4
0
3097
2
0
1145203517
4
0
3098
2
0
1145204541
4
0
3099
2
0
1145205565
4
0
3100
2
0
1145206589
4
0
3101
2
0
1145188413
4
0
3102
2
0
1145189437
4
0
3103
2
0
1145190461
4
0
3104
2
0
1145258301
4
0
3105
2
0
1145259325
4
0
3106
2
0
1145260349
4
0
3107
2
0
1145261373
4
0
3108
2
0
1145262397
4
0
3109
2
0
1145263421
4
0
3110
2
0
1145264445
4
0
3111
2
0
1145267005
4
0
3112
2
0
1145268029
4
0
3113
2
0
1145269053
4
0
3114
2
0
1145270077
4
0
3115
2
0
1145271101
4
0
3116
2
0
1145272125
4
0
3117
2
0
1145253949
4
0
3118
2
0
1145254973
4
0
3119
2
0
1145255997
4
0
3120
2
0
1145323837
4
0
3121
2
0
1145324861
4
0
3122
2
0
1145325885
4
0
3123
2
0
1145326909
4
0
3124
2
0
1145327933
4
0
3125
2
0
1145328957
4
0
3126
2
0
1145329981
4
0
3127
2
0
1145332541
4
0
3128
2
0
1145333565
4
0
3129
2
0
1145334589
4
0
3130
2
0
1145335613
4
0
3131
2
0
1145336637
4
0
3132
2
0
1145337661
4
0
3133
2
0
1145319485
4
0
3134
2
0
1145320509
4
0
3135
2
0
1145321533
4
0
3136
2
0
1145389373
4
0
3137
2
0
1145390397
4
0
3138
2
0
1145391421
4
0
3139
2
0
1145392445
4
0
3140
2
0
1145393469
4
0
3141
2
0
1145394493
4
0
3142
2
0
1145395517
4
0
3143
2
0
1145398077
4
0
3144
2
0
1145399101
4
0
3145
2
0
1145400125
4
0
3146
2
0
1145401149
4
0
3147
2
0
1145402173
4
0
3148
2
0
1145403197
4
0
3149
2
0
1145385021
4
0
3150
2
0
1145386045
4
0
3151
2
0
1145387069
4
0
3152
2
0
1145454909
4
0
3153
2
0
1145455933
4
0
3154
2
0
1145456957
4
0
3155
2
0
1145457981
4
0
3156
2
0
1145459005
4
0
3157
2
0
1145460029
4
0
3158
2
0
1145461053
4
0
3159
2
0
1145463613
4
0
3160
2
0
1145464637
4
0
3161
2
0
1145465661
4
0
3162
2
0
1145466685
4
0
3163
2
0
1145467709
4
0
3164
2
0
1145468733
4
0
3165
2
0
1145450557
4
0
3166
2
0
1145451581
4
0
3167
2
0
1145452605
4
0
3168
2
0
1145520445
4
0
3169
2
0
1145521469
4
0
3170
2
0
1145522493
4
0
3171
2
0
1145523517
4
0
3172
2
0
1145524541
4
0
3173
2
0
1145525565
4
0
3174
2
0
1145526589
4
0
3175
2
0
1145529149
4
0
3176
2
0
1145530173
4
0
3177
2
0
1145531197
4
0
3178
2
0
1145532221
4
0
3179
2
0
1145533245
4
0
3180
2
0
1145534269
4
0
3181
2
0
1145516093
4
0
3182
2
0
1145517117
4
0
3183
2
0
1145518141
4
0
3184
2
0
1145585981
4
0
3185
2
0
1145587005
4
0
3186
2
0
1145588029
4
0
3187
2
0
1145589053
4
0
3188
2
0
1145590077
4
0
3189
2
0
1145591101
4
0
3190
2
0
1145592125
4
0
3191
2
0
1145594685
4
0
3192
2
0
1145595709
4
0
3193
2
0
1145596733
4
0
3194
2
0
1145597757
4
0
3195
2
0
1145598781
4
0
3196
2
0
1145599805
4
0
3197
2
0
1145581629
4
0
3198
2
0
1145582653
4
0
3199
2
0
1145583677
4
0
3200
2
0
1145651517
4
0
3201
2
0
1145652541
4
0
3202
2
0
1145653565
4
0
3203
2
0
1145654589
4
0
3204
2
0
1145655613
4
0
3205
2
0
1145656637
4
0
3206
2
0
1145657661
4
0
3207
2
0
1145660221
4
0
3208
2
0
1145661245
4
0
3209
2
0
1145662269
4
0
3210
2
0
1145663293
4
0
3211
2
0
1145664317
4
0
3212
2
0
1145665341
4
0
3213
2
0
1145647165
4
0
3214
2
0
1145648189
4
0
3215
2
0
1145649213
4
0
3216
2
0
1145717053
4
0
3217
2
0
1145718077
4
0
3218
2
0
1145719101
4
0
3219
2
0
1145720125
4
0
3220
2
0
1145721149
4
0
3221
2
0
1145722173
4
0
3222
2
0
1145723197
4
0
3223
2
0
1145725757
4
0
3224
2
0
1145726781
4
0
3225
2
0
1145727805
4
0
3226
2
0
1145728829
4
0
3227
2
0
1145729853
4
0
3228
2
0
1145730877
4
0
3229
2
0
1145712701
4
0
3230
2
0
1145713725
4
0
3231
2
0
1145714749
4
0
3232
2
0
1145782589
4
0
3233
2
0
1145783613
4
0
3234
2
0
1145784637
4
0
3235
2
0
1145785661
4
0
3236
2
0
1145786685
4
0
3237
2
0
1145787709
4
0
3238
2
0
1145788733
4
0
3239
2
0
1145791293
4
0
3240
2
0
1145792317
4
0
3241
2
0
1145793341
4
0
3242
2
0
1145794365
4
0
3243
2
0
1145795389
4
0
3244
2
0
1145796413
4
0
3245
2
0
1145778237
4
0
3246
2
0
1145779261
4
0
3247
2
0
1145780285
4
0
3248
2
0
1145848125
4
0
3249
2
0
1145849149
4
0
3250
2
0
1145850173
4
0
3251
2
0
1145851197
4
0
3252
2
0
1145852221
4
0
3253
2
0
1145853245
4
0
3254
2
0
1145854269
4
0
3255
2
0
1145856829
4
0
3256
2
0
1145857853
4
0
3257
2
0
1145858877
4
0
3258
2
0
1145859901
4
0
3259
2
0
1145860925
4
0
3260
2
0
1145861949
4
0
3261
2
0
1145843773
4
0
3262
2
0
1145844797
4
0
3263
2
0
1145845821
4
0
3264
2
0
1145913661
4
0
3265
2
0
1145914685
4
0
3266
2
0
1145915709
4
0
3267
2
0
1145916733
4
0
3268
2
0
1145917757
4
0
3269
2
0
1145918781
4
0
3270
2
0
1145919805
4
0
3271
2
0
1145922365
4
0
3272
2
0
1145923389
4
0
3273
2
0
1145924413
4
0
3274
2
0
1145925437
4
0
3275
2
0
1145926461
4
0
3276
2
0
1145927485
4
0
3277
2
0
1145909309
4
0
3278
2
0
1145910333
4
0
3279
2
0
1145911357
4
0
3280
2
0
1145979197
4
0
3281
2
0
1145980221
4
0
3282
2
0
1145981245
4
0
3283
2
0
1145982269
4
0
3284
2
0
1145983293
4
0
3285
2
0
1145984317
4
0
3286
2
0
1145985341
4
0
3287
2
0
1145987901
4
0
3288
2
0
1145988925
4
0
3289
2
0
1145989949
4
0
3290
2
0
1145990973
4
0
3291
2
0
1145991997
4
0
3292
2
0
1145993021
4
0
3293
2
0
1145974845
4
0
3294
2
0
1145975869
4
0
3295
2
0
1145976893
4
0
3296
2
0
1146044733
4
0
3297
2
0
1146045757
4
0
3298
2
0
1146046781
4
0
3299
2
0
1146047805
4
0
3300
2
0
1146048829
4
0
3301
2
0
1146049853
4
0
3302
2
0
1146050877
4
0
3303
2
0
1146053437
4
0
3304
2
0
1146054461
4
0
3305
2
0
1146055485
4
0
3306
2
0
1146056509
4
0
3307
2
0
1146057533
4
0
3308
2
0
1146058557
4
0
3309
2
0
1146040381
4
0
3310
2
0
1146041405
4
0
3311
2
0
1146042429
4
0
3312
2
0
1146110269
4
0
3313
2
0
1146111293
4
0
3314
2
0
1146112317
4
0
3315
2
0
1146113341
4
0
3316
2
0
1146114365
4
0
3317
2
0
1146115389
4
0
3318
2
0
1146116413
4
0
3319
2
0
1146118973
4
0
3320
2
0
1146119997
4
0
3321
2
0
1146121021
4
0
3322
2
0
1146122045
4
0
3323
2
0
1146123069
4
0
3324
2
0
1146124093
4
0
3325
2
0
1146105917
4
0
3326
2
0
1146106941
4
0
3327
2
0
1146107965
4
0
3328
2
0
1146175805
4
0
3329
2
0
1146176829
4
0
3330
2
0
1146177853
4
0
3331
2
0
1146178877
4
0
3332
2
0
1146179901
4
0
3333
2
0
1146180925
4
0
3334
2
0
1146181949
4
0
3335
2
0
1146184509
4
0
3336
2
0
1146185533
4
0
3337
2
0
1146186557
4
0
3338
2
0
1146187581
4
0
3339
2
0
1146188605
4
0
3340
2
0
1146189629
4
0
3341
2
0
1146171453
4
0
3342
2
0
1146172477
4
0
3343
2
0
1146173501
4
0
3344
2
0
1146241341
4
0
3345
2
0
1146242365
4
0
3346
2
0
1146243389
4
0
3347
2
0
1146244413
4
0
3348
2
0
1146245437
4
0
3349
2
0
1146246461
4
0
3350
2
0
1146247485
4
0
3351
2
0
1146250045
4
0
3352
2
0
1146251069
4
0
3353
2
0
1146252093
4
0
3354
2
0
1146253117
4
0
3355
2
0
1146254141
4
0
3356
2
0
1146255165
4
0
3357
2
0
1146236989
4
0
3358
2
0
1146238013
4
0
3359
2
0
1146239037
4
0
3360
2
0
1146306877
4
0
3361
2
0
1146307901
4
0
3362
2
0
1146308925
4
0
3363
2
0
1146309949
4
0
3364
2
0
1146310973
4
0
3365
2
0
1146311997
4
0
3366
2
0
1146313021
4
0
3367
2
0
1146315581
4
0
3368
2
0
1146316605
4
0
3369
2
0
1146317629
4
0
3370
2
0
1146318653
4
0
3371
2
0
1146319677
4
0
3372
2
0
1146320701
4
0
3373
2
0
1146302525
4
0
3374
2
0
1146303549
4
0
3375
2
0
1146304573
4
0
3376
2
0
1146372413
4
0
3377
2
0
1146373437
4
0
3378
2
0
1146374461
4
0
3379
2
0
1146375485
4
0
3380
2
0
1146376509
4
0
3381
2
0
1146377533
4
0
3382
2
0
1146378557
4
0
3383
2
0
1146381117
4
0
3384
2
0
1146382141
4
0
3385
2
0
1146383165
4
0
3386
2
0
1146384189
4
0
3387
2
0
1146385213
4
0
3388
2
0
1146386237
4
0
3389
2
0
1146368061
4
0
3390
2
0
1146369085
4
0
3391
2
0
1146370109
4
0
3392
2
0
1146437949
4
0
3393
2
0
1146438973
4
0
3394
2
0
1146439997
4
0
3395
2
0
1146441021
4
0
3396
2
0
1146442045
4
0
3397
2
0
1146443069
4
0
3398
2
0
1146444093
4
0
3399
2
0
1146446653
4
0
3400
2
0
1146447677
4
0
3401
2
0
1146448701
4
0
3402
2
0
1146449725
4
0
3403
2
0
1146450749
4
0
3404
2
0
1146451773
4
0
3405
2
0
1146433597
4
0
3406
2
0
1146434621
4
0
3407
2
0
1146435645
4
0
3408
2
0
1146503485
4
0
3409
2
0
1146504509
4
0
3410
2
0
1146505533
4
0
3411
2
0
1146506557
4
0
3412
2
0
1146507581
4
0
3413
2
0
1146508605
4
0
3414
2
0
1146509629
4
0
3415
2
0
1146512189
4
0
3416
2
0
1146513213
4
0
3417
2
0
1146514237
4
0
3418
2
0
1146515261
4
0
3419
2
0
1146516285
4
0
3420
2
0
1146517309
4
0
3421
2
0
1146499133
4
0
3422
2
0
1146500157
4
0
3423
2
0
1146501181
4
0
3424
2
0
1146569021
4
0
3425
2
0
1146570045
4
0
3426
2
0
1146571069
4
0
3427
2
0
1146572093
4
0
3428
2
0
1146573117
4
0
3429
2
0
1146574141
4
0
3430
2
0
1146575165
4
0
3431
2
0
1146577725
4
0
3432
2
0
1146578749
4
0
3433
2
0
1146579773
4
0
3434
2
0
1146580797
4
0
3435
2
0
1146581821
4
0
3436
2
0
1146582845
4
0
3437
2
0
1146564669
4
0
3438
2
0
1146565693
4
0
3439
2
0
1146566717
4
0
3440
2
0
1146634557
4
0
3441
2
0
1146635581
4
0
3442
2
0
1146636605
4
0
3443
2
0
1146637629
4
0
3444
2
0
1146638653
4
0
3445
2
0
1146639677
4
0
3446
2
0
1146640701
4
0
3447
2
0
1146643261
4
0
3448
2
0
1146644285
4
0
3449
2
0
1146645309
4
0
3450
2
0
1146646333
4
0
3451
2
0
1146647357
4
0
3452
2
0
1146648381
4
0
3453
2
0
1146630205
4
0
3454
2
0
1146631229
4
0
3455
2
0
1146632253
4
0
3456
2
0
1146700093
4
0
3457
2
0
1146701117
4
0
3458
2
0
1146702141
4
0
3459
2
0
1146703165
4
0
3460
2
0
1146704189
4
0
3461
2
0
1146705213
4
0
3462
2
0
1146706237
4
0
3463
2
0
1146708797
4
0
3464
2
0
1146709821
4
0
3465
2
0
1146710845
4
0
3466
2
0
1146711869
4
0
3467
2
0
1146712893
4
0
3468
2
0
1146713917
4
0
3469
2
0
1146695741
4
0
3470
2
0
1146696765
4
0
3471
2
0
1146697789
4
0
3472
2
0
1146765629
4
0
3473
2
0
1146766653
4
0
3474
2
0
1146767677
4
0
3475
2
0
1146768701
4
0
3476
2
0
1146769725
4
0
3477
2
0
1146770749
4
0
3478
2
0
1146771773
4
0
3479
2
0
1146774333
4
0
3480
2
0
1146775357
4
0
3481
2
0
1146776381
4
0
3482
2
0
1146777405
4
0
3483
2
0
1146778429
4
0
3484
2
0
1146779453
4
0
3485
2
0
1146761277
4
0
3486
2
0
1146762301
4
0
3487
2
0
1146763325
4
0
3488
2
0
1147224381
4
0
3489
2
0
1147225405
4
0
3490
2
0
1147226429
4
0
3491
2
0
1147227453
4
0
3492
2
0
1147228477
4
0
3493
2
0
1147229501
4
0
3494
2
0
1147230525
4
0
3495
2
0
1147233085
4
0
3496
2
0
1147234109
4
0
3497
2
0
1147235133
4
0
3498
2
0
1147236157
4
0
3499
2
0
1147237181
4
0
3500
2
0
1147238205
4
0
3501
2
0
1147220029
4
0
3502
2
0
1147221053
4
0
3503
2
0
1147222077
4
0
3504
2
0
1147289917
4
0
3505
2
0
1147290941
4
0
3506
2
0
1147291965
4
0
3507
2
0
1147292989
4
0
3508
2
0
1147294013
4
0
3509
2
0
1147295037
4
0
3510
2
0
1147296061
4
0
3511
2
0
1147298621
4
0
3512
2
0
1147299645
4
0
3513
2
0
1147300669
4
0
3514
2
0
1147301693
4
0
3515
2
0
1147302717
4
0
3516
2
0
1147303741
4
0
3517
2
0
1147285565
4
0
3518
2
0
1147286589
4
0
3519
2
0
1147287613
4
0
3520
2
0
1147355453
4
0
3521
2
0
1147356477
4
0
3522
2
0
1147357501
4
0
3523
2
0
1147358525
4
0
3524
2
0
1147359549
4
0
3525
2
0
1147360573
4
0
3526
2
0
1147361597
4
0
3527
2
0
1147364157
4
0
3528
2
0
1147365181
4
0
3529
2
0
1147366205
4
0
3530
2
0
1147367229
4
0
3531
2
0
1147368253
4
0
3532
2
0
1147369277
4
0
3533
2
0
1147351101
4
0
3534
2
0
1147352125
4
0
3535
2
0
1147353149
4
0
3536
2
0
1147420989
4
0
3537
2
0
1147422013
4
0
3538
2
0
1147423037
4
0
3539
2
0
1147424061
4
0
3540
2
0
1147425085
4
0
3541
2
0
1147426109
4
0
3542
2
0
1147427133
4
0
3543
2
0
1147429693
4
0
3544
2
0
1147430717
4
0
3545
2
0
1147431741
4
0
3546
2
0
1147432765
4
0
3547
2
0
1147433789
4
0
3548
2
0
1147434813
4
0
3549
2
0
1147416637
4
0
3550
2
0
1147417661
4
0
3551
2
0
1147418685
4
0
3552
2
0
1147486525
4
0
3553
2
0
1147487549
4
0
3554
2
0
1147488573
4
0
3555
2
0
1147489597
4
0
3556
2
0
1147490621
4
0
3557
2
0
1147491645
4
0
3558
2
0
1147492669
4
0
3559
2
0
1147495229
4
0
3560
2
0
1147496253
4
0
3561
2
0
1147497277
4
0
3562
2
0
1147498301
4
0
3563
2
0
1147499325
4
0
3564
2
0
1147500349
4
0
3565
2
0
1147482173
4
0
3566
2
0
1147483197
4
0
3567
2
0
1147484221
4
0
3568
2
0
1147552061
4
0
3569
2
0
1147553085
4
0
3570
2
0
1147554109
4
0
3571
2
0
1147555133
4
0
3572
2
0
1147556157
4
0
3573
2
0
1147557181
4
0
3574
2
0
1147558205
4
0
3575
2
0
1147560765
4
0
3576
2
0
1147561789
4
0
3577
2
0
1147562813
4
0
3578
2
0
1147563837
4
0
3579
2
0
1147564861
4
0
3580
2
0
1147565885
4
0
3581
2
0
1147547709
4
0
3582
2
0
1147548733
4
0
3583
2
0
1147549757
4
0
3584
2
0
1147617597
4
0
3585
2
0
1147618621
4
0
3586
2
0
1147619645
4
0
3587
2
0
1147620669
4
0
3588
2
0
1147621693
4
0
3589
2
0
1147622717
4
0
3590
2
0
1147623741
4
0
3591
2
0
1147626301
4
0
3592
2
0
1147627325
4
0
3593
2
0
1147628349
4
0
3594
2
0
1147629373
4
0
3595
2
0
1147630397
4
0
3596
2
0
1147631421
4
0
3597
2
0
1147613245
4
0
3598
2
0
1147614269
4
0
3599
2
0
1147615293
4
0
3600
2
0
1147683133
4
0
3601
2
0
1147684157
4
0
3602
2
0
1147685181
4
0
3603
2
0
1147686205
4
0
3604
2
0
1147687229
4
0
3605
2
0
1147688253
4
0
3606
2
0
1147689277
4
0
3607
2
0
1147691837
4
0
3608
2
0
1147692861
4
0
3609
2
0
1147693885
4
0
3610
2
0
1147694909
4
0
3611
2
0
1147695933
4
0
3612
2
0
1147696957
4
0
3613
2
0
1147678781
4
0
3614
2
0
1147679805
4
0
3615
2
0
1147680829
4
0
3616
2
0
1147748669
4
0
3617
2
0
1147749693
4
0
3618
2
0
1147750717
4
0
3619
2
0
1147751741
4
0
3620
2
0
1147752765
4
0
3621
2
0
1147753789
4
0
3622
2
0
1147754813
4
0
3623
2
0
1147757373
4
0
3624
2
0
1147758397
4
0
3625
2
0
1147759421
4
0
3626
2
0
1147760445
4
0
3627
2
0
1147761469
4
0
3628
2
0
1147762493
4
0
3629
2
0
1147744317
4
0
3630
2
0
1147745341
4
0
3631
2
0
1147746365
4
0
3632
2
0
1147814205
4
0
3633
2
0
1147815229
4
0
3634
2
0
1147816253
4
0
3635
2
0
1147817277
4
0
3636
2
0
1147818301
4
0
3637
2
0
1147819325
4
0
3638
2
0
1147820349
4
0
3639
2
0
1147822909
4
0
3640
2
0
1147823933
4
0
3641
2
0
1147824957
4
0
3642
2
0
1147825981
4
0
3643
2
0
1147827005
4
0
3644
2
0
1147828029
4
0
3645
2
0
1147809853
4
0
3646
2
0
1147810877
4
0
3647
2
0
1147811901
4
0
3648
2
0
1147879741
4
0
3649
2
0
1147880765
4
0
3650
2
0
1147881789
4
0
3651
2
0
1147882813
4
0
3652
2
0
1147883837
4
0
3653
2
0
1147884861
4
0
3654
2
0
1147885885
4
0
3655
2
0
1147888445
4
0
3656
2
0
1147889469
4
0
3657
2
0
1147890493
4
0
3658
2
0
1147891517
4
0
3659
2
0
1147892541
4
0
3660
2
0
1147893565
4
0
3661
2
0
1147875389
4
0
3662
2
0
1147876413
4
0
3663
2
0
1147877437
4
0
3664
2
0
1147945277
4
0
3665
2
0
1147946301
4
0
3666
2
0
1147947325
4
0
3667
2
0
1147948349
4
0
3668
2
0
1147949373
4
0
3669
2
0
1147950397
4
0
3670
2
0
1147951421
4
0
3671
2
0
1147953981
4
0
3672
2
0
1147955005
4
0
3673
2
0
1147956029
4
0
3674
2
0
1147957053
4
0
3675
2
0
1147958077
4
0
3676
2
0
1147959101
4
0
3677
2
0
1147940925
4
0
3678
2
0
1147941949
4
0
3679
2
0
1147942973
4
0
3680
2
0
1148010813
4
0
3681
2
0
1148011837
4
0
3682
2
0
1148012861
4
0
3683
2
0
1148013885
4
0
3684
2
0
1148014909
4
0
3685
2
0
1148015933
4
0
3686
2
0
1148016957
4
0
3687
2
0
1148019517
4
0
3688
2
0
1148020541
4
0
3689
2
0
1148021565
4
0
3690
2
0
1148022589
4
0
3691
2
0
1148023613
4
0
3692
2
0
1148024637
4
0
3693
2
0
1148006461
4
0
3694
2
0
1148007485
4
0
3695
2
0
1148008509
4
0
3696
2
0
1148076349
4
0
3697
2
0
1148077373
4
0
3698
2
0
1148078397
4
0
3699
2
0
1148079421
4
0
3700
2
0
1148080445
4
0
3701
2
0
1148081469
4
0
3702
2
0
1148082493
4
0
3703
2
0
1148085053
4
0
3704
2
0
1148086077
4
0
3705
2
0
1148087101
4
0
3706
2
0
1148088125
4
0
3707
2
0
1148089149
4
0
3708
2
0
1148090173
4
0
3709
2
0
1148071997
4
0
3710
2
0
1148073021
4
0
3711
2
0
1148074045
4
0
3712
2
0
1148141885
4
0
3713
2
0
1148142909
4
0
3714
2
0
1148143933
4
0
3715
2
0
1148144957
4
0
3716
2
0
1148145981
4
0
3717
2
0
1148147005
4
0
3718
2
0
1148148029
4
0
3719
2
0
1148150589
4
0
3720
2
0
1148151613
4
0
3721
2
0
1148152637
4
0
3722
2
0
1148153661
4
0
3723
2
0
1148154685
4
0
3724
2
0
1148155709
4
0
3725
2
0
1148137533
4
0
3726
2
0
1148138557
4
0
3727
2
0
1148139581
4
0
3728
2
0
1148207421
4
0
3729
2
0
1148208445
4
0
3730
2
0
1148209469
4
0
3731
2
0
1148210493
4
0
3732
2
0
1148211517
4
0
3733
2
0
1148212541
4
0
3734
2
0
1148213565
4
0
3735
2
0
1148216125
4
0
3736
2
0
1148217149
4
0
3737
2
0
1148218173
4
0
3738
2
0
1148219197
4
0
3739
2
0
1148220221
4
0
3740
2
0
1148221245
4
0
3741
2
0
1148203069
4
0
3742
2
0
1148204093
4
0
3743
2
0
1148205117
4
0
3744
2
0
1148272957
4
0
3745
2
0
1148273981
4
0
3746
2
0
1148275005
4
0
3747
2
0
1148276029
4
0
3748
2
0
1148277053
4
0
3749
2
0
1148278077
4
0
3750
2
0
1148279101
4
0
3751
2
0
1148281661
4
0
3752
2
0
1148282685
4
0
3753
2
0
1148283709
4
0
3754
2
0
1148284733
4
0
3755
2
0
1148285757
4
0
3756
2
0
1148286781
4
0
3757
2
0
1148268605
4
0
3758
2
0
1148269629
4
0
3759
2
0
1148270653
4
0
3760
2
0
1148338493
4
0
3761
2
0
1148339517
4
0
3762
2
0
1148340541
4
0
3763
2
0
1148341565
4
0
3764
2
0
1148342589
4
0
3765
2
0
1148343613
4
0
3766
2
0
1148344637
4
0
3767
2
0
1148347197
4
0
3768
2
0
1148348221
4
0
3769
2
0
1148349245
4
0
3770
2
0
1148350269
4
0
3771
2
0
1148351293
4
0
3772
2
0
1148352317
4
0
3773
2
0
1148334141
4
0
3774
2
0
1148335165
4
0
3775
2
0
1148336189
4
0
3776
2
0
1148404029
4
0
3777
2
0
1148405053
4
0
3778
2
0
1148406077
4
0
3779
2
0
1148407101
4
0
3780
2
0
1148408125
4
0
3781
2
0
1148409149
4
0
3782
2
0
1148410173
4
0
3783
2
0
1148412733
4
0
3784
2
0
1148413757
4
0
3785
2
0
1148414781
4
0
3786
2
0
1148415805
4
0
3787
2
0
1148416829
4
0
3788
2
0
1148417853
4
0
3789
2
0
1148399677
4
0
3790
2
0
1148400701
4
0
3791
2
0
1148401725
4
0
3792
2
0
1148469565
4
0
3793
2
0
1148470589
4
0
3794
2
0
1148471613
4
0
3795
2
0
1148472637
4
0
3796
2
0
1148473661
4
0
3797
2
0
1148474685
4
0
3798
2
0
1148475709
4
0
3799
2
0
1148478269
4
0
3800
2
0
1148479293
4
0
3801
2
0
1148480317
4
0
3802
2
0
1148481341
4
0
3803
2
0
1148482365
4
0
3804
2
0
1148483389
4
0
3805
2
0
1148465213
4
0
3806
2
0
1148466237
4
0
3807
2
0
1148467261
4
0
3808
2
0
1148535101
4
0
3809
2
0
1148536125
4
0
3810
2
0
1148537149
4
0
3811
2
0
1148538173
4
0
3812
2
0
1148539197
4
0
3813
2
0
1148540221
4
0
3814
2
0
1148541245
4
0
3815
2
0
1148543805
4
0
3816
2
0
1148544829
4
0
3817
2
0
1148545853
4
0
3818
2
0
1148546877
4
0
3819
2
0
1148547901
4
0
3820
2
0
1148548925
4
0
3821
2
0
1148530749
4
0
3822
2
0
1148531773
4
0
3823
2
0
1148532797
4
0
3824
2
0
1148600637
4
0
3825
2
0
1148601661
4
0
3826
2
0
1148602685
4
0
3827
2
0
1148603709
4
0
3828
2
0
1148604733
4
0
3829
2
0
1148605757
4
0
3830
2
0
1148606781
4
0
3831
2
0
1148609341
4
0
3832
2
0
1148610365
4
0
3833
2
0
1148611389
4
0
3834
2
0
1148612413
4
0
3835
2
0
1148613437
4
0
3836
2
0
1148614461
4
0
3837
2
0
1148596285
4
0
3838
2
0
1148597309
4
0
3839
2
0
1148598333
4
0
3840
2
0
1148666173
4
0
3841
2
0
1148667197
4
0
3842
2
0
1148668221
4
0
3843
2
0
1148669245
4
0
3844
2
0
1148670269
4
0
3845
2
0
1148671293
4
0
3846
2
0
1148672317
4
0
3847
2
0
1148674877
4
0
3848
2
0
1148675901
4
0
3849
2
0
1148676925
4
0
3850
2
0
1148677949
4
0
3851
2
0
1148678973
4
0
3852
2
0
1148679997
4
0
3853
2
0
1148661821
4
0
3854
2
0
1148662845
4
0
3855
2
0
1148663869
4
0
3856
2
0
1148731709
4
0
3857
2
0
1148732733
4
0
3858
2
0
1148733757
4
0
3859
2
0
1148734781
4
0
3860
2
0
1148735805
4
0
3861
2
0
1148736829
4
0
3862
2
0
1148737853
4
0
3863
2
0
1148740413
4
0
3864
2
0
1148741437
4
0
3865
2
0
1148742461
4
0
3866
2
0
1148743485
4
0
3867
2
0
1148744509
4
0
3868
2
0
1148745533
4
0
3869
2
0
1148727357
4
0
3870
2
0
1148728381
4
0
3871
2
0
1148729405
4
0
3872
2
0
1148797245
4
0
3873
2
0
1148798269
4
0
3874
2
0
1148799293
4
0
3875
2
0
1148800317
4
0
3876
2
0
1148801341
4
0
3877
2
0
1148802365
4
0
3878
2
0
1148803389
4
0
3879
2
0
1148805949
4
0
3880
2
0
1148806973
4
0
3881
2
0
1148807997
4
0
3882
2
0
1148809021
4
0
3883
2
0
1148810045
4
0
3884
2
0
1148811069
4
0
3885
2
0
1148792893
4
0
3886
2
0
1148793917
4
0
3887
2
0
1148794941
4
0
3888
2
0
1148862781
4
0
3889
2
0
1148863805
4
0
3890
2
0
1148864829
4
0
3891
2
0
1148865853
4
0
3892
2
0
1148866877
4
0
3893
2
0
1148867901
4
0
3894
2
0
1148868925
4
0
3895
2
0
1148871485
4
0
3896
2
0
1148872509
4
0
3897
2
0
1148873533
4
0
3898
2
0
1148874557
4
0
3899
2
0
1148875581
4
0
3900
2
0
1148876605
4
0
3901
2
0
1148858429
4
0
3902
2
0
1148859453
4
0
3903
2
0
1148860477
4
0
3904
2
0
1144013117
4
0
3905
2
0
1144014141
4
0
3906
2
0
1144015165
4
0
3907
2
0
1144016189
4
0
3908
2
0
1144017213
4
0
3909
2
0
1144018237
4
0
3910
2
0
1144019261
4
0
3911
2
0
1144021821
4
0
3912
2
0
1144022845
4
0
3913
2
0
1144023869
4
0
3914
2
0
1144024893
4
0
3915
2
0
1144025917
4
0
3916
2
0
1144026941
4
0
3917
2
0
1144008765
4
0
3918
2
0
1144009789
4
0
3919
2
0
1144010813
4
0
3920
2
0
1144078653
4
0
3921
2
0
1144079677
4
0
3922
2
0
1144080701
4
0
3923
2
0
1144081725
4
0
3924
2
0
1144082749
4
0
3925
2
0
1144083773
4
0
3926
2
0
1144084797
4
0
3927
2
0
1144087357
4
0
3928
2
0
1144088381
4
0
3929
2
0
1144089405
4
0
3930
2
0
1144090429
4
0
3931
2
0
1144091453
4
0
3932
2
0
1144092477
4
0
3933
2
0
1144074301
4
0
3934
2
0
1144075325
4
0
3935
2
0
1144076349
4
0
3936
2
0
1144144189
4
0
3937
2
0
1144145213
4
0
3938
2
0
1144146237
4
0
3939
2
0
1144147261
4
0
3940
2
0
1144148285
4
0
3941
2
0
1144149309
4
0
3942
2
0
1144150333
4
0
3943
2
0
1144152893
4
0
3944
2
0
1144153917
4
0
3945
2
0
1144154941
4
0
3946
2
0
1144155965
4
0
3947
2
0
1144156989
4
0
3948
2
0
1144158013
4
0
3949
2
0
1144139837
4
0
3950
2
0
1144140861
4
0
3951
2
0
1144141885
4
0
3952
2
0
1144209725
4
0
3953
2
0
1144210749
4
0
3954
2
0
1144211773
4
0
3955
2
0
1144212797
4
0
3956
2
0
1144213821
4
0
3957
2
0
1144214845
4
0
3958
2
0
1144215869
4
0
3959
2
0
1144218429
4
0
3960
2
0
1144219453
4
0
3961
2
0
1144220477
4
0
3962
2
0
1144221501
4
0
3963
2
0
1144222525
4
0
3964
2
0
1144223549
4
0
3965
2
0
1144205373
4
0
3966
2
0
1144206397
4
0
3967
2
0
1144207421
4
0
3968
2
0
1144275261
4
0
3969
2
0
1144276285
4
0
3970
2
0
1144277309
4
0
3971
2
0
1144278333
4
0
3972
2
0
1144279357
4
0
3973
2
0
1144280381
4
0
3974
2
0
1144281405
4
0
3975
2
0
1144283965
4
0
3976
2
0
1144284989
4
0
3977
2
0
1144286013
4
0
3978
2
0
1144287037
4
0
3979
2
0
1144288061
4
0
3980
2
0
1144289085
4
0
3981
2
0
1144270909
4
0
3982
2
0
1144271933
4
0
3983
2
0
1144272957
4
0
3984
2
0
1144340797
4
0
3985
2
0
1144341821
4
0
3986
2
0
1144342845
4
0
3987
2
0
1144343869
4
0
3988
2
0
1144344893
4
0
3989
2
0
1144345917
4
0
3990
2
0
1144346941
4
0
3991
2
0
1144349501
4
0
3992
2
0
1144350525
4
0
3993
2
0
1144351549
4
0
3994
2
0
1144352573
4
0
3995
2
0
1144353597
4
0
3996
2
0
1144354621
4
0
3997
2
0
1144336445
4
0
3998
2
0
1144337469
4
0
3999
2
0
1144338493
4
0
4000
2
0
1144406333
4
0
4001
2
0
1144407357
4
0
4002
2
0
1144408381
4
0
4003
2
0
1144409405
4
0
4004
2
0
1144410429
4
0
4005
2
0
1144411453
4
0
4006
2
0
1144412477
4
0
4007
2
0
1144415037
4
0
4008
2
0
1144416061
4
0
4009
2
0
1144417085
4
0
4010
2
0
1144418109
4
0
4011
2
0
1144419133
4
0
4012
2
0
1144420157
4
0
4013
2
0
1144401981
4
0
4014
2
0
1144403005
4
0
4015
2
0
1144404029
4
0
4016
2
0
1144471869
4
0
4017
2
0
1144472893
4
0
4018
2
0
1144473917
4
0
4019
2
0
1144474941
4
0
4020
2
0
1144475965
4
0
4021
2
0
1144476989
4
0
4022
2
0
1144478013
4
0
4023
2
0
1144480573
4
0
4024
2
0
1144481597
4
0
4025
2
0
1144482621
4
0
4026
2
0
1144483645
4
0
4027
2
0
1144484669
4
0
4028
2
0
1144485693
4
0
4029
2
0
1144467517
4
0
4030
2
0
1144468541
4
0
4031
2
0
1144469565
4
0
4032
2
0
1144537405
4
0
4033
2
0
1144538429
4
0
4034
2
0
1144539453
4
0
4035
2
0
1144540477
4
0
4036
2
0
1144541501
4
0
4037
2
0
1144542525
4
0
4038
2
0
1144543549
4
0
4039
2
0
1144546109
4
0
4040
2
0
1144547133
4
0
4041
2
0
1144548157
4
0
4042
2
0
1144549181
4
0
4043
2
0
1144550205
4
0
4044
2
0
1144551229
4
0
4045
2
0
1144533053
4
0
4046
2
0
1144534077
4
0
4047
2
0
1144535101
4
0
4048
2
0
1144602941
4
0
4049
2
0
1144603965
4
0
4050
2
0
1144604989
4
0
4051
2
0
1144606013
4
0
4052
2
0
1144607037
4
0
4053
2
0
1144608061
4
0
4054
2
0
1144609085
4
0
4055
2
0
1144611645
4
0
4056
2
0
1144612669
4
0
4057
2
0
1144613693
4
0
4058
2
0
1144614717
4
0
4059
2
0
1144615741
4
0
4060
2
0
1144616765
4
0
4061
2
0
1144598589
4
0
4062
2
0
1144599613
4
0
4063
2
0
1144600637
4
0
4064
2
0
1143685437
4
0
4065
2
0
1143686461
4
0
4066
2
0
1143687485
4
0
4067
2
0
1143688509
4
0
4068
2
0
1143689533
4
0
4069
2
0
1143690557
4
0
4070
2
0
1143691581
4
0
4071
2
0
1143694141
4
0
4072
2
0
1143695165
4
0
4073
2
0
1143696189
4
0
4074
2
0
1143697213
4
0
4075
2
0
1143698237
4
0
4076
2
0
1143699261
4
0
4077
2
0
1143681085
4
0
4078
2
0
1143682109
4
0
4079
2
0
1143683133
4
0
4080
2
0
1143947581
4
0
4081
2
0
1143948605
4
0
4082
2
0
1143949629
4
0
4083
2
0
1143950653
4
0
4084
2
0
1143951677
4
0
4085
2
0
1143952701
4
0
4086
2
0
1143953725
4
0
4087
2
0
1143956285
4
0
4088
2
0
1143957309
4
0
4089
2
0
1143958333
4
0
4090
2
0
1143959357
4
0
4091
2
0
1143960381
4
0
4092
2
0
1143961405
4
0
4093
2
0
1143943229
4
0
4094
2
0
1143944253
4
0
4095
2
0
1143945277
4
