1024
0
50176
2
0
2017542461
4
0
50177
2
0
2017543485
4
0
50178
2
0
2017544509
4
0
50179
2
0
2017545533
4
0
50180
2
0
2017546557
4
0
50181
2
0
2017547581
4
0
50182
2
0
2017548605
4
0
50183
2
0
2017551165
4
0
50184
2
0
2017552189
4
0
50185
2
0
2017553213
4
0
50186
2
0
2017554237
4
0
50187
2
0
2017555261
4
0
50188
2
0
2017556285
4
0
50189
2
0
2017538109
4
0
50190
2
0
2017539133
4
0
50191
2
0
2017540157
4
0
50192
2
0
2017607997
4
0
50193
2
0
2017609021
4
0
50194
2
0
2017610045
4
0
50195
2
0
2017611069
4
0
50196
2
0
2017612093
4
0
50197
2
0
2017613117
4
0
50198
2
0
2017614141
4
0
50199
2
0
2017616701
4
0
50200
2
0
2017617725
4
0
50201
2
0
2017618749
4
0
50202
2
0
2017619773
4
0
50203
2
0
2017620797
4
0
50204
2
0
2017621821
4
0
50205
2
0
2017603645
4
0
50206
2
0
2017604669
4
0
50207
2
0
2017605693
4
0
50208
2
0
2017673533
4
0
50209
2
0
2017674557
4
0
50210
2
0
2017675581
4
0
50211
2
0
2017676605
4
0
50212
2
0
2017677629
4
0
50213
2
0
2017678653
4
0
50214
2
0
2017679677
4
0
50215
2
0
2017682237
4
0
50216
2
0
2017683261
4
0
50217
2
0
2017684285
4
0
50218
2
0
2017685309
4
0
50219
2
0
2017686333
4
0
50220
2
0
2017687357
4
0
50221
2
0
2017669181
4
0
50222
2
0
2017670205
4
0
50223
2
0
2017671229
4
0
50224
2
0
2017739069
4
0
50225
2
0
2017740093
4
0
50226
2
0
2017741117
4
0
50227
2
0
2017742141
4
0
50228
2
0
2017743165
4
0
50229
2
0
2017744189
4
0
50230
2
0
2017745213
4
0
50231
2
0
2017747773
4
0
50232
2
0
2017748797
4
0
50233
2
0
2017749821
4
0
50234
2
0
2017750845
4
0
50235
2
0
2017751869
4
0
50236
2
0
2017752893
4
0
50237
2
0
2017734717
4
0
50238
2
0
2017735741
4
0
50239
2
0
2017736765
4
0
50240
2
0
2017804605
4
0
50241
2
0
2017805629
4
0
50242
2
0
2017806653
4
0
50243
2
0
2017807677
4
0
50244
2
0
2017808701
4
0
50245
2
0
2017809725
4
0
50246
2
0
2017810749
4
0
50247
2
0
2017813309
4
0
50248
2
0
2017814333
4
0
50249
2
0
2017815357
4
0
50250
2
0
2017816381
4
0
50251
2
0
2017817405
4
0
50252
2
0
2017818429
4
0
50253
2
0
2017800253
4
0
50254
2
0
2017801277
4
0
50255
2
0
2017802301
4
0
50256
2
0
2017870141
4
0
50257
2
0
2017871165
4
0
50258
2
0
2017872189
4
0
50259
2
0
2017873213
4
0
50260
2
0
2017874237
4
0
50261
2
0
2017875261
4
0
50262
2
0
2017876285
4
0
50263
2
0
2017878845
4
0
50264
2
0
2017879869
4
0
50265
2
0
2017880893
4
0
50266
2
0
2017881917
4
0
50267
2
0
2017882941
4
0
50268
2
0
2017883965
4
0
50269
2
0
2017865789
4
0
50270
2
0
2017866813
4
0
50271
2
0
2017867837
4
0
50272
2
0
2017935677
4
0
50273
2
0
2017936701
4
0
50274
2
0
2017937725
4
0
50275
2
0
2017938749
4
0
50276
2
0
2017939773
4
0
50277
2
0
2017940797
4
0
50278
2
0
2017941821
4
0
50279
2
0
2017944381
4
0
50280
2
0
2017945405
4
0
50281
2
0
2017946429
4
0
50282
2
0
2017947453
4
0
50283
2
0
2017948477
4
0
50284
2
0
2017949501
4
0
50285
2
0
2017931325
4
0
50286
2
0
2017932349
4
0
50287
2
0
2017933373
4
0
50288
2
0
2018001213
4
0
50289
2
0
2018002237
4
0
50290
2
0
2018003261
4
0
50291
2
0
2018004285
4
0
50292
2
0
2018005309
4
0
50293
2
0
2018006333
4
0
50294
2
0
2018007357
4
0
50295
2
0
2018009917
4
0
50296
2
0
2018010941
4
0
50297
2
0
2018011965
4
0
50298
2
0
2018012989
4
0
50299
2
0
2018014013
4
0
50300
2
0
2018015037
4
0
50301
2
0
2017996861
4
0
50302
2
0
2017997885
4
0
50303
2
0
2017998909
4
0
50304
2
0
2018066749
4
0
50305
2
0
2018067773
4
0
50306
2
0
2018068797
4
0
50307
2
0
2018069821
4
0
50308
2
0
2018070845
4
0
50309
2
0
2018071869
4
0
50310
2
0
2018072893
4
0
50311
2
0
2018075453
4
0
50312
2
0
2018076477
4
0
50313
2
0
2018077501
4
0
50314
2
0
2018078525
4
0
50315
2
0
2018079549
4
0
50316
2
0
2018080573
4
0
50317
2
0
2018062397
4
0
50318
2
0
2018063421
4
0
50319
2
0
2018064445
4
0
50320
2
0
2018132285
4
0
50321
2
0
2018133309
4
0
50322
2
0
2018134333
4
0
50323
2
0
2018135357
4
0
50324
2
0
2018136381
4
0
50325
2
0
2018137405
4
0
50326
2
0
2018138429
4
0
50327
2
0
2018140989
4
0
50328
2
0
2018142013
4
0
50329
2
0
2018143037
4
0
50330
2
0
2018144061
4
0
50331
2
0
2018145085
4
0
50332
2
0
2018146109
4
0
50333
2
0
2018127933
4
0
50334
2
0
2018128957
4
0
50335
2
0
2018129981
4
0
50336
2
0
2018197821
4
0
50337
2
0
2018198845
4
0
50338
2
0
2018199869
4
0
50339
2
0
2018200893
4
0
50340
2
0
2018201917
4
0
50341
2
0
2018202941
4
0
50342
2
0
2018203965
4
0
50343
2
0
2018206525
4
0
50344
2
0
2018207549
4
0
50345
2
0
2018208573
4
0
50346
2
0
2018209597
4
0
50347
2
0
2018210621
4
0
50348
2
0
2018211645
4
0
50349
2
0
2018193469
4
0
50350
2
0
2018194493
4
0
50351
2
0
2018195517
4
0
50352
2
0
2018263357
4
0
50353
2
0
2018264381
4
0
50354
2
0
2018265405
4
0
50355
2
0
2018266429
4
0
50356
2
0
2018267453
4
0
50357
2
0
2018268477
4
0
50358
2
0
2018269501
4
0
50359
2
0
2018272061
4
0
50360
2
0
2018273085
4
0
50361
2
0
2018274109
4
0
50362
2
0
2018275133
4
0
50363
2
0
2018276157
4
0
50364
2
0
2018277181
4
0
50365
2
0
2018259005
4
0
50366
2
0
2018260029
4
0
50367
2
0
2018261053
4
0
50368
2
0
2018328893
4
0
50369
2
0
2018329917
4
0
50370
2
0
2018330941
4
0
50371
2
0
2018331965
4
0
50372
2
0
2018332989
4
0
50373
2
0
2018334013
4
0
50374
2
0
2018335037
4
0
50375
2
0
2018337597
4
0
50376
2
0
2018338621
4
0
50377
2
0
2018339645
4
0
50378
2
0
2018340669
4
0
50379
2
0
2018341693
4
0
50380
2
0
2018342717
4
0
50381
2
0
2018324541
4
0
50382
2
0
2018325565
4
0
50383
2
0
2018326589
4
0
50384
2
0
2018394429
4
0
50385
2
0
2018395453
4
0
50386
2
0
2018396477
4
0
50387
2
0
2018397501
4
0
50388
2
0
2018398525
4
0
50389
2
0
2018399549
4
0
50390
2
0
2018400573
4
0
50391
2
0
2018403133
4
0
50392
2
0
2018404157
4
0
50393
2
0
2018405181
4
0
50394
2
0
2018406205
4
0
50395
2
0
2018407229
4
0
50396
2
0
2018408253
4
0
50397
2
0
2018390077
4
0
50398
2
0
2018391101
4
0
50399
2
0
2018392125
4
0
50400
2
0
2018459965
4
0
50401
2
0
2018460989
4
0
50402
2
0
2018462013
4
0
50403
2
0
2018463037
4
0
50404
2
0
2018464061
4
0
50405
2
0
2018465085
4
0
50406
2
0
2018466109
4
0
50407
2
0
2018468669
4
0
50408
2
0
2018469693
4
0
50409
2
0
2018470717
4
0
50410
2
0
2018471741
4
0
50411
2
0
2018472765
4
0
50412
2
0
2018473789
4
0
50413
2
0
2018455613
4
0
50414
2
0
2018456637
4
0
50415
2
0
2018457661
4
0
50416
2
0
2018525501
4
0
50417
2
0
2018526525
4
0
50418
2
0
2018527549
4
0
50419
2
0
2018528573
4
0
50420
2
0
2018529597
4
0
50421
2
0
2018530621
4
0
50422
2
0
2018531645
4
0
50423
2
0
2018534205
4
0
50424
2
0
2018535229
4
0
50425
2
0
2018536253
4
0
50426
2
0
2018537277
4
0
50427
2
0
2018538301
4
0
50428
2
0
2018539325
4
0
50429
2
0
2018521149
4
0
50430
2
0
2018522173
4
0
50431
2
0
2018523197
4
0
50432
2
0
2018591037
4
0
50433
2
0
2018592061
4
0
50434
2
0
2018593085
4
0
50435
2
0
2018594109
4
0
50436
2
0
2018595133
4
0
50437
2
0
2018596157
4
0
50438
2
0
2018597181
4
0
50439
2
0
2018599741
4
0
50440
2
0
2018600765
4
0
50441
2
0
2018601789
4
0
50442
2
0
2018602813
4
0
50443
2
0
2018603837
4
0
50444
2
0
2018604861
4
0
50445
2
0
2018586685
4
0
50446
2
0
2018587709
4
0
50447
2
0
2018588733
4
0
50448
2
0
2018656573
4
0
50449
2
0
2018657597
4
0
50450
2
0
2018658621
4
0
50451
2
0
2018659645
4
0
50452
2
0
2018660669
4
0
50453
2
0
2018661693
4
0
50454
2
0
2018662717
4
0
50455
2
0
2018665277
4
0
50456
2
0
2018666301
4
0
50457
2
0
2018667325
4
0
50458
2
0
2018668349
4
0
50459
2
0
2018669373
4
0
50460
2
0
2018670397
4
0
50461
2
0
2018652221
4
0
50462
2
0
2018653245
4
0
50463
2
0
2018654269
4
0
50464
2
0
2018722109
4
0
50465
2
0
2018723133
4
0
50466
2
0
2018724157
4
0
50467
2
0
2018725181
4
0
50468
2
0
2018726205
4
0
50469
2
0
2018727229
4
0
50470
2
0
2018728253
4
0
50471
2
0
2018730813
4
0
50472
2
0
2018731837
4
0
50473
2
0
2018732861
4
0
50474
2
0
2018733885
4
0
50475
2
0
2018734909
4
0
50476
2
0
2018735933
4
0
50477
2
0
2018717757
4
0
50478
2
0
2018718781
4
0
50479
2
0
2018719805
4
0
50480
2
0
2018787645
4
0
50481
2
0
2018788669
4
0
50482
2
0
2018789693
4
0
50483
2
0
2018790717
4
0
50484
2
0
2018791741
4
0
50485
2
0
2018792765
4
0
50486
2
0
2018793789
4
0
50487
2
0
2018796349
4
0
50488
2
0
2018797373
4
0
50489
2
0
2018798397
4
0
50490
2
0
2018799421
4
0
50491
2
0
2018800445
4
0
50492
2
0
2018801469
4
0
50493
2
0
2018783293
4
0
50494
2
0
2018784317
4
0
50495
2
0
2018785341
4
0
50496
2
0
2018853181
4
0
50497
2
0
2018854205
4
0
50498
2
0
2018855229
4
0
50499
2
0
2018856253
4
0
50500
2
0
2018857277
4
0
50501
2
0
2018858301
4
0
50502
2
0
2018859325
4
0
50503
2
0
2018861885
4
0
50504
2
0
2018862909
4
0
50505
2
0
2018863933
4
0
50506
2
0
2018864957
4
0
50507
2
0
2018865981
4
0
50508
2
0
2018867005
4
0
50509
2
0
2018848829
4
0
50510
2
0
2018849853
4
0
50511
2
0
2018850877
4
0
50512
2
0
2018918717
4
0
50513
2
0
2018919741
4
0
50514
2
0
2018920765
4
0
50515
2
0
2018921789
4
0
50516
2
0
2018922813
4
0
50517
2
0
2018923837
4
0
50518
2
0
2018924861
4
0
50519
2
0
2018927421
4
0
50520
2
0
2018928445
4
0
50521
2
0
2018929469
4
0
50522
2
0
2018930493
4
0
50523
2
0
2018931517
4
0
50524
2
0
2018932541
4
0
50525
2
0
2018914365
4
0
50526
2
0
2018915389
4
0
50527
2
0
2018916413
4
0
50528
2
0
2018984253
4
0
50529
2
0
2018985277
4
0
50530
2
0
2018986301
4
0
50531
2
0
2018987325
4
0
50532
2
0
2018988349
4
0
50533
2
0
2018989373
4
0
50534
2
0
2018990397
4
0
50535
2
0
2018992957
4
0
50536
2
0
2018993981
4
0
50537
2
0
2018995005
4
0
50538
2
0
2018996029
4
0
50539
2
0
2018997053
4
0
50540
2
0
2018998077
4
0
50541
2
0
2018979901
4
0
50542
2
0
2018980925
4
0
50543
2
0
2018981949
4
0
50544
2
0
2019049789
4
0
50545
2
0
2019050813
4
0
50546
2
0
2019051837
4
0
50547
2
0
2019052861
4
0
50548
2
0
2019053885
4
0
50549
2
0
2019054909
4
0
50550
2
0
2019055933
4
0
50551
2
0
2019058493
4
0
50552
2
0
2019059517
4
0
50553
2
0
2019060541
4
0
50554
2
0
2019061565
4
0
50555
2
0
2019062589
4
0
50556
2
0
2019063613
4
0
50557
2
0
2019045437
4
0
50558
2
0
2019046461
4
0
50559
2
0
2019047485
4
0
50560
2
0
2019115325
4
0
50561
2
0
2019116349
4
0
50562
2
0
2019117373
4
0
50563
2
0
2019118397
4
0
50564
2
0
2019119421
4
0
50565
2
0
2019120445
4
0
50566
2
0
2019121469
4
0
50567
2
0
2019124029
4
0
50568
2
0
2019125053
4
0
50569
2
0
2019126077
4
0
50570
2
0
2019127101
4
0
50571
2
0
2019128125
4
0
50572
2
0
2019129149
4
0
50573
2
0
2019110973
4
0
50574
2
0
2019111997
4
0
50575
2
0
2019113021
4
0
50576
2
0
2019180861
4
0
50577
2
0
2019181885
4
0
50578
2
0
2019182909
4
0
50579
2
0
2019183933
4
0
50580
2
0
2019184957
4
0
50581
2
0
2019185981
4
0
50582
2
0
2019187005
4
0
50583
2
0
2019189565
4
0
50584
2
0
2019190589
4
0
50585
2
0
2019191613
4
0
50586
2
0
2019192637
4
0
50587
2
0
2019193661
4
0
50588
2
0
2019194685
4
0
50589
2
0
2019176509
4
0
50590
2
0
2019177533
4
0
50591
2
0
2019178557
4
0
50592
2
0
2019639613
4
0
50593
2
0
2019640637
4
0
50594
2
0
2019641661
4
0
50595
2
0
2019642685
4
0
50596
2
0
2019643709
4
0
50597
2
0
2019644733
4
0
50598
2
0
2019645757
4
0
50599
2
0
2019648317
4
0
50600
2
0
2019649341
4
0
50601
2
0
2019650365
4
0
50602
2
0
2019651389
4
0
50603
2
0
2019652413
4
0
50604
2
0
2019653437
4
0
50605
2
0
2019635261
4
0
50606
2
0
2019636285
4
0
50607
2
0
2019637309
4
0
50608
2
0
2019705149
4
0
50609
2
0
2019706173
4
0
50610
2
0
2019707197
4
0
50611
2
0
2019708221
4
0
50612
2
0
2019709245
4
0
50613
2
0
2019710269
4
0
50614
2
0
2019711293
4
0
50615
2
0
2019713853
4
0
50616
2
0
2019714877
4
0
50617
2
0
2019715901
4
0
50618
2
0
2019716925
4
0
50619
2
0
2019717949
4
0
50620
2
0
2019718973
4
0
50621
2
0
2019700797
4
0
50622
2
0
2019701821
4
0
50623
2
0
2019702845
4
0
50624
2
0
2019770685
4
0
50625
2
0
2019771709
4
0
50626
2
0
2019772733
4
0
50627
2
0
2019773757
4
0
50628
2
0
2019774781
4
0
50629
2
0
2019775805
4
0
50630
2
0
2019776829
4
0
50631
2
0
2019779389
4
0
50632
2
0
2019780413
4
0
50633
2
0
2019781437
4
0
50634
2
0
2019782461
4
0
50635
2
0
2019783485
4
0
50636
2
0
2019784509
4
0
50637
2
0
2019766333
4
0
50638
2
0
2019767357
4
0
50639
2
0
2019768381
4
0
50640
2
0
2019836221
4
0
50641
2
0
2019837245
4
0
50642
2
0
2019838269
4
0
50643
2
0
2019839293
4
0
50644
2
0
2019840317
4
0
50645
2
0
2019841341
4
0
50646
2
0
2019842365
4
0
50647
2
0
2019844925
4
0
50648
2
0
2019845949
4
0
50649
2
0
2019846973
4
0
50650
2
0
2019847997
4
0
50651
2
0
2019849021
4
0
50652
2
0
2019850045
4
0
50653
2
0
2019831869
4
0
50654
2
0
2019832893
4
0
50655
2
0
2019833917
4
0
50656
2
0
2019901757
4
0
50657
2
0
2019902781
4
0
50658
2
0
2019903805
4
0
50659
2
0
2019904829
4
0
50660
2
0
2019905853
4
0
50661
2
0
2019906877
4
0
50662
2
0
2019907901
4
0
50663
2
0
2019910461
4
0
50664
2
0
2019911485
4
0
50665
2
0
2019912509
4
0
50666
2
0
2019913533
4
0
50667
2
0
2019914557
4
0
50668
2
0
2019915581
4
0
50669
2
0
2019897405
4
0
50670
2
0
2019898429
4
0
50671
2
0
2019899453
4
0
50672
2
0
2019967293
4
0
50673
2
0
2019968317
4
0
50674
2
0
2019969341
4
0
50675
2
0
2019970365
4
0
50676
2
0
2019971389
4
0
50677
2
0
2019972413
4
0
50678
2
0
2019973437
4
0
50679
2
0
2019975997
4
0
50680
2
0
2019977021
4
0
50681
2
0
2019978045
4
0
50682
2
0
2019979069
4
0
50683
2
0
2019980093
4
0
50684
2
0
2019981117
4
0
50685
2
0
2019962941
4
0
50686
2
0
2019963965
4
0
50687
2
0
2019964989
4
0
50688
2
0
2020032829
4
0
50689
2
0
2020033853
4
0
50690
2
0
2020034877
4
0
50691
2
0
2020035901
4
0
50692
2
0
2020036925
4
0
50693
2
0
2020037949
4
0
50694
2
0
2020038973
4
0
50695
2
0
2020041533
4
0
50696
2
0
2020042557
4
0
50697
2
0
2020043581
4
0
50698
2
0
2020044605
4
0
50699
2
0
2020045629
4
0
50700
2
0
2020046653
4
0
50701
2
0
2020028477
4
0
50702
2
0
2020029501
4
0
50703
2
0
2020030525
4
0
50704
2
0
2020098365
4
0
50705
2
0
2020099389
4
0
50706
2
0
2020100413
4
0
50707
2
0
2020101437
4
0
50708
2
0
2020102461
4
0
50709
2
0
2020103485
4
0
50710
2
0
2020104509
4
0
50711
2
0
2020107069
4
0
50712
2
0
2020108093
4
0
50713
2
0
2020109117
4
0
50714
2
0
2020110141
4
0
50715
2
0
2020111165
4
0
50716
2
0
2020112189
4
0
50717
2
0
2020094013
4
0
50718
2
0
2020095037
4
0
50719
2
0
2020096061
4
0
50720
2
0
2020163901
4
0
50721
2
0
2020164925
4
0
50722
2
0
2020165949
4
0
50723
2
0
2020166973
4
0
50724
2
0
2020167997
4
0
50725
2
0
2020169021
4
0
50726
2
0
2020170045
4
0
50727
2
0
2020172605
4
0
50728
2
0
2020173629
4
0
50729
2
0
2020174653
4
0
50730
2
0
2020175677
4
0
50731
2
0
2020176701
4
0
50732
2
0
2020177725
4
0
50733
2
0
2020159549
4
0
50734
2
0
2020160573
4
0
50735
2
0
2020161597
4
0
50736
2
0
2020229437
4
0
50737
2
0
2020230461
4
0
50738
2
0
2020231485
4
0
50739
2
0
2020232509
4
0
50740
2
0
2020233533
4
0
50741
2
0
2020234557
4
0
50742
2
0
2020235581
4
0
50743
2
0
2020238141
4
0
50744
2
0
2020239165
4
0
50745
2
0
2020240189
4
0
50746
2
0
2020241213
4
0
50747
2
0
2020242237
4
0
50748
2
0
2020243261
4
0
50749
2
0
2020225085
4
0
50750
2
0
2020226109
4
0
50751
2
0
2020227133
4
0
50752
2
0
2020294973
4
0
50753
2
0
2020295997
4
0
50754
2
0
2020297021
4
0
50755
2
0
2020298045
4
0
50756
2
0
2020299069
4
0
50757
2
0
2020300093
4
0
50758
2
0
2020301117
4
0
50759
2
0
2020303677
4
0
50760
2
0
2020304701
4
0
50761
2
0
2020305725
4
0
50762
2
0
2020306749
4
0
50763
2
0
2020307773
4
0
50764
2
0
2020308797
4
0
50765
2
0
2020290621
4
0
50766
2
0
2020291645
4
0
50767
2
0
2020292669
4
0
50768
2
0
2020360509
4
0
50769
2
0
2020361533
4
0
50770
2
0
2020362557
4
0
50771
2
0
2020363581
4
0
50772
2
0
2020364605
4
0
50773
2
0
2020365629
4
0
50774
2
0
2020366653
4
0
50775
2
0
2020369213
4
0
50776
2
0
2020370237
4
0
50777
2
0
2020371261
4
0
50778
2
0
2020372285
4
0
50779
2
0
2020373309
4
0
50780
2
0
2020374333
4
0
50781
2
0
2020356157
4
0
50782
2
0
2020357181
4
0
50783
2
0
2020358205
4
0
50784
2
0
2020426045
4
0
50785
2
0
2020427069
4
0
50786
2
0
2020428093
4
0
50787
2
0
2020429117
4
0
50788
2
0
2020430141
4
0
50789
2
0
2020431165
4
0
50790
2
0
2020432189
4
0
50791
2
0
2020434749
4
0
50792
2
0
2020435773
4
0
50793
2
0
2020436797
4
0
50794
2
0
2020437821
4
0
50795
2
0
2020438845
4
0
50796
2
0
2020439869
4
0
50797
2
0
2020421693
4
0
50798
2
0
2020422717
4
0
50799
2
0
2020423741
4
0
50800
2
0
2020491581
4
0
50801
2
0
2020492605
4
0
50802
2
0
2020493629
4
0
50803
2
0
2020494653
4
0
50804
2
0
2020495677
4
0
50805
2
0
2020496701
4
0
50806
2
0
2020497725
4
0
50807
2
0
2020500285
4
0
50808
2
0
2020501309
4
0
50809
2
0
2020502333
4
0
50810
2
0
2020503357
4
0
50811
2
0
2020504381
4
0
50812
2
0
2020505405
4
0
50813
2
0
2020487229
4
0
50814
2
0
2020488253
4
0
50815
2
0
2020489277
4
0
50816
2
0
2020557117
4
0
50817
2
0
2020558141
4
0
50818
2
0
2020559165
4
0
50819
2
0
2020560189
4
0
50820
2
0
2020561213
4
0
50821
2
0
2020562237
4
0
50822
2
0
2020563261
4
0
50823
2
0
2020565821
4
0
50824
2
0
2020566845
4
0
50825
2
0
2020567869
4
0
50826
2
0
2020568893
4
0
50827
2
0
2020569917
4
0
50828
2
0
2020570941
4
0
50829
2
0
2020552765
4
0
50830
2
0
2020553789
4
0
50831
2
0
2020554813
4
0
50832
2
0
2020622653
4
0
50833
2
0
2020623677
4
0
50834
2
0
2020624701
4
0
50835
2
0
2020625725
4
0
50836
2
0
2020626749
4
0
50837
2
0
2020627773
4
0
50838
2
0
2020628797
4
0
50839
2
0
2020631357
4
0
50840
2
0
2020632381
4
0
50841
2
0
2020633405
4
0
50842
2
0
2020634429
4
0
50843
2
0
2020635453
4
0
50844
2
0
2020636477
4
0
50845
2
0
2020618301
4
0
50846
2
0
2020619325
4
0
50847
2
0
2020620349
4
0
50848
2
0
2020688189
4
0
50849
2
0
2020689213
4
0
50850
2
0
2020690237
4
0
50851
2
0
2020691261
4
0
50852
2
0
2020692285
4
0
50853
2
0
2020693309
4
0
50854
2
0
2020694333
4
0
50855
2
0
2020696893
4
0
50856
2
0
2020697917
4
0
50857
2
0
2020698941
4
0
50858
2
0
2020699965
4
0
50859
2
0
2020700989
4
0
50860
2
0
2020702013
4
0
50861
2
0
2020683837
4
0
50862
2
0
2020684861
4
0
50863
2
0
2020685885
4
0
50864
2
0
2020753725
4
0
50865
2
0
2020754749
4
0
50866
2
0
2020755773
4
0
50867
2
0
2020756797
4
0
50868
2
0
2020757821
4
0
50869
2
0
2020758845
4
0
50870
2
0
2020759869
4
0
50871
2
0
2020762429
4
0
50872
2
0
2020763453
4
0
50873
2
0
2020764477
4
0
50874
2
0
2020765501
4
0
50875
2
0
2020766525
4
0
50876
2
0
2020767549
4
0
50877
2
0
2020749373
4
0
50878
2
0
2020750397
4
0
50879
2
0
2020751421
4
0
50880
2
0
2020819261
4
0
50881
2
0
2020820285
4
0
50882
2
0
2020821309
4
0
50883
2
0
2020822333
4
0
50884
2
0
2020823357
4
0
50885
2
0
2020824381
4
0
50886
2
0
2020825405
4
0
50887
2
0
2020827965
4
0
50888
2
0
2020828989
4
0
50889
2
0
2020830013
4
0
50890
2
0
2020831037
4
0
50891
2
0
2020832061
4
0
50892
2
0
2020833085
4
0
50893
2
0
2020814909
4
0
50894
2
0
2020815933
4
0
50895
2
0
2020816957
4
0
50896
2
0
2020884797
4
0
50897
2
0
2020885821
4
0
50898
2
0
2020886845
4
0
50899
2
0
2020887869
4
0
50900
2
0
2020888893
4
0
50901
2
0
2020889917
4
0
50902
2
0
2020890941
4
0
50903
2
0
2020893501
4
0
50904
2
0
2020894525
4
0
50905
2
0
2020895549
4
0
50906
2
0
2020896573
4
0
50907
2
0
2020897597
4
0
50908
2
0
2020898621
4
0
50909
2
0
2020880445
4
0
50910
2
0
2020881469
4
0
50911
2
0
2020882493
4
0
50912
2
0
2020950333
4
0
50913
2
0
2020951357
4
0
50914
2
0
2020952381
4
0
50915
2
0
2020953405
4
0
50916
2
0
2020954429
4
0
50917
2
0
2020955453
4
0
50918
2
0
2020956477
4
0
50919
2
0
2020959037
4
0
50920
2
0
2020960061
4
0
50921
2
0
2020961085
4
0
50922
2
0
2020962109
4
0
50923
2
0
2020963133
4
0
50924
2
0
2020964157
4
0
50925
2
0
2020945981
4
0
50926
2
0
2020947005
4
0
50927
2
0
2020948029
4
0
50928
2
0
2021015869
4
0
50929
2
0
2021016893
4
0
50930
2
0
2021017917
4
0
50931
2
0
2021018941
4
0
50932
2
0
2021019965
4
0
50933
2
0
2021020989
4
0
50934
2
0
2021022013
4
0
50935
2
0
2021024573
4
0
50936
2
0
2021025597
4
0
50937
2
0
2021026621
4
0
50938
2
0
2021027645
4
0
50939
2
0
2021028669
4
0
50940
2
0
2021029693
4
0
50941
2
0
2021011517
4
0
50942
2
0
2021012541
4
0
50943
2
0
2021013565
4
0
50944
2
0
2021081405
4
0
50945
2
0
2021082429
4
0
50946
2
0
2021083453
4
0
50947
2
0
2021084477
4
0
50948
2
0
2021085501
4
0
50949
2
0
2021086525
4
0
50950
2
0
2021087549
4
0
50951
2
0
2021090109
4
0
50952
2
0
2021091133
4
0
50953
2
0
2021092157
4
0
50954
2
0
2021093181
4
0
50955
2
0
2021094205
4
0
50956
2
0
2021095229
4
0
50957
2
0
2021077053
4
0
50958
2
0
2021078077
4
0
50959
2
0
2021079101
4
0
50960
2
0
2021146941
4
0
50961
2
0
2021147965
4
0
50962
2
0
2021148989
4
0
50963
2
0
2021150013
4
0
50964
2
0
2021151037
4
0
50965
2
0
2021152061
4
0
50966
2
0
2021153085
4
0
50967
2
0
2021155645
4
0
50968
2
0
2021156669
4
0
50969
2
0
2021157693
4
0
50970
2
0
2021158717
4
0
50971
2
0
2021159741
4
0
50972
2
0
2021160765
4
0
50973
2
0
2021142589
4
0
50974
2
0
2021143613
4
0
50975
2
0
2021144637
4
0
50976
2
0
2021212477
4
0
50977
2
0
2021213501
4
0
50978
2
0
2021214525
4
0
50979
2
0
2021215549
4
0
50980
2
0
2021216573
4
0
50981
2
0
2021217597
4
0
50982
2
0
2021218621
4
0
50983
2
0
2021221181
4
0
50984
2
0
2021222205
4
0
50985
2
0
2021223229
4
0
50986
2
0
2021224253
4
0
50987
2
0
2021225277
4
0
50988
2
0
2021226301
4
0
50989
2
0
2021208125
4
0
50990
2
0
2021209149
4
0
50991
2
0
2021210173
4
0
50992
2
0
2021278013
4
0
50993
2
0
2021279037
4
0
50994
2
0
2021280061
4
0
50995
2
0
2021281085
4
0
50996
2
0
2021282109
4
0
50997
2
0
2021283133
4
0
50998
2
0
2021284157
4
0
50999
2
0
2021286717
4
0
51000
2
0
2021287741
4
0
51001
2
0
2021288765
4
0
51002
2
0
2021289789
4
0
51003
2
0
2021290813
4
0
51004
2
0
2021291837
4
0
51005
2
0
2021273661
4
0
51006
2
0
2021274685
4
0
51007
2
0
2021275709
4
0
51008
2
0
2016428349
4
0
51009
2
0
2016429373
4
0
51010
2
0
2016430397
4
0
51011
2
0
2016431421
4
0
51012
2
0
2016432445
4
0
51013
2
0
2016433469
4
0
51014
2
0
2016434493
4
0
51015
2
0
2016437053
4
0
51016
2
0
2016438077
4
0
51017
2
0
2016439101
4
0
51018
2
0
2016440125
4
0
51019
2
0
2016441149
4
0
51020
2
0
2016442173
4
0
51021
2
0
2016423997
4
0
51022
2
0
2016425021
4
0
51023
2
0
2016426045
4
0
51024
2
0
2016493885
4
0
51025
2
0
2016494909
4
0
51026
2
0
2016495933
4
0
51027
2
0
2016496957
4
0
51028
2
0
2016497981
4
0
51029
2
0
2016499005
4
0
51030
2
0
2016500029
4
0
51031
2
0
2016502589
4
0
51032
2
0
2016503613
4
0
51033
2
0
2016504637
4
0
51034
2
0
2016505661
4
0
51035
2
0
2016506685
4
0
51036
2
0
2016507709
4
0
51037
2
0
2016489533
4
0
51038
2
0
2016490557
4
0
51039
2
0
2016491581
4
0
51040
2
0
2016559421
4
0
51041
2
0
2016560445
4
0
51042
2
0
2016561469
4
0
51043
2
0
2016562493
4
0
51044
2
0
2016563517
4
0
51045
2
0
2016564541
4
0
51046
2
0
2016565565
4
0
51047
2
0
2016568125
4
0
51048
2
0
2016569149
4
0
51049
2
0
2016570173
4
0
51050
2
0
2016571197
4
0
51051
2
0
2016572221
4
0
51052
2
0
2016573245
4
0
51053
2
0
2016555069
4
0
51054
2
0
2016556093
4
0
51055
2
0
2016557117
4
0
51056
2
0
2016624957
4
0
51057
2
0
2016625981
4
0
51058
2
0
2016627005
4
0
51059
2
0
2016628029
4
0
51060
2
0
2016629053
4
0
51061
2
0
2016630077
4
0
51062
2
0
2016631101
4
0
51063
2
0
2016633661
4
0
51064
2
0
2016634685
4
0
51065
2
0
2016635709
4
0
51066
2
0
2016636733
4
0
51067
2
0
2016637757
4
0
51068
2
0
2016638781
4
0
51069
2
0
2016620605
4
0
51070
2
0
2016621629
4
0
51071
2
0
2016622653
4
0
51072
2
0
2016690493
4
0
51073
2
0
2016691517
4
0
51074
2
0
2016692541
4
0
51075
2
0
2016693565
4
0
51076
2
0
2016694589
4
0
51077
2
0
2016695613
4
0
51078
2
0
2016696637
4
0
51079
2
0
2016699197
4
0
51080
2
0
2016700221
4
0
51081
2
0
2016701245
4
0
51082
2
0
2016702269
4
0
51083
2
0
2016703293
4
0
51084
2
0
2016704317
4
0
51085
2
0
2016686141
4
0
51086
2
0
2016687165
4
0
51087
2
0
2016688189
4
0
51088
2
0
2016756029
4
0
51089
2
0
2016757053
4
0
51090
2
0
2016758077
4
0
51091
2
0
2016759101
4
0
51092
2
0
2016760125
4
0
51093
2
0
2016761149
4
0
51094
2
0
2016762173
4
0
51095
2
0
2016764733
4
0
51096
2
0
2016765757
4
0
51097
2
0
2016766781
4
0
51098
2
0
2016767805
4
0
51099
2
0
2016768829
4
0
51100
2
0
2016769853
4
0
51101
2
0
2016751677
4
0
51102
2
0
2016752701
4
0
51103
2
0
2016753725
4
0
51104
2
0
2016821565
4
0
51105
2
0
2016822589
4
0
51106
2
0
2016823613
4
0
51107
2
0
2016824637
4
0
51108
2
0
2016825661
4
0
51109
2
0
2016826685
4
0
51110
2
0
2016827709
4
0
51111
2
0
2016830269
4
0
51112
2
0
2016831293
4
0
51113
2
0
2016832317
4
0
51114
2
0
2016833341
4
0
51115
2
0
2016834365
4
0
51116
2
0
2016835389
4
0
51117
2
0
2016817213
4
0
51118
2
0
2016818237
4
0
51119
2
0
2016819261
4
0
51120
2
0
2016887101
4
0
51121
2
0
2016888125
4
0
51122
2
0
2016889149
4
0
51123
2
0
2016890173
4
0
51124
2
0
2016891197
4
0
51125
2
0
2016892221
4
0
51126
2
0
2016893245
4
0
51127
2
0
2016895805
4
0
51128
2
0
2016896829
4
0
51129
2
0
2016897853
4
0
51130
2
0
2016898877
4
0
51131
2
0
2016899901
4
0
51132
2
0
2016900925
4
0
51133
2
0
2016882749
4
0
51134
2
0
2016883773
4
0
51135
2
0
2016884797
4
0
51136
2
0
2016952637
4
0
51137
2
0
2016953661
4
0
51138
2
0
2016954685
4
0
51139
2
0
2016955709
4
0
51140
2
0
2016956733
4
0
51141
2
0
2016957757
4
0
51142
2
0
2016958781
4
0
51143
2
0
2016961341
4
0
51144
2
0
2016962365
4
0
51145
2
0
2016963389
4
0
51146
2
0
2016964413
4
0
51147
2
0
2016965437
4
0
51148
2
0
2016966461
4
0
51149
2
0
2016948285
4
0
51150
2
0
2016949309
4
0
51151
2
0
2016950333
4
0
51152
2
0
2017018173
4
0
51153
2
0
2017019197
4
0
51154
2
0
2017020221
4
0
51155
2
0
2017021245
4
0
51156
2
0
2017022269
4
0
51157
2
0
2017023293
4
0
51158
2
0
2017024317
4
0
51159
2
0
2017026877
4
0
51160
2
0
2017027901
4
0
51161
2
0
2017028925
4
0
51162
2
0
2017029949
4
0
51163
2
0
2017030973
4
0
51164
2
0
2017031997
4
0
51165
2
0
2017013821
4
0
51166
2
0
2017014845
4
0
51167
2
0
2017015869
4
0
51168
2
0
2016100669
4
0
51169
2
0
2016101693
4
0
51170
2
0
2016102717
4
0
51171
2
0
2016103741
4
0
51172
2
0
2016104765
4
0
51173
2
0
2016105789
4
0
51174
2
0
2016106813
4
0
51175
2
0
2016109373
4
0
51176
2
0
2016110397
4
0
51177
2
0
2016111421
4
0
51178
2
0
2016112445
4
0
51179
2
0
2016113469
4
0
51180
2
0
2016114493
4
0
51181
2
0
2016096317
4
0
51182
2
0
2016097341
4
0
51183
2
0
2016098365
4
0
51184
2
0
2016362813
4
0
51185
2
0
2016363837
4
0
51186
2
0
2016364861
4
0
51187
2
0
2016365885
4
0
51188
2
0
2016366909
4
0
51189
2
0
2016367933
4
0
51190
2
0
2016368957
4
0
51191
2
0
2016371517
4
0
51192
2
0
2016372541
4
0
51193
2
0
2016373565
4
0
51194
2
0
2016374589
4
0
51195
2
0
2016375613
4
0
51196
2
0
2016376637
4
0
51197
2
0
2016358461
4
0
51198
2
0
2016359485
4
0
51199
2
0
2016360509
4
