1024
0
45056
2
0
1933656381
4
0
45057
2
0
1933657405
4
0
45058
2
0
1933658429
4
0
45059
2
0
1933659453
4
0
45060
2
0
1933660477
4
0
45061
2
0
1933661501
4
0
45062
2
0
1933662525
4
0
45063
2
0
1933665085
4
0
45064
2
0
1933666109
4
0
45065
2
0
1933667133
4
0
45066
2
0
1933668157
4
0
45067
2
0
1933669181
4
0
45068
2
0
1933670205
4
0
45069
2
0
1933652029
4
0
45070
2
0
1933653053
4
0
45071
2
0
1933654077
4
0
45072
2
0
1933721917
4
0
45073
2
0
1933722941
4
0
45074
2
0
1933723965
4
0
45075
2
0
1933724989
4
0
45076
2
0
1933726013
4
0
45077
2
0
1933727037
4
0
45078
2
0
1933728061
4
0
45079
2
0
1933730621
4
0
45080
2
0
1933731645
4
0
45081
2
0
1933732669
4
0
45082
2
0
1933733693
4
0
45083
2
0
1933734717
4
0
45084
2
0
1933735741
4
0
45085
2
0
1933717565
4
0
45086
2
0
1933718589
4
0
45087
2
0
1933719613
4
0
45088
2
0
1933787453
4
0
45089
2
0
1933788477
4
0
45090
2
0
1933789501
4
0
45091
2
0
1933790525
4
0
45092
2
0
1933791549
4
0
45093
2
0
1933792573
4
0
45094
2
0
1933793597
4
0
45095
2
0
1933796157
4
0
45096
2
0
1933797181
4
0
45097
2
0
1933798205
4
0
45098
2
0
1933799229
4
0
45099
2
0
1933800253
4
0
45100
2
0
1933801277
4
0
45101
2
0
1933783101
4
0
45102
2
0
1933784125
4
0
45103
2
0
1933785149
4
0
45104
2
0
1933852989
4
0
45105
2
0
1933854013
4
0
45106
2
0
1933855037
4
0
45107
2
0
1933856061
4
0
45108
2
0
1933857085
4
0
45109
2
0
1933858109
4
0
45110
2
0
1933859133
4
0
45111
2
0
1933861693
4
0
45112
2
0
1933862717
4
0
45113
2
0
1933863741
4
0
45114
2
0
1933864765
4
0
45115
2
0
1933865789
4
0
45116
2
0
1933866813
4
0
45117
2
0
1933848637
4
0
45118
2
0
1933849661
4
0
45119
2
0
1933850685
4
0
45120
2
0
1933918525
4
0
45121
2
0
1933919549
4
0
45122
2
0
1933920573
4
0
45123
2
0
1933921597
4
0
45124
2
0
1933922621
4
0
45125
2
0
1933923645
4
0
45126
2
0
1933924669
4
0
45127
2
0
1933927229
4
0
45128
2
0
1933928253
4
0
45129
2
0
1933929277
4
0
45130
2
0
1933930301
4
0
45131
2
0
1933931325
4
0
45132
2
0
1933932349
4
0
45133
2
0
1933914173
4
0
45134
2
0
1933915197
4
0
45135
2
0
1933916221
4
0
45136
2
0
1933984061
4
0
45137
2
0
1933985085
4
0
45138
2
0
1933986109
4
0
45139
2
0
1933987133
4
0
45140
2
0
1933988157
4
0
45141
2
0
1933989181
4
0
45142
2
0
1933990205
4
0
45143
2
0
1933992765
4
0
45144
2
0
1933993789
4
0
45145
2
0
1933994813
4
0
45146
2
0
1933995837
4
0
45147
2
0
1933996861
4
0
45148
2
0
1933997885
4
0
45149
2
0
1933979709
4
0
45150
2
0
1933980733
4
0
45151
2
0
1933981757
4
0
45152
2
0
1934049597
4
0
45153
2
0
1934050621
4
0
45154
2
0
1934051645
4
0
45155
2
0
1934052669
4
0
45156
2
0
1934053693
4
0
45157
2
0
1934054717
4
0
45158
2
0
1934055741
4
0
45159
2
0
1934058301
4
0
45160
2
0
1934059325
4
0
45161
2
0
1934060349
4
0
45162
2
0
1934061373
4
0
45163
2
0
1934062397
4
0
45164
2
0
1934063421
4
0
45165
2
0
1934045245
4
0
45166
2
0
1934046269
4
0
45167
2
0
1934047293
4
0
45168
2
0
1934115133
4
0
45169
2
0
1934116157
4
0
45170
2
0
1934117181
4
0
45171
2
0
1934118205
4
0
45172
2
0
1934119229
4
0
45173
2
0
1934120253
4
0
45174
2
0
1934121277
4
0
45175
2
0
1934123837
4
0
45176
2
0
1934124861
4
0
45177
2
0
1934125885
4
0
45178
2
0
1934126909
4
0
45179
2
0
1934127933
4
0
45180
2
0
1934128957
4
0
45181
2
0
1934110781
4
0
45182
2
0
1934111805
4
0
45183
2
0
1934112829
4
0
45184
2
0
1934180669
4
0
45185
2
0
1934181693
4
0
45186
2
0
1934182717
4
0
45187
2
0
1934183741
4
0
45188
2
0
1934184765
4
0
45189
2
0
1934185789
4
0
45190
2
0
1934186813
4
0
45191
2
0
1934189373
4
0
45192
2
0
1934190397
4
0
45193
2
0
1934191421
4
0
45194
2
0
1934192445
4
0
45195
2
0
1934193469
4
0
45196
2
0
1934194493
4
0
45197
2
0
1934176317
4
0
45198
2
0
1934177341
4
0
45199
2
0
1934178365
4
0
45200
2
0
1934246205
4
0
45201
2
0
1934247229
4
0
45202
2
0
1934248253
4
0
45203
2
0
1934249277
4
0
45204
2
0
1934250301
4
0
45205
2
0
1934251325
4
0
45206
2
0
1934252349
4
0
45207
2
0
1934254909
4
0
45208
2
0
1934255933
4
0
45209
2
0
1934256957
4
0
45210
2
0
1934257981
4
0
45211
2
0
1934259005
4
0
45212
2
0
1934260029
4
0
45213
2
0
1934241853
4
0
45214
2
0
1934242877
4
0
45215
2
0
1934243901
4
0
45216
2
0
1934311741
4
0
45217
2
0
1934312765
4
0
45218
2
0
1934313789
4
0
45219
2
0
1934314813
4
0
45220
2
0
1934315837
4
0
45221
2
0
1934316861
4
0
45222
2
0
1934317885
4
0
45223
2
0
1934320445
4
0
45224
2
0
1934321469
4
0
45225
2
0
1934322493
4
0
45226
2
0
1934323517
4
0
45227
2
0
1934324541
4
0
45228
2
0
1934325565
4
0
45229
2
0
1934307389
4
0
45230
2
0
1934308413
4
0
45231
2
0
1934309437
4
0
45232
2
0
1934377277
4
0
45233
2
0
1934378301
4
0
45234
2
0
1934379325
4
0
45235
2
0
1934380349
4
0
45236
2
0
1934381373
4
0
45237
2
0
1934382397
4
0
45238
2
0
1934383421
4
0
45239
2
0
1934385981
4
0
45240
2
0
1934387005
4
0
45241
2
0
1934388029
4
0
45242
2
0
1934389053
4
0
45243
2
0
1934390077
4
0
45244
2
0
1934391101
4
0
45245
2
0
1934372925
4
0
45246
2
0
1934373949
4
0
45247
2
0
1934374973
4
0
45248
2
0
1934442813
4
0
45249
2
0
1934443837
4
0
45250
2
0
1934444861
4
0
45251
2
0
1934445885
4
0
45252
2
0
1934446909
4
0
45253
2
0
1934447933
4
0
45254
2
0
1934448957
4
0
45255
2
0
1934451517
4
0
45256
2
0
1934452541
4
0
45257
2
0
1934453565
4
0
45258
2
0
1934454589
4
0
45259
2
0
1934455613
4
0
45260
2
0
1934456637
4
0
45261
2
0
1934438461
4
0
45262
2
0
1934439485
4
0
45263
2
0
1934440509
4
0
45264
2
0
1934508349
4
0
45265
2
0
1934509373
4
0
45266
2
0
1934510397
4
0
45267
2
0
1934511421
4
0
45268
2
0
1934512445
4
0
45269
2
0
1934513469
4
0
45270
2
0
1934514493
4
0
45271
2
0
1934517053
4
0
45272
2
0
1934518077
4
0
45273
2
0
1934519101
4
0
45274
2
0
1934520125
4
0
45275
2
0
1934521149
4
0
45276
2
0
1934522173
4
0
45277
2
0
1934503997
4
0
45278
2
0
1934505021
4
0
45279
2
0
1934506045
4
0
45280
2
0
1934573885
4
0
45281
2
0
1934574909
4
0
45282
2
0
1934575933
4
0
45283
2
0
1934576957
4
0
45284
2
0
1934577981
4
0
45285
2
0
1934579005
4
0
45286
2
0
1934580029
4
0
45287
2
0
1934582589
4
0
45288
2
0
1934583613
4
0
45289
2
0
1934584637
4
0
45290
2
0
1934585661
4
0
45291
2
0
1934586685
4
0
45292
2
0
1934587709
4
0
45293
2
0
1934569533
4
0
45294
2
0
1934570557
4
0
45295
2
0
1934571581
4
0
45296
2
0
1934639421
4
0
45297
2
0
1934640445
4
0
45298
2
0
1934641469
4
0
45299
2
0
1934642493
4
0
45300
2
0
1934643517
4
0
45301
2
0
1934644541
4
0
45302
2
0
1934645565
4
0
45303
2
0
1934648125
4
0
45304
2
0
1934649149
4
0
45305
2
0
1934650173
4
0
45306
2
0
1934651197
4
0
45307
2
0
1934652221
4
0
45308
2
0
1934653245
4
0
45309
2
0
1934635069
4
0
45310
2
0
1934636093
4
0
45311
2
0
1934637117
4
0
45312
2
0
1934704957
4
0
45313
2
0
1934705981
4
0
45314
2
0
1934707005
4
0
45315
2
0
1934708029
4
0
45316
2
0
1934709053
4
0
45317
2
0
1934710077
4
0
45318
2
0
1934711101
4
0
45319
2
0
1934713661
4
0
45320
2
0
1934714685
4
0
45321
2
0
1934715709
4
0
45322
2
0
1934716733
4
0
45323
2
0
1934717757
4
0
45324
2
0
1934718781
4
0
45325
2
0
1934700605
4
0
45326
2
0
1934701629
4
0
45327
2
0
1934702653
4
0
45328
2
0
1934770493
4
0
45329
2
0
1934771517
4
0
45330
2
0
1934772541
4
0
45331
2
0
1934773565
4
0
45332
2
0
1934774589
4
0
45333
2
0
1934775613
4
0
45334
2
0
1934776637
4
0
45335
2
0
1934779197
4
0
45336
2
0
1934780221
4
0
45337
2
0
1934781245
4
0
45338
2
0
1934782269
4
0
45339
2
0
1934783293
4
0
45340
2
0
1934784317
4
0
45341
2
0
1934766141
4
0
45342
2
0
1934767165
4
0
45343
2
0
1934768189
4
0
45344
2
0
1934836029
4
0
45345
2
0
1934837053
4
0
45346
2
0
1934838077
4
0
45347
2
0
1934839101
4
0
45348
2
0
1934840125
4
0
45349
2
0
1934841149
4
0
45350
2
0
1934842173
4
0
45351
2
0
1934844733
4
0
45352
2
0
1934845757
4
0
45353
2
0
1934846781
4
0
45354
2
0
1934847805
4
0
45355
2
0
1934848829
4
0
45356
2
0
1934849853
4
0
45357
2
0
1934831677
4
0
45358
2
0
1934832701
4
0
45359
2
0
1934833725
4
0
45360
2
0
1934901565
4
0
45361
2
0
1934902589
4
0
45362
2
0
1934903613
4
0
45363
2
0
1934904637
4
0
45364
2
0
1934905661
4
0
45365
2
0
1934906685
4
0
45366
2
0
1934907709
4
0
45367
2
0
1934910269
4
0
45368
2
0
1934911293
4
0
45369
2
0
1934912317
4
0
45370
2
0
1934913341
4
0
45371
2
0
1934914365
4
0
45372
2
0
1934915389
4
0
45373
2
0
1934897213
4
0
45374
2
0
1934898237
4
0
45375
2
0
1934899261
4
0
45376
2
0
1934967101
4
0
45377
2
0
1934968125
4
0
45378
2
0
1934969149
4
0
45379
2
0
1934970173
4
0
45380
2
0
1934971197
4
0
45381
2
0
1934972221
4
0
45382
2
0
1934973245
4
0
45383
2
0
1934975805
4
0
45384
2
0
1934976829
4
0
45385
2
0
1934977853
4
0
45386
2
0
1934978877
4
0
45387
2
0
1934979901
4
0
45388
2
0
1934980925
4
0
45389
2
0
1934962749
4
0
45390
2
0
1934963773
4
0
45391
2
0
1934964797
4
0
45392
2
0
1935032637
4
0
45393
2
0
1935033661
4
0
45394
2
0
1935034685
4
0
45395
2
0
1935035709
4
0
45396
2
0
1935036733
4
0
45397
2
0
1935037757
4
0
45398
2
0
1935038781
4
0
45399
2
0
1935041341
4
0
45400
2
0
1935042365
4
0
45401
2
0
1935043389
4
0
45402
2
0
1935044413
4
0
45403
2
0
1935045437
4
0
45404
2
0
1935046461
4
0
45405
2
0
1935028285
4
0
45406
2
0
1935029309
4
0
45407
2
0
1935030333
4
0
45408
2
0
1935098173
4
0
45409
2
0
1935099197
4
0
45410
2
0
1935100221
4
0
45411
2
0
1935101245
4
0
45412
2
0
1935102269
4
0
45413
2
0
1935103293
4
0
45414
2
0
1935104317
4
0
45415
2
0
1935106877
4
0
45416
2
0
1935107901
4
0
45417
2
0
1935108925
4
0
45418
2
0
1935109949
4
0
45419
2
0
1935110973
4
0
45420
2
0
1935111997
4
0
45421
2
0
1935093821
4
0
45422
2
0
1935094845
4
0
45423
2
0
1935095869
4
0
45424
2
0
1935163709
4
0
45425
2
0
1935164733
4
0
45426
2
0
1935165757
4
0
45427
2
0
1935166781
4
0
45428
2
0
1935167805
4
0
45429
2
0
1935168829
4
0
45430
2
0
1935169853
4
0
45431
2
0
1935172413
4
0
45432
2
0
1935173437
4
0
45433
2
0
1935174461
4
0
45434
2
0
1935175485
4
0
45435
2
0
1935176509
4
0
45436
2
0
1935177533
4
0
45437
2
0
1935159357
4
0
45438
2
0
1935160381
4
0
45439
2
0
1935161405
4
0
45440
2
0
1935229245
4
0
45441
2
0
1935230269
4
0
45442
2
0
1935231293
4
0
45443
2
0
1935232317
4
0
45444
2
0
1935233341
4
0
45445
2
0
1935234365
4
0
45446
2
0
1935235389
4
0
45447
2
0
1935237949
4
0
45448
2
0
1935238973
4
0
45449
2
0
1935239997
4
0
45450
2
0
1935241021
4
0
45451
2
0
1935242045
4
0
45452
2
0
1935243069
4
0
45453
2
0
1935224893
4
0
45454
2
0
1935225917
4
0
45455
2
0
1935226941
4
0
45456
2
0
1935294781
4
0
45457
2
0
1935295805
4
0
45458
2
0
1935296829
4
0
45459
2
0
1935297853
4
0
45460
2
0
1935298877
4
0
45461
2
0
1935299901
4
0
45462
2
0
1935300925
4
0
45463
2
0
1935303485
4
0
45464
2
0
1935304509
4
0
45465
2
0
1935305533
4
0
45466
2
0
1935306557
4
0
45467
2
0
1935307581
4
0
45468
2
0
1935308605
4
0
45469
2
0
1935290429
4
0
45470
2
0
1935291453
4
0
45471
2
0
1935292477
4
0
45472
2
0
1935753533
4
0
45473
2
0
1935754557
4
0
45474
2
0
1935755581
4
0
45475
2
0
1935756605
4
0
45476
2
0
1935757629
4
0
45477
2
0
1935758653
4
0
45478
2
0
1935759677
4
0
45479
2
0
1935762237
4
0
45480
2
0
1935763261
4
0
45481
2
0
1935764285
4
0
45482
2
0
1935765309
4
0
45483
2
0
1935766333
4
0
45484
2
0
1935767357
4
0
45485
2
0
1935749181
4
0
45486
2
0
1935750205
4
0
45487
2
0
1935751229
4
0
45488
2
0
1935819069
4
0
45489
2
0
1935820093
4
0
45490
2
0
1935821117
4
0
45491
2
0
1935822141
4
0
45492
2
0
1935823165
4
0
45493
2
0
1935824189
4
0
45494
2
0
1935825213
4
0
45495
2
0
1935827773
4
0
45496
2
0
1935828797
4
0
45497
2
0
1935829821
4
0
45498
2
0
1935830845
4
0
45499
2
0
1935831869
4
0
45500
2
0
1935832893
4
0
45501
2
0
1935814717
4
0
45502
2
0
1935815741
4
0
45503
2
0
1935816765
4
0
45504
2
0
1935884605
4
0
45505
2
0
1935885629
4
0
45506
2
0
1935886653
4
0
45507
2
0
1935887677
4
0
45508
2
0
1935888701
4
0
45509
2
0
1935889725
4
0
45510
2
0
1935890749
4
0
45511
2
0
1935893309
4
0
45512
2
0
1935894333
4
0
45513
2
0
1935895357
4
0
45514
2
0
1935896381
4
0
45515
2
0
1935897405
4
0
45516
2
0
1935898429
4
0
45517
2
0
1935880253
4
0
45518
2
0
1935881277
4
0
45519
2
0
1935882301
4
0
45520
2
0
1935950141
4
0
45521
2
0
1935951165
4
0
45522
2
0
1935952189
4
0
45523
2
0
1935953213
4
0
45524
2
0
1935954237
4
0
45525
2
0
1935955261
4
0
45526
2
0
1935956285
4
0
45527
2
0
1935958845
4
0
45528
2
0
1935959869
4
0
45529
2
0
1935960893
4
0
45530
2
0
1935961917
4
0
45531
2
0
1935962941
4
0
45532
2
0
1935963965
4
0
45533
2
0
1935945789
4
0
45534
2
0
1935946813
4
0
45535
2
0
1935947837
4
0
45536
2
0
1936015677
4
0
45537
2
0
1936016701
4
0
45538
2
0
1936017725
4
0
45539
2
0
1936018749
4
0
45540
2
0
1936019773
4
0
45541
2
0
1936020797
4
0
45542
2
0
1936021821
4
0
45543
2
0
1936024381
4
0
45544
2
0
1936025405
4
0
45545
2
0
1936026429
4
0
45546
2
0
1936027453
4
0
45547
2
0
1936028477
4
0
45548
2
0
1936029501
4
0
45549
2
0
1936011325
4
0
45550
2
0
1936012349
4
0
45551
2
0
1936013373
4
0
45552
2
0
1936081213
4
0
45553
2
0
1936082237
4
0
45554
2
0
1936083261
4
0
45555
2
0
1936084285
4
0
45556
2
0
1936085309
4
0
45557
2
0
1936086333
4
0
45558
2
0
1936087357
4
0
45559
2
0
1936089917
4
0
45560
2
0
1936090941
4
0
45561
2
0
1936091965
4
0
45562
2
0
1936092989
4
0
45563
2
0
1936094013
4
0
45564
2
0
1936095037
4
0
45565
2
0
1936076861
4
0
45566
2
0
1936077885
4
0
45567
2
0
1936078909
4
0
45568
2
0
1936146749
4
0
45569
2
0
1936147773
4
0
45570
2
0
1936148797
4
0
45571
2
0
1936149821
4
0
45572
2
0
1936150845
4
0
45573
2
0
1936151869
4
0
45574
2
0
1936152893
4
0
45575
2
0
1936155453
4
0
45576
2
0
1936156477
4
0
45577
2
0
1936157501
4
0
45578
2
0
1936158525
4
0
45579
2
0
1936159549
4
0
45580
2
0
1936160573
4
0
45581
2
0
1936142397
4
0
45582
2
0
1936143421
4
0
45583
2
0
1936144445
4
0
45584
2
0
1936212285
4
0
45585
2
0
1936213309
4
0
45586
2
0
1936214333
4
0
45587
2
0
1936215357
4
0
45588
2
0
1936216381
4
0
45589
2
0
1936217405
4
0
45590
2
0
1936218429
4
0
45591
2
0
1936220989
4
0
45592
2
0
1936222013
4
0
45593
2
0
1936223037
4
0
45594
2
0
1936224061
4
0
45595
2
0
1936225085
4
0
45596
2
0
1936226109
4
0
45597
2
0
1936207933
4
0
45598
2
0
1936208957
4
0
45599
2
0
1936209981
4
0
45600
2
0
1936277821
4
0
45601
2
0
1936278845
4
0
45602
2
0
1936279869
4
0
45603
2
0
1936280893
4
0
45604
2
0
1936281917
4
0
45605
2
0
1936282941
4
0
45606
2
0
1936283965
4
0
45607
2
0
1936286525
4
0
45608
2
0
1936287549
4
0
45609
2
0
1936288573
4
0
45610
2
0
1936289597
4
0
45611
2
0
1936290621
4
0
45612
2
0
1936291645
4
0
45613
2
0
1936273469
4
0
45614
2
0
1936274493
4
0
45615
2
0
1936275517
4
0
45616
2
0
1936343357
4
0
45617
2
0
1936344381
4
0
45618
2
0
1936345405
4
0
45619
2
0
1936346429
4
0
45620
2
0
1936347453
4
0
45621
2
0
1936348477
4
0
45622
2
0
1936349501
4
0
45623
2
0
1936352061
4
0
45624
2
0
1936353085
4
0
45625
2
0
1936354109
4
0
45626
2
0
1936355133
4
0
45627
2
0
1936356157
4
0
45628
2
0
1936357181
4
0
45629
2
0
1936339005
4
0
45630
2
0
1936340029
4
0
45631
2
0
1936341053
4
0
45632
2
0
1936408893
4
0
45633
2
0
1936409917
4
0
45634
2
0
1936410941
4
0
45635
2
0
1936411965
4
0
45636
2
0
1936412989
4
0
45637
2
0
1936414013
4
0
45638
2
0
1936415037
4
0
45639
2
0
1936417597
4
0
45640
2
0
1936418621
4
0
45641
2
0
1936419645
4
0
45642
2
0
1936420669
4
0
45643
2
0
1936421693
4
0
45644
2
0
1936422717
4
0
45645
2
0
1936404541
4
0
45646
2
0
1936405565
4
0
45647
2
0
1936406589
4
0
45648
2
0
1936474429
4
0
45649
2
0
1936475453
4
0
45650
2
0
1936476477
4
0
45651
2
0
1936477501
4
0
45652
2
0
1936478525
4
0
45653
2
0
1936479549
4
0
45654
2
0
1936480573
4
0
45655
2
0
1936483133
4
0
45656
2
0
1936484157
4
0
45657
2
0
1936485181
4
0
45658
2
0
1936486205
4
0
45659
2
0
1936487229
4
0
45660
2
0
1936488253
4
0
45661
2
0
1936470077
4
0
45662
2
0
1936471101
4
0
45663
2
0
1936472125
4
0
45664
2
0
1936539965
4
0
45665
2
0
1936540989
4
0
45666
2
0
1936542013
4
0
45667
2
0
1936543037
4
0
45668
2
0
1936544061
4
0
45669
2
0
1936545085
4
0
45670
2
0
1936546109
4
0
45671
2
0
1936548669
4
0
45672
2
0
1936549693
4
0
45673
2
0
1936550717
4
0
45674
2
0
1936551741
4
0
45675
2
0
1936552765
4
0
45676
2
0
1936553789
4
0
45677
2
0
1936535613
4
0
45678
2
0
1936536637
4
0
45679
2
0
1936537661
4
0
45680
2
0
1936605501
4
0
45681
2
0
1936606525
4
0
45682
2
0
1936607549
4
0
45683
2
0
1936608573
4
0
45684
2
0
1936609597
4
0
45685
2
0
1936610621
4
0
45686
2
0
1936611645
4
0
45687
2
0
1936614205
4
0
45688
2
0
1936615229
4
0
45689
2
0
1936616253
4
0
45690
2
0
1936617277
4
0
45691
2
0
1936618301
4
0
45692
2
0
1936619325
4
0
45693
2
0
1936601149
4
0
45694
2
0
1936602173
4
0
45695
2
0
1936603197
4
0
45696
2
0
1936671037
4
0
45697
2
0
1936672061
4
0
45698
2
0
1936673085
4
0
45699
2
0
1936674109
4
0
45700
2
0
1936675133
4
0
45701
2
0
1936676157
4
0
45702
2
0
1936677181
4
0
45703
2
0
1936679741
4
0
45704
2
0
1936680765
4
0
45705
2
0
1936681789
4
0
45706
2
0
1936682813
4
0
45707
2
0
1936683837
4
0
45708
2
0
1936684861
4
0
45709
2
0
1936666685
4
0
45710
2
0
1936667709
4
0
45711
2
0
1936668733
4
0
45712
2
0
1936736573
4
0
45713
2
0
1936737597
4
0
45714
2
0
1936738621
4
0
45715
2
0
1936739645
4
0
45716
2
0
1936740669
4
0
45717
2
0
1936741693
4
0
45718
2
0
1936742717
4
0
45719
2
0
1936745277
4
0
45720
2
0
1936746301
4
0
45721
2
0
1936747325
4
0
45722
2
0
1936748349
4
0
45723
2
0
1936749373
4
0
45724
2
0
1936750397
4
0
45725
2
0
1936732221
4
0
45726
2
0
1936733245
4
0
45727
2
0
1936734269
4
0
45728
2
0
1936802109
4
0
45729
2
0
1936803133
4
0
45730
2
0
1936804157
4
0
45731
2
0
1936805181
4
0
45732
2
0
1936806205
4
0
45733
2
0
1936807229
4
0
45734
2
0
1936808253
4
0
45735
2
0
1936810813
4
0
45736
2
0
1936811837
4
0
45737
2
0
1936812861
4
0
45738
2
0
1936813885
4
0
45739
2
0
1936814909
4
0
45740
2
0
1936815933
4
0
45741
2
0
1936797757
4
0
45742
2
0
1936798781
4
0
45743
2
0
1936799805
4
0
45744
2
0
1936867645
4
0
45745
2
0
1936868669
4
0
45746
2
0
1936869693
4
0
45747
2
0
1936870717
4
0
45748
2
0
1936871741
4
0
45749
2
0
1936872765
4
0
45750
2
0
1936873789
4
0
45751
2
0
1936876349
4
0
45752
2
0
1936877373
4
0
45753
2
0
1936878397
4
0
45754
2
0
1936879421
4
0
45755
2
0
1936880445
4
0
45756
2
0
1936881469
4
0
45757
2
0
1936863293
4
0
45758
2
0
1936864317
4
0
45759
2
0
1936865341
4
0
45760
2
0
1936933181
4
0
45761
2
0
1936934205
4
0
45762
2
0
1936935229
4
0
45763
2
0
1936936253
4
0
45764
2
0
1936937277
4
0
45765
2
0
1936938301
4
0
45766
2
0
1936939325
4
0
45767
2
0
1936941885
4
0
45768
2
0
1936942909
4
0
45769
2
0
1936943933
4
0
45770
2
0
1936944957
4
0
45771
2
0
1936945981
4
0
45772
2
0
1936947005
4
0
45773
2
0
1936928829
4
0
45774
2
0
1936929853
4
0
45775
2
0
1936930877
4
0
45776
2
0
1936998717
4
0
45777
2
0
1936999741
4
0
45778
2
0
1937000765
4
0
45779
2
0
1937001789
4
0
45780
2
0
1937002813
4
0
45781
2
0
1937003837
4
0
45782
2
0
1937004861
4
0
45783
2
0
1937007421
4
0
45784
2
0
1937008445
4
0
45785
2
0
1937009469
4
0
45786
2
0
1937010493
4
0
45787
2
0
1937011517
4
0
45788
2
0
1937012541
4
0
45789
2
0
1936994365
4
0
45790
2
0
1936995389
4
0
45791
2
0
1936996413
4
0
45792
2
0
1937064253
4
0
45793
2
0
1937065277
4
0
45794
2
0
1937066301
4
0
45795
2
0
1937067325
4
0
45796
2
0
1937068349
4
0
45797
2
0
1937069373
4
0
45798
2
0
1937070397
4
0
45799
2
0
1937072957
4
0
45800
2
0
1937073981
4
0
45801
2
0
1937075005
4
0
45802
2
0
1937076029
4
0
45803
2
0
1937077053
4
0
45804
2
0
1937078077
4
0
45805
2
0
1937059901
4
0
45806
2
0
1937060925
4
0
45807
2
0
1937061949
4
0
45808
2
0
1937129789
4
0
45809
2
0
1937130813
4
0
45810
2
0
1937131837
4
0
45811
2
0
1937132861
4
0
45812
2
0
1937133885
4
0
45813
2
0
1937134909
4
0
45814
2
0
1937135933
4
0
45815
2
0
1937138493
4
0
45816
2
0
1937139517
4
0
45817
2
0
1937140541
4
0
45818
2
0
1937141565
4
0
45819
2
0
1937142589
4
0
45820
2
0
1937143613
4
0
45821
2
0
1937125437
4
0
45822
2
0
1937126461
4
0
45823
2
0
1937127485
4
0
45824
2
0
1937195325
4
0
45825
2
0
1937196349
4
0
45826
2
0
1937197373
4
0
45827
2
0
1937198397
4
0
45828
2
0
1937199421
4
0
45829
2
0
1937200445
4
0
45830
2
0
1937201469
4
0
45831
2
0
1937204029
4
0
45832
2
0
1937205053
4
0
45833
2
0
1937206077
4
0
45834
2
0
1937207101
4
0
45835
2
0
1937208125
4
0
45836
2
0
1937209149
4
0
45837
2
0
1937190973
4
0
45838
2
0
1937191997
4
0
45839
2
0
1937193021
4
0
45840
2
0
1937260861
4
0
45841
2
0
1937261885
4
0
45842
2
0
1937262909
4
0
45843
2
0
1937263933
4
0
45844
2
0
1937264957
4
0
45845
2
0
1937265981
4
0
45846
2
0
1937267005
4
0
45847
2
0
1937269565
4
0
45848
2
0
1937270589
4
0
45849
2
0
1937271613
4
0
45850
2
0
1937272637
4
0
45851
2
0
1937273661
4
0
45852
2
0
1937274685
4
0
45853
2
0
1937256509
4
0
45854
2
0
1937257533
4
0
45855
2
0
1937258557
4
0
45856
2
0
1937326397
4
0
45857
2
0
1937327421
4
0
45858
2
0
1937328445
4
0
45859
2
0
1937329469
4
0
45860
2
0
1937330493
4
0
45861
2
0
1937331517
4
0
45862
2
0
1937332541
4
0
45863
2
0
1937335101
4
0
45864
2
0
1937336125
4
0
45865
2
0
1937337149
4
0
45866
2
0
1937338173
4
0
45867
2
0
1937339197
4
0
45868
2
0
1937340221
4
0
45869
2
0
1937322045
4
0
45870
2
0
1937323069
4
0
45871
2
0
1937324093
4
0
45872
2
0
1937391933
4
0
45873
2
0
1937392957
4
0
45874
2
0
1937393981
4
0
45875
2
0
1937395005
4
0
45876
2
0
1937396029
4
0
45877
2
0
1937397053
4
0
45878
2
0
1937398077
4
0
45879
2
0
1937400637
4
0
45880
2
0
1937401661
4
0
45881
2
0
1937402685
4
0
45882
2
0
1937403709
4
0
45883
2
0
1937404733
4
0
45884
2
0
1937405757
4
0
45885
2
0
1937387581
4
0
45886
2
0
1937388605
4
0
45887
2
0
1937389629
4
0
45888
2
0
1932542269
4
0
45889
2
0
1932543293
4
0
45890
2
0
1932544317
4
0
45891
2
0
1932545341
4
0
45892
2
0
1932546365
4
0
45893
2
0
1932547389
4
0
45894
2
0
1932548413
4
0
45895
2
0
1932550973
4
0
45896
2
0
1932551997
4
0
45897
2
0
1932553021
4
0
45898
2
0
1932554045
4
0
45899
2
0
1932555069
4
0
45900
2
0
1932556093
4
0
45901
2
0
1932537917
4
0
45902
2
0
1932538941
4
0
45903
2
0
1932539965
4
0
45904
2
0
1932607805
4
0
45905
2
0
1932608829
4
0
45906
2
0
1932609853
4
0
45907
2
0
1932610877
4
0
45908
2
0
1932611901
4
0
45909
2
0
1932612925
4
0
45910
2
0
1932613949
4
0
45911
2
0
1932616509
4
0
45912
2
0
1932617533
4
0
45913
2
0
1932618557
4
0
45914
2
0
1932619581
4
0
45915
2
0
1932620605
4
0
45916
2
0
1932621629
4
0
45917
2
0
1932603453
4
0
45918
2
0
1932604477
4
0
45919
2
0
1932605501
4
0
45920
2
0
1932673341
4
0
45921
2
0
1932674365
4
0
45922
2
0
1932675389
4
0
45923
2
0
1932676413
4
0
45924
2
0
1932677437
4
0
45925
2
0
1932678461
4
0
45926
2
0
1932679485
4
0
45927
2
0
1932682045
4
0
45928
2
0
1932683069
4
0
45929
2
0
1932684093
4
0
45930
2
0
1932685117
4
0
45931
2
0
1932686141
4
0
45932
2
0
1932687165
4
0
45933
2
0
1932668989
4
0
45934
2
0
1932670013
4
0
45935
2
0
1932671037
4
0
45936
2
0
1932738877
4
0
45937
2
0
1932739901
4
0
45938
2
0
1932740925
4
0
45939
2
0
1932741949
4
0
45940
2
0
1932742973
4
0
45941
2
0
1932743997
4
0
45942
2
0
1932745021
4
0
45943
2
0
1932747581
4
0
45944
2
0
1932748605
4
0
45945
2
0
1932749629
4
0
45946
2
0
1932750653
4
0
45947
2
0
1932751677
4
0
45948
2
0
1932752701
4
0
45949
2
0
1932734525
4
0
45950
2
0
1932735549
4
0
45951
2
0
1932736573
4
0
45952
2
0
1932804413
4
0
45953
2
0
1932805437
4
0
45954
2
0
1932806461
4
0
45955
2
0
1932807485
4
0
45956
2
0
1932808509
4
0
45957
2
0
1932809533
4
0
45958
2
0
1932810557
4
0
45959
2
0
1932813117
4
0
45960
2
0
1932814141
4
0
45961
2
0
1932815165
4
0
45962
2
0
1932816189
4
0
45963
2
0
1932817213
4
0
45964
2
0
1932818237
4
0
45965
2
0
1932800061
4
0
45966
2
0
1932801085
4
0
45967
2
0
1932802109
4
0
45968
2
0
1932869949
4
0
45969
2
0
1932870973
4
0
45970
2
0
1932871997
4
0
45971
2
0
1932873021
4
0
45972
2
0
1932874045
4
0
45973
2
0
1932875069
4
0
45974
2
0
1932876093
4
0
45975
2
0
1932878653
4
0
45976
2
0
1932879677
4
0
45977
2
0
1932880701
4
0
45978
2
0
1932881725
4
0
45979
2
0
1932882749
4
0
45980
2
0
1932883773
4
0
45981
2
0
1932865597
4
0
45982
2
0
1932866621
4
0
45983
2
0
1932867645
4
0
45984
2
0
1932935485
4
0
45985
2
0
1932936509
4
0
45986
2
0
1932937533
4
0
45987
2
0
1932938557
4
0
45988
2
0
1932939581
4
0
45989
2
0
1932940605
4
0
45990
2
0
1932941629
4
0
45991
2
0
1932944189
4
0
45992
2
0
1932945213
4
0
45993
2
0
1932946237
4
0
45994
2
0
1932947261
4
0
45995
2
0
1932948285
4
0
45996
2
0
1932949309
4
0
45997
2
0
1932931133
4
0
45998
2
0
1932932157
4
0
45999
2
0
1932933181
4
0
46000
2
0
1933001021
4
0
46001
2
0
1933002045
4
0
46002
2
0
1933003069
4
0
46003
2
0
1933004093
4
0
46004
2
0
1933005117
4
0
46005
2
0
1933006141
4
0
46006
2
0
1933007165
4
0
46007
2
0
1933009725
4
0
46008
2
0
1933010749
4
0
46009
2
0
1933011773
4
0
46010
2
0
1933012797
4
0
46011
2
0
1933013821
4
0
46012
2
0
1933014845
4
0
46013
2
0
1932996669
4
0
46014
2
0
1932997693
4
0
46015
2
0
1932998717
4
0
46016
2
0
1933066557
4
0
46017
2
0
1933067581
4
0
46018
2
0
1933068605
4
0
46019
2
0
1933069629
4
0
46020
2
0
1933070653
4
0
46021
2
0
1933071677
4
0
46022
2
0
1933072701
4
0
46023
2
0
1933075261
4
0
46024
2
0
1933076285
4
0
46025
2
0
1933077309
4
0
46026
2
0
1933078333
4
0
46027
2
0
1933079357
4
0
46028
2
0
1933080381
4
0
46029
2
0
1933062205
4
0
46030
2
0
1933063229
4
0
46031
2
0
1933064253
4
0
46032
2
0
1933132093
4
0
46033
2
0
1933133117
4
0
46034
2
0
1933134141
4
0
46035
2
0
1933135165
4
0
46036
2
0
1933136189
4
0
46037
2
0
1933137213
4
0
46038
2
0
1933138237
4
0
46039
2
0
1933140797
4
0
46040
2
0
1933141821
4
0
46041
2
0
1933142845
4
0
46042
2
0
1933143869
4
0
46043
2
0
1933144893
4
0
46044
2
0
1933145917
4
0
46045
2
0
1933127741
4
0
46046
2
0
1933128765
4
0
46047
2
0
1933129789
4
0
46048
2
0
1932214589
4
0
46049
2
0
1932215613
4
0
46050
2
0
1932216637
4
0
46051
2
0
1932217661
4
0
46052
2
0
1932218685
4
0
46053
2
0
1932219709
4
0
46054
2
0
1932220733
4
0
46055
2
0
1932223293
4
0
46056
2
0
1932224317
4
0
46057
2
0
1932225341
4
0
46058
2
0
1932226365
4
0
46059
2
0
1932227389
4
0
46060
2
0
1932228413
4
0
46061
2
0
1932210237
4
0
46062
2
0
1932211261
4
0
46063
2
0
1932212285
4
0
46064
2
0
1932476733
4
0
46065
2
0
1932477757
4
0
46066
2
0
1932478781
4
0
46067
2
0
1932479805
4
0
46068
2
0
1932480829
4
0
46069
2
0
1932481853
4
0
46070
2
0
1932482877
4
0
46071
2
0
1932485437
4
0
46072
2
0
1932486461
4
0
46073
2
0
1932487485
4
0
46074
2
0
1932488509
4
0
46075
2
0
1932489533
4
0
46076
2
0
1932490557
4
0
46077
2
0
1932472381
4
0
46078
2
0
1932473405
4
0
46079
2
0
1932474429
4
