1024
0
17408
2
0
1380008253
4
0
17409
2
0
1380009277
4
0
17410
2
0
1380010301
4
0
17411
2
0
1380011325
4
0
17412
2
0
1380012349
4
0
17413
2
0
1380013373
4
0
17414
2
0
1380014397
4
0
17415
2
0
1380016957
4
0
17416
2
0
1380017981
4
0
17417
2
0
1380019005
4
0
17418
2
0
1380020029
4
0
17419
2
0
1380021053
4
0
17420
2
0
1380022077
4
0
17421
2
0
1380003901
4
0
17422
2
0
1380004925
4
0
17423
2
0
1380005949
4
0
17424
2
0
1380073789
4
0
17425
2
0
1380074813
4
0
17426
2
0
1380075837
4
0
17427
2
0
1380076861
4
0
17428
2
0
1380077885
4
0
17429
2
0
1380078909
4
0
17430
2
0
1380079933
4
0
17431
2
0
1380082493
4
0
17432
2
0
1380083517
4
0
17433
2
0
1380084541
4
0
17434
2
0
1380085565
4
0
17435
2
0
1380086589
4
0
17436
2
0
1380087613
4
0
17437
2
0
1380069437
4
0
17438
2
0
1380070461
4
0
17439
2
0
1380071485
4
0
17440
2
0
1380139325
4
0
17441
2
0
1380140349
4
0
17442
2
0
1380141373
4
0
17443
2
0
1380142397
4
0
17444
2
0
1380143421
4
0
17445
2
0
1380144445
4
0
17446
2
0
1380145469
4
0
17447
2
0
1380148029
4
0
17448
2
0
1380149053
4
0
17449
2
0
1380150077
4
0
17450
2
0
1380151101
4
0
17451
2
0
1380152125
4
0
17452
2
0
1380153149
4
0
17453
2
0
1380134973
4
0
17454
2
0
1380135997
4
0
17455
2
0
1380137021
4
0
17456
2
0
1380204861
4
0
17457
2
0
1380205885
4
0
17458
2
0
1380206909
4
0
17459
2
0
1380207933
4
0
17460
2
0
1380208957
4
0
17461
2
0
1380209981
4
0
17462
2
0
1380211005
4
0
17463
2
0
1380213565
4
0
17464
2
0
1380214589
4
0
17465
2
0
1380215613
4
0
17466
2
0
1380216637
4
0
17467
2
0
1380217661
4
0
17468
2
0
1380218685
4
0
17469
2
0
1380200509
4
0
17470
2
0
1380201533
4
0
17471
2
0
1380202557
4
0
17472
2
0
1380270397
4
0
17473
2
0
1380271421
4
0
17474
2
0
1380272445
4
0
17475
2
0
1380273469
4
0
17476
2
0
1380274493
4
0
17477
2
0
1380275517
4
0
17478
2
0
1380276541
4
0
17479
2
0
1380279101
4
0
17480
2
0
1380280125
4
0
17481
2
0
1380281149
4
0
17482
2
0
1380282173
4
0
17483
2
0
1380283197
4
0
17484
2
0
1380284221
4
0
17485
2
0
1380266045
4
0
17486
2
0
1380267069
4
0
17487
2
0
1380268093
4
0
17488
2
0
1380335933
4
0
17489
2
0
1380336957
4
0
17490
2
0
1380337981
4
0
17491
2
0
1380339005
4
0
17492
2
0
1380340029
4
0
17493
2
0
1380341053
4
0
17494
2
0
1380342077
4
0
17495
2
0
1380344637
4
0
17496
2
0
1380345661
4
0
17497
2
0
1380346685
4
0
17498
2
0
1380347709
4
0
17499
2
0
1380348733
4
0
17500
2
0
1380349757
4
0
17501
2
0
1380331581
4
0
17502
2
0
1380332605
4
0
17503
2
0
1380333629
4
0
17504
2
0
1380401469
4
0
17505
2
0
1380402493
4
0
17506
2
0
1380403517
4
0
17507
2
0
1380404541
4
0
17508
2
0
1380405565
4
0
17509
2
0
1380406589
4
0
17510
2
0
1380407613
4
0
17511
2
0
1380410173
4
0
17512
2
0
1380411197
4
0
17513
2
0
1380412221
4
0
17514
2
0
1380413245
4
0
17515
2
0
1380414269
4
0
17516
2
0
1380415293
4
0
17517
2
0
1380397117
4
0
17518
2
0
1380398141
4
0
17519
2
0
1380399165
4
0
17520
2
0
1380467005
4
0
17521
2
0
1380468029
4
0
17522
2
0
1380469053
4
0
17523
2
0
1380470077
4
0
17524
2
0
1380471101
4
0
17525
2
0
1380472125
4
0
17526
2
0
1380473149
4
0
17527
2
0
1380475709
4
0
17528
2
0
1380476733
4
0
17529
2
0
1380477757
4
0
17530
2
0
1380478781
4
0
17531
2
0
1380479805
4
0
17532
2
0
1380480829
4
0
17533
2
0
1380462653
4
0
17534
2
0
1380463677
4
0
17535
2
0
1380464701
4
0
17536
2
0
1380532541
4
0
17537
2
0
1380533565
4
0
17538
2
0
1380534589
4
0
17539
2
0
1380535613
4
0
17540
2
0
1380536637
4
0
17541
2
0
1380537661
4
0
17542
2
0
1380538685
4
0
17543
2
0
1380541245
4
0
17544
2
0
1380542269
4
0
17545
2
0
1380543293
4
0
17546
2
0
1380544317
4
0
17547
2
0
1380545341
4
0
17548
2
0
1380546365
4
0
17549
2
0
1380528189
4
0
17550
2
0
1380529213
4
0
17551
2
0
1380530237
4
0
17552
2
0
1380598077
4
0
17553
2
0
1380599101
4
0
17554
2
0
1380600125
4
0
17555
2
0
1380601149
4
0
17556
2
0
1380602173
4
0
17557
2
0
1380603197
4
0
17558
2
0
1380604221
4
0
17559
2
0
1380606781
4
0
17560
2
0
1380607805
4
0
17561
2
0
1380608829
4
0
17562
2
0
1380609853
4
0
17563
2
0
1380610877
4
0
17564
2
0
1380611901
4
0
17565
2
0
1380593725
4
0
17566
2
0
1380594749
4
0
17567
2
0
1380595773
4
0
17568
2
0
1380663613
4
0
17569
2
0
1380664637
4
0
17570
2
0
1380665661
4
0
17571
2
0
1380666685
4
0
17572
2
0
1380667709
4
0
17573
2
0
1380668733
4
0
17574
2
0
1380669757
4
0
17575
2
0
1380672317
4
0
17576
2
0
1380673341
4
0
17577
2
0
1380674365
4
0
17578
2
0
1380675389
4
0
17579
2
0
1380676413
4
0
17580
2
0
1380677437
4
0
17581
2
0
1380659261
4
0
17582
2
0
1380660285
4
0
17583
2
0
1380661309
4
0
17584
2
0
1380729149
4
0
17585
2
0
1380730173
4
0
17586
2
0
1380731197
4
0
17587
2
0
1380732221
4
0
17588
2
0
1380733245
4
0
17589
2
0
1380734269
4
0
17590
2
0
1380735293
4
0
17591
2
0
1380737853
4
0
17592
2
0
1380738877
4
0
17593
2
0
1380739901
4
0
17594
2
0
1380740925
4
0
17595
2
0
1380741949
4
0
17596
2
0
1380742973
4
0
17597
2
0
1380724797
4
0
17598
2
0
1380725821
4
0
17599
2
0
1380726845
4
0
17600
2
0
1380794685
4
0
17601
2
0
1380795709
4
0
17602
2
0
1380796733
4
0
17603
2
0
1380797757
4
0
17604
2
0
1380798781
4
0
17605
2
0
1380799805
4
0
17606
2
0
1380800829
4
0
17607
2
0
1380803389
4
0
17608
2
0
1380804413
4
0
17609
2
0
1380805437
4
0
17610
2
0
1380806461
4
0
17611
2
0
1380807485
4
0
17612
2
0
1380808509
4
0
17613
2
0
1380790333
4
0
17614
2
0
1380791357
4
0
17615
2
0
1380792381
4
0
17616
2
0
1380860221
4
0
17617
2
0
1380861245
4
0
17618
2
0
1380862269
4
0
17619
2
0
1380863293
4
0
17620
2
0
1380864317
4
0
17621
2
0
1380865341
4
0
17622
2
0
1380866365
4
0
17623
2
0
1380868925
4
0
17624
2
0
1380869949
4
0
17625
2
0
1380870973
4
0
17626
2
0
1380871997
4
0
17627
2
0
1380873021
4
0
17628
2
0
1380874045
4
0
17629
2
0
1380855869
4
0
17630
2
0
1380856893
4
0
17631
2
0
1380857917
4
0
17632
2
0
1380925757
4
0
17633
2
0
1380926781
4
0
17634
2
0
1380927805
4
0
17635
2
0
1380928829
4
0
17636
2
0
1380929853
4
0
17637
2
0
1380930877
4
0
17638
2
0
1380931901
4
0
17639
2
0
1380934461
4
0
17640
2
0
1380935485
4
0
17641
2
0
1380936509
4
0
17642
2
0
1380937533
4
0
17643
2
0
1380938557
4
0
17644
2
0
1380939581
4
0
17645
2
0
1380921405
4
0
17646
2
0
1380922429
4
0
17647
2
0
1380923453
4
0
17648
2
0
1380991293
4
0
17649
2
0
1380992317
4
0
17650
2
0
1380993341
4
0
17651
2
0
1380994365
4
0
17652
2
0
1380995389
4
0
17653
2
0
1380996413
4
0
17654
2
0
1380997437
4
0
17655
2
0
1380999997
4
0
17656
2
0
1381001021
4
0
17657
2
0
1381002045
4
0
17658
2
0
1381003069
4
0
17659
2
0
1381004093
4
0
17660
2
0
1381005117
4
0
17661
2
0
1380986941
4
0
17662
2
0
1380987965
4
0
17663
2
0
1380988989
4
0
17664
2
0
1381056829
4
0
17665
2
0
1381057853
4
0
17666
2
0
1381058877
4
0
17667
2
0
1381059901
4
0
17668
2
0
1381060925
4
0
17669
2
0
1381061949
4
0
17670
2
0
1381062973
4
0
17671
2
0
1381065533
4
0
17672
2
0
1381066557
4
0
17673
2
0
1381067581
4
0
17674
2
0
1381068605
4
0
17675
2
0
1381069629
4
0
17676
2
0
1381070653
4
0
17677
2
0
1381052477
4
0
17678
2
0
1381053501
4
0
17679
2
0
1381054525
4
0
17680
2
0
1381122365
4
0
17681
2
0
1381123389
4
0
17682
2
0
1381124413
4
0
17683
2
0
1381125437
4
0
17684
2
0
1381126461
4
0
17685
2
0
1381127485
4
0
17686
2
0
1381128509
4
0
17687
2
0
1381131069
4
0
17688
2
0
1381132093
4
0
17689
2
0
1381133117
4
0
17690
2
0
1381134141
4
0
17691
2
0
1381135165
4
0
17692
2
0
1381136189
4
0
17693
2
0
1381118013
4
0
17694
2
0
1381119037
4
0
17695
2
0
1381120061
4
0
17696
2
0
1381187901
4
0
17697
2
0
1381188925
4
0
17698
2
0
1381189949
4
0
17699
2
0
1381190973
4
0
17700
2
0
1381191997
4
0
17701
2
0
1381193021
4
0
17702
2
0
1381194045
4
0
17703
2
0
1381196605
4
0
17704
2
0
1381197629
4
0
17705
2
0
1381198653
4
0
17706
2
0
1381199677
4
0
17707
2
0
1381200701
4
0
17708
2
0
1381201725
4
0
17709
2
0
1381183549
4
0
17710
2
0
1381184573
4
0
17711
2
0
1381185597
4
0
17712
2
0
1381253437
4
0
17713
2
0
1381254461
4
0
17714
2
0
1381255485
4
0
17715
2
0
1381256509
4
0
17716
2
0
1381257533
4
0
17717
2
0
1381258557
4
0
17718
2
0
1381259581
4
0
17719
2
0
1381262141
4
0
17720
2
0
1381263165
4
0
17721
2
0
1381264189
4
0
17722
2
0
1381265213
4
0
17723
2
0
1381266237
4
0
17724
2
0
1381267261
4
0
17725
2
0
1381249085
4
0
17726
2
0
1381250109
4
0
17727
2
0
1381251133
4
0
17728
2
0
1381318973
4
0
17729
2
0
1381319997
4
0
17730
2
0
1381321021
4
0
17731
2
0
1381322045
4
0
17732
2
0
1381323069
4
0
17733
2
0
1381324093
4
0
17734
2
0
1381325117
4
0
17735
2
0
1381327677
4
0
17736
2
0
1381328701
4
0
17737
2
0
1381329725
4
0
17738
2
0
1381330749
4
0
17739
2
0
1381331773
4
0
17740
2
0
1381332797
4
0
17741
2
0
1381314621
4
0
17742
2
0
1381315645
4
0
17743
2
0
1381316669
4
0
17744
2
0
1381384509
4
0
17745
2
0
1381385533
4
0
17746
2
0
1381386557
4
0
17747
2
0
1381387581
4
0
17748
2
0
1381388605
4
0
17749
2
0
1381389629
4
0
17750
2
0
1381390653
4
0
17751
2
0
1381393213
4
0
17752
2
0
1381394237
4
0
17753
2
0
1381395261
4
0
17754
2
0
1381396285
4
0
17755
2
0
1381397309
4
0
17756
2
0
1381398333
4
0
17757
2
0
1381380157
4
0
17758
2
0
1381381181
4
0
17759
2
0
1381382205
4
0
17760
2
0
1381450045
4
0
17761
2
0
1381451069
4
0
17762
2
0
1381452093
4
0
17763
2
0
1381453117
4
0
17764
2
0
1381454141
4
0
17765
2
0
1381455165
4
0
17766
2
0
1381456189
4
0
17767
2
0
1381458749
4
0
17768
2
0
1381459773
4
0
17769
2
0
1381460797
4
0
17770
2
0
1381461821
4
0
17771
2
0
1381462845
4
0
17772
2
0
1381463869
4
0
17773
2
0
1381445693
4
0
17774
2
0
1381446717
4
0
17775
2
0
1381447741
4
0
17776
2
0
1381515581
4
0
17777
2
0
1381516605
4
0
17778
2
0
1381517629
4
0
17779
2
0
1381518653
4
0
17780
2
0
1381519677
4
0
17781
2
0
1381520701
4
0
17782
2
0
1381521725
4
0
17783
2
0
1381524285
4
0
17784
2
0
1381525309
4
0
17785
2
0
1381526333
4
0
17786
2
0
1381527357
4
0
17787
2
0
1381528381
4
0
17788
2
0
1381529405
4
0
17789
2
0
1381511229
4
0
17790
2
0
1381512253
4
0
17791
2
0
1381513277
4
0
17792
2
0
1381581117
4
0
17793
2
0
1381582141
4
0
17794
2
0
1381583165
4
0
17795
2
0
1381584189
4
0
17796
2
0
1381585213
4
0
17797
2
0
1381586237
4
0
17798
2
0
1381587261
4
0
17799
2
0
1381589821
4
0
17800
2
0
1381590845
4
0
17801
2
0
1381591869
4
0
17802
2
0
1381592893
4
0
17803
2
0
1381593917
4
0
17804
2
0
1381594941
4
0
17805
2
0
1381576765
4
0
17806
2
0
1381577789
4
0
17807
2
0
1381578813
4
0
17808
2
0
1381646653
4
0
17809
2
0
1381647677
4
0
17810
2
0
1381648701
4
0
17811
2
0
1381649725
4
0
17812
2
0
1381650749
4
0
17813
2
0
1381651773
4
0
17814
2
0
1381652797
4
0
17815
2
0
1381655357
4
0
17816
2
0
1381656381
4
0
17817
2
0
1381657405
4
0
17818
2
0
1381658429
4
0
17819
2
0
1381659453
4
0
17820
2
0
1381660477
4
0
17821
2
0
1381642301
4
0
17822
2
0
1381643325
4
0
17823
2
0
1381644349
4
0
17824
2
0
1382105405
4
0
17825
2
0
1382106429
4
0
17826
2
0
1382107453
4
0
17827
2
0
1382108477
4
0
17828
2
0
1382109501
4
0
17829
2
0
1382110525
4
0
17830
2
0
1382111549
4
0
17831
2
0
1382114109
4
0
17832
2
0
1382115133
4
0
17833
2
0
1382116157
4
0
17834
2
0
1382117181
4
0
17835
2
0
1382118205
4
0
17836
2
0
1382119229
4
0
17837
2
0
1382101053
4
0
17838
2
0
1382102077
4
0
17839
2
0
1382103101
4
0
17840
2
0
1382170941
4
0
17841
2
0
1382171965
4
0
17842
2
0
1382172989
4
0
17843
2
0
1382174013
4
0
17844
2
0
1382175037
4
0
17845
2
0
1382176061
4
0
17846
2
0
1382177085
4
0
17847
2
0
1382179645
4
0
17848
2
0
1382180669
4
0
17849
2
0
1382181693
4
0
17850
2
0
1382182717
4
0
17851
2
0
1382183741
4
0
17852
2
0
1382184765
4
0
17853
2
0
1382166589
4
0
17854
2
0
1382167613
4
0
17855
2
0
1382168637
4
0
17856
2
0
1382236477
4
0
17857
2
0
1382237501
4
0
17858
2
0
1382238525
4
0
17859
2
0
1382239549
4
0
17860
2
0
1382240573
4
0
17861
2
0
1382241597
4
0
17862
2
0
1382242621
4
0
17863
2
0
1382245181
4
0
17864
2
0
1382246205
4
0
17865
2
0
1382247229
4
0
17866
2
0
1382248253
4
0
17867
2
0
1382249277
4
0
17868
2
0
1382250301
4
0
17869
2
0
1382232125
4
0
17870
2
0
1382233149
4
0
17871
2
0
1382234173
4
0
17872
2
0
1382302013
4
0
17873
2
0
1382303037
4
0
17874
2
0
1382304061
4
0
17875
2
0
1382305085
4
0
17876
2
0
1382306109
4
0
17877
2
0
1382307133
4
0
17878
2
0
1382308157
4
0
17879
2
0
1382310717
4
0
17880
2
0
1382311741
4
0
17881
2
0
1382312765
4
0
17882
2
0
1382313789
4
0
17883
2
0
1382314813
4
0
17884
2
0
1382315837
4
0
17885
2
0
1382297661
4
0
17886
2
0
1382298685
4
0
17887
2
0
1382299709
4
0
17888
2
0
1382367549
4
0
17889
2
0
1382368573
4
0
17890
2
0
1382369597
4
0
17891
2
0
1382370621
4
0
17892
2
0
1382371645
4
0
17893
2
0
1382372669
4
0
17894
2
0
1382373693
4
0
17895
2
0
1382376253
4
0
17896
2
0
1382377277
4
0
17897
2
0
1382378301
4
0
17898
2
0
1382379325
4
0
17899
2
0
1382380349
4
0
17900
2
0
1382381373
4
0
17901
2
0
1382363197
4
0
17902
2
0
1382364221
4
0
17903
2
0
1382365245
4
0
17904
2
0
1382433085
4
0
17905
2
0
1382434109
4
0
17906
2
0
1382435133
4
0
17907
2
0
1382436157
4
0
17908
2
0
1382437181
4
0
17909
2
0
1382438205
4
0
17910
2
0
1382439229
4
0
17911
2
0
1382441789
4
0
17912
2
0
1382442813
4
0
17913
2
0
1382443837
4
0
17914
2
0
1382444861
4
0
17915
2
0
1382445885
4
0
17916
2
0
1382446909
4
0
17917
2
0
1382428733
4
0
17918
2
0
1382429757
4
0
17919
2
0
1382430781
4
0
17920
2
0
1382498621
4
0
17921
2
0
1382499645
4
0
17922
2
0
1382500669
4
0
17923
2
0
1382501693
4
0
17924
2
0
1382502717
4
0
17925
2
0
1382503741
4
0
17926
2
0
1382504765
4
0
17927
2
0
1382507325
4
0
17928
2
0
1382508349
4
0
17929
2
0
1382509373
4
0
17930
2
0
1382510397
4
0
17931
2
0
1382511421
4
0
17932
2
0
1382512445
4
0
17933
2
0
1382494269
4
0
17934
2
0
1382495293
4
0
17935
2
0
1382496317
4
0
17936
2
0
1382564157
4
0
17937
2
0
1382565181
4
0
17938
2
0
1382566205
4
0
17939
2
0
1382567229
4
0
17940
2
0
1382568253
4
0
17941
2
0
1382569277
4
0
17942
2
0
1382570301
4
0
17943
2
0
1382572861
4
0
17944
2
0
1382573885
4
0
17945
2
0
1382574909
4
0
17946
2
0
1382575933
4
0
17947
2
0
1382576957
4
0
17948
2
0
1382577981
4
0
17949
2
0
1382559805
4
0
17950
2
0
1382560829
4
0
17951
2
0
1382561853
4
0
17952
2
0
1382629693
4
0
17953
2
0
1382630717
4
0
17954
2
0
1382631741
4
0
17955
2
0
1382632765
4
0
17956
2
0
1382633789
4
0
17957
2
0
1382634813
4
0
17958
2
0
1382635837
4
0
17959
2
0
1382638397
4
0
17960
2
0
1382639421
4
0
17961
2
0
1382640445
4
0
17962
2
0
1382641469
4
0
17963
2
0
1382642493
4
0
17964
2
0
1382643517
4
0
17965
2
0
1382625341
4
0
17966
2
0
1382626365
4
0
17967
2
0
1382627389
4
0
17968
2
0
1382695229
4
0
17969
2
0
1382696253
4
0
17970
2
0
1382697277
4
0
17971
2
0
1382698301
4
0
17972
2
0
1382699325
4
0
17973
2
0
1382700349
4
0
17974
2
0
1382701373
4
0
17975
2
0
1382703933
4
0
17976
2
0
1382704957
4
0
17977
2
0
1382705981
4
0
17978
2
0
1382707005
4
0
17979
2
0
1382708029
4
0
17980
2
0
1382709053
4
0
17981
2
0
1382690877
4
0
17982
2
0
1382691901
4
0
17983
2
0
1382692925
4
0
17984
2
0
1382760765
4
0
17985
2
0
1382761789
4
0
17986
2
0
1382762813
4
0
17987
2
0
1382763837
4
0
17988
2
0
1382764861
4
0
17989
2
0
1382765885
4
0
17990
2
0
1382766909
4
0
17991
2
0
1382769469
4
0
17992
2
0
1382770493
4
0
17993
2
0
1382771517
4
0
17994
2
0
1382772541
4
0
17995
2
0
1382773565
4
0
17996
2
0
1382774589
4
0
17997
2
0
1382756413
4
0
17998
2
0
1382757437
4
0
17999
2
0
1382758461
4
0
18000
2
0
1382826301
4
0
18001
2
0
1382827325
4
0
18002
2
0
1382828349
4
0
18003
2
0
1382829373
4
0
18004
2
0
1382830397
4
0
18005
2
0
1382831421
4
0
18006
2
0
1382832445
4
0
18007
2
0
1382835005
4
0
18008
2
0
1382836029
4
0
18009
2
0
1382837053
4
0
18010
2
0
1382838077
4
0
18011
2
0
1382839101
4
0
18012
2
0
1382840125
4
0
18013
2
0
1382821949
4
0
18014
2
0
1382822973
4
0
18015
2
0
1382823997
4
0
18016
2
0
1382891837
4
0
18017
2
0
1382892861
4
0
18018
2
0
1382893885
4
0
18019
2
0
1382894909
4
0
18020
2
0
1382895933
4
0
18021
2
0
1382896957
4
0
18022
2
0
1382897981
4
0
18023
2
0
1382900541
4
0
18024
2
0
1382901565
4
0
18025
2
0
1382902589
4
0
18026
2
0
1382903613
4
0
18027
2
0
1382904637
4
0
18028
2
0
1382905661
4
0
18029
2
0
1382887485
4
0
18030
2
0
1382888509
4
0
18031
2
0
1382889533
4
0
18032
2
0
1382957373
4
0
18033
2
0
1382958397
4
0
18034
2
0
1382959421
4
0
18035
2
0
1382960445
4
0
18036
2
0
1382961469
4
0
18037
2
0
1382962493
4
0
18038
2
0
1382963517
4
0
18039
2
0
1382966077
4
0
18040
2
0
1382967101
4
0
18041
2
0
1382968125
4
0
18042
2
0
1382969149
4
0
18043
2
0
1382970173
4
0
18044
2
0
1382971197
4
0
18045
2
0
1382953021
4
0
18046
2
0
1382954045
4
0
18047
2
0
1382955069
4
0
18048
2
0
1383022909
4
0
18049
2
0
1383023933
4
0
18050
2
0
1383024957
4
0
18051
2
0
1383025981
4
0
18052
2
0
1383027005
4
0
18053
2
0
1383028029
4
0
18054
2
0
1383029053
4
0
18055
2
0
1383031613
4
0
18056
2
0
1383032637
4
0
18057
2
0
1383033661
4
0
18058
2
0
1383034685
4
0
18059
2
0
1383035709
4
0
18060
2
0
1383036733
4
0
18061
2
0
1383018557
4
0
18062
2
0
1383019581
4
0
18063
2
0
1383020605
4
0
18064
2
0
1383088445
4
0
18065
2
0
1383089469
4
0
18066
2
0
1383090493
4
0
18067
2
0
1383091517
4
0
18068
2
0
1383092541
4
0
18069
2
0
1383093565
4
0
18070
2
0
1383094589
4
0
18071
2
0
1383097149
4
0
18072
2
0
1383098173
4
0
18073
2
0
1383099197
4
0
18074
2
0
1383100221
4
0
18075
2
0
1383101245
4
0
18076
2
0
1383102269
4
0
18077
2
0
1383084093
4
0
18078
2
0
1383085117
4
0
18079
2
0
1383086141
4
0
18080
2
0
1383153981
4
0
18081
2
0
1383155005
4
0
18082
2
0
1383156029
4
0
18083
2
0
1383157053
4
0
18084
2
0
1383158077
4
0
18085
2
0
1383159101
4
0
18086
2
0
1383160125
4
0
18087
2
0
1383162685
4
0
18088
2
0
1383163709
4
0
18089
2
0
1383164733
4
0
18090
2
0
1383165757
4
0
18091
2
0
1383166781
4
0
18092
2
0
1383167805
4
0
18093
2
0
1383149629
4
0
18094
2
0
1383150653
4
0
18095
2
0
1383151677
4
0
18096
2
0
1383219517
4
0
18097
2
0
1383220541
4
0
18098
2
0
1383221565
4
0
18099
2
0
1383222589
4
0
18100
2
0
1383223613
4
0
18101
2
0
1383224637
4
0
18102
2
0
1383225661
4
0
18103
2
0
1383228221
4
0
18104
2
0
1383229245
4
0
18105
2
0
1383230269
4
0
18106
2
0
1383231293
4
0
18107
2
0
1383232317
4
0
18108
2
0
1383233341
4
0
18109
2
0
1383215165
4
0
18110
2
0
1383216189
4
0
18111
2
0
1383217213
4
0
18112
2
0
1383285053
4
0
18113
2
0
1383286077
4
0
18114
2
0
1383287101
4
0
18115
2
0
1383288125
4
0
18116
2
0
1383289149
4
0
18117
2
0
1383290173
4
0
18118
2
0
1383291197
4
0
18119
2
0
1383293757
4
0
18120
2
0
1383294781
4
0
18121
2
0
1383295805
4
0
18122
2
0
1383296829
4
0
18123
2
0
1383297853
4
0
18124
2
0
1383298877
4
0
18125
2
0
1383280701
4
0
18126
2
0
1383281725
4
0
18127
2
0
1383282749
4
0
18128
2
0
1383350589
4
0
18129
2
0
1383351613
4
0
18130
2
0
1383352637
4
0
18131
2
0
1383353661
4
0
18132
2
0
1383354685
4
0
18133
2
0
1383355709
4
0
18134
2
0
1383356733
4
0
18135
2
0
1383359293
4
0
18136
2
0
1383360317
4
0
18137
2
0
1383361341
4
0
18138
2
0
1383362365
4
0
18139
2
0
1383363389
4
0
18140
2
0
1383364413
4
0
18141
2
0
1383346237
4
0
18142
2
0
1383347261
4
0
18143
2
0
1383348285
4
0
18144
2
0
1383416125
4
0
18145
2
0
1383417149
4
0
18146
2
0
1383418173
4
0
18147
2
0
1383419197
4
0
18148
2
0
1383420221
4
0
18149
2
0
1383421245
4
0
18150
2
0
1383422269
4
0
18151
2
0
1383424829
4
0
18152
2
0
1383425853
4
0
18153
2
0
1383426877
4
0
18154
2
0
1383427901
4
0
18155
2
0
1383428925
4
0
18156
2
0
1383429949
4
0
18157
2
0
1383411773
4
0
18158
2
0
1383412797
4
0
18159
2
0
1383413821
4
0
18160
2
0
1383481661
4
0
18161
2
0
1383482685
4
0
18162
2
0
1383483709
4
0
18163
2
0
1383484733
4
0
18164
2
0
1383485757
4
0
18165
2
0
1383486781
4
0
18166
2
0
1383487805
4
0
18167
2
0
1383490365
4
0
18168
2
0
1383491389
4
0
18169
2
0
1383492413
4
0
18170
2
0
1383493437
4
0
18171
2
0
1383494461
4
0
18172
2
0
1383495485
4
0
18173
2
0
1383477309
4
0
18174
2
0
1383478333
4
0
18175
2
0
1383479357
4
0
18176
2
0
1383547197
4
0
18177
2
0
1383548221
4
0
18178
2
0
1383549245
4
0
18179
2
0
1383550269
4
0
18180
2
0
1383551293
4
0
18181
2
0
1383552317
4
0
18182
2
0
1383553341
4
0
18183
2
0
1383555901
4
0
18184
2
0
1383556925
4
0
18185
2
0
1383557949
4
0
18186
2
0
1383558973
4
0
18187
2
0
1383559997
4
0
18188
2
0
1383561021
4
0
18189
2
0
1383542845
4
0
18190
2
0
1383543869
4
0
18191
2
0
1383544893
4
0
18192
2
0
1383612733
4
0
18193
2
0
1383613757
4
0
18194
2
0
1383614781
4
0
18195
2
0
1383615805
4
0
18196
2
0
1383616829
4
0
18197
2
0
1383617853
4
0
18198
2
0
1383618877
4
0
18199
2
0
1383621437
4
0
18200
2
0
1383622461
4
0
18201
2
0
1383623485
4
0
18202
2
0
1383624509
4
0
18203
2
0
1383625533
4
0
18204
2
0
1383626557
4
0
18205
2
0
1383608381
4
0
18206
2
0
1383609405
4
0
18207
2
0
1383610429
4
0
18208
2
0
1383678269
4
0
18209
2
0
1383679293
4
0
18210
2
0
1383680317
4
0
18211
2
0
1383681341
4
0
18212
2
0
1383682365
4
0
18213
2
0
1383683389
4
0
18214
2
0
1383684413
4
0
18215
2
0
1383686973
4
0
18216
2
0
1383687997
4
0
18217
2
0
1383689021
4
0
18218
2
0
1383690045
4
0
18219
2
0
1383691069
4
0
18220
2
0
1383692093
4
0
18221
2
0
1383673917
4
0
18222
2
0
1383674941
4
0
18223
2
0
1383675965
4
0
18224
2
0
1383743805
4
0
18225
2
0
1383744829
4
0
18226
2
0
1383745853
4
0
18227
2
0
1383746877
4
0
18228
2
0
1383747901
4
0
18229
2
0
1383748925
4
0
18230
2
0
1383749949
4
0
18231
2
0
1383752509
4
0
18232
2
0
1383753533
4
0
18233
2
0
1383754557
4
0
18234
2
0
1383755581
4
0
18235
2
0
1383756605
4
0
18236
2
0
1383757629
4
0
18237
2
0
1383739453
4
0
18238
2
0
1383740477
4
0
18239
2
0
1383741501
4
0
18240
2
0
1378894141
4
0
18241
2
0
1378895165
4
0
18242
2
0
1378896189
4
0
18243
2
0
1378897213
4
0
18244
2
0
1378898237
4
0
18245
2
0
1378899261
4
0
18246
2
0
1378900285
4
0
18247
2
0
1378902845
4
0
18248
2
0
1378903869
4
0
18249
2
0
1378904893
4
0
18250
2
0
1378905917
4
0
18251
2
0
1378906941
4
0
18252
2
0
1378907965
4
0
18253
2
0
1378889789
4
0
18254
2
0
1378890813
4
0
18255
2
0
1378891837
4
0
18256
2
0
1378959677
4
0
18257
2
0
1378960701
4
0
18258
2
0
1378961725
4
0
18259
2
0
1378962749
4
0
18260
2
0
1378963773
4
0
18261
2
0
1378964797
4
0
18262
2
0
1378965821
4
0
18263
2
0
1378968381
4
0
18264
2
0
1378969405
4
0
18265
2
0
1378970429
4
0
18266
2
0
1378971453
4
0
18267
2
0
1378972477
4
0
18268
2
0
1378973501
4
0
18269
2
0
1378955325
4
0
18270
2
0
1378956349
4
0
18271
2
0
1378957373
4
0
18272
2
0
1379025213
4
0
18273
2
0
1379026237
4
0
18274
2
0
1379027261
4
0
18275
2
0
1379028285
4
0
18276
2
0
1379029309
4
0
18277
2
0
1379030333
4
0
18278
2
0
1379031357
4
0
18279
2
0
1379033917
4
0
18280
2
0
1379034941
4
0
18281
2
0
1379035965
4
0
18282
2
0
1379036989
4
0
18283
2
0
1379038013
4
0
18284
2
0
1379039037
4
0
18285
2
0
1379020861
4
0
18286
2
0
1379021885
4
0
18287
2
0
1379022909
4
0
18288
2
0
1379090749
4
0
18289
2
0
1379091773
4
0
18290
2
0
1379092797
4
0
18291
2
0
1379093821
4
0
18292
2
0
1379094845
4
0
18293
2
0
1379095869
4
0
18294
2
0
1379096893
4
0
18295
2
0
1379099453
4
0
18296
2
0
1379100477
4
0
18297
2
0
1379101501
4
0
18298
2
0
1379102525
4
0
18299
2
0
1379103549
4
0
18300
2
0
1379104573
4
0
18301
2
0
1379086397
4
0
18302
2
0
1379087421
4
0
18303
2
0
1379088445
4
0
18304
2
0
1379156285
4
0
18305
2
0
1379157309
4
0
18306
2
0
1379158333
4
0
18307
2
0
1379159357
4
0
18308
2
0
1379160381
4
0
18309
2
0
1379161405
4
0
18310
2
0
1379162429
4
0
18311
2
0
1379164989
4
0
18312
2
0
1379166013
4
0
18313
2
0
1379167037
4
0
18314
2
0
1379168061
4
0
18315
2
0
1379169085
4
0
18316
2
0
1379170109
4
0
18317
2
0
1379151933
4
0
18318
2
0
1379152957
4
0
18319
2
0
1379153981
4
0
18320
2
0
1379221821
4
0
18321
2
0
1379222845
4
0
18322
2
0
1379223869
4
0
18323
2
0
1379224893
4
0
18324
2
0
1379225917
4
0
18325
2
0
1379226941
4
0
18326
2
0
1379227965
4
0
18327
2
0
1379230525
4
0
18328
2
0
1379231549
4
0
18329
2
0
1379232573
4
0
18330
2
0
1379233597
4
0
18331
2
0
1379234621
4
0
18332
2
0
1379235645
4
0
18333
2
0
1379217469
4
0
18334
2
0
1379218493
4
0
18335
2
0
1379219517
4
0
18336
2
0
1379287357
4
0
18337
2
0
1379288381
4
0
18338
2
0
1379289405
4
0
18339
2
0
1379290429
4
0
18340
2
0
1379291453
4
0
18341
2
0
1379292477
4
0
18342
2
0
1379293501
4
0
18343
2
0
1379296061
4
0
18344
2
0
1379297085
4
0
18345
2
0
1379298109
4
0
18346
2
0
1379299133
4
0
18347
2
0
1379300157
4
0
18348
2
0
1379301181
4
0
18349
2
0
1379283005
4
0
18350
2
0
1379284029
4
0
18351
2
0
1379285053
4
0
18352
2
0
1379352893
4
0
18353
2
0
1379353917
4
0
18354
2
0
1379354941
4
0
18355
2
0
1379355965
4
0
18356
2
0
1379356989
4
0
18357
2
0
1379358013
4
0
18358
2
0
1379359037
4
0
18359
2
0
1379361597
4
0
18360
2
0
1379362621
4
0
18361
2
0
1379363645
4
0
18362
2
0
1379364669
4
0
18363
2
0
1379365693
4
0
18364
2
0
1379366717
4
0
18365
2
0
1379348541
4
0
18366
2
0
1379349565
4
0
18367
2
0
1379350589
4
0
18368
2
0
1379418429
4
0
18369
2
0
1379419453
4
0
18370
2
0
1379420477
4
0
18371
2
0
1379421501
4
0
18372
2
0
1379422525
4
0
18373
2
0
1379423549
4
0
18374
2
0
1379424573
4
0
18375
2
0
1379427133
4
0
18376
2
0
1379428157
4
0
18377
2
0
1379429181
4
0
18378
2
0
1379430205
4
0
18379
2
0
1379431229
4
0
18380
2
0
1379432253
4
0
18381
2
0
1379414077
4
0
18382
2
0
1379415101
4
0
18383
2
0
1379416125
4
0
18384
2
0
1379483965
4
0
18385
2
0
1379484989
4
0
18386
2
0
1379486013
4
0
18387
2
0
1379487037
4
0
18388
2
0
1379488061
4
0
18389
2
0
1379489085
4
0
18390
2
0
1379490109
4
0
18391
2
0
1379492669
4
0
18392
2
0
1379493693
4
0
18393
2
0
1379494717
4
0
18394
2
0
1379495741
4
0
18395
2
0
1379496765
4
0
18396
2
0
1379497789
4
0
18397
2
0
1379479613
4
0
18398
2
0
1379480637
4
0
18399
2
0
1379481661
4
0
18400
2
0
1378566461
4
0
18401
2
0
1378567485
4
0
18402
2
0
1378568509
4
0
18403
2
0
1378569533
4
0
18404
2
0
1378570557
4
0
18405
2
0
1378571581
4
0
18406
2
0
1378572605
4
0
18407
2
0
1378575165
4
0
18408
2
0
1378576189
4
0
18409
2
0
1378577213
4
0
18410
2
0
1378578237
4
0
18411
2
0
1378579261
4
0
18412
2
0
1378580285
4
0
18413
2
0
1378562109
4
0
18414
2
0
1378563133
4
0
18415
2
0
1378564157
4
0
18416
2
0
1378828605
4
0
18417
2
0
1378829629
4
0
18418
2
0
1378830653
4
0
18419
2
0
1378831677
4
0
18420
2
0
1378832701
4
0
18421
2
0
1378833725
4
0
18422
2
0
1378834749
4
0
18423
2
0
1378837309
4
0
18424
2
0
1378838333
4
0
18425
2
0
1378839357
4
0
18426
2
0
1378840381
4
0
18427
2
0
1378841405
4
0
18428
2
0
1378842429
4
0
18429
2
0
1378824253
4
0
18430
2
0
1378825277
4
0
18431
2
0
1378826301
4
