1024
0
37888
2
0
1816215869
4
0
37889
2
0
1816216893
4
0
37890
2
0
1816217917
4
0
37891
2
0
1816218941
4
0
37892
2
0
1816219965
4
0
37893
2
0
1816220989
4
0
37894
2
0
1816222013
4
0
37895
2
0
1816224573
4
0
37896
2
0
1816225597
4
0
37897
2
0
1816226621
4
0
37898
2
0
1816227645
4
0
37899
2
0
1816228669
4
0
37900
2
0
1816229693
4
0
37901
2
0
1816211517
4
0
37902
2
0
1816212541
4
0
37903
2
0
1816213565
4
0
37904
2
0
1816281405
4
0
37905
2
0
1816282429
4
0
37906
2
0
1816283453
4
0
37907
2
0
1816284477
4
0
37908
2
0
1816285501
4
0
37909
2
0
1816286525
4
0
37910
2
0
1816287549
4
0
37911
2
0
1816290109
4
0
37912
2
0
1816291133
4
0
37913
2
0
1816292157
4
0
37914
2
0
1816293181
4
0
37915
2
0
1816294205
4
0
37916
2
0
1816295229
4
0
37917
2
0
1816277053
4
0
37918
2
0
1816278077
4
0
37919
2
0
1816279101
4
0
37920
2
0
1816346941
4
0
37921
2
0
1816347965
4
0
37922
2
0
1816348989
4
0
37923
2
0
1816350013
4
0
37924
2
0
1816351037
4
0
37925
2
0
1816352061
4
0
37926
2
0
1816353085
4
0
37927
2
0
1816355645
4
0
37928
2
0
1816356669
4
0
37929
2
0
1816357693
4
0
37930
2
0
1816358717
4
0
37931
2
0
1816359741
4
0
37932
2
0
1816360765
4
0
37933
2
0
1816342589
4
0
37934
2
0
1816343613
4
0
37935
2
0
1816344637
4
0
37936
2
0
1816412477
4
0
37937
2
0
1816413501
4
0
37938
2
0
1816414525
4
0
37939
2
0
1816415549
4
0
37940
2
0
1816416573
4
0
37941
2
0
1816417597
4
0
37942
2
0
1816418621
4
0
37943
2
0
1816421181
4
0
37944
2
0
1816422205
4
0
37945
2
0
1816423229
4
0
37946
2
0
1816424253
4
0
37947
2
0
1816425277
4
0
37948
2
0
1816426301
4
0
37949
2
0
1816408125
4
0
37950
2
0
1816409149
4
0
37951
2
0
1816410173
4
0
37952
2
0
1816478013
4
0
37953
2
0
1816479037
4
0
37954
2
0
1816480061
4
0
37955
2
0
1816481085
4
0
37956
2
0
1816482109
4
0
37957
2
0
1816483133
4
0
37958
2
0
1816484157
4
0
37959
2
0
1816486717
4
0
37960
2
0
1816487741
4
0
37961
2
0
1816488765
4
0
37962
2
0
1816489789
4
0
37963
2
0
1816490813
4
0
37964
2
0
1816491837
4
0
37965
2
0
1816473661
4
0
37966
2
0
1816474685
4
0
37967
2
0
1816475709
4
0
37968
2
0
1816543549
4
0
37969
2
0
1816544573
4
0
37970
2
0
1816545597
4
0
37971
2
0
1816546621
4
0
37972
2
0
1816547645
4
0
37973
2
0
1816548669
4
0
37974
2
0
1816549693
4
0
37975
2
0
1816552253
4
0
37976
2
0
1816553277
4
0
37977
2
0
1816554301
4
0
37978
2
0
1816555325
4
0
37979
2
0
1816556349
4
0
37980
2
0
1816557373
4
0
37981
2
0
1816539197
4
0
37982
2
0
1816540221
4
0
37983
2
0
1816541245
4
0
37984
2
0
1816609085
4
0
37985
2
0
1816610109
4
0
37986
2
0
1816611133
4
0
37987
2
0
1816612157
4
0
37988
2
0
1816613181
4
0
37989
2
0
1816614205
4
0
37990
2
0
1816615229
4
0
37991
2
0
1816617789
4
0
37992
2
0
1816618813
4
0
37993
2
0
1816619837
4
0
37994
2
0
1816620861
4
0
37995
2
0
1816621885
4
0
37996
2
0
1816622909
4
0
37997
2
0
1816604733
4
0
37998
2
0
1816605757
4
0
37999
2
0
1816606781
4
0
38000
2
0
1816674621
4
0
38001
2
0
1816675645
4
0
38002
2
0
1816676669
4
0
38003
2
0
1816677693
4
0
38004
2
0
1816678717
4
0
38005
2
0
1816679741
4
0
38006
2
0
1816680765
4
0
38007
2
0
1816683325
4
0
38008
2
0
1816684349
4
0
38009
2
0
1816685373
4
0
38010
2
0
1816686397
4
0
38011
2
0
1816687421
4
0
38012
2
0
1816688445
4
0
38013
2
0
1816670269
4
0
38014
2
0
1816671293
4
0
38015
2
0
1816672317
4
0
38016
2
0
1816740157
4
0
38017
2
0
1816741181
4
0
38018
2
0
1816742205
4
0
38019
2
0
1816743229
4
0
38020
2
0
1816744253
4
0
38021
2
0
1816745277
4
0
38022
2
0
1816746301
4
0
38023
2
0
1816748861
4
0
38024
2
0
1816749885
4
0
38025
2
0
1816750909
4
0
38026
2
0
1816751933
4
0
38027
2
0
1816752957
4
0
38028
2
0
1816753981
4
0
38029
2
0
1816735805
4
0
38030
2
0
1816736829
4
0
38031
2
0
1816737853
4
0
38032
2
0
1816805693
4
0
38033
2
0
1816806717
4
0
38034
2
0
1816807741
4
0
38035
2
0
1816808765
4
0
38036
2
0
1816809789
4
0
38037
2
0
1816810813
4
0
38038
2
0
1816811837
4
0
38039
2
0
1816814397
4
0
38040
2
0
1816815421
4
0
38041
2
0
1816816445
4
0
38042
2
0
1816817469
4
0
38043
2
0
1816818493
4
0
38044
2
0
1816819517
4
0
38045
2
0
1816801341
4
0
38046
2
0
1816802365
4
0
38047
2
0
1816803389
4
0
38048
2
0
1816871229
4
0
38049
2
0
1816872253
4
0
38050
2
0
1816873277
4
0
38051
2
0
1816874301
4
0
38052
2
0
1816875325
4
0
38053
2
0
1816876349
4
0
38054
2
0
1816877373
4
0
38055
2
0
1816879933
4
0
38056
2
0
1816880957
4
0
38057
2
0
1816881981
4
0
38058
2
0
1816883005
4
0
38059
2
0
1816884029
4
0
38060
2
0
1816885053
4
0
38061
2
0
1816866877
4
0
38062
2
0
1816867901
4
0
38063
2
0
1816868925
4
0
38064
2
0
1816936765
4
0
38065
2
0
1816937789
4
0
38066
2
0
1816938813
4
0
38067
2
0
1816939837
4
0
38068
2
0
1816940861
4
0
38069
2
0
1816941885
4
0
38070
2
0
1816942909
4
0
38071
2
0
1816945469
4
0
38072
2
0
1816946493
4
0
38073
2
0
1816947517
4
0
38074
2
0
1816948541
4
0
38075
2
0
1816949565
4
0
38076
2
0
1816950589
4
0
38077
2
0
1816932413
4
0
38078
2
0
1816933437
4
0
38079
2
0
1816934461
4
0
38080
2
0
1817002301
4
0
38081
2
0
1817003325
4
0
38082
2
0
1817004349
4
0
38083
2
0
1817005373
4
0
38084
2
0
1817006397
4
0
38085
2
0
1817007421
4
0
38086
2
0
1817008445
4
0
38087
2
0
1817011005
4
0
38088
2
0
1817012029
4
0
38089
2
0
1817013053
4
0
38090
2
0
1817014077
4
0
38091
2
0
1817015101
4
0
38092
2
0
1817016125
4
0
38093
2
0
1816997949
4
0
38094
2
0
1816998973
4
0
38095
2
0
1816999997
4
0
38096
2
0
1817067837
4
0
38097
2
0
1817068861
4
0
38098
2
0
1817069885
4
0
38099
2
0
1817070909
4
0
38100
2
0
1817071933
4
0
38101
2
0
1817072957
4
0
38102
2
0
1817073981
4
0
38103
2
0
1817076541
4
0
38104
2
0
1817077565
4
0
38105
2
0
1817078589
4
0
38106
2
0
1817079613
4
0
38107
2
0
1817080637
4
0
38108
2
0
1817081661
4
0
38109
2
0
1817063485
4
0
38110
2
0
1817064509
4
0
38111
2
0
1817065533
4
0
38112
2
0
1817133373
4
0
38113
2
0
1817134397
4
0
38114
2
0
1817135421
4
0
38115
2
0
1817136445
4
0
38116
2
0
1817137469
4
0
38117
2
0
1817138493
4
0
38118
2
0
1817139517
4
0
38119
2
0
1817142077
4
0
38120
2
0
1817143101
4
0
38121
2
0
1817144125
4
0
38122
2
0
1817145149
4
0
38123
2
0
1817146173
4
0
38124
2
0
1817147197
4
0
38125
2
0
1817129021
4
0
38126
2
0
1817130045
4
0
38127
2
0
1817131069
4
0
38128
2
0
1817198909
4
0
38129
2
0
1817199933
4
0
38130
2
0
1817200957
4
0
38131
2
0
1817201981
4
0
38132
2
0
1817203005
4
0
38133
2
0
1817204029
4
0
38134
2
0
1817205053
4
0
38135
2
0
1817207613
4
0
38136
2
0
1817208637
4
0
38137
2
0
1817209661
4
0
38138
2
0
1817210685
4
0
38139
2
0
1817211709
4
0
38140
2
0
1817212733
4
0
38141
2
0
1817194557
4
0
38142
2
0
1817195581
4
0
38143
2
0
1817196605
4
0
38144
2
0
1817264445
4
0
38145
2
0
1817265469
4
0
38146
2
0
1817266493
4
0
38147
2
0
1817267517
4
0
38148
2
0
1817268541
4
0
38149
2
0
1817269565
4
0
38150
2
0
1817270589
4
0
38151
2
0
1817273149
4
0
38152
2
0
1817274173
4
0
38153
2
0
1817275197
4
0
38154
2
0
1817276221
4
0
38155
2
0
1817277245
4
0
38156
2
0
1817278269
4
0
38157
2
0
1817260093
4
0
38158
2
0
1817261117
4
0
38159
2
0
1817262141
4
0
38160
2
0
1817329981
4
0
38161
2
0
1817331005
4
0
38162
2
0
1817332029
4
0
38163
2
0
1817333053
4
0
38164
2
0
1817334077
4
0
38165
2
0
1817335101
4
0
38166
2
0
1817336125
4
0
38167
2
0
1817338685
4
0
38168
2
0
1817339709
4
0
38169
2
0
1817340733
4
0
38170
2
0
1817341757
4
0
38171
2
0
1817342781
4
0
38172
2
0
1817343805
4
0
38173
2
0
1817325629
4
0
38174
2
0
1817326653
4
0
38175
2
0
1817327677
4
0
38176
2
0
1817395517
4
0
38177
2
0
1817396541
4
0
38178
2
0
1817397565
4
0
38179
2
0
1817398589
4
0
38180
2
0
1817399613
4
0
38181
2
0
1817400637
4
0
38182
2
0
1817401661
4
0
38183
2
0
1817404221
4
0
38184
2
0
1817405245
4
0
38185
2
0
1817406269
4
0
38186
2
0
1817407293
4
0
38187
2
0
1817408317
4
0
38188
2
0
1817409341
4
0
38189
2
0
1817391165
4
0
38190
2
0
1817392189
4
0
38191
2
0
1817393213
4
0
38192
2
0
1817461053
4
0
38193
2
0
1817462077
4
0
38194
2
0
1817463101
4
0
38195
2
0
1817464125
4
0
38196
2
0
1817465149
4
0
38197
2
0
1817466173
4
0
38198
2
0
1817467197
4
0
38199
2
0
1817469757
4
0
38200
2
0
1817470781
4
0
38201
2
0
1817471805
4
0
38202
2
0
1817472829
4
0
38203
2
0
1817473853
4
0
38204
2
0
1817474877
4
0
38205
2
0
1817456701
4
0
38206
2
0
1817457725
4
0
38207
2
0
1817458749
4
0
38208
2
0
1817526589
4
0
38209
2
0
1817527613
4
0
38210
2
0
1817528637
4
0
38211
2
0
1817529661
4
0
38212
2
0
1817530685
4
0
38213
2
0
1817531709
4
0
38214
2
0
1817532733
4
0
38215
2
0
1817535293
4
0
38216
2
0
1817536317
4
0
38217
2
0
1817537341
4
0
38218
2
0
1817538365
4
0
38219
2
0
1817539389
4
0
38220
2
0
1817540413
4
0
38221
2
0
1817522237
4
0
38222
2
0
1817523261
4
0
38223
2
0
1817524285
4
0
38224
2
0
1817592125
4
0
38225
2
0
1817593149
4
0
38226
2
0
1817594173
4
0
38227
2
0
1817595197
4
0
38228
2
0
1817596221
4
0
38229
2
0
1817597245
4
0
38230
2
0
1817598269
4
0
38231
2
0
1817600829
4
0
38232
2
0
1817601853
4
0
38233
2
0
1817602877
4
0
38234
2
0
1817603901
4
0
38235
2
0
1817604925
4
0
38236
2
0
1817605949
4
0
38237
2
0
1817587773
4
0
38238
2
0
1817588797
4
0
38239
2
0
1817589821
4
0
38240
2
0
1817657661
4
0
38241
2
0
1817658685
4
0
38242
2
0
1817659709
4
0
38243
2
0
1817660733
4
0
38244
2
0
1817661757
4
0
38245
2
0
1817662781
4
0
38246
2
0
1817663805
4
0
38247
2
0
1817666365
4
0
38248
2
0
1817667389
4
0
38249
2
0
1817668413
4
0
38250
2
0
1817669437
4
0
38251
2
0
1817670461
4
0
38252
2
0
1817671485
4
0
38253
2
0
1817653309
4
0
38254
2
0
1817654333
4
0
38255
2
0
1817655357
4
0
38256
2
0
1817723197
4
0
38257
2
0
1817724221
4
0
38258
2
0
1817725245
4
0
38259
2
0
1817726269
4
0
38260
2
0
1817727293
4
0
38261
2
0
1817728317
4
0
38262
2
0
1817729341
4
0
38263
2
0
1817731901
4
0
38264
2
0
1817732925
4
0
38265
2
0
1817733949
4
0
38266
2
0
1817734973
4
0
38267
2
0
1817735997
4
0
38268
2
0
1817737021
4
0
38269
2
0
1817718845
4
0
38270
2
0
1817719869
4
0
38271
2
0
1817720893
4
0
38272
2
0
1817788733
4
0
38273
2
0
1817789757
4
0
38274
2
0
1817790781
4
0
38275
2
0
1817791805
4
0
38276
2
0
1817792829
4
0
38277
2
0
1817793853
4
0
38278
2
0
1817794877
4
0
38279
2
0
1817797437
4
0
38280
2
0
1817798461
4
0
38281
2
0
1817799485
4
0
38282
2
0
1817800509
4
0
38283
2
0
1817801533
4
0
38284
2
0
1817802557
4
0
38285
2
0
1817784381
4
0
38286
2
0
1817785405
4
0
38287
2
0
1817786429
4
0
38288
2
0
1817854269
4
0
38289
2
0
1817855293
4
0
38290
2
0
1817856317
4
0
38291
2
0
1817857341
4
0
38292
2
0
1817858365
4
0
38293
2
0
1817859389
4
0
38294
2
0
1817860413
4
0
38295
2
0
1817862973
4
0
38296
2
0
1817863997
4
0
38297
2
0
1817865021
4
0
38298
2
0
1817866045
4
0
38299
2
0
1817867069
4
0
38300
2
0
1817868093
4
0
38301
2
0
1817849917
4
0
38302
2
0
1817850941
4
0
38303
2
0
1817851965
4
0
38304
2
0
1818313021
4
0
38305
2
0
1818314045
4
0
38306
2
0
1818315069
4
0
38307
2
0
1818316093
4
0
38308
2
0
1818317117
4
0
38309
2
0
1818318141
4
0
38310
2
0
1818319165
4
0
38311
2
0
1818321725
4
0
38312
2
0
1818322749
4
0
38313
2
0
1818323773
4
0
38314
2
0
1818324797
4
0
38315
2
0
1818325821
4
0
38316
2
0
1818326845
4
0
38317
2
0
1818308669
4
0
38318
2
0
1818309693
4
0
38319
2
0
1818310717
4
0
38320
2
0
1818378557
4
0
38321
2
0
1818379581
4
0
38322
2
0
1818380605
4
0
38323
2
0
1818381629
4
0
38324
2
0
1818382653
4
0
38325
2
0
1818383677
4
0
38326
2
0
1818384701
4
0
38327
2
0
1818387261
4
0
38328
2
0
1818388285
4
0
38329
2
0
1818389309
4
0
38330
2
0
1818390333
4
0
38331
2
0
1818391357
4
0
38332
2
0
1818392381
4
0
38333
2
0
1818374205
4
0
38334
2
0
1818375229
4
0
38335
2
0
1818376253
4
0
38336
2
0
1818444093
4
0
38337
2
0
1818445117
4
0
38338
2
0
1818446141
4
0
38339
2
0
1818447165
4
0
38340
2
0
1818448189
4
0
38341
2
0
1818449213
4
0
38342
2
0
1818450237
4
0
38343
2
0
1818452797
4
0
38344
2
0
1818453821
4
0
38345
2
0
1818454845
4
0
38346
2
0
1818455869
4
0
38347
2
0
1818456893
4
0
38348
2
0
1818457917
4
0
38349
2
0
1818439741
4
0
38350
2
0
1818440765
4
0
38351
2
0
1818441789
4
0
38352
2
0
1818509629
4
0
38353
2
0
1818510653
4
0
38354
2
0
1818511677
4
0
38355
2
0
1818512701
4
0
38356
2
0
1818513725
4
0
38357
2
0
1818514749
4
0
38358
2
0
1818515773
4
0
38359
2
0
1818518333
4
0
38360
2
0
1818519357
4
0
38361
2
0
1818520381
4
0
38362
2
0
1818521405
4
0
38363
2
0
1818522429
4
0
38364
2
0
1818523453
4
0
38365
2
0
1818505277
4
0
38366
2
0
1818506301
4
0
38367
2
0
1818507325
4
0
38368
2
0
1818575165
4
0
38369
2
0
1818576189
4
0
38370
2
0
1818577213
4
0
38371
2
0
1818578237
4
0
38372
2
0
1818579261
4
0
38373
2
0
1818580285
4
0
38374
2
0
1818581309
4
0
38375
2
0
1818583869
4
0
38376
2
0
1818584893
4
0
38377
2
0
1818585917
4
0
38378
2
0
1818586941
4
0
38379
2
0
1818587965
4
0
38380
2
0
1818588989
4
0
38381
2
0
1818570813
4
0
38382
2
0
1818571837
4
0
38383
2
0
1818572861
4
0
38384
2
0
1818640701
4
0
38385
2
0
1818641725
4
0
38386
2
0
1818642749
4
0
38387
2
0
1818643773
4
0
38388
2
0
1818644797
4
0
38389
2
0
1818645821
4
0
38390
2
0
1818646845
4
0
38391
2
0
1818649405
4
0
38392
2
0
1818650429
4
0
38393
2
0
1818651453
4
0
38394
2
0
1818652477
4
0
38395
2
0
1818653501
4
0
38396
2
0
1818654525
4
0
38397
2
0
1818636349
4
0
38398
2
0
1818637373
4
0
38399
2
0
1818638397
4
0
38400
2
0
1818706237
4
0
38401
2
0
1818707261
4
0
38402
2
0
1818708285
4
0
38403
2
0
1818709309
4
0
38404
2
0
1818710333
4
0
38405
2
0
1818711357
4
0
38406
2
0
1818712381
4
0
38407
2
0
1818714941
4
0
38408
2
0
1818715965
4
0
38409
2
0
1818716989
4
0
38410
2
0
1818718013
4
0
38411
2
0
1818719037
4
0
38412
2
0
1818720061
4
0
38413
2
0
1818701885
4
0
38414
2
0
1818702909
4
0
38415
2
0
1818703933
4
0
38416
2
0
1818771773
4
0
38417
2
0
1818772797
4
0
38418
2
0
1818773821
4
0
38419
2
0
1818774845
4
0
38420
2
0
1818775869
4
0
38421
2
0
1818776893
4
0
38422
2
0
1818777917
4
0
38423
2
0
1818780477
4
0
38424
2
0
1818781501
4
0
38425
2
0
1818782525
4
0
38426
2
0
1818783549
4
0
38427
2
0
1818784573
4
0
38428
2
0
1818785597
4
0
38429
2
0
1818767421
4
0
38430
2
0
1818768445
4
0
38431
2
0
1818769469
4
0
38432
2
0
1818837309
4
0
38433
2
0
1818838333
4
0
38434
2
0
1818839357
4
0
38435
2
0
1818840381
4
0
38436
2
0
1818841405
4
0
38437
2
0
1818842429
4
0
38438
2
0
1818843453
4
0
38439
2
0
1818846013
4
0
38440
2
0
1818847037
4
0
38441
2
0
1818848061
4
0
38442
2
0
1818849085
4
0
38443
2
0
1818850109
4
0
38444
2
0
1818851133
4
0
38445
2
0
1818832957
4
0
38446
2
0
1818833981
4
0
38447
2
0
1818835005
4
0
38448
2
0
1818902845
4
0
38449
2
0
1818903869
4
0
38450
2
0
1818904893
4
0
38451
2
0
1818905917
4
0
38452
2
0
1818906941
4
0
38453
2
0
1818907965
4
0
38454
2
0
1818908989
4
0
38455
2
0
1818911549
4
0
38456
2
0
1818912573
4
0
38457
2
0
1818913597
4
0
38458
2
0
1818914621
4
0
38459
2
0
1818915645
4
0
38460
2
0
1818916669
4
0
38461
2
0
1818898493
4
0
38462
2
0
1818899517
4
0
38463
2
0
1818900541
4
0
38464
2
0
1818968381
4
0
38465
2
0
1818969405
4
0
38466
2
0
1818970429
4
0
38467
2
0
1818971453
4
0
38468
2
0
1818972477
4
0
38469
2
0
1818973501
4
0
38470
2
0
1818974525
4
0
38471
2
0
1818977085
4
0
38472
2
0
1818978109
4
0
38473
2
0
1818979133
4
0
38474
2
0
1818980157
4
0
38475
2
0
1818981181
4
0
38476
2
0
1818982205
4
0
38477
2
0
1818964029
4
0
38478
2
0
1818965053
4
0
38479
2
0
1818966077
4
0
38480
2
0
1819033917
4
0
38481
2
0
1819034941
4
0
38482
2
0
1819035965
4
0
38483
2
0
1819036989
4
0
38484
2
0
1819038013
4
0
38485
2
0
1819039037
4
0
38486
2
0
1819040061
4
0
38487
2
0
1819042621
4
0
38488
2
0
1819043645
4
0
38489
2
0
1819044669
4
0
38490
2
0
1819045693
4
0
38491
2
0
1819046717
4
0
38492
2
0
1819047741
4
0
38493
2
0
1819029565
4
0
38494
2
0
1819030589
4
0
38495
2
0
1819031613
4
0
38496
2
0
1819099453
4
0
38497
2
0
1819100477
4
0
38498
2
0
1819101501
4
0
38499
2
0
1819102525
4
0
38500
2
0
1819103549
4
0
38501
2
0
1819104573
4
0
38502
2
0
1819105597
4
0
38503
2
0
1819108157
4
0
38504
2
0
1819109181
4
0
38505
2
0
1819110205
4
0
38506
2
0
1819111229
4
0
38507
2
0
1819112253
4
0
38508
2
0
1819113277
4
0
38509
2
0
1819095101
4
0
38510
2
0
1819096125
4
0
38511
2
0
1819097149
4
0
38512
2
0
1819164989
4
0
38513
2
0
1819166013
4
0
38514
2
0
1819167037
4
0
38515
2
0
1819168061
4
0
38516
2
0
1819169085
4
0
38517
2
0
1819170109
4
0
38518
2
0
1819171133
4
0
38519
2
0
1819173693
4
0
38520
2
0
1819174717
4
0
38521
2
0
1819175741
4
0
38522
2
0
1819176765
4
0
38523
2
0
1819177789
4
0
38524
2
0
1819178813
4
0
38525
2
0
1819160637
4
0
38526
2
0
1819161661
4
0
38527
2
0
1819162685
4
0
38528
2
0
1819230525
4
0
38529
2
0
1819231549
4
0
38530
2
0
1819232573
4
0
38531
2
0
1819233597
4
0
38532
2
0
1819234621
4
0
38533
2
0
1819235645
4
0
38534
2
0
1819236669
4
0
38535
2
0
1819239229
4
0
38536
2
0
1819240253
4
0
38537
2
0
1819241277
4
0
38538
2
0
1819242301
4
0
38539
2
0
1819243325
4
0
38540
2
0
1819244349
4
0
38541
2
0
1819226173
4
0
38542
2
0
1819227197
4
0
38543
2
0
1819228221
4
0
38544
2
0
1819296061
4
0
38545
2
0
1819297085
4
0
38546
2
0
1819298109
4
0
38547
2
0
1819299133
4
0
38548
2
0
1819300157
4
0
38549
2
0
1819301181
4
0
38550
2
0
1819302205
4
0
38551
2
0
1819304765
4
0
38552
2
0
1819305789
4
0
38553
2
0
1819306813
4
0
38554
2
0
1819307837
4
0
38555
2
0
1819308861
4
0
38556
2
0
1819309885
4
0
38557
2
0
1819291709
4
0
38558
2
0
1819292733
4
0
38559
2
0
1819293757
4
0
38560
2
0
1819361597
4
0
38561
2
0
1819362621
4
0
38562
2
0
1819363645
4
0
38563
2
0
1819364669
4
0
38564
2
0
1819365693
4
0
38565
2
0
1819366717
4
0
38566
2
0
1819367741
4
0
38567
2
0
1819370301
4
0
38568
2
0
1819371325
4
0
38569
2
0
1819372349
4
0
38570
2
0
1819373373
4
0
38571
2
0
1819374397
4
0
38572
2
0
1819375421
4
0
38573
2
0
1819357245
4
0
38574
2
0
1819358269
4
0
38575
2
0
1819359293
4
0
38576
2
0
1819427133
4
0
38577
2
0
1819428157
4
0
38578
2
0
1819429181
4
0
38579
2
0
1819430205
4
0
38580
2
0
1819431229
4
0
38581
2
0
1819432253
4
0
38582
2
0
1819433277
4
0
38583
2
0
1819435837
4
0
38584
2
0
1819436861
4
0
38585
2
0
1819437885
4
0
38586
2
0
1819438909
4
0
38587
2
0
1819439933
4
0
38588
2
0
1819440957
4
0
38589
2
0
1819422781
4
0
38590
2
0
1819423805
4
0
38591
2
0
1819424829
4
0
38592
2
0
1819492669
4
0
38593
2
0
1819493693
4
0
38594
2
0
1819494717
4
0
38595
2
0
1819495741
4
0
38596
2
0
1819496765
4
0
38597
2
0
1819497789
4
0
38598
2
0
1819498813
4
0
38599
2
0
1819501373
4
0
38600
2
0
1819502397
4
0
38601
2
0
1819503421
4
0
38602
2
0
1819504445
4
0
38603
2
0
1819505469
4
0
38604
2
0
1819506493
4
0
38605
2
0
1819488317
4
0
38606
2
0
1819489341
4
0
38607
2
0
1819490365
4
0
38608
2
0
1819558205
4
0
38609
2
0
1819559229
4
0
38610
2
0
1819560253
4
0
38611
2
0
1819561277
4
0
38612
2
0
1819562301
4
0
38613
2
0
1819563325
4
0
38614
2
0
1819564349
4
0
38615
2
0
1819566909
4
0
38616
2
0
1819567933
4
0
38617
2
0
1819568957
4
0
38618
2
0
1819569981
4
0
38619
2
0
1819571005
4
0
38620
2
0
1819572029
4
0
38621
2
0
1819553853
4
0
38622
2
0
1819554877
4
0
38623
2
0
1819555901
4
0
38624
2
0
1819623741
4
0
38625
2
0
1819624765
4
0
38626
2
0
1819625789
4
0
38627
2
0
1819626813
4
0
38628
2
0
1819627837
4
0
38629
2
0
1819628861
4
0
38630
2
0
1819629885
4
0
38631
2
0
1819632445
4
0
38632
2
0
1819633469
4
0
38633
2
0
1819634493
4
0
38634
2
0
1819635517
4
0
38635
2
0
1819636541
4
0
38636
2
0
1819637565
4
0
38637
2
0
1819619389
4
0
38638
2
0
1819620413
4
0
38639
2
0
1819621437
4
0
38640
2
0
1819689277
4
0
38641
2
0
1819690301
4
0
38642
2
0
1819691325
4
0
38643
2
0
1819692349
4
0
38644
2
0
1819693373
4
0
38645
2
0
1819694397
4
0
38646
2
0
1819695421
4
0
38647
2
0
1819697981
4
0
38648
2
0
1819699005
4
0
38649
2
0
1819700029
4
0
38650
2
0
1819701053
4
0
38651
2
0
1819702077
4
0
38652
2
0
1819703101
4
0
38653
2
0
1819684925
4
0
38654
2
0
1819685949
4
0
38655
2
0
1819686973
4
0
38656
2
0
1819754813
4
0
38657
2
0
1819755837
4
0
38658
2
0
1819756861
4
0
38659
2
0
1819757885
4
0
38660
2
0
1819758909
4
0
38661
2
0
1819759933
4
0
38662
2
0
1819760957
4
0
38663
2
0
1819763517
4
0
38664
2
0
1819764541
4
0
38665
2
0
1819765565
4
0
38666
2
0
1819766589
4
0
38667
2
0
1819767613
4
0
38668
2
0
1819768637
4
0
38669
2
0
1819750461
4
0
38670
2
0
1819751485
4
0
38671
2
0
1819752509
4
0
38672
2
0
1819820349
4
0
38673
2
0
1819821373
4
0
38674
2
0
1819822397
4
0
38675
2
0
1819823421
4
0
38676
2
0
1819824445
4
0
38677
2
0
1819825469
4
0
38678
2
0
1819826493
4
0
38679
2
0
1819829053
4
0
38680
2
0
1819830077
4
0
38681
2
0
1819831101
4
0
38682
2
0
1819832125
4
0
38683
2
0
1819833149
4
0
38684
2
0
1819834173
4
0
38685
2
0
1819815997
4
0
38686
2
0
1819817021
4
0
38687
2
0
1819818045
4
0
38688
2
0
1819885885
4
0
38689
2
0
1819886909
4
0
38690
2
0
1819887933
4
0
38691
2
0
1819888957
4
0
38692
2
0
1819889981
4
0
38693
2
0
1819891005
4
0
38694
2
0
1819892029
4
0
38695
2
0
1819894589
4
0
38696
2
0
1819895613
4
0
38697
2
0
1819896637
4
0
38698
2
0
1819897661
4
0
38699
2
0
1819898685
4
0
38700
2
0
1819899709
4
0
38701
2
0
1819881533
4
0
38702
2
0
1819882557
4
0
38703
2
0
1819883581
4
0
38704
2
0
1819951421
4
0
38705
2
0
1819952445
4
0
38706
2
0
1819953469
4
0
38707
2
0
1819954493
4
0
38708
2
0
1819955517
4
0
38709
2
0
1819956541
4
0
38710
2
0
1819957565
4
0
38711
2
0
1819960125
4
0
38712
2
0
1819961149
4
0
38713
2
0
1819962173
4
0
38714
2
0
1819963197
4
0
38715
2
0
1819964221
4
0
38716
2
0
1819965245
4
0
38717
2
0
1819947069
4
0
38718
2
0
1819948093
4
0
38719
2
0
1819949117
4
0
38720
2
0
1815101757
4
0
38721
2
0
1815102781
4
0
38722
2
0
1815103805
4
0
38723
2
0
1815104829
4
0
38724
2
0
1815105853
4
0
38725
2
0
1815106877
4
0
38726
2
0
1815107901
4
0
38727
2
0
1815110461
4
0
38728
2
0
1815111485
4
0
38729
2
0
1815112509
4
0
38730
2
0
1815113533
4
0
38731
2
0
1815114557
4
0
38732
2
0
1815115581
4
0
38733
2
0
1815097405
4
0
38734
2
0
1815098429
4
0
38735
2
0
1815099453
4
0
38736
2
0
1815167293
4
0
38737
2
0
1815168317
4
0
38738
2
0
1815169341
4
0
38739
2
0
1815170365
4
0
38740
2
0
1815171389
4
0
38741
2
0
1815172413
4
0
38742
2
0
1815173437
4
0
38743
2
0
1815175997
4
0
38744
2
0
1815177021
4
0
38745
2
0
1815178045
4
0
38746
2
0
1815179069
4
0
38747
2
0
1815180093
4
0
38748
2
0
1815181117
4
0
38749
2
0
1815162941
4
0
38750
2
0
1815163965
4
0
38751
2
0
1815164989
4
0
38752
2
0
1815232829
4
0
38753
2
0
1815233853
4
0
38754
2
0
1815234877
4
0
38755
2
0
1815235901
4
0
38756
2
0
1815236925
4
0
38757
2
0
1815237949
4
0
38758
2
0
1815238973
4
0
38759
2
0
1815241533
4
0
38760
2
0
1815242557
4
0
38761
2
0
1815243581
4
0
38762
2
0
1815244605
4
0
38763
2
0
1815245629
4
0
38764
2
0
1815246653
4
0
38765
2
0
1815228477
4
0
38766
2
0
1815229501
4
0
38767
2
0
1815230525
4
0
38768
2
0
1815298365
4
0
38769
2
0
1815299389
4
0
38770
2
0
1815300413
4
0
38771
2
0
1815301437
4
0
38772
2
0
1815302461
4
0
38773
2
0
1815303485
4
0
38774
2
0
1815304509
4
0
38775
2
0
1815307069
4
0
38776
2
0
1815308093
4
0
38777
2
0
1815309117
4
0
38778
2
0
1815310141
4
0
38779
2
0
1815311165
4
0
38780
2
0
1815312189
4
0
38781
2
0
1815294013
4
0
38782
2
0
1815295037
4
0
38783
2
0
1815296061
4
0
38784
2
0
1815363901
4
0
38785
2
0
1815364925
4
0
38786
2
0
1815365949
4
0
38787
2
0
1815366973
4
0
38788
2
0
1815367997
4
0
38789
2
0
1815369021
4
0
38790
2
0
1815370045
4
0
38791
2
0
1815372605
4
0
38792
2
0
1815373629
4
0
38793
2
0
1815374653
4
0
38794
2
0
1815375677
4
0
38795
2
0
1815376701
4
0
38796
2
0
1815377725
4
0
38797
2
0
1815359549
4
0
38798
2
0
1815360573
4
0
38799
2
0
1815361597
4
0
38800
2
0
1815429437
4
0
38801
2
0
1815430461
4
0
38802
2
0
1815431485
4
0
38803
2
0
1815432509
4
0
38804
2
0
1815433533
4
0
38805
2
0
1815434557
4
0
38806
2
0
1815435581
4
0
38807
2
0
1815438141
4
0
38808
2
0
1815439165
4
0
38809
2
0
1815440189
4
0
38810
2
0
1815441213
4
0
38811
2
0
1815442237
4
0
38812
2
0
1815443261
4
0
38813
2
0
1815425085
4
0
38814
2
0
1815426109
4
0
38815
2
0
1815427133
4
0
38816
2
0
1815494973
4
0
38817
2
0
1815495997
4
0
38818
2
0
1815497021
4
0
38819
2
0
1815498045
4
0
38820
2
0
1815499069
4
0
38821
2
0
1815500093
4
0
38822
2
0
1815501117
4
0
38823
2
0
1815503677
4
0
38824
2
0
1815504701
4
0
38825
2
0
1815505725
4
0
38826
2
0
1815506749
4
0
38827
2
0
1815507773
4
0
38828
2
0
1815508797
4
0
38829
2
0
1815490621
4
0
38830
2
0
1815491645
4
0
38831
2
0
1815492669
4
0
38832
2
0
1815560509
4
0
38833
2
0
1815561533
4
0
38834
2
0
1815562557
4
0
38835
2
0
1815563581
4
0
38836
2
0
1815564605
4
0
38837
2
0
1815565629
4
0
38838
2
0
1815566653
4
0
38839
2
0
1815569213
4
0
38840
2
0
1815570237
4
0
38841
2
0
1815571261
4
0
38842
2
0
1815572285
4
0
38843
2
0
1815573309
4
0
38844
2
0
1815574333
4
0
38845
2
0
1815556157
4
0
38846
2
0
1815557181
4
0
38847
2
0
1815558205
4
0
38848
2
0
1815626045
4
0
38849
2
0
1815627069
4
0
38850
2
0
1815628093
4
0
38851
2
0
1815629117
4
0
38852
2
0
1815630141
4
0
38853
2
0
1815631165
4
0
38854
2
0
1815632189
4
0
38855
2
0
1815634749
4
0
38856
2
0
1815635773
4
0
38857
2
0
1815636797
4
0
38858
2
0
1815637821
4
0
38859
2
0
1815638845
4
0
38860
2
0
1815639869
4
0
38861
2
0
1815621693
4
0
38862
2
0
1815622717
4
0
38863
2
0
1815623741
4
0
38864
2
0
1815691581
4
0
38865
2
0
1815692605
4
0
38866
2
0
1815693629
4
0
38867
2
0
1815694653
4
0
38868
2
0
1815695677
4
0
38869
2
0
1815696701
4
0
38870
2
0
1815697725
4
0
38871
2
0
1815700285
4
0
38872
2
0
1815701309
4
0
38873
2
0
1815702333
4
0
38874
2
0
1815703357
4
0
38875
2
0
1815704381
4
0
38876
2
0
1815705405
4
0
38877
2
0
1815687229
4
0
38878
2
0
1815688253
4
0
38879
2
0
1815689277
4
0
38880
2
0
1814774077
4
0
38881
2
0
1814775101
4
0
38882
2
0
1814776125
4
0
38883
2
0
1814777149
4
0
38884
2
0
1814778173
4
0
38885
2
0
1814779197
4
0
38886
2
0
1814780221
4
0
38887
2
0
1814782781
4
0
38888
2
0
1814783805
4
0
38889
2
0
1814784829
4
0
38890
2
0
1814785853
4
0
38891
2
0
1814786877
4
0
38892
2
0
1814787901
4
0
38893
2
0
1814769725
4
0
38894
2
0
1814770749
4
0
38895
2
0
1814771773
4
0
38896
2
0
1815036221
4
0
38897
2
0
1815037245
4
0
38898
2
0
1815038269
4
0
38899
2
0
1815039293
4
0
38900
2
0
1815040317
4
0
38901
2
0
1815041341
4
0
38902
2
0
1815042365
4
0
38903
2
0
1815044925
4
0
38904
2
0
1815045949
4
0
38905
2
0
1815046973
4
0
38906
2
0
1815047997
4
0
38907
2
0
1815049021
4
0
38908
2
0
1815050045
4
0
38909
2
0
1815031869
4
0
38910
2
0
1815032893
4
0
38911
2
0
1815033917
4
