1024
0
16384
2
0
1363231037
4
0
16385
2
0
1363232061
4
0
16386
2
0
1363233085
4
0
16387
2
0
1363234109
4
0
16388
2
0
1363235133
4
0
16389
2
0
1363236157
4
0
16390
2
0
1363237181
4
0
16391
2
0
1363239741
4
0
16392
2
0
1363240765
4
0
16393
2
0
1363241789
4
0
16394
2
0
1363242813
4
0
16395
2
0
1363243837
4
0
16396
2
0
1363244861
4
0
16397
2
0
1363226685
4
0
16398
2
0
1363227709
4
0
16399
2
0
1363228733
4
0
16400
2
0
1363296573
4
0
16401
2
0
1363297597
4
0
16402
2
0
1363298621
4
0
16403
2
0
1363299645
4
0
16404
2
0
1363300669
4
0
16405
2
0
1363301693
4
0
16406
2
0
1363302717
4
0
16407
2
0
1363305277
4
0
16408
2
0
1363306301
4
0
16409
2
0
1363307325
4
0
16410
2
0
1363308349
4
0
16411
2
0
1363309373
4
0
16412
2
0
1363310397
4
0
16413
2
0
1363292221
4
0
16414
2
0
1363293245
4
0
16415
2
0
1363294269
4
0
16416
2
0
1363362109
4
0
16417
2
0
1363363133
4
0
16418
2
0
1363364157
4
0
16419
2
0
1363365181
4
0
16420
2
0
1363366205
4
0
16421
2
0
1363367229
4
0
16422
2
0
1363368253
4
0
16423
2
0
1363370813
4
0
16424
2
0
1363371837
4
0
16425
2
0
1363372861
4
0
16426
2
0
1363373885
4
0
16427
2
0
1363374909
4
0
16428
2
0
1363375933
4
0
16429
2
0
1363357757
4
0
16430
2
0
1363358781
4
0
16431
2
0
1363359805
4
0
16432
2
0
1363427645
4
0
16433
2
0
1363428669
4
0
16434
2
0
1363429693
4
0
16435
2
0
1363430717
4
0
16436
2
0
1363431741
4
0
16437
2
0
1363432765
4
0
16438
2
0
1363433789
4
0
16439
2
0
1363436349
4
0
16440
2
0
1363437373
4
0
16441
2
0
1363438397
4
0
16442
2
0
1363439421
4
0
16443
2
0
1363440445
4
0
16444
2
0
1363441469
4
0
16445
2
0
1363423293
4
0
16446
2
0
1363424317
4
0
16447
2
0
1363425341
4
0
16448
2
0
1363493181
4
0
16449
2
0
1363494205
4
0
16450
2
0
1363495229
4
0
16451
2
0
1363496253
4
0
16452
2
0
1363497277
4
0
16453
2
0
1363498301
4
0
16454
2
0
1363499325
4
0
16455
2
0
1363501885
4
0
16456
2
0
1363502909
4
0
16457
2
0
1363503933
4
0
16458
2
0
1363504957
4
0
16459
2
0
1363505981
4
0
16460
2
0
1363507005
4
0
16461
2
0
1363488829
4
0
16462
2
0
1363489853
4
0
16463
2
0
1363490877
4
0
16464
2
0
1363558717
4
0
16465
2
0
1363559741
4
0
16466
2
0
1363560765
4
0
16467
2
0
1363561789
4
0
16468
2
0
1363562813
4
0
16469
2
0
1363563837
4
0
16470
2
0
1363564861
4
0
16471
2
0
1363567421
4
0
16472
2
0
1363568445
4
0
16473
2
0
1363569469
4
0
16474
2
0
1363570493
4
0
16475
2
0
1363571517
4
0
16476
2
0
1363572541
4
0
16477
2
0
1363554365
4
0
16478
2
0
1363555389
4
0
16479
2
0
1363556413
4
0
16480
2
0
1363624253
4
0
16481
2
0
1363625277
4
0
16482
2
0
1363626301
4
0
16483
2
0
1363627325
4
0
16484
2
0
1363628349
4
0
16485
2
0
1363629373
4
0
16486
2
0
1363630397
4
0
16487
2
0
1363632957
4
0
16488
2
0
1363633981
4
0
16489
2
0
1363635005
4
0
16490
2
0
1363636029
4
0
16491
2
0
1363637053
4
0
16492
2
0
1363638077
4
0
16493
2
0
1363619901
4
0
16494
2
0
1363620925
4
0
16495
2
0
1363621949
4
0
16496
2
0
1363689789
4
0
16497
2
0
1363690813
4
0
16498
2
0
1363691837
4
0
16499
2
0
1363692861
4
0
16500
2
0
1363693885
4
0
16501
2
0
1363694909
4
0
16502
2
0
1363695933
4
0
16503
2
0
1363698493
4
0
16504
2
0
1363699517
4
0
16505
2
0
1363700541
4
0
16506
2
0
1363701565
4
0
16507
2
0
1363702589
4
0
16508
2
0
1363703613
4
0
16509
2
0
1363685437
4
0
16510
2
0
1363686461
4
0
16511
2
0
1363687485
4
0
16512
2
0
1363755325
4
0
16513
2
0
1363756349
4
0
16514
2
0
1363757373
4
0
16515
2
0
1363758397
4
0
16516
2
0
1363759421
4
0
16517
2
0
1363760445
4
0
16518
2
0
1363761469
4
0
16519
2
0
1363764029
4
0
16520
2
0
1363765053
4
0
16521
2
0
1363766077
4
0
16522
2
0
1363767101
4
0
16523
2
0
1363768125
4
0
16524
2
0
1363769149
4
0
16525
2
0
1363750973
4
0
16526
2
0
1363751997
4
0
16527
2
0
1363753021
4
0
16528
2
0
1363820861
4
0
16529
2
0
1363821885
4
0
16530
2
0
1363822909
4
0
16531
2
0
1363823933
4
0
16532
2
0
1363824957
4
0
16533
2
0
1363825981
4
0
16534
2
0
1363827005
4
0
16535
2
0
1363829565
4
0
16536
2
0
1363830589
4
0
16537
2
0
1363831613
4
0
16538
2
0
1363832637
4
0
16539
2
0
1363833661
4
0
16540
2
0
1363834685
4
0
16541
2
0
1363816509
4
0
16542
2
0
1363817533
4
0
16543
2
0
1363818557
4
0
16544
2
0
1363886397
4
0
16545
2
0
1363887421
4
0
16546
2
0
1363888445
4
0
16547
2
0
1363889469
4
0
16548
2
0
1363890493
4
0
16549
2
0
1363891517
4
0
16550
2
0
1363892541
4
0
16551
2
0
1363895101
4
0
16552
2
0
1363896125
4
0
16553
2
0
1363897149
4
0
16554
2
0
1363898173
4
0
16555
2
0
1363899197
4
0
16556
2
0
1363900221
4
0
16557
2
0
1363882045
4
0
16558
2
0
1363883069
4
0
16559
2
0
1363884093
4
0
16560
2
0
1363951933
4
0
16561
2
0
1363952957
4
0
16562
2
0
1363953981
4
0
16563
2
0
1363955005
4
0
16564
2
0
1363956029
4
0
16565
2
0
1363957053
4
0
16566
2
0
1363958077
4
0
16567
2
0
1363960637
4
0
16568
2
0
1363961661
4
0
16569
2
0
1363962685
4
0
16570
2
0
1363963709
4
0
16571
2
0
1363964733
4
0
16572
2
0
1363965757
4
0
16573
2
0
1363947581
4
0
16574
2
0
1363948605
4
0
16575
2
0
1363949629
4
0
16576
2
0
1364017469
4
0
16577
2
0
1364018493
4
0
16578
2
0
1364019517
4
0
16579
2
0
1364020541
4
0
16580
2
0
1364021565
4
0
16581
2
0
1364022589
4
0
16582
2
0
1364023613
4
0
16583
2
0
1364026173
4
0
16584
2
0
1364027197
4
0
16585
2
0
1364028221
4
0
16586
2
0
1364029245
4
0
16587
2
0
1364030269
4
0
16588
2
0
1364031293
4
0
16589
2
0
1364013117
4
0
16590
2
0
1364014141
4
0
16591
2
0
1364015165
4
0
16592
2
0
1364083005
4
0
16593
2
0
1364084029
4
0
16594
2
0
1364085053
4
0
16595
2
0
1364086077
4
0
16596
2
0
1364087101
4
0
16597
2
0
1364088125
4
0
16598
2
0
1364089149
4
0
16599
2
0
1364091709
4
0
16600
2
0
1364092733
4
0
16601
2
0
1364093757
4
0
16602
2
0
1364094781
4
0
16603
2
0
1364095805
4
0
16604
2
0
1364096829
4
0
16605
2
0
1364078653
4
0
16606
2
0
1364079677
4
0
16607
2
0
1364080701
4
0
16608
2
0
1364148541
4
0
16609
2
0
1364149565
4
0
16610
2
0
1364150589
4
0
16611
2
0
1364151613
4
0
16612
2
0
1364152637
4
0
16613
2
0
1364153661
4
0
16614
2
0
1364154685
4
0
16615
2
0
1364157245
4
0
16616
2
0
1364158269
4
0
16617
2
0
1364159293
4
0
16618
2
0
1364160317
4
0
16619
2
0
1364161341
4
0
16620
2
0
1364162365
4
0
16621
2
0
1364144189
4
0
16622
2
0
1364145213
4
0
16623
2
0
1364146237
4
0
16624
2
0
1364214077
4
0
16625
2
0
1364215101
4
0
16626
2
0
1364216125
4
0
16627
2
0
1364217149
4
0
16628
2
0
1364218173
4
0
16629
2
0
1364219197
4
0
16630
2
0
1364220221
4
0
16631
2
0
1364222781
4
0
16632
2
0
1364223805
4
0
16633
2
0
1364224829
4
0
16634
2
0
1364225853
4
0
16635
2
0
1364226877
4
0
16636
2
0
1364227901
4
0
16637
2
0
1364209725
4
0
16638
2
0
1364210749
4
0
16639
2
0
1364211773
4
0
16640
2
0
1364279613
4
0
16641
2
0
1364280637
4
0
16642
2
0
1364281661
4
0
16643
2
0
1364282685
4
0
16644
2
0
1364283709
4
0
16645
2
0
1364284733
4
0
16646
2
0
1364285757
4
0
16647
2
0
1364288317
4
0
16648
2
0
1364289341
4
0
16649
2
0
1364290365
4
0
16650
2
0
1364291389
4
0
16651
2
0
1364292413
4
0
16652
2
0
1364293437
4
0
16653
2
0
1364275261
4
0
16654
2
0
1364276285
4
0
16655
2
0
1364277309
4
0
16656
2
0
1364345149
4
0
16657
2
0
1364346173
4
0
16658
2
0
1364347197
4
0
16659
2
0
1364348221
4
0
16660
2
0
1364349245
4
0
16661
2
0
1364350269
4
0
16662
2
0
1364351293
4
0
16663
2
0
1364353853
4
0
16664
2
0
1364354877
4
0
16665
2
0
1364355901
4
0
16666
2
0
1364356925
4
0
16667
2
0
1364357949
4
0
16668
2
0
1364358973
4
0
16669
2
0
1364340797
4
0
16670
2
0
1364341821
4
0
16671
2
0
1364342845
4
0
16672
2
0
1364410685
4
0
16673
2
0
1364411709
4
0
16674
2
0
1364412733
4
0
16675
2
0
1364413757
4
0
16676
2
0
1364414781
4
0
16677
2
0
1364415805
4
0
16678
2
0
1364416829
4
0
16679
2
0
1364419389
4
0
16680
2
0
1364420413
4
0
16681
2
0
1364421437
4
0
16682
2
0
1364422461
4
0
16683
2
0
1364423485
4
0
16684
2
0
1364424509
4
0
16685
2
0
1364406333
4
0
16686
2
0
1364407357
4
0
16687
2
0
1364408381
4
0
16688
2
0
1364476221
4
0
16689
2
0
1364477245
4
0
16690
2
0
1364478269
4
0
16691
2
0
1364479293
4
0
16692
2
0
1364480317
4
0
16693
2
0
1364481341
4
0
16694
2
0
1364482365
4
0
16695
2
0
1364484925
4
0
16696
2
0
1364485949
4
0
16697
2
0
1364486973
4
0
16698
2
0
1364487997
4
0
16699
2
0
1364489021
4
0
16700
2
0
1364490045
4
0
16701
2
0
1364471869
4
0
16702
2
0
1364472893
4
0
16703
2
0
1364473917
4
0
16704
2
0
1364541757
4
0
16705
2
0
1364542781
4
0
16706
2
0
1364543805
4
0
16707
2
0
1364544829
4
0
16708
2
0
1364545853
4
0
16709
2
0
1364546877
4
0
16710
2
0
1364547901
4
0
16711
2
0
1364550461
4
0
16712
2
0
1364551485
4
0
16713
2
0
1364552509
4
0
16714
2
0
1364553533
4
0
16715
2
0
1364554557
4
0
16716
2
0
1364555581
4
0
16717
2
0
1364537405
4
0
16718
2
0
1364538429
4
0
16719
2
0
1364539453
4
0
16720
2
0
1364607293
4
0
16721
2
0
1364608317
4
0
16722
2
0
1364609341
4
0
16723
2
0
1364610365
4
0
16724
2
0
1364611389
4
0
16725
2
0
1364612413
4
0
16726
2
0
1364613437
4
0
16727
2
0
1364615997
4
0
16728
2
0
1364617021
4
0
16729
2
0
1364618045
4
0
16730
2
0
1364619069
4
0
16731
2
0
1364620093
4
0
16732
2
0
1364621117
4
0
16733
2
0
1364602941
4
0
16734
2
0
1364603965
4
0
16735
2
0
1364604989
4
0
16736
2
0
1364672829
4
0
16737
2
0
1364673853
4
0
16738
2
0
1364674877
4
0
16739
2
0
1364675901
4
0
16740
2
0
1364676925
4
0
16741
2
0
1364677949
4
0
16742
2
0
1364678973
4
0
16743
2
0
1364681533
4
0
16744
2
0
1364682557
4
0
16745
2
0
1364683581
4
0
16746
2
0
1364684605
4
0
16747
2
0
1364685629
4
0
16748
2
0
1364686653
4
0
16749
2
0
1364668477
4
0
16750
2
0
1364669501
4
0
16751
2
0
1364670525
4
0
16752
2
0
1364738365
4
0
16753
2
0
1364739389
4
0
16754
2
0
1364740413
4
0
16755
2
0
1364741437
4
0
16756
2
0
1364742461
4
0
16757
2
0
1364743485
4
0
16758
2
0
1364744509
4
0
16759
2
0
1364747069
4
0
16760
2
0
1364748093
4
0
16761
2
0
1364749117
4
0
16762
2
0
1364750141
4
0
16763
2
0
1364751165
4
0
16764
2
0
1364752189
4
0
16765
2
0
1364734013
4
0
16766
2
0
1364735037
4
0
16767
2
0
1364736061
4
0
16768
2
0
1364803901
4
0
16769
2
0
1364804925
4
0
16770
2
0
1364805949
4
0
16771
2
0
1364806973
4
0
16772
2
0
1364807997
4
0
16773
2
0
1364809021
4
0
16774
2
0
1364810045
4
0
16775
2
0
1364812605
4
0
16776
2
0
1364813629
4
0
16777
2
0
1364814653
4
0
16778
2
0
1364815677
4
0
16779
2
0
1364816701
4
0
16780
2
0
1364817725
4
0
16781
2
0
1364799549
4
0
16782
2
0
1364800573
4
0
16783
2
0
1364801597
4
0
16784
2
0
1364869437
4
0
16785
2
0
1364870461
4
0
16786
2
0
1364871485
4
0
16787
2
0
1364872509
4
0
16788
2
0
1364873533
4
0
16789
2
0
1364874557
4
0
16790
2
0
1364875581
4
0
16791
2
0
1364878141
4
0
16792
2
0
1364879165
4
0
16793
2
0
1364880189
4
0
16794
2
0
1364881213
4
0
16795
2
0
1364882237
4
0
16796
2
0
1364883261
4
0
16797
2
0
1364865085
4
0
16798
2
0
1364866109
4
0
16799
2
0
1364867133
4
0
16800
2
0
1365328189
4
0
16801
2
0
1365329213
4
0
16802
2
0
1365330237
4
0
16803
2
0
1365331261
4
0
16804
2
0
1365332285
4
0
16805
2
0
1365333309
4
0
16806
2
0
1365334333
4
0
16807
2
0
1365336893
4
0
16808
2
0
1365337917
4
0
16809
2
0
1365338941
4
0
16810
2
0
1365339965
4
0
16811
2
0
1365340989
4
0
16812
2
0
1365342013
4
0
16813
2
0
1365323837
4
0
16814
2
0
1365324861
4
0
16815
2
0
1365325885
4
0
16816
2
0
1365393725
4
0
16817
2
0
1365394749
4
0
16818
2
0
1365395773
4
0
16819
2
0
1365396797
4
0
16820
2
0
1365397821
4
0
16821
2
0
1365398845
4
0
16822
2
0
1365399869
4
0
16823
2
0
1365402429
4
0
16824
2
0
1365403453
4
0
16825
2
0
1365404477
4
0
16826
2
0
1365405501
4
0
16827
2
0
1365406525
4
0
16828
2
0
1365407549
4
0
16829
2
0
1365389373
4
0
16830
2
0
1365390397
4
0
16831
2
0
1365391421
4
0
16832
2
0
1365459261
4
0
16833
2
0
1365460285
4
0
16834
2
0
1365461309
4
0
16835
2
0
1365462333
4
0
16836
2
0
1365463357
4
0
16837
2
0
1365464381
4
0
16838
2
0
1365465405
4
0
16839
2
0
1365467965
4
0
16840
2
0
1365468989
4
0
16841
2
0
1365470013
4
0
16842
2
0
1365471037
4
0
16843
2
0
1365472061
4
0
16844
2
0
1365473085
4
0
16845
2
0
1365454909
4
0
16846
2
0
1365455933
4
0
16847
2
0
1365456957
4
0
16848
2
0
1365524797
4
0
16849
2
0
1365525821
4
0
16850
2
0
1365526845
4
0
16851
2
0
1365527869
4
0
16852
2
0
1365528893
4
0
16853
2
0
1365529917
4
0
16854
2
0
1365530941
4
0
16855
2
0
1365533501
4
0
16856
2
0
1365534525
4
0
16857
2
0
1365535549
4
0
16858
2
0
1365536573
4
0
16859
2
0
1365537597
4
0
16860
2
0
1365538621
4
0
16861
2
0
1365520445
4
0
16862
2
0
1365521469
4
0
16863
2
0
1365522493
4
0
16864
2
0
1365590333
4
0
16865
2
0
1365591357
4
0
16866
2
0
1365592381
4
0
16867
2
0
1365593405
4
0
16868
2
0
1365594429
4
0
16869
2
0
1365595453
4
0
16870
2
0
1365596477
4
0
16871
2
0
1365599037
4
0
16872
2
0
1365600061
4
0
16873
2
0
1365601085
4
0
16874
2
0
1365602109
4
0
16875
2
0
1365603133
4
0
16876
2
0
1365604157
4
0
16877
2
0
1365585981
4
0
16878
2
0
1365587005
4
0
16879
2
0
1365588029
4
0
16880
2
0
1365655869
4
0
16881
2
0
1365656893
4
0
16882
2
0
1365657917
4
0
16883
2
0
1365658941
4
0
16884
2
0
1365659965
4
0
16885
2
0
1365660989
4
0
16886
2
0
1365662013
4
0
16887
2
0
1365664573
4
0
16888
2
0
1365665597
4
0
16889
2
0
1365666621
4
0
16890
2
0
1365667645
4
0
16891
2
0
1365668669
4
0
16892
2
0
1365669693
4
0
16893
2
0
1365651517
4
0
16894
2
0
1365652541
4
0
16895
2
0
1365653565
4
0
16896
2
0
1365721405
4
0
16897
2
0
1365722429
4
0
16898
2
0
1365723453
4
0
16899
2
0
1365724477
4
0
16900
2
0
1365725501
4
0
16901
2
0
1365726525
4
0
16902
2
0
1365727549
4
0
16903
2
0
1365730109
4
0
16904
2
0
1365731133
4
0
16905
2
0
1365732157
4
0
16906
2
0
1365733181
4
0
16907
2
0
1365734205
4
0
16908
2
0
1365735229
4
0
16909
2
0
1365717053
4
0
16910
2
0
1365718077
4
0
16911
2
0
1365719101
4
0
16912
2
0
1365786941
4
0
16913
2
0
1365787965
4
0
16914
2
0
1365788989
4
0
16915
2
0
1365790013
4
0
16916
2
0
1365791037
4
0
16917
2
0
1365792061
4
0
16918
2
0
1365793085
4
0
16919
2
0
1365795645
4
0
16920
2
0
1365796669
4
0
16921
2
0
1365797693
4
0
16922
2
0
1365798717
4
0
16923
2
0
1365799741
4
0
16924
2
0
1365800765
4
0
16925
2
0
1365782589
4
0
16926
2
0
1365783613
4
0
16927
2
0
1365784637
4
0
16928
2
0
1365852477
4
0
16929
2
0
1365853501
4
0
16930
2
0
1365854525
4
0
16931
2
0
1365855549
4
0
16932
2
0
1365856573
4
0
16933
2
0
1365857597
4
0
16934
2
0
1365858621
4
0
16935
2
0
1365861181
4
0
16936
2
0
1365862205
4
0
16937
2
0
1365863229
4
0
16938
2
0
1365864253
4
0
16939
2
0
1365865277
4
0
16940
2
0
1365866301
4
0
16941
2
0
1365848125
4
0
16942
2
0
1365849149
4
0
16943
2
0
1365850173
4
0
16944
2
0
1365918013
4
0
16945
2
0
1365919037
4
0
16946
2
0
1365920061
4
0
16947
2
0
1365921085
4
0
16948
2
0
1365922109
4
0
16949
2
0
1365923133
4
0
16950
2
0
1365924157
4
0
16951
2
0
1365926717
4
0
16952
2
0
1365927741
4
0
16953
2
0
1365928765
4
0
16954
2
0
1365929789
4
0
16955
2
0
1365930813
4
0
16956
2
0
1365931837
4
0
16957
2
0
1365913661
4
0
16958
2
0
1365914685
4
0
16959
2
0
1365915709
4
0
16960
2
0
1365983549
4
0
16961
2
0
1365984573
4
0
16962
2
0
1365985597
4
0
16963
2
0
1365986621
4
0
16964
2
0
1365987645
4
0
16965
2
0
1365988669
4
0
16966
2
0
1365989693
4
0
16967
2
0
1365992253
4
0
16968
2
0
1365993277
4
0
16969
2
0
1365994301
4
0
16970
2
0
1365995325
4
0
16971
2
0
1365996349
4
0
16972
2
0
1365997373
4
0
16973
2
0
1365979197
4
0
16974
2
0
1365980221
4
0
16975
2
0
1365981245
4
0
16976
2
0
1366049085
4
0
16977
2
0
1366050109
4
0
16978
2
0
1366051133
4
0
16979
2
0
1366052157
4
0
16980
2
0
1366053181
4
0
16981
2
0
1366054205
4
0
16982
2
0
1366055229
4
0
16983
2
0
1366057789
4
0
16984
2
0
1366058813
4
0
16985
2
0
1366059837
4
0
16986
2
0
1366060861
4
0
16987
2
0
1366061885
4
0
16988
2
0
1366062909
4
0
16989
2
0
1366044733
4
0
16990
2
0
1366045757
4
0
16991
2
0
1366046781
4
0
16992
2
0
1366114621
4
0
16993
2
0
1366115645
4
0
16994
2
0
1366116669
4
0
16995
2
0
1366117693
4
0
16996
2
0
1366118717
4
0
16997
2
0
1366119741
4
0
16998
2
0
1366120765
4
0
16999
2
0
1366123325
4
0
17000
2
0
1366124349
4
0
17001
2
0
1366125373
4
0
17002
2
0
1366126397
4
0
17003
2
0
1366127421
4
0
17004
2
0
1366128445
4
0
17005
2
0
1366110269
4
0
17006
2
0
1366111293
4
0
17007
2
0
1366112317
4
0
17008
2
0
1366180157
4
0
17009
2
0
1366181181
4
0
17010
2
0
1366182205
4
0
17011
2
0
1366183229
4
0
17012
2
0
1366184253
4
0
17013
2
0
1366185277
4
0
17014
2
0
1366186301
4
0
17015
2
0
1366188861
4
0
17016
2
0
1366189885
4
0
17017
2
0
1366190909
4
0
17018
2
0
1366191933
4
0
17019
2
0
1366192957
4
0
17020
2
0
1366193981
4
0
17021
2
0
1366175805
4
0
17022
2
0
1366176829
4
0
17023
2
0
1366177853
4
0
17024
2
0
1366245693
4
0
17025
2
0
1366246717
4
0
17026
2
0
1366247741
4
0
17027
2
0
1366248765
4
0
17028
2
0
1366249789
4
0
17029
2
0
1366250813
4
0
17030
2
0
1366251837
4
0
17031
2
0
1366254397
4
0
17032
2
0
1366255421
4
0
17033
2
0
1366256445
4
0
17034
2
0
1366257469
4
0
17035
2
0
1366258493
4
0
17036
2
0
1366259517
4
0
17037
2
0
1366241341
4
0
17038
2
0
1366242365
4
0
17039
2
0
1366243389
4
0
17040
2
0
1366311229
4
0
17041
2
0
1366312253
4
0
17042
2
0
1366313277
4
0
17043
2
0
1366314301
4
0
17044
2
0
1366315325
4
0
17045
2
0
1366316349
4
0
17046
2
0
1366317373
4
0
17047
2
0
1366319933
4
0
17048
2
0
1366320957
4
0
17049
2
0
1366321981
4
0
17050
2
0
1366323005
4
0
17051
2
0
1366324029
4
0
17052
2
0
1366325053
4
0
17053
2
0
1366306877
4
0
17054
2
0
1366307901
4
0
17055
2
0
1366308925
4
0
17056
2
0
1366376765
4
0
17057
2
0
1366377789
4
0
17058
2
0
1366378813
4
0
17059
2
0
1366379837
4
0
17060
2
0
1366380861
4
0
17061
2
0
1366381885
4
0
17062
2
0
1366382909
4
0
17063
2
0
1366385469
4
0
17064
2
0
1366386493
4
0
17065
2
0
1366387517
4
0
17066
2
0
1366388541
4
0
17067
2
0
1366389565
4
0
17068
2
0
1366390589
4
0
17069
2
0
1366372413
4
0
17070
2
0
1366373437
4
0
17071
2
0
1366374461
4
0
17072
2
0
1366442301
4
0
17073
2
0
1366443325
4
0
17074
2
0
1366444349
4
0
17075
2
0
1366445373
4
0
17076
2
0
1366446397
4
0
17077
2
0
1366447421
4
0
17078
2
0
1366448445
4
0
17079
2
0
1366451005
4
0
17080
2
0
1366452029
4
0
17081
2
0
1366453053
4
0
17082
2
0
1366454077
4
0
17083
2
0
1366455101
4
0
17084
2
0
1366456125
4
0
17085
2
0
1366437949
4
0
17086
2
0
1366438973
4
0
17087
2
0
1366439997
4
0
17088
2
0
1366507837
4
0
17089
2
0
1366508861
4
0
17090
2
0
1366509885
4
0
17091
2
0
1366510909
4
0
17092
2
0
1366511933
4
0
17093
2
0
1366512957
4
0
17094
2
0
1366513981
4
0
17095
2
0
1366516541
4
0
17096
2
0
1366517565
4
0
17097
2
0
1366518589
4
0
17098
2
0
1366519613
4
0
17099
2
0
1366520637
4
0
17100
2
0
1366521661
4
0
17101
2
0
1366503485
4
0
17102
2
0
1366504509
4
0
17103
2
0
1366505533
4
0
17104
2
0
1366573373
4
0
17105
2
0
1366574397
4
0
17106
2
0
1366575421
4
0
17107
2
0
1366576445
4
0
17108
2
0
1366577469
4
0
17109
2
0
1366578493
4
0
17110
2
0
1366579517
4
0
17111
2
0
1366582077
4
0
17112
2
0
1366583101
4
0
17113
2
0
1366584125
4
0
17114
2
0
1366585149
4
0
17115
2
0
1366586173
4
0
17116
2
0
1366587197
4
0
17117
2
0
1366569021
4
0
17118
2
0
1366570045
4
0
17119
2
0
1366571069
4
0
17120
2
0
1366638909
4
0
17121
2
0
1366639933
4
0
17122
2
0
1366640957
4
0
17123
2
0
1366641981
4
0
17124
2
0
1366643005
4
0
17125
2
0
1366644029
4
0
17126
2
0
1366645053
4
0
17127
2
0
1366647613
4
0
17128
2
0
1366648637
4
0
17129
2
0
1366649661
4
0
17130
2
0
1366650685
4
0
17131
2
0
1366651709
4
0
17132
2
0
1366652733
4
0
17133
2
0
1366634557
4
0
17134
2
0
1366635581
4
0
17135
2
0
1366636605
4
0
17136
2
0
1366704445
4
0
17137
2
0
1366705469
4
0
17138
2
0
1366706493
4
0
17139
2
0
1366707517
4
0
17140
2
0
1366708541
4
0
17141
2
0
1366709565
4
0
17142
2
0
1366710589
4
0
17143
2
0
1366713149
4
0
17144
2
0
1366714173
4
0
17145
2
0
1366715197
4
0
17146
2
0
1366716221
4
0
17147
2
0
1366717245
4
0
17148
2
0
1366718269
4
0
17149
2
0
1366700093
4
0
17150
2
0
1366701117
4
0
17151
2
0
1366702141
4
0
17152
2
0
1366769981
4
0
17153
2
0
1366771005
4
0
17154
2
0
1366772029
4
0
17155
2
0
1366773053
4
0
17156
2
0
1366774077
4
0
17157
2
0
1366775101
4
0
17158
2
0
1366776125
4
0
17159
2
0
1366778685
4
0
17160
2
0
1366779709
4
0
17161
2
0
1366780733
4
0
17162
2
0
1366781757
4
0
17163
2
0
1366782781
4
0
17164
2
0
1366783805
4
0
17165
2
0
1366765629
4
0
17166
2
0
1366766653
4
0
17167
2
0
1366767677
4
0
17168
2
0
1366835517
4
0
17169
2
0
1366836541
4
0
17170
2
0
1366837565
4
0
17171
2
0
1366838589
4
0
17172
2
0
1366839613
4
0
17173
2
0
1366840637
4
0
17174
2
0
1366841661
4
0
17175
2
0
1366844221
4
0
17176
2
0
1366845245
4
0
17177
2
0
1366846269
4
0
17178
2
0
1366847293
4
0
17179
2
0
1366848317
4
0
17180
2
0
1366849341
4
0
17181
2
0
1366831165
4
0
17182
2
0
1366832189
4
0
17183
2
0
1366833213
4
0
17184
2
0
1366901053
4
0
17185
2
0
1366902077
4
0
17186
2
0
1366903101
4
0
17187
2
0
1366904125
4
0
17188
2
0
1366905149
4
0
17189
2
0
1366906173
4
0
17190
2
0
1366907197
4
0
17191
2
0
1366909757
4
0
17192
2
0
1366910781
4
0
17193
2
0
1366911805
4
0
17194
2
0
1366912829
4
0
17195
2
0
1366913853
4
0
17196
2
0
1366914877
4
0
17197
2
0
1366896701
4
0
17198
2
0
1366897725
4
0
17199
2
0
1366898749
4
0
17200
2
0
1366966589
4
0
17201
2
0
1366967613
4
0
17202
2
0
1366968637
4
0
17203
2
0
1366969661
4
0
17204
2
0
1366970685
4
0
17205
2
0
1366971709
4
0
17206
2
0
1366972733
4
0
17207
2
0
1366975293
4
0
17208
2
0
1366976317
4
0
17209
2
0
1366977341
4
0
17210
2
0
1366978365
4
0
17211
2
0
1366979389
4
0
17212
2
0
1366980413
4
0
17213
2
0
1366962237
4
0
17214
2
0
1366963261
4
0
17215
2
0
1366964285
4
0
17216
2
0
1362116925
4
0
17217
2
0
1362117949
4
0
17218
2
0
1362118973
4
0
17219
2
0
1362119997
4
0
17220
2
0
1362121021
4
0
17221
2
0
1362122045
4
0
17222
2
0
1362123069
4
0
17223
2
0
1362125629
4
0
17224
2
0
1362126653
4
0
17225
2
0
1362127677
4
0
17226
2
0
1362128701
4
0
17227
2
0
1362129725
4
0
17228
2
0
1362130749
4
0
17229
2
0
1362112573
4
0
17230
2
0
1362113597
4
0
17231
2
0
1362114621
4
0
17232
2
0
1362182461
4
0
17233
2
0
1362183485
4
0
17234
2
0
1362184509
4
0
17235
2
0
1362185533
4
0
17236
2
0
1362186557
4
0
17237
2
0
1362187581
4
0
17238
2
0
1362188605
4
0
17239
2
0
1362191165
4
0
17240
2
0
1362192189
4
0
17241
2
0
1362193213
4
0
17242
2
0
1362194237
4
0
17243
2
0
1362195261
4
0
17244
2
0
1362196285
4
0
17245
2
0
1362178109
4
0
17246
2
0
1362179133
4
0
17247
2
0
1362180157
4
0
17248
2
0
1362247997
4
0
17249
2
0
1362249021
4
0
17250
2
0
1362250045
4
0
17251
2
0
1362251069
4
0
17252
2
0
1362252093
4
0
17253
2
0
1362253117
4
0
17254
2
0
1362254141
4
0
17255
2
0
1362256701
4
0
17256
2
0
1362257725
4
0
17257
2
0
1362258749
4
0
17258
2
0
1362259773
4
0
17259
2
0
1362260797
4
0
17260
2
0
1362261821
4
0
17261
2
0
1362243645
4
0
17262
2
0
1362244669
4
0
17263
2
0
1362245693
4
0
17264
2
0
1362313533
4
0
17265
2
0
1362314557
4
0
17266
2
0
1362315581
4
0
17267
2
0
1362316605
4
0
17268
2
0
1362317629
4
0
17269
2
0
1362318653
4
0
17270
2
0
1362319677
4
0
17271
2
0
1362322237
4
0
17272
2
0
1362323261
4
0
17273
2
0
1362324285
4
0
17274
2
0
1362325309
4
0
17275
2
0
1362326333
4
0
17276
2
0
1362327357
4
0
17277
2
0
1362309181
4
0
17278
2
0
1362310205
4
0
17279
2
0
1362311229
4
0
17280
2
0
1362379069
4
0
17281
2
0
1362380093
4
0
17282
2
0
1362381117
4
0
17283
2
0
1362382141
4
0
17284
2
0
1362383165
4
0
17285
2
0
1362384189
4
0
17286
2
0
1362385213
4
0
17287
2
0
1362387773
4
0
17288
2
0
1362388797
4
0
17289
2
0
1362389821
4
0
17290
2
0
1362390845
4
0
17291
2
0
1362391869
4
0
17292
2
0
1362392893
4
0
17293
2
0
1362374717
4
0
17294
2
0
1362375741
4
0
17295
2
0
1362376765
4
0
17296
2
0
1362444605
4
0
17297
2
0
1362445629
4
0
17298
2
0
1362446653
4
0
17299
2
0
1362447677
4
0
17300
2
0
1362448701
4
0
17301
2
0
1362449725
4
0
17302
2
0
1362450749
4
0
17303
2
0
1362453309
4
0
17304
2
0
1362454333
4
0
17305
2
0
1362455357
4
0
17306
2
0
1362456381
4
0
17307
2
0
1362457405
4
0
17308
2
0
1362458429
4
0
17309
2
0
1362440253
4
0
17310
2
0
1362441277
4
0
17311
2
0
1362442301
4
0
17312
2
0
1362510141
4
0
17313
2
0
1362511165
4
0
17314
2
0
1362512189
4
0
17315
2
0
1362513213
4
0
17316
2
0
1362514237
4
0
17317
2
0
1362515261
4
0
17318
2
0
1362516285
4
0
17319
2
0
1362518845
4
0
17320
2
0
1362519869
4
0
17321
2
0
1362520893
4
0
17322
2
0
1362521917
4
0
17323
2
0
1362522941
4
0
17324
2
0
1362523965
4
0
17325
2
0
1362505789
4
0
17326
2
0
1362506813
4
0
17327
2
0
1362507837
4
0
17328
2
0
1362575677
4
0
17329
2
0
1362576701
4
0
17330
2
0
1362577725
4
0
17331
2
0
1362578749
4
0
17332
2
0
1362579773
4
0
17333
2
0
1362580797
4
0
17334
2
0
1362581821
4
0
17335
2
0
1362584381
4
0
17336
2
0
1362585405
4
0
17337
2
0
1362586429
4
0
17338
2
0
1362587453
4
0
17339
2
0
1362588477
4
0
17340
2
0
1362589501
4
0
17341
2
0
1362571325
4
0
17342
2
0
1362572349
4
0
17343
2
0
1362573373
4
0
17344
2
0
1362641213
4
0
17345
2
0
1362642237
4
0
17346
2
0
1362643261
4
0
17347
2
0
1362644285
4
0
17348
2
0
1362645309
4
0
17349
2
0
1362646333
4
0
17350
2
0
1362647357
4
0
17351
2
0
1362649917
4
0
17352
2
0
1362650941
4
0
17353
2
0
1362651965
4
0
17354
2
0
1362652989
4
0
17355
2
0
1362654013
4
0
17356
2
0
1362655037
4
0
17357
2
0
1362636861
4
0
17358
2
0
1362637885
4
0
17359
2
0
1362638909
4
0
17360
2
0
1362706749
4
0
17361
2
0
1362707773
4
0
17362
2
0
1362708797
4
0
17363
2
0
1362709821
4
0
17364
2
0
1362710845
4
0
17365
2
0
1362711869
4
0
17366
2
0
1362712893
4
0
17367
2
0
1362715453
4
0
17368
2
0
1362716477
4
0
17369
2
0
1362717501
4
0
17370
2
0
1362718525
4
0
17371
2
0
1362719549
4
0
17372
2
0
1362720573
4
0
17373
2
0
1362702397
4
0
17374
2
0
1362703421
4
0
17375
2
0
1362704445
4
0
17376
2
0
1361789245
4
0
17377
2
0
1361790269
4
0
17378
2
0
1361791293
4
0
17379
2
0
1361792317
4
0
17380
2
0
1361793341
4
0
17381
2
0
1361794365
4
0
17382
2
0
1361795389
4
0
17383
2
0
1361797949
4
0
17384
2
0
1361798973
4
0
17385
2
0
1361799997
4
0
17386
2
0
1361801021
4
0
17387
2
0
1361802045
4
0
17388
2
0
1361803069
4
0
17389
2
0
1361784893
4
0
17390
2
0
1361785917
4
0
17391
2
0
1361786941
4
0
17392
2
0
1362051389
4
0
17393
2
0
1362052413
4
0
17394
2
0
1362053437
4
0
17395
2
0
1362054461
4
0
17396
2
0
1362055485
4
0
17397
2
0
1362056509
4
0
17398
2
0
1362057533
4
0
17399
2
0
1362060093
4
0
17400
2
0
1362061117
4
0
17401
2
0
1362062141
4
0
17402
2
0
1362063165
4
0
17403
2
0
1362064189
4
0
17404
2
0
1362065213
4
0
17405
2
0
1362047037
4
0
17406
2
0
1362048061
4
0
17407
2
0
1362049085
4
