1024
0
5120
2
0
1178681661
4
0
5121
2
0
1178682685
4
0
5122
2
0
1178683709
4
0
5123
2
0
1178684733
4
0
5124
2
0
1178685757
4
0
5125
2
0
1178686781
4
0
5126
2
0
1178687805
4
0
5127
2
0
1178690365
4
0
5128
2
0
1178691389
4
0
5129
2
0
1178692413
4
0
5130
2
0
1178693437
4
0
5131
2
0
1178694461
4
0
5132
2
0
1178695485
4
0
5133
2
0
1178677309
4
0
5134
2
0
1178678333
4
0
5135
2
0
1178679357
4
0
5136
2
0
1178747197
4
0
5137
2
0
1178748221
4
0
5138
2
0
1178749245
4
0
5139
2
0
1178750269
4
0
5140
2
0
1178751293
4
0
5141
2
0
1178752317
4
0
5142
2
0
1178753341
4
0
5143
2
0
1178755901
4
0
5144
2
0
1178756925
4
0
5145
2
0
1178757949
4
0
5146
2
0
1178758973
4
0
5147
2
0
1178759997
4
0
5148
2
0
1178761021
4
0
5149
2
0
1178742845
4
0
5150
2
0
1178743869
4
0
5151
2
0
1178744893
4
0
5152
2
0
1178812733
4
0
5153
2
0
1178813757
4
0
5154
2
0
1178814781
4
0
5155
2
0
1178815805
4
0
5156
2
0
1178816829
4
0
5157
2
0
1178817853
4
0
5158
2
0
1178818877
4
0
5159
2
0
1178821437
4
0
5160
2
0
1178822461
4
0
5161
2
0
1178823485
4
0
5162
2
0
1178824509
4
0
5163
2
0
1178825533
4
0
5164
2
0
1178826557
4
0
5165
2
0
1178808381
4
0
5166
2
0
1178809405
4
0
5167
2
0
1178810429
4
0
5168
2
0
1178878269
4
0
5169
2
0
1178879293
4
0
5170
2
0
1178880317
4
0
5171
2
0
1178881341
4
0
5172
2
0
1178882365
4
0
5173
2
0
1178883389
4
0
5174
2
0
1178884413
4
0
5175
2
0
1178886973
4
0
5176
2
0
1178887997
4
0
5177
2
0
1178889021
4
0
5178
2
0
1178890045
4
0
5179
2
0
1178891069
4
0
5180
2
0
1178892093
4
0
5181
2
0
1178873917
4
0
5182
2
0
1178874941
4
0
5183
2
0
1178875965
4
0
5184
2
0
1178943805
4
0
5185
2
0
1178944829
4
0
5186
2
0
1178945853
4
0
5187
2
0
1178946877
4
0
5188
2
0
1178947901
4
0
5189
2
0
1178948925
4
0
5190
2
0
1178949949
4
0
5191
2
0
1178952509
4
0
5192
2
0
1178953533
4
0
5193
2
0
1178954557
4
0
5194
2
0
1178955581
4
0
5195
2
0
1178956605
4
0
5196
2
0
1178957629
4
0
5197
2
0
1178939453
4
0
5198
2
0
1178940477
4
0
5199
2
0
1178941501
4
0
5200
2
0
1179009341
4
0
5201
2
0
1179010365
4
0
5202
2
0
1179011389
4
0
5203
2
0
1179012413
4
0
5204
2
0
1179013437
4
0
5205
2
0
1179014461
4
0
5206
2
0
1179015485
4
0
5207
2
0
1179018045
4
0
5208
2
0
1179019069
4
0
5209
2
0
1179020093
4
0
5210
2
0
1179021117
4
0
5211
2
0
1179022141
4
0
5212
2
0
1179023165
4
0
5213
2
0
1179004989
4
0
5214
2
0
1179006013
4
0
5215
2
0
1179007037
4
0
5216
2
0
1179074877
4
0
5217
2
0
1179075901
4
0
5218
2
0
1179076925
4
0
5219
2
0
1179077949
4
0
5220
2
0
1179078973
4
0
5221
2
0
1179079997
4
0
5222
2
0
1179081021
4
0
5223
2
0
1179083581
4
0
5224
2
0
1179084605
4
0
5225
2
0
1179085629
4
0
5226
2
0
1179086653
4
0
5227
2
0
1179087677
4
0
5228
2
0
1179088701
4
0
5229
2
0
1179070525
4
0
5230
2
0
1179071549
4
0
5231
2
0
1179072573
4
0
5232
2
0
1179140413
4
0
5233
2
0
1179141437
4
0
5234
2
0
1179142461
4
0
5235
2
0
1179143485
4
0
5236
2
0
1179144509
4
0
5237
2
0
1179145533
4
0
5238
2
0
1179146557
4
0
5239
2
0
1179149117
4
0
5240
2
0
1179150141
4
0
5241
2
0
1179151165
4
0
5242
2
0
1179152189
4
0
5243
2
0
1179153213
4
0
5244
2
0
1179154237
4
0
5245
2
0
1179136061
4
0
5246
2
0
1179137085
4
0
5247
2
0
1179138109
4
0
5248
2
0
1179205949
4
0
5249
2
0
1179206973
4
0
5250
2
0
1179207997
4
0
5251
2
0
1179209021
4
0
5252
2
0
1179210045
4
0
5253
2
0
1179211069
4
0
5254
2
0
1179212093
4
0
5255
2
0
1179214653
4
0
5256
2
0
1179215677
4
0
5257
2
0
1179216701
4
0
5258
2
0
1179217725
4
0
5259
2
0
1179218749
4
0
5260
2
0
1179219773
4
0
5261
2
0
1179201597
4
0
5262
2
0
1179202621
4
0
5263
2
0
1179203645
4
0
5264
2
0
1179271485
4
0
5265
2
0
1179272509
4
0
5266
2
0
1179273533
4
0
5267
2
0
1179274557
4
0
5268
2
0
1179275581
4
0
5269
2
0
1179276605
4
0
5270
2
0
1179277629
4
0
5271
2
0
1179280189
4
0
5272
2
0
1179281213
4
0
5273
2
0
1179282237
4
0
5274
2
0
1179283261
4
0
5275
2
0
1179284285
4
0
5276
2
0
1179285309
4
0
5277
2
0
1179267133
4
0
5278
2
0
1179268157
4
0
5279
2
0
1179269181
4
0
5280
2
0
1179337021
4
0
5281
2
0
1179338045
4
0
5282
2
0
1179339069
4
0
5283
2
0
1179340093
4
0
5284
2
0
1179341117
4
0
5285
2
0
1179342141
4
0
5286
2
0
1179343165
4
0
5287
2
0
1179345725
4
0
5288
2
0
1179346749
4
0
5289
2
0
1179347773
4
0
5290
2
0
1179348797
4
0
5291
2
0
1179349821
4
0
5292
2
0
1179350845
4
0
5293
2
0
1179332669
4
0
5294
2
0
1179333693
4
0
5295
2
0
1179334717
4
0
5296
2
0
1179402557
4
0
5297
2
0
1179403581
4
0
5298
2
0
1179404605
4
0
5299
2
0
1179405629
4
0
5300
2
0
1179406653
4
0
5301
2
0
1179407677
4
0
5302
2
0
1179408701
4
0
5303
2
0
1179411261
4
0
5304
2
0
1179412285
4
0
5305
2
0
1179413309
4
0
5306
2
0
1179414333
4
0
5307
2
0
1179415357
4
0
5308
2
0
1179416381
4
0
5309
2
0
1179398205
4
0
5310
2
0
1179399229
4
0
5311
2
0
1179400253
4
0
5312
2
0
1179468093
4
0
5313
2
0
1179469117
4
0
5314
2
0
1179470141
4
0
5315
2
0
1179471165
4
0
5316
2
0
1179472189
4
0
5317
2
0
1179473213
4
0
5318
2
0
1179474237
4
0
5319
2
0
1179476797
4
0
5320
2
0
1179477821
4
0
5321
2
0
1179478845
4
0
5322
2
0
1179479869
4
0
5323
2
0
1179480893
4
0
5324
2
0
1179481917
4
0
5325
2
0
1179463741
4
0
5326
2
0
1179464765
4
0
5327
2
0
1179465789
4
0
5328
2
0
1179533629
4
0
5329
2
0
1179534653
4
0
5330
2
0
1179535677
4
0
5331
2
0
1179536701
4
0
5332
2
0
1179537725
4
0
5333
2
0
1179538749
4
0
5334
2
0
1179539773
4
0
5335
2
0
1179542333
4
0
5336
2
0
1179543357
4
0
5337
2
0
1179544381
4
0
5338
2
0
1179545405
4
0
5339
2
0
1179546429
4
0
5340
2
0
1179547453
4
0
5341
2
0
1179529277
4
0
5342
2
0
1179530301
4
0
5343
2
0
1179531325
4
0
5344
2
0
1179599165
4
0
5345
2
0
1179600189
4
0
5346
2
0
1179601213
4
0
5347
2
0
1179602237
4
0
5348
2
0
1179603261
4
0
5349
2
0
1179604285
4
0
5350
2
0
1179605309
4
0
5351
2
0
1179607869
4
0
5352
2
0
1179608893
4
0
5353
2
0
1179609917
4
0
5354
2
0
1179610941
4
0
5355
2
0
1179611965
4
0
5356
2
0
1179612989
4
0
5357
2
0
1179594813
4
0
5358
2
0
1179595837
4
0
5359
2
0
1179596861
4
0
5360
2
0
1179664701
4
0
5361
2
0
1179665725
4
0
5362
2
0
1179666749
4
0
5363
2
0
1179667773
4
0
5364
2
0
1179668797
4
0
5365
2
0
1179669821
4
0
5366
2
0
1179670845
4
0
5367
2
0
1179673405
4
0
5368
2
0
1179674429
4
0
5369
2
0
1179675453
4
0
5370
2
0
1179676477
4
0
5371
2
0
1179677501
4
0
5372
2
0
1179678525
4
0
5373
2
0
1179660349
4
0
5374
2
0
1179661373
4
0
5375
2
0
1179662397
4
0
5376
2
0
1179730237
4
0
5377
2
0
1179731261
4
0
5378
2
0
1179732285
4
0
5379
2
0
1179733309
4
0
5380
2
0
1179734333
4
0
5381
2
0
1179735357
4
0
5382
2
0
1179736381
4
0
5383
2
0
1179738941
4
0
5384
2
0
1179739965
4
0
5385
2
0
1179740989
4
0
5386
2
0
1179742013
4
0
5387
2
0
1179743037
4
0
5388
2
0
1179744061
4
0
5389
2
0
1179725885
4
0
5390
2
0
1179726909
4
0
5391
2
0
1179727933
4
0
5392
2
0
1179795773
4
0
5393
2
0
1179796797
4
0
5394
2
0
1179797821
4
0
5395
2
0
1179798845
4
0
5396
2
0
1179799869
4
0
5397
2
0
1179800893
4
0
5398
2
0
1179801917
4
0
5399
2
0
1179804477
4
0
5400
2
0
1179805501
4
0
5401
2
0
1179806525
4
0
5402
2
0
1179807549
4
0
5403
2
0
1179808573
4
0
5404
2
0
1179809597
4
0
5405
2
0
1179791421
4
0
5406
2
0
1179792445
4
0
5407
2
0
1179793469
4
0
5408
2
0
1179861309
4
0
5409
2
0
1179862333
4
0
5410
2
0
1179863357
4
0
5411
2
0
1179864381
4
0
5412
2
0
1179865405
4
0
5413
2
0
1179866429
4
0
5414
2
0
1179867453
4
0
5415
2
0
1179870013
4
0
5416
2
0
1179871037
4
0
5417
2
0
1179872061
4
0
5418
2
0
1179873085
4
0
5419
2
0
1179874109
4
0
5420
2
0
1179875133
4
0
5421
2
0
1179856957
4
0
5422
2
0
1179857981
4
0
5423
2
0
1179859005
4
0
5424
2
0
1179926845
4
0
5425
2
0
1179927869
4
0
5426
2
0
1179928893
4
0
5427
2
0
1179929917
4
0
5428
2
0
1179930941
4
0
5429
2
0
1179931965
4
0
5430
2
0
1179932989
4
0
5431
2
0
1179935549
4
0
5432
2
0
1179936573
4
0
5433
2
0
1179937597
4
0
5434
2
0
1179938621
4
0
5435
2
0
1179939645
4
0
5436
2
0
1179940669
4
0
5437
2
0
1179922493
4
0
5438
2
0
1179923517
4
0
5439
2
0
1179924541
4
0
5440
2
0
1179992381
4
0
5441
2
0
1179993405
4
0
5442
2
0
1179994429
4
0
5443
2
0
1179995453
4
0
5444
2
0
1179996477
4
0
5445
2
0
1179997501
4
0
5446
2
0
1179998525
4
0
5447
2
0
1180001085
4
0
5448
2
0
1180002109
4
0
5449
2
0
1180003133
4
0
5450
2
0
1180004157
4
0
5451
2
0
1180005181
4
0
5452
2
0
1180006205
4
0
5453
2
0
1179988029
4
0
5454
2
0
1179989053
4
0
5455
2
0
1179990077
4
0
5456
2
0
1180057917
4
0
5457
2
0
1180058941
4
0
5458
2
0
1180059965
4
0
5459
2
0
1180060989
4
0
5460
2
0
1180062013
4
0
5461
2
0
1180063037
4
0
5462
2
0
1180064061
4
0
5463
2
0
1180066621
4
0
5464
2
0
1180067645
4
0
5465
2
0
1180068669
4
0
5466
2
0
1180069693
4
0
5467
2
0
1180070717
4
0
5468
2
0
1180071741
4
0
5469
2
0
1180053565
4
0
5470
2
0
1180054589
4
0
5471
2
0
1180055613
4
0
5472
2
0
1180123453
4
0
5473
2
0
1180124477
4
0
5474
2
0
1180125501
4
0
5475
2
0
1180126525
4
0
5476
2
0
1180127549
4
0
5477
2
0
1180128573
4
0
5478
2
0
1180129597
4
0
5479
2
0
1180132157
4
0
5480
2
0
1180133181
4
0
5481
2
0
1180134205
4
0
5482
2
0
1180135229
4
0
5483
2
0
1180136253
4
0
5484
2
0
1180137277
4
0
5485
2
0
1180119101
4
0
5486
2
0
1180120125
4
0
5487
2
0
1180121149
4
0
5488
2
0
1180188989
4
0
5489
2
0
1180190013
4
0
5490
2
0
1180191037
4
0
5491
2
0
1180192061
4
0
5492
2
0
1180193085
4
0
5493
2
0
1180194109
4
0
5494
2
0
1180195133
4
0
5495
2
0
1180197693
4
0
5496
2
0
1180198717
4
0
5497
2
0
1180199741
4
0
5498
2
0
1180200765
4
0
5499
2
0
1180201789
4
0
5500
2
0
1180202813
4
0
5501
2
0
1180184637
4
0
5502
2
0
1180185661
4
0
5503
2
0
1180186685
4
0
5504
2
0
1180254525
4
0
5505
2
0
1180255549
4
0
5506
2
0
1180256573
4
0
5507
2
0
1180257597
4
0
5508
2
0
1180258621
4
0
5509
2
0
1180259645
4
0
5510
2
0
1180260669
4
0
5511
2
0
1180263229
4
0
5512
2
0
1180264253
4
0
5513
2
0
1180265277
4
0
5514
2
0
1180266301
4
0
5515
2
0
1180267325
4
0
5516
2
0
1180268349
4
0
5517
2
0
1180250173
4
0
5518
2
0
1180251197
4
0
5519
2
0
1180252221
4
0
5520
2
0
1180320061
4
0
5521
2
0
1180321085
4
0
5522
2
0
1180322109
4
0
5523
2
0
1180323133
4
0
5524
2
0
1180324157
4
0
5525
2
0
1180325181
4
0
5526
2
0
1180326205
4
0
5527
2
0
1180328765
4
0
5528
2
0
1180329789
4
0
5529
2
0
1180330813
4
0
5530
2
0
1180331837
4
0
5531
2
0
1180332861
4
0
5532
2
0
1180333885
4
0
5533
2
0
1180315709
4
0
5534
2
0
1180316733
4
0
5535
2
0
1180317757
4
0
5536
2
0
1180778813
4
0
5537
2
0
1180779837
4
0
5538
2
0
1180780861
4
0
5539
2
0
1180781885
4
0
5540
2
0
1180782909
4
0
5541
2
0
1180783933
4
0
5542
2
0
1180784957
4
0
5543
2
0
1180787517
4
0
5544
2
0
1180788541
4
0
5545
2
0
1180789565
4
0
5546
2
0
1180790589
4
0
5547
2
0
1180791613
4
0
5548
2
0
1180792637
4
0
5549
2
0
1180774461
4
0
5550
2
0
1180775485
4
0
5551
2
0
1180776509
4
0
5552
2
0
1180844349
4
0
5553
2
0
1180845373
4
0
5554
2
0
1180846397
4
0
5555
2
0
1180847421
4
0
5556
2
0
1180848445
4
0
5557
2
0
1180849469
4
0
5558
2
0
1180850493
4
0
5559
2
0
1180853053
4
0
5560
2
0
1180854077
4
0
5561
2
0
1180855101
4
0
5562
2
0
1180856125
4
0
5563
2
0
1180857149
4
0
5564
2
0
1180858173
4
0
5565
2
0
1180839997
4
0
5566
2
0
1180841021
4
0
5567
2
0
1180842045
4
0
5568
2
0
1180909885
4
0
5569
2
0
1180910909
4
0
5570
2
0
1180911933
4
0
5571
2
0
1180912957
4
0
5572
2
0
1180913981
4
0
5573
2
0
1180915005
4
0
5574
2
0
1180916029
4
0
5575
2
0
1180918589
4
0
5576
2
0
1180919613
4
0
5577
2
0
1180920637
4
0
5578
2
0
1180921661
4
0
5579
2
0
1180922685
4
0
5580
2
0
1180923709
4
0
5581
2
0
1180905533
4
0
5582
2
0
1180906557
4
0
5583
2
0
1180907581
4
0
5584
2
0
1180975421
4
0
5585
2
0
1180976445
4
0
5586
2
0
1180977469
4
0
5587
2
0
1180978493
4
0
5588
2
0
1180979517
4
0
5589
2
0
1180980541
4
0
5590
2
0
1180981565
4
0
5591
2
0
1180984125
4
0
5592
2
0
1180985149
4
0
5593
2
0
1180986173
4
0
5594
2
0
1180987197
4
0
5595
2
0
1180988221
4
0
5596
2
0
1180989245
4
0
5597
2
0
1180971069
4
0
5598
2
0
1180972093
4
0
5599
2
0
1180973117
4
0
5600
2
0
1181040957
4
0
5601
2
0
1181041981
4
0
5602
2
0
1181043005
4
0
5603
2
0
1181044029
4
0
5604
2
0
1181045053
4
0
5605
2
0
1181046077
4
0
5606
2
0
1181047101
4
0
5607
2
0
1181049661
4
0
5608
2
0
1181050685
4
0
5609
2
0
1181051709
4
0
5610
2
0
1181052733
4
0
5611
2
0
1181053757
4
0
5612
2
0
1181054781
4
0
5613
2
0
1181036605
4
0
5614
2
0
1181037629
4
0
5615
2
0
1181038653
4
0
5616
2
0
1181106493
4
0
5617
2
0
1181107517
4
0
5618
2
0
1181108541
4
0
5619
2
0
1181109565
4
0
5620
2
0
1181110589
4
0
5621
2
0
1181111613
4
0
5622
2
0
1181112637
4
0
5623
2
0
1181115197
4
0
5624
2
0
1181116221
4
0
5625
2
0
1181117245
4
0
5626
2
0
1181118269
4
0
5627
2
0
1181119293
4
0
5628
2
0
1181120317
4
0
5629
2
0
1181102141
4
0
5630
2
0
1181103165
4
0
5631
2
0
1181104189
4
0
5632
2
0
1181172029
4
0
5633
2
0
1181173053
4
0
5634
2
0
1181174077
4
0
5635
2
0
1181175101
4
0
5636
2
0
1181176125
4
0
5637
2
0
1181177149
4
0
5638
2
0
1181178173
4
0
5639
2
0
1181180733
4
0
5640
2
0
1181181757
4
0
5641
2
0
1181182781
4
0
5642
2
0
1181183805
4
0
5643
2
0
1181184829
4
0
5644
2
0
1181185853
4
0
5645
2
0
1181167677
4
0
5646
2
0
1181168701
4
0
5647
2
0
1181169725
4
0
5648
2
0
1181237565
4
0
5649
2
0
1181238589
4
0
5650
2
0
1181239613
4
0
5651
2
0
1181240637
4
0
5652
2
0
1181241661
4
0
5653
2
0
1181242685
4
0
5654
2
0
1181243709
4
0
5655
2
0
1181246269
4
0
5656
2
0
1181247293
4
0
5657
2
0
1181248317
4
0
5658
2
0
1181249341
4
0
5659
2
0
1181250365
4
0
5660
2
0
1181251389
4
0
5661
2
0
1181233213
4
0
5662
2
0
1181234237
4
0
5663
2
0
1181235261
4
0
5664
2
0
1181303101
4
0
5665
2
0
1181304125
4
0
5666
2
0
1181305149
4
0
5667
2
0
1181306173
4
0
5668
2
0
1181307197
4
0
5669
2
0
1181308221
4
0
5670
2
0
1181309245
4
0
5671
2
0
1181311805
4
0
5672
2
0
1181312829
4
0
5673
2
0
1181313853
4
0
5674
2
0
1181314877
4
0
5675
2
0
1181315901
4
0
5676
2
0
1181316925
4
0
5677
2
0
1181298749
4
0
5678
2
0
1181299773
4
0
5679
2
0
1181300797
4
0
5680
2
0
1181368637
4
0
5681
2
0
1181369661
4
0
5682
2
0
1181370685
4
0
5683
2
0
1181371709
4
0
5684
2
0
1181372733
4
0
5685
2
0
1181373757
4
0
5686
2
0
1181374781
4
0
5687
2
0
1181377341
4
0
5688
2
0
1181378365
4
0
5689
2
0
1181379389
4
0
5690
2
0
1181380413
4
0
5691
2
0
1181381437
4
0
5692
2
0
1181382461
4
0
5693
2
0
1181364285
4
0
5694
2
0
1181365309
4
0
5695
2
0
1181366333
4
0
5696
2
0
1181434173
4
0
5697
2
0
1181435197
4
0
5698
2
0
1181436221
4
0
5699
2
0
1181437245
4
0
5700
2
0
1181438269
4
0
5701
2
0
1181439293
4
0
5702
2
0
1181440317
4
0
5703
2
0
1181442877
4
0
5704
2
0
1181443901
4
0
5705
2
0
1181444925
4
0
5706
2
0
1181445949
4
0
5707
2
0
1181446973
4
0
5708
2
0
1181447997
4
0
5709
2
0
1181429821
4
0
5710
2
0
1181430845
4
0
5711
2
0
1181431869
4
0
5712
2
0
1181499709
4
0
5713
2
0
1181500733
4
0
5714
2
0
1181501757
4
0
5715
2
0
1181502781
4
0
5716
2
0
1181503805
4
0
5717
2
0
1181504829
4
0
5718
2
0
1181505853
4
0
5719
2
0
1181508413
4
0
5720
2
0
1181509437
4
0
5721
2
0
1181510461
4
0
5722
2
0
1181511485
4
0
5723
2
0
1181512509
4
0
5724
2
0
1181513533
4
0
5725
2
0
1181495357
4
0
5726
2
0
1181496381
4
0
5727
2
0
1181497405
4
0
5728
2
0
1181565245
4
0
5729
2
0
1181566269
4
0
5730
2
0
1181567293
4
0
5731
2
0
1181568317
4
0
5732
2
0
1181569341
4
0
5733
2
0
1181570365
4
0
5734
2
0
1181571389
4
0
5735
2
0
1181573949
4
0
5736
2
0
1181574973
4
0
5737
2
0
1181575997
4
0
5738
2
0
1181577021
4
0
5739
2
0
1181578045
4
0
5740
2
0
1181579069
4
0
5741
2
0
1181560893
4
0
5742
2
0
1181561917
4
0
5743
2
0
1181562941
4
0
5744
2
0
1181630781
4
0
5745
2
0
1181631805
4
0
5746
2
0
1181632829
4
0
5747
2
0
1181633853
4
0
5748
2
0
1181634877
4
0
5749
2
0
1181635901
4
0
5750
2
0
1181636925
4
0
5751
2
0
1181639485
4
0
5752
2
0
1181640509
4
0
5753
2
0
1181641533
4
0
5754
2
0
1181642557
4
0
5755
2
0
1181643581
4
0
5756
2
0
1181644605
4
0
5757
2
0
1181626429
4
0
5758
2
0
1181627453
4
0
5759
2
0
1181628477
4
0
5760
2
0
1181696317
4
0
5761
2
0
1181697341
4
0
5762
2
0
1181698365
4
0
5763
2
0
1181699389
4
0
5764
2
0
1181700413
4
0
5765
2
0
1181701437
4
0
5766
2
0
1181702461
4
0
5767
2
0
1181705021
4
0
5768
2
0
1181706045
4
0
5769
2
0
1181707069
4
0
5770
2
0
1181708093
4
0
5771
2
0
1181709117
4
0
5772
2
0
1181710141
4
0
5773
2
0
1181691965
4
0
5774
2
0
1181692989
4
0
5775
2
0
1181694013
4
0
5776
2
0
1181761853
4
0
5777
2
0
1181762877
4
0
5778
2
0
1181763901
4
0
5779
2
0
1181764925
4
0
5780
2
0
1181765949
4
0
5781
2
0
1181766973
4
0
5782
2
0
1181767997
4
0
5783
2
0
1181770557
4
0
5784
2
0
1181771581
4
0
5785
2
0
1181772605
4
0
5786
2
0
1181773629
4
0
5787
2
0
1181774653
4
0
5788
2
0
1181775677
4
0
5789
2
0
1181757501
4
0
5790
2
0
1181758525
4
0
5791
2
0
1181759549
4
0
5792
2
0
1181827389
4
0
5793
2
0
1181828413
4
0
5794
2
0
1181829437
4
0
5795
2
0
1181830461
4
0
5796
2
0
1181831485
4
0
5797
2
0
1181832509
4
0
5798
2
0
1181833533
4
0
5799
2
0
1181836093
4
0
5800
2
0
1181837117
4
0
5801
2
0
1181838141
4
0
5802
2
0
1181839165
4
0
5803
2
0
1181840189
4
0
5804
2
0
1181841213
4
0
5805
2
0
1181823037
4
0
5806
2
0
1181824061
4
0
5807
2
0
1181825085
4
0
5808
2
0
1181892925
4
0
5809
2
0
1181893949
4
0
5810
2
0
1181894973
4
0
5811
2
0
1181895997
4
0
5812
2
0
1181897021
4
0
5813
2
0
1181898045
4
0
5814
2
0
1181899069
4
0
5815
2
0
1181901629
4
0
5816
2
0
1181902653
4
0
5817
2
0
1181903677
4
0
5818
2
0
1181904701
4
0
5819
2
0
1181905725
4
0
5820
2
0
1181906749
4
0
5821
2
0
1181888573
4
0
5822
2
0
1181889597
4
0
5823
2
0
1181890621
4
0
5824
2
0
1181958461
4
0
5825
2
0
1181959485
4
0
5826
2
0
1181960509
4
0
5827
2
0
1181961533
4
0
5828
2
0
1181962557
4
0
5829
2
0
1181963581
4
0
5830
2
0
1181964605
4
0
5831
2
0
1181967165
4
0
5832
2
0
1181968189
4
0
5833
2
0
1181969213
4
0
5834
2
0
1181970237
4
0
5835
2
0
1181971261
4
0
5836
2
0
1181972285
4
0
5837
2
0
1181954109
4
0
5838
2
0
1181955133
4
0
5839
2
0
1181956157
4
0
5840
2
0
1182023997
4
0
5841
2
0
1182025021
4
0
5842
2
0
1182026045
4
0
5843
2
0
1182027069
4
0
5844
2
0
1182028093
4
0
5845
2
0
1182029117
4
0
5846
2
0
1182030141
4
0
5847
2
0
1182032701
4
0
5848
2
0
1182033725
4
0
5849
2
0
1182034749
4
0
5850
2
0
1182035773
4
0
5851
2
0
1182036797
4
0
5852
2
0
1182037821
4
0
5853
2
0
1182019645
4
0
5854
2
0
1182020669
4
0
5855
2
0
1182021693
4
0
5856
2
0
1182089533
4
0
5857
2
0
1182090557
4
0
5858
2
0
1182091581
4
0
5859
2
0
1182092605
4
0
5860
2
0
1182093629
4
0
5861
2
0
1182094653
4
0
5862
2
0
1182095677
4
0
5863
2
0
1182098237
4
0
5864
2
0
1182099261
4
0
5865
2
0
1182100285
4
0
5866
2
0
1182101309
4
0
5867
2
0
1182102333
4
0
5868
2
0
1182103357
4
0
5869
2
0
1182085181
4
0
5870
2
0
1182086205
4
0
5871
2
0
1182087229
4
0
5872
2
0
1182155069
4
0
5873
2
0
1182156093
4
0
5874
2
0
1182157117
4
0
5875
2
0
1182158141
4
0
5876
2
0
1182159165
4
0
5877
2
0
1182160189
4
0
5878
2
0
1182161213
4
0
5879
2
0
1182163773
4
0
5880
2
0
1182164797
4
0
5881
2
0
1182165821
4
0
5882
2
0
1182166845
4
0
5883
2
0
1182167869
4
0
5884
2
0
1182168893
4
0
5885
2
0
1182150717
4
0
5886
2
0
1182151741
4
0
5887
2
0
1182152765
4
0
5888
2
0
1182220605
4
0
5889
2
0
1182221629
4
0
5890
2
0
1182222653
4
0
5891
2
0
1182223677
4
0
5892
2
0
1182224701
4
0
5893
2
0
1182225725
4
0
5894
2
0
1182226749
4
0
5895
2
0
1182229309
4
0
5896
2
0
1182230333
4
0
5897
2
0
1182231357
4
0
5898
2
0
1182232381
4
0
5899
2
0
1182233405
4
0
5900
2
0
1182234429
4
0
5901
2
0
1182216253
4
0
5902
2
0
1182217277
4
0
5903
2
0
1182218301
4
0
5904
2
0
1182286141
4
0
5905
2
0
1182287165
4
0
5906
2
0
1182288189
4
0
5907
2
0
1182289213
4
0
5908
2
0
1182290237
4
0
5909
2
0
1182291261
4
0
5910
2
0
1182292285
4
0
5911
2
0
1182294845
4
0
5912
2
0
1182295869
4
0
5913
2
0
1182296893
4
0
5914
2
0
1182297917
4
0
5915
2
0
1182298941
4
0
5916
2
0
1182299965
4
0
5917
2
0
1182281789
4
0
5918
2
0
1182282813
4
0
5919
2
0
1182283837
4
0
5920
2
0
1182351677
4
0
5921
2
0
1182352701
4
0
5922
2
0
1182353725
4
0
5923
2
0
1182354749
4
0
5924
2
0
1182355773
4
0
5925
2
0
1182356797
4
0
5926
2
0
1182357821
4
0
5927
2
0
1182360381
4
0
5928
2
0
1182361405
4
0
5929
2
0
1182362429
4
0
5930
2
0
1182363453
4
0
5931
2
0
1182364477
4
0
5932
2
0
1182365501
4
0
5933
2
0
1182347325
4
0
5934
2
0
1182348349
4
0
5935
2
0
1182349373
4
0
5936
2
0
1182417213
4
0
5937
2
0
1182418237
4
0
5938
2
0
1182419261
4
0
5939
2
0
1182420285
4
0
5940
2
0
1182421309
4
0
5941
2
0
1182422333
4
0
5942
2
0
1182423357
4
0
5943
2
0
1182425917
4
0
5944
2
0
1182426941
4
0
5945
2
0
1182427965
4
0
5946
2
0
1182428989
4
0
5947
2
0
1182430013
4
0
5948
2
0
1182431037
4
0
5949
2
0
1182412861
4
0
5950
2
0
1182413885
4
0
5951
2
0
1182414909
4
0
5952
2
0
1177567549
4
0
5953
2
0
1177568573
4
0
5954
2
0
1177569597
4
0
5955
2
0
1177570621
4
0
5956
2
0
1177571645
4
0
5957
2
0
1177572669
4
0
5958
2
0
1177573693
4
0
5959
2
0
1177576253
4
0
5960
2
0
1177577277
4
0
5961
2
0
1177578301
4
0
5962
2
0
1177579325
4
0
5963
2
0
1177580349
4
0
5964
2
0
1177581373
4
0
5965
2
0
1177563197
4
0
5966
2
0
1177564221
4
0
5967
2
0
1177565245
4
0
5968
2
0
1177633085
4
0
5969
2
0
1177634109
4
0
5970
2
0
1177635133
4
0
5971
2
0
1177636157
4
0
5972
2
0
1177637181
4
0
5973
2
0
1177638205
4
0
5974
2
0
1177639229
4
0
5975
2
0
1177641789
4
0
5976
2
0
1177642813
4
0
5977
2
0
1177643837
4
0
5978
2
0
1177644861
4
0
5979
2
0
1177645885
4
0
5980
2
0
1177646909
4
0
5981
2
0
1177628733
4
0
5982
2
0
1177629757
4
0
5983
2
0
1177630781
4
0
5984
2
0
1177698621
4
0
5985
2
0
1177699645
4
0
5986
2
0
1177700669
4
0
5987
2
0
1177701693
4
0
5988
2
0
1177702717
4
0
5989
2
0
1177703741
4
0
5990
2
0
1177704765
4
0
5991
2
0
1177707325
4
0
5992
2
0
1177708349
4
0
5993
2
0
1177709373
4
0
5994
2
0
1177710397
4
0
5995
2
0
1177711421
4
0
5996
2
0
1177712445
4
0
5997
2
0
1177694269
4
0
5998
2
0
1177695293
4
0
5999
2
0
1177696317
4
0
6000
2
0
1177764157
4
0
6001
2
0
1177765181
4
0
6002
2
0
1177766205
4
0
6003
2
0
1177767229
4
0
6004
2
0
1177768253
4
0
6005
2
0
1177769277
4
0
6006
2
0
1177770301
4
0
6007
2
0
1177772861
4
0
6008
2
0
1177773885
4
0
6009
2
0
1177774909
4
0
6010
2
0
1177775933
4
0
6011
2
0
1177776957
4
0
6012
2
0
1177777981
4
0
6013
2
0
1177759805
4
0
6014
2
0
1177760829
4
0
6015
2
0
1177761853
4
0
6016
2
0
1177829693
4
0
6017
2
0
1177830717
4
0
6018
2
0
1177831741
4
0
6019
2
0
1177832765
4
0
6020
2
0
1177833789
4
0
6021
2
0
1177834813
4
0
6022
2
0
1177835837
4
0
6023
2
0
1177838397
4
0
6024
2
0
1177839421
4
0
6025
2
0
1177840445
4
0
6026
2
0
1177841469
4
0
6027
2
0
1177842493
4
0
6028
2
0
1177843517
4
0
6029
2
0
1177825341
4
0
6030
2
0
1177826365
4
0
6031
2
0
1177827389
4
0
6032
2
0
1177895229
4
0
6033
2
0
1177896253
4
0
6034
2
0
1177897277
4
0
6035
2
0
1177898301
4
0
6036
2
0
1177899325
4
0
6037
2
0
1177900349
4
0
6038
2
0
1177901373
4
0
6039
2
0
1177903933
4
0
6040
2
0
1177904957
4
0
6041
2
0
1177905981
4
0
6042
2
0
1177907005
4
0
6043
2
0
1177908029
4
0
6044
2
0
1177909053
4
0
6045
2
0
1177890877
4
0
6046
2
0
1177891901
4
0
6047
2
0
1177892925
4
0
6048
2
0
1177960765
4
0
6049
2
0
1177961789
4
0
6050
2
0
1177962813
4
0
6051
2
0
1177963837
4
0
6052
2
0
1177964861
4
0
6053
2
0
1177965885
4
0
6054
2
0
1177966909
4
0
6055
2
0
1177969469
4
0
6056
2
0
1177970493
4
0
6057
2
0
1177971517
4
0
6058
2
0
1177972541
4
0
6059
2
0
1177973565
4
0
6060
2
0
1177974589
4
0
6061
2
0
1177956413
4
0
6062
2
0
1177957437
4
0
6063
2
0
1177958461
4
0
6064
2
0
1178026301
4
0
6065
2
0
1178027325
4
0
6066
2
0
1178028349
4
0
6067
2
0
1178029373
4
0
6068
2
0
1178030397
4
0
6069
2
0
1178031421
4
0
6070
2
0
1178032445
4
0
6071
2
0
1178035005
4
0
6072
2
0
1178036029
4
0
6073
2
0
1178037053
4
0
6074
2
0
1178038077
4
0
6075
2
0
1178039101
4
0
6076
2
0
1178040125
4
0
6077
2
0
1178021949
4
0
6078
2
0
1178022973
4
0
6079
2
0
1178023997
4
0
6080
2
0
1178091837
4
0
6081
2
0
1178092861
4
0
6082
2
0
1178093885
4
0
6083
2
0
1178094909
4
0
6084
2
0
1178095933
4
0
6085
2
0
1178096957
4
0
6086
2
0
1178097981
4
0
6087
2
0
1178100541
4
0
6088
2
0
1178101565
4
0
6089
2
0
1178102589
4
0
6090
2
0
1178103613
4
0
6091
2
0
1178104637
4
0
6092
2
0
1178105661
4
0
6093
2
0
1178087485
4
0
6094
2
0
1178088509
4
0
6095
2
0
1178089533
4
0
6096
2
0
1178157373
4
0
6097
2
0
1178158397
4
0
6098
2
0
1178159421
4
0
6099
2
0
1178160445
4
0
6100
2
0
1178161469
4
0
6101
2
0
1178162493
4
0
6102
2
0
1178163517
4
0
6103
2
0
1178166077
4
0
6104
2
0
1178167101
4
0
6105
2
0
1178168125
4
0
6106
2
0
1178169149
4
0
6107
2
0
1178170173
4
0
6108
2
0
1178171197
4
0
6109
2
0
1178153021
4
0
6110
2
0
1178154045
4
0
6111
2
0
1178155069
4
0
6112
2
0
1177239869
4
0
6113
2
0
1177240893
4
0
6114
2
0
1177241917
4
0
6115
2
0
1177242941
4
0
6116
2
0
1177243965
4
0
6117
2
0
1177244989
4
0
6118
2
0
1177246013
4
0
6119
2
0
1177248573
4
0
6120
2
0
1177249597
4
0
6121
2
0
1177250621
4
0
6122
2
0
1177251645
4
0
6123
2
0
1177252669
4
0
6124
2
0
1177253693
4
0
6125
2
0
1177235517
4
0
6126
2
0
1177236541
4
0
6127
2
0
1177237565
4
0
6128
2
0
1177502013
4
0
6129
2
0
1177503037
4
0
6130
2
0
1177504061
4
0
6131
2
0
1177505085
4
0
6132
2
0
1177506109
4
0
6133
2
0
1177507133
4
0
6134
2
0
1177508157
4
0
6135
2
0
1177510717
4
0
6136
2
0
1177511741
4
0
6137
2
0
1177512765
4
0
6138
2
0
1177513789
4
0
6139
2
0
1177514813
4
0
6140
2
0
1177515837
4
0
6141
2
0
1177497661
4
0
6142
2
0
1177498685
4
0
6143
2
0
1177499709
4
