1024
0
19456
2
0
1413562685
4
0
19457
2
0
1413563709
4
0
19458
2
0
1413564733
4
0
19459
2
0
1413565757
4
0
19460
2
0
1413566781
4
0
19461
2
0
1413567805
4
0
19462
2
0
1413568829
4
0
19463
2
0
1413571389
4
0
19464
2
0
1413572413
4
0
19465
2
0
1413573437
4
0
19466
2
0
1413574461
4
0
19467
2
0
1413575485
4
0
19468
2
0
1413576509
4
0
19469
2
0
1413558333
4
0
19470
2
0
1413559357
4
0
19471
2
0
1413560381
4
0
19472
2
0
1413628221
4
0
19473
2
0
1413629245
4
0
19474
2
0
1413630269
4
0
19475
2
0
1413631293
4
0
19476
2
0
1413632317
4
0
19477
2
0
1413633341
4
0
19478
2
0
1413634365
4
0
19479
2
0
1413636925
4
0
19480
2
0
1413637949
4
0
19481
2
0
1413638973
4
0
19482
2
0
1413639997
4
0
19483
2
0
1413641021
4
0
19484
2
0
1413642045
4
0
19485
2
0
1413623869
4
0
19486
2
0
1413624893
4
0
19487
2
0
1413625917
4
0
19488
2
0
1413693757
4
0
19489
2
0
1413694781
4
0
19490
2
0
1413695805
4
0
19491
2
0
1413696829
4
0
19492
2
0
1413697853
4
0
19493
2
0
1413698877
4
0
19494
2
0
1413699901
4
0
19495
2
0
1413702461
4
0
19496
2
0
1413703485
4
0
19497
2
0
1413704509
4
0
19498
2
0
1413705533
4
0
19499
2
0
1413706557
4
0
19500
2
0
1413707581
4
0
19501
2
0
1413689405
4
0
19502
2
0
1413690429
4
0
19503
2
0
1413691453
4
0
19504
2
0
1413759293
4
0
19505
2
0
1413760317
4
0
19506
2
0
1413761341
4
0
19507
2
0
1413762365
4
0
19508
2
0
1413763389
4
0
19509
2
0
1413764413
4
0
19510
2
0
1413765437
4
0
19511
2
0
1413767997
4
0
19512
2
0
1413769021
4
0
19513
2
0
1413770045
4
0
19514
2
0
1413771069
4
0
19515
2
0
1413772093
4
0
19516
2
0
1413773117
4
0
19517
2
0
1413754941
4
0
19518
2
0
1413755965
4
0
19519
2
0
1413756989
4
0
19520
2
0
1413824829
4
0
19521
2
0
1413825853
4
0
19522
2
0
1413826877
4
0
19523
2
0
1413827901
4
0
19524
2
0
1413828925
4
0
19525
2
0
1413829949
4
0
19526
2
0
1413830973
4
0
19527
2
0
1413833533
4
0
19528
2
0
1413834557
4
0
19529
2
0
1413835581
4
0
19530
2
0
1413836605
4
0
19531
2
0
1413837629
4
0
19532
2
0
1413838653
4
0
19533
2
0
1413820477
4
0
19534
2
0
1413821501
4
0
19535
2
0
1413822525
4
0
19536
2
0
1413890365
4
0
19537
2
0
1413891389
4
0
19538
2
0
1413892413
4
0
19539
2
0
1413893437
4
0
19540
2
0
1413894461
4
0
19541
2
0
1413895485
4
0
19542
2
0
1413896509
4
0
19543
2
0
1413899069
4
0
19544
2
0
1413900093
4
0
19545
2
0
1413901117
4
0
19546
2
0
1413902141
4
0
19547
2
0
1413903165
4
0
19548
2
0
1413904189
4
0
19549
2
0
1413886013
4
0
19550
2
0
1413887037
4
0
19551
2
0
1413888061
4
0
19552
2
0
1413955901
4
0
19553
2
0
1413956925
4
0
19554
2
0
1413957949
4
0
19555
2
0
1413958973
4
0
19556
2
0
1413959997
4
0
19557
2
0
1413961021
4
0
19558
2
0
1413962045
4
0
19559
2
0
1413964605
4
0
19560
2
0
1413965629
4
0
19561
2
0
1413966653
4
0
19562
2
0
1413967677
4
0
19563
2
0
1413968701
4
0
19564
2
0
1413969725
4
0
19565
2
0
1413951549
4
0
19566
2
0
1413952573
4
0
19567
2
0
1413953597
4
0
19568
2
0
1414021437
4
0
19569
2
0
1414022461
4
0
19570
2
0
1414023485
4
0
19571
2
0
1414024509
4
0
19572
2
0
1414025533
4
0
19573
2
0
1414026557
4
0
19574
2
0
1414027581
4
0
19575
2
0
1414030141
4
0
19576
2
0
1414031165
4
0
19577
2
0
1414032189
4
0
19578
2
0
1414033213
4
0
19579
2
0
1414034237
4
0
19580
2
0
1414035261
4
0
19581
2
0
1414017085
4
0
19582
2
0
1414018109
4
0
19583
2
0
1414019133
4
0
19584
2
0
1414086973
4
0
19585
2
0
1414087997
4
0
19586
2
0
1414089021
4
0
19587
2
0
1414090045
4
0
19588
2
0
1414091069
4
0
19589
2
0
1414092093
4
0
19590
2
0
1414093117
4
0
19591
2
0
1414095677
4
0
19592
2
0
1414096701
4
0
19593
2
0
1414097725
4
0
19594
2
0
1414098749
4
0
19595
2
0
1414099773
4
0
19596
2
0
1414100797
4
0
19597
2
0
1414082621
4
0
19598
2
0
1414083645
4
0
19599
2
0
1414084669
4
0
19600
2
0
1414152509
4
0
19601
2
0
1414153533
4
0
19602
2
0
1414154557
4
0
19603
2
0
1414155581
4
0
19604
2
0
1414156605
4
0
19605
2
0
1414157629
4
0
19606
2
0
1414158653
4
0
19607
2
0
1414161213
4
0
19608
2
0
1414162237
4
0
19609
2
0
1414163261
4
0
19610
2
0
1414164285
4
0
19611
2
0
1414165309
4
0
19612
2
0
1414166333
4
0
19613
2
0
1414148157
4
0
19614
2
0
1414149181
4
0
19615
2
0
1414150205
4
0
19616
2
0
1414218045
4
0
19617
2
0
1414219069
4
0
19618
2
0
1414220093
4
0
19619
2
0
1414221117
4
0
19620
2
0
1414222141
4
0
19621
2
0
1414223165
4
0
19622
2
0
1414224189
4
0
19623
2
0
1414226749
4
0
19624
2
0
1414227773
4
0
19625
2
0
1414228797
4
0
19626
2
0
1414229821
4
0
19627
2
0
1414230845
4
0
19628
2
0
1414231869
4
0
19629
2
0
1414213693
4
0
19630
2
0
1414214717
4
0
19631
2
0
1414215741
4
0
19632
2
0
1414283581
4
0
19633
2
0
1414284605
4
0
19634
2
0
1414285629
4
0
19635
2
0
1414286653
4
0
19636
2
0
1414287677
4
0
19637
2
0
1414288701
4
0
19638
2
0
1414289725
4
0
19639
2
0
1414292285
4
0
19640
2
0
1414293309
4
0
19641
2
0
1414294333
4
0
19642
2
0
1414295357
4
0
19643
2
0
1414296381
4
0
19644
2
0
1414297405
4
0
19645
2
0
1414279229
4
0
19646
2
0
1414280253
4
0
19647
2
0
1414281277
4
0
19648
2
0
1414349117
4
0
19649
2
0
1414350141
4
0
19650
2
0
1414351165
4
0
19651
2
0
1414352189
4
0
19652
2
0
1414353213
4
0
19653
2
0
1414354237
4
0
19654
2
0
1414355261
4
0
19655
2
0
1414357821
4
0
19656
2
0
1414358845
4
0
19657
2
0
1414359869
4
0
19658
2
0
1414360893
4
0
19659
2
0
1414361917
4
0
19660
2
0
1414362941
4
0
19661
2
0
1414344765
4
0
19662
2
0
1414345789
4
0
19663
2
0
1414346813
4
0
19664
2
0
1414414653
4
0
19665
2
0
1414415677
4
0
19666
2
0
1414416701
4
0
19667
2
0
1414417725
4
0
19668
2
0
1414418749
4
0
19669
2
0
1414419773
4
0
19670
2
0
1414420797
4
0
19671
2
0
1414423357
4
0
19672
2
0
1414424381
4
0
19673
2
0
1414425405
4
0
19674
2
0
1414426429
4
0
19675
2
0
1414427453
4
0
19676
2
0
1414428477
4
0
19677
2
0
1414410301
4
0
19678
2
0
1414411325
4
0
19679
2
0
1414412349
4
0
19680
2
0
1414480189
4
0
19681
2
0
1414481213
4
0
19682
2
0
1414482237
4
0
19683
2
0
1414483261
4
0
19684
2
0
1414484285
4
0
19685
2
0
1414485309
4
0
19686
2
0
1414486333
4
0
19687
2
0
1414488893
4
0
19688
2
0
1414489917
4
0
19689
2
0
1414490941
4
0
19690
2
0
1414491965
4
0
19691
2
0
1414492989
4
0
19692
2
0
1414494013
4
0
19693
2
0
1414475837
4
0
19694
2
0
1414476861
4
0
19695
2
0
1414477885
4
0
19696
2
0
1414545725
4
0
19697
2
0
1414546749
4
0
19698
2
0
1414547773
4
0
19699
2
0
1414548797
4
0
19700
2
0
1414549821
4
0
19701
2
0
1414550845
4
0
19702
2
0
1414551869
4
0
19703
2
0
1414554429
4
0
19704
2
0
1414555453
4
0
19705
2
0
1414556477
4
0
19706
2
0
1414557501
4
0
19707
2
0
1414558525
4
0
19708
2
0
1414559549
4
0
19709
2
0
1414541373
4
0
19710
2
0
1414542397
4
0
19711
2
0
1414543421
4
0
19712
2
0
1414611261
4
0
19713
2
0
1414612285
4
0
19714
2
0
1414613309
4
0
19715
2
0
1414614333
4
0
19716
2
0
1414615357
4
0
19717
2
0
1414616381
4
0
19718
2
0
1414617405
4
0
19719
2
0
1414619965
4
0
19720
2
0
1414620989
4
0
19721
2
0
1414622013
4
0
19722
2
0
1414623037
4
0
19723
2
0
1414624061
4
0
19724
2
0
1414625085
4
0
19725
2
0
1414606909
4
0
19726
2
0
1414607933
4
0
19727
2
0
1414608957
4
0
19728
2
0
1414676797
4
0
19729
2
0
1414677821
4
0
19730
2
0
1414678845
4
0
19731
2
0
1414679869
4
0
19732
2
0
1414680893
4
0
19733
2
0
1414681917
4
0
19734
2
0
1414682941
4
0
19735
2
0
1414685501
4
0
19736
2
0
1414686525
4
0
19737
2
0
1414687549
4
0
19738
2
0
1414688573
4
0
19739
2
0
1414689597
4
0
19740
2
0
1414690621
4
0
19741
2
0
1414672445
4
0
19742
2
0
1414673469
4
0
19743
2
0
1414674493
4
0
19744
2
0
1414742333
4
0
19745
2
0
1414743357
4
0
19746
2
0
1414744381
4
0
19747
2
0
1414745405
4
0
19748
2
0
1414746429
4
0
19749
2
0
1414747453
4
0
19750
2
0
1414748477
4
0
19751
2
0
1414751037
4
0
19752
2
0
1414752061
4
0
19753
2
0
1414753085
4
0
19754
2
0
1414754109
4
0
19755
2
0
1414755133
4
0
19756
2
0
1414756157
4
0
19757
2
0
1414737981
4
0
19758
2
0
1414739005
4
0
19759
2
0
1414740029
4
0
19760
2
0
1414807869
4
0
19761
2
0
1414808893
4
0
19762
2
0
1414809917
4
0
19763
2
0
1414810941
4
0
19764
2
0
1414811965
4
0
19765
2
0
1414812989
4
0
19766
2
0
1414814013
4
0
19767
2
0
1414816573
4
0
19768
2
0
1414817597
4
0
19769
2
0
1414818621
4
0
19770
2
0
1414819645
4
0
19771
2
0
1414820669
4
0
19772
2
0
1414821693
4
0
19773
2
0
1414803517
4
0
19774
2
0
1414804541
4
0
19775
2
0
1414805565
4
0
19776
2
0
1414873405
4
0
19777
2
0
1414874429
4
0
19778
2
0
1414875453
4
0
19779
2
0
1414876477
4
0
19780
2
0
1414877501
4
0
19781
2
0
1414878525
4
0
19782
2
0
1414879549
4
0
19783
2
0
1414882109
4
0
19784
2
0
1414883133
4
0
19785
2
0
1414884157
4
0
19786
2
0
1414885181
4
0
19787
2
0
1414886205
4
0
19788
2
0
1414887229
4
0
19789
2
0
1414869053
4
0
19790
2
0
1414870077
4
0
19791
2
0
1414871101
4
0
19792
2
0
1414938941
4
0
19793
2
0
1414939965
4
0
19794
2
0
1414940989
4
0
19795
2
0
1414942013
4
0
19796
2
0
1414943037
4
0
19797
2
0
1414944061
4
0
19798
2
0
1414945085
4
0
19799
2
0
1414947645
4
0
19800
2
0
1414948669
4
0
19801
2
0
1414949693
4
0
19802
2
0
1414950717
4
0
19803
2
0
1414951741
4
0
19804
2
0
1414952765
4
0
19805
2
0
1414934589
4
0
19806
2
0
1414935613
4
0
19807
2
0
1414936637
4
0
19808
2
0
1415004477
4
0
19809
2
0
1415005501
4
0
19810
2
0
1415006525
4
0
19811
2
0
1415007549
4
0
19812
2
0
1415008573
4
0
19813
2
0
1415009597
4
0
19814
2
0
1415010621
4
0
19815
2
0
1415013181
4
0
19816
2
0
1415014205
4
0
19817
2
0
1415015229
4
0
19818
2
0
1415016253
4
0
19819
2
0
1415017277
4
0
19820
2
0
1415018301
4
0
19821
2
0
1415000125
4
0
19822
2
0
1415001149
4
0
19823
2
0
1415002173
4
0
19824
2
0
1415070013
4
0
19825
2
0
1415071037
4
0
19826
2
0
1415072061
4
0
19827
2
0
1415073085
4
0
19828
2
0
1415074109
4
0
19829
2
0
1415075133
4
0
19830
2
0
1415076157
4
0
19831
2
0
1415078717
4
0
19832
2
0
1415079741
4
0
19833
2
0
1415080765
4
0
19834
2
0
1415081789
4
0
19835
2
0
1415082813
4
0
19836
2
0
1415083837
4
0
19837
2
0
1415065661
4
0
19838
2
0
1415066685
4
0
19839
2
0
1415067709
4
0
19840
2
0
1415135549
4
0
19841
2
0
1415136573
4
0
19842
2
0
1415137597
4
0
19843
2
0
1415138621
4
0
19844
2
0
1415139645
4
0
19845
2
0
1415140669
4
0
19846
2
0
1415141693
4
0
19847
2
0
1415144253
4
0
19848
2
0
1415145277
4
0
19849
2
0
1415146301
4
0
19850
2
0
1415147325
4
0
19851
2
0
1415148349
4
0
19852
2
0
1415149373
4
0
19853
2
0
1415131197
4
0
19854
2
0
1415132221
4
0
19855
2
0
1415133245
4
0
19856
2
0
1415201085
4
0
19857
2
0
1415202109
4
0
19858
2
0
1415203133
4
0
19859
2
0
1415204157
4
0
19860
2
0
1415205181
4
0
19861
2
0
1415206205
4
0
19862
2
0
1415207229
4
0
19863
2
0
1415209789
4
0
19864
2
0
1415210813
4
0
19865
2
0
1415211837
4
0
19866
2
0
1415212861
4
0
19867
2
0
1415213885
4
0
19868
2
0
1415214909
4
0
19869
2
0
1415196733
4
0
19870
2
0
1415197757
4
0
19871
2
0
1415198781
4
0
19872
2
0
1415659837
4
0
19873
2
0
1415660861
4
0
19874
2
0
1415661885
4
0
19875
2
0
1415662909
4
0
19876
2
0
1415663933
4
0
19877
2
0
1415664957
4
0
19878
2
0
1415665981
4
0
19879
2
0
1415668541
4
0
19880
2
0
1415669565
4
0
19881
2
0
1415670589
4
0
19882
2
0
1415671613
4
0
19883
2
0
1415672637
4
0
19884
2
0
1415673661
4
0
19885
2
0
1415655485
4
0
19886
2
0
1415656509
4
0
19887
2
0
1415657533
4
0
19888
2
0
1415725373
4
0
19889
2
0
1415726397
4
0
19890
2
0
1415727421
4
0
19891
2
0
1415728445
4
0
19892
2
0
1415729469
4
0
19893
2
0
1415730493
4
0
19894
2
0
1415731517
4
0
19895
2
0
1415734077
4
0
19896
2
0
1415735101
4
0
19897
2
0
1415736125
4
0
19898
2
0
1415737149
4
0
19899
2
0
1415738173
4
0
19900
2
0
1415739197
4
0
19901
2
0
1415721021
4
0
19902
2
0
1415722045
4
0
19903
2
0
1415723069
4
0
19904
2
0
1415790909
4
0
19905
2
0
1415791933
4
0
19906
2
0
1415792957
4
0
19907
2
0
1415793981
4
0
19908
2
0
1415795005
4
0
19909
2
0
1415796029
4
0
19910
2
0
1415797053
4
0
19911
2
0
1415799613
4
0
19912
2
0
1415800637
4
0
19913
2
0
1415801661
4
0
19914
2
0
1415802685
4
0
19915
2
0
1415803709
4
0
19916
2
0
1415804733
4
0
19917
2
0
1415786557
4
0
19918
2
0
1415787581
4
0
19919
2
0
1415788605
4
0
19920
2
0
1415856445
4
0
19921
2
0
1415857469
4
0
19922
2
0
1415858493
4
0
19923
2
0
1415859517
4
0
19924
2
0
1415860541
4
0
19925
2
0
1415861565
4
0
19926
2
0
1415862589
4
0
19927
2
0
1415865149
4
0
19928
2
0
1415866173
4
0
19929
2
0
1415867197
4
0
19930
2
0
1415868221
4
0
19931
2
0
1415869245
4
0
19932
2
0
1415870269
4
0
19933
2
0
1415852093
4
0
19934
2
0
1415853117
4
0
19935
2
0
1415854141
4
0
19936
2
0
1415921981
4
0
19937
2
0
1415923005
4
0
19938
2
0
1415924029
4
0
19939
2
0
1415925053
4
0
19940
2
0
1415926077
4
0
19941
2
0
1415927101
4
0
19942
2
0
1415928125
4
0
19943
2
0
1415930685
4
0
19944
2
0
1415931709
4
0
19945
2
0
1415932733
4
0
19946
2
0
1415933757
4
0
19947
2
0
1415934781
4
0
19948
2
0
1415935805
4
0
19949
2
0
1415917629
4
0
19950
2
0
1415918653
4
0
19951
2
0
1415919677
4
0
19952
2
0
1415987517
4
0
19953
2
0
1415988541
4
0
19954
2
0
1415989565
4
0
19955
2
0
1415990589
4
0
19956
2
0
1415991613
4
0
19957
2
0
1415992637
4
0
19958
2
0
1415993661
4
0
19959
2
0
1415996221
4
0
19960
2
0
1415997245
4
0
19961
2
0
1415998269
4
0
19962
2
0
1415999293
4
0
19963
2
0
1416000317
4
0
19964
2
0
1416001341
4
0
19965
2
0
1415983165
4
0
19966
2
0
1415984189
4
0
19967
2
0
1415985213
4
0
19968
2
0
1416053053
4
0
19969
2
0
1416054077
4
0
19970
2
0
1416055101
4
0
19971
2
0
1416056125
4
0
19972
2
0
1416057149
4
0
19973
2
0
1416058173
4
0
19974
2
0
1416059197
4
0
19975
2
0
1416061757
4
0
19976
2
0
1416062781
4
0
19977
2
0
1416063805
4
0
19978
2
0
1416064829
4
0
19979
2
0
1416065853
4
0
19980
2
0
1416066877
4
0
19981
2
0
1416048701
4
0
19982
2
0
1416049725
4
0
19983
2
0
1416050749
4
0
19984
2
0
1416118589
4
0
19985
2
0
1416119613
4
0
19986
2
0
1416120637
4
0
19987
2
0
1416121661
4
0
19988
2
0
1416122685
4
0
19989
2
0
1416123709
4
0
19990
2
0
1416124733
4
0
19991
2
0
1416127293
4
0
19992
2
0
1416128317
4
0
19993
2
0
1416129341
4
0
19994
2
0
1416130365
4
0
19995
2
0
1416131389
4
0
19996
2
0
1416132413
4
0
19997
2
0
1416114237
4
0
19998
2
0
1416115261
4
0
19999
2
0
1416116285
4
0
20000
2
0
1416184125
4
0
20001
2
0
1416185149
4
0
20002
2
0
1416186173
4
0
20003
2
0
1416187197
4
0
20004
2
0
1416188221
4
0
20005
2
0
1416189245
4
0
20006
2
0
1416190269
4
0
20007
2
0
1416192829
4
0
20008
2
0
1416193853
4
0
20009
2
0
1416194877
4
0
20010
2
0
1416195901
4
0
20011
2
0
1416196925
4
0
20012
2
0
1416197949
4
0
20013
2
0
1416179773
4
0
20014
2
0
1416180797
4
0
20015
2
0
1416181821
4
0
20016
2
0
1416249661
4
0
20017
2
0
1416250685
4
0
20018
2
0
1416251709
4
0
20019
2
0
1416252733
4
0
20020
2
0
1416253757
4
0
20021
2
0
1416254781
4
0
20022
2
0
1416255805
4
0
20023
2
0
1416258365
4
0
20024
2
0
1416259389
4
0
20025
2
0
1416260413
4
0
20026
2
0
1416261437
4
0
20027
2
0
1416262461
4
0
20028
2
0
1416263485
4
0
20029
2
0
1416245309
4
0
20030
2
0
1416246333
4
0
20031
2
0
1416247357
4
0
20032
2
0
1416315197
4
0
20033
2
0
1416316221
4
0
20034
2
0
1416317245
4
0
20035
2
0
1416318269
4
0
20036
2
0
1416319293
4
0
20037
2
0
1416320317
4
0
20038
2
0
1416321341
4
0
20039
2
0
1416323901
4
0
20040
2
0
1416324925
4
0
20041
2
0
1416325949
4
0
20042
2
0
1416326973
4
0
20043
2
0
1416327997
4
0
20044
2
0
1416329021
4
0
20045
2
0
1416310845
4
0
20046
2
0
1416311869
4
0
20047
2
0
1416312893
4
0
20048
2
0
1416380733
4
0
20049
2
0
1416381757
4
0
20050
2
0
1416382781
4
0
20051
2
0
1416383805
4
0
20052
2
0
1416384829
4
0
20053
2
0
1416385853
4
0
20054
2
0
1416386877
4
0
20055
2
0
1416389437
4
0
20056
2
0
1416390461
4
0
20057
2
0
1416391485
4
0
20058
2
0
1416392509
4
0
20059
2
0
1416393533
4
0
20060
2
0
1416394557
4
0
20061
2
0
1416376381
4
0
20062
2
0
1416377405
4
0
20063
2
0
1416378429
4
0
20064
2
0
1416446269
4
0
20065
2
0
1416447293
4
0
20066
2
0
1416448317
4
0
20067
2
0
1416449341
4
0
20068
2
0
1416450365
4
0
20069
2
0
1416451389
4
0
20070
2
0
1416452413
4
0
20071
2
0
1416454973
4
0
20072
2
0
1416455997
4
0
20073
2
0
1416457021
4
0
20074
2
0
1416458045
4
0
20075
2
0
1416459069
4
0
20076
2
0
1416460093
4
0
20077
2
0
1416441917
4
0
20078
2
0
1416442941
4
0
20079
2
0
1416443965
4
0
20080
2
0
1416511805
4
0
20081
2
0
1416512829
4
0
20082
2
0
1416513853
4
0
20083
2
0
1416514877
4
0
20084
2
0
1416515901
4
0
20085
2
0
1416516925
4
0
20086
2
0
1416517949
4
0
20087
2
0
1416520509
4
0
20088
2
0
1416521533
4
0
20089
2
0
1416522557
4
0
20090
2
0
1416523581
4
0
20091
2
0
1416524605
4
0
20092
2
0
1416525629
4
0
20093
2
0
1416507453
4
0
20094
2
0
1416508477
4
0
20095
2
0
1416509501
4
0
20096
2
0
1416577341
4
0
20097
2
0
1416578365
4
0
20098
2
0
1416579389
4
0
20099
2
0
1416580413
4
0
20100
2
0
1416581437
4
0
20101
2
0
1416582461
4
0
20102
2
0
1416583485
4
0
20103
2
0
1416586045
4
0
20104
2
0
1416587069
4
0
20105
2
0
1416588093
4
0
20106
2
0
1416589117
4
0
20107
2
0
1416590141
4
0
20108
2
0
1416591165
4
0
20109
2
0
1416572989
4
0
20110
2
0
1416574013
4
0
20111
2
0
1416575037
4
0
20112
2
0
1416642877
4
0
20113
2
0
1416643901
4
0
20114
2
0
1416644925
4
0
20115
2
0
1416645949
4
0
20116
2
0
1416646973
4
0
20117
2
0
1416647997
4
0
20118
2
0
1416649021
4
0
20119
2
0
1416651581
4
0
20120
2
0
1416652605
4
0
20121
2
0
1416653629
4
0
20122
2
0
1416654653
4
0
20123
2
0
1416655677
4
0
20124
2
0
1416656701
4
0
20125
2
0
1416638525
4
0
20126
2
0
1416639549
4
0
20127
2
0
1416640573
4
0
20128
2
0
1416708413
4
0
20129
2
0
1416709437
4
0
20130
2
0
1416710461
4
0
20131
2
0
1416711485
4
0
20132
2
0
1416712509
4
0
20133
2
0
1416713533
4
0
20134
2
0
1416714557
4
0
20135
2
0
1416717117
4
0
20136
2
0
1416718141
4
0
20137
2
0
1416719165
4
0
20138
2
0
1416720189
4
0
20139
2
0
1416721213
4
0
20140
2
0
1416722237
4
0
20141
2
0
1416704061
4
0
20142
2
0
1416705085
4
0
20143
2
0
1416706109
4
0
20144
2
0
1416773949
4
0
20145
2
0
1416774973
4
0
20146
2
0
1416775997
4
0
20147
2
0
1416777021
4
0
20148
2
0
1416778045
4
0
20149
2
0
1416779069
4
0
20150
2
0
1416780093
4
0
20151
2
0
1416782653
4
0
20152
2
0
1416783677
4
0
20153
2
0
1416784701
4
0
20154
2
0
1416785725
4
0
20155
2
0
1416786749
4
0
20156
2
0
1416787773
4
0
20157
2
0
1416769597
4
0
20158
2
0
1416770621
4
0
20159
2
0
1416771645
4
0
20160
2
0
1416839485
4
0
20161
2
0
1416840509
4
0
20162
2
0
1416841533
4
0
20163
2
0
1416842557
4
0
20164
2
0
1416843581
4
0
20165
2
0
1416844605
4
0
20166
2
0
1416845629
4
0
20167
2
0
1416848189
4
0
20168
2
0
1416849213
4
0
20169
2
0
1416850237
4
0
20170
2
0
1416851261
4
0
20171
2
0
1416852285
4
0
20172
2
0
1416853309
4
0
20173
2
0
1416835133
4
0
20174
2
0
1416836157
4
0
20175
2
0
1416837181
4
0
20176
2
0
1416905021
4
0
20177
2
0
1416906045
4
0
20178
2
0
1416907069
4
0
20179
2
0
1416908093
4
0
20180
2
0
1416909117
4
0
20181
2
0
1416910141
4
0
20182
2
0
1416911165
4
0
20183
2
0
1416913725
4
0
20184
2
0
1416914749
4
0
20185
2
0
1416915773
4
0
20186
2
0
1416916797
4
0
20187
2
0
1416917821
4
0
20188
2
0
1416918845
4
0
20189
2
0
1416900669
4
0
20190
2
0
1416901693
4
0
20191
2
0
1416902717
4
0
20192
2
0
1416970557
4
0
20193
2
0
1416971581
4
0
20194
2
0
1416972605
4
0
20195
2
0
1416973629
4
0
20196
2
0
1416974653
4
0
20197
2
0
1416975677
4
0
20198
2
0
1416976701
4
0
20199
2
0
1416979261
4
0
20200
2
0
1416980285
4
0
20201
2
0
1416981309
4
0
20202
2
0
1416982333
4
0
20203
2
0
1416983357
4
0
20204
2
0
1416984381
4
0
20205
2
0
1416966205
4
0
20206
2
0
1416967229
4
0
20207
2
0
1416968253
4
0
20208
2
0
1417036093
4
0
20209
2
0
1417037117
4
0
20210
2
0
1417038141
4
0
20211
2
0
1417039165
4
0
20212
2
0
1417040189
4
0
20213
2
0
1417041213
4
0
20214
2
0
1417042237
4
0
20215
2
0
1417044797
4
0
20216
2
0
1417045821
4
0
20217
2
0
1417046845
4
0
20218
2
0
1417047869
4
0
20219
2
0
1417048893
4
0
20220
2
0
1417049917
4
0
20221
2
0
1417031741
4
0
20222
2
0
1417032765
4
0
20223
2
0
1417033789
4
0
20224
2
0
1417101629
4
0
20225
2
0
1417102653
4
0
20226
2
0
1417103677
4
0
20227
2
0
1417104701
4
0
20228
2
0
1417105725
4
0
20229
2
0
1417106749
4
0
20230
2
0
1417107773
4
0
20231
2
0
1417110333
4
0
20232
2
0
1417111357
4
0
20233
2
0
1417112381
4
0
20234
2
0
1417113405
4
0
20235
2
0
1417114429
4
0
20236
2
0
1417115453
4
0
20237
2
0
1417097277
4
0
20238
2
0
1417098301
4
0
20239
2
0
1417099325
4
0
20240
2
0
1417167165
4
0
20241
2
0
1417168189
4
0
20242
2
0
1417169213
4
0
20243
2
0
1417170237
4
0
20244
2
0
1417171261
4
0
20245
2
0
1417172285
4
0
20246
2
0
1417173309
4
0
20247
2
0
1417175869
4
0
20248
2
0
1417176893
4
0
20249
2
0
1417177917
4
0
20250
2
0
1417178941
4
0
20251
2
0
1417179965
4
0
20252
2
0
1417180989
4
0
20253
2
0
1417162813
4
0
20254
2
0
1417163837
4
0
20255
2
0
1417164861
4
0
20256
2
0
1417232701
4
0
20257
2
0
1417233725
4
0
20258
2
0
1417234749
4
0
20259
2
0
1417235773
4
0
20260
2
0
1417236797
4
0
20261
2
0
1417237821
4
0
20262
2
0
1417238845
4
0
20263
2
0
1417241405
4
0
20264
2
0
1417242429
4
0
20265
2
0
1417243453
4
0
20266
2
0
1417244477
4
0
20267
2
0
1417245501
4
0
20268
2
0
1417246525
4
0
20269
2
0
1417228349
4
0
20270
2
0
1417229373
4
0
20271
2
0
1417230397
4
0
20272
2
0
1417298237
4
0
20273
2
0
1417299261
4
0
20274
2
0
1417300285
4
0
20275
2
0
1417301309
4
0
20276
2
0
1417302333
4
0
20277
2
0
1417303357
4
0
20278
2
0
1417304381
4
0
20279
2
0
1417306941
4
0
20280
2
0
1417307965
4
0
20281
2
0
1417308989
4
0
20282
2
0
1417310013
4
0
20283
2
0
1417311037
4
0
20284
2
0
1417312061
4
0
20285
2
0
1417293885
4
0
20286
2
0
1417294909
4
0
20287
2
0
1417295933
4
0
20288
2
0
1412448573
4
0
20289
2
0
1412449597
4
0
20290
2
0
1412450621
4
0
20291
2
0
1412451645
4
0
20292
2
0
1412452669
4
0
20293
2
0
1412453693
4
0
20294
2
0
1412454717
4
0
20295
2
0
1412457277
4
0
20296
2
0
1412458301
4
0
20297
2
0
1412459325
4
0
20298
2
0
1412460349
4
0
20299
2
0
1412461373
4
0
20300
2
0
1412462397
4
0
20301
2
0
1412444221
4
0
20302
2
0
1412445245
4
0
20303
2
0
1412446269
4
0
20304
2
0
1412514109
4
0
20305
2
0
1412515133
4
0
20306
2
0
1412516157
4
0
20307
2
0
1412517181
4
0
20308
2
0
1412518205
4
0
20309
2
0
1412519229
4
0
20310
2
0
1412520253
4
0
20311
2
0
1412522813
4
0
20312
2
0
1412523837
4
0
20313
2
0
1412524861
4
0
20314
2
0
1412525885
4
0
20315
2
0
1412526909
4
0
20316
2
0
1412527933
4
0
20317
2
0
1412509757
4
0
20318
2
0
1412510781
4
0
20319
2
0
1412511805
4
0
20320
2
0
1412579645
4
0
20321
2
0
1412580669
4
0
20322
2
0
1412581693
4
0
20323
2
0
1412582717
4
0
20324
2
0
1412583741
4
0
20325
2
0
1412584765
4
0
20326
2
0
1412585789
4
0
20327
2
0
1412588349
4
0
20328
2
0
1412589373
4
0
20329
2
0
1412590397
4
0
20330
2
0
1412591421
4
0
20331
2
0
1412592445
4
0
20332
2
0
1412593469
4
0
20333
2
0
1412575293
4
0
20334
2
0
1412576317
4
0
20335
2
0
1412577341
4
0
20336
2
0
1412645181
4
0
20337
2
0
1412646205
4
0
20338
2
0
1412647229
4
0
20339
2
0
1412648253
4
0
20340
2
0
1412649277
4
0
20341
2
0
1412650301
4
0
20342
2
0
1412651325
4
0
20343
2
0
1412653885
4
0
20344
2
0
1412654909
4
0
20345
2
0
1412655933
4
0
20346
2
0
1412656957
4
0
20347
2
0
1412657981
4
0
20348
2
0
1412659005
4
0
20349
2
0
1412640829
4
0
20350
2
0
1412641853
4
0
20351
2
0
1412642877
4
0
20352
2
0
1412710717
4
0
20353
2
0
1412711741
4
0
20354
2
0
1412712765
4
0
20355
2
0
1412713789
4
0
20356
2
0
1412714813
4
0
20357
2
0
1412715837
4
0
20358
2
0
1412716861
4
0
20359
2
0
1412719421
4
0
20360
2
0
1412720445
4
0
20361
2
0
1412721469
4
0
20362
2
0
1412722493
4
0
20363
2
0
1412723517
4
0
20364
2
0
1412724541
4
0
20365
2
0
1412706365
4
0
20366
2
0
1412707389
4
0
20367
2
0
1412708413
4
0
20368
2
0
1412776253
4
0
20369
2
0
1412777277
4
0
20370
2
0
1412778301
4
0
20371
2
0
1412779325
4
0
20372
2
0
1412780349
4
0
20373
2
0
1412781373
4
0
20374
2
0
1412782397
4
0
20375
2
0
1412784957
4
0
20376
2
0
1412785981
4
0
20377
2
0
1412787005
4
0
20378
2
0
1412788029
4
0
20379
2
0
1412789053
4
0
20380
2
0
1412790077
4
0
20381
2
0
1412771901
4
0
20382
2
0
1412772925
4
0
20383
2
0
1412773949
4
0
20384
2
0
1412841789
4
0
20385
2
0
1412842813
4
0
20386
2
0
1412843837
4
0
20387
2
0
1412844861
4
0
20388
2
0
1412845885
4
0
20389
2
0
1412846909
4
0
20390
2
0
1412847933
4
0
20391
2
0
1412850493
4
0
20392
2
0
1412851517
4
0
20393
2
0
1412852541
4
0
20394
2
0
1412853565
4
0
20395
2
0
1412854589
4
0
20396
2
0
1412855613
4
0
20397
2
0
1412837437
4
0
20398
2
0
1412838461
4
0
20399
2
0
1412839485
4
0
20400
2
0
1412907325
4
0
20401
2
0
1412908349
4
0
20402
2
0
1412909373
4
0
20403
2
0
1412910397
4
0
20404
2
0
1412911421
4
0
20405
2
0
1412912445
4
0
20406
2
0
1412913469
4
0
20407
2
0
1412916029
4
0
20408
2
0
1412917053
4
0
20409
2
0
1412918077
4
0
20410
2
0
1412919101
4
0
20411
2
0
1412920125
4
0
20412
2
0
1412921149
4
0
20413
2
0
1412902973
4
0
20414
2
0
1412903997
4
0
20415
2
0
1412905021
4
0
20416
2
0
1412972861
4
0
20417
2
0
1412973885
4
0
20418
2
0
1412974909
4
0
20419
2
0
1412975933
4
0
20420
2
0
1412976957
4
0
20421
2
0
1412977981
4
0
20422
2
0
1412979005
4
0
20423
2
0
1412981565
4
0
20424
2
0
1412982589
4
0
20425
2
0
1412983613
4
0
20426
2
0
1412984637
4
0
20427
2
0
1412985661
4
0
20428
2
0
1412986685
4
0
20429
2
0
1412968509
4
0
20430
2
0
1412969533
4
0
20431
2
0
1412970557
4
0
20432
2
0
1413038397
4
0
20433
2
0
1413039421
4
0
20434
2
0
1413040445
4
0
20435
2
0
1413041469
4
0
20436
2
0
1413042493
4
0
20437
2
0
1413043517
4
0
20438
2
0
1413044541
4
0
20439
2
0
1413047101
4
0
20440
2
0
1413048125
4
0
20441
2
0
1413049149
4
0
20442
2
0
1413050173
4
0
20443
2
0
1413051197
4
0
20444
2
0
1413052221
4
0
20445
2
0
1413034045
4
0
20446
2
0
1413035069
4
0
20447
2
0
1413036093
4
0
20448
2
0
1412120893
4
0
20449
2
0
1412121917
4
0
20450
2
0
1412122941
4
0
20451
2
0
1412123965
4
0
20452
2
0
1412124989
4
0
20453
2
0
1412126013
4
0
20454
2
0
1412127037
4
0
20455
2
0
1412129597
4
0
20456
2
0
1412130621
4
0
20457
2
0
1412131645
4
0
20458
2
0
1412132669
4
0
20459
2
0
1412133693
4
0
20460
2
0
1412134717
4
0
20461
2
0
1412116541
4
0
20462
2
0
1412117565
4
0
20463
2
0
1412118589
4
0
20464
2
0
1412383037
4
0
20465
2
0
1412384061
4
0
20466
2
0
1412385085
4
0
20467
2
0
1412386109
4
0
20468
2
0
1412387133
4
0
20469
2
0
1412388157
4
0
20470
2
0
1412389181
4
0
20471
2
0
1412391741
4
0
20472
2
0
1412392765
4
0
20473
2
0
1412393789
4
0
20474
2
0
1412394813
4
0
20475
2
0
1412395837
4
0
20476
2
0
1412396861
4
0
20477
2
0
1412378685
4
0
20478
2
0
1412379709
4
0
20479
2
0
1412380733
4
