1024
0
57344
2
0
876691773
4
0
57345
2
0
876692797
4
0
57346
2
0
876693821
4
0
57347
2
0
876694845
4
0
57348
2
0
876695869
4
0
57349
2
0
876696893
4
0
57350
2
0
876697917
4
0
57351
2
0
876700477
4
0
57352
2
0
876701501
4
0
57353
2
0
876702525
4
0
57354
2
0
876703549
4
0
57355
2
0
876704573
4
0
57356
2
0
876705597
4
0
57357
2
0
876687421
4
0
57358
2
0
876688445
4
0
57359
2
0
876689469
4
0
57360
2
0
876757309
4
0
57361
2
0
876758333
4
0
57362
2
0
876759357
4
0
57363
2
0
876760381
4
0
57364
2
0
876761405
4
0
57365
2
0
876762429
4
0
57366
2
0
876763453
4
0
57367
2
0
876766013
4
0
57368
2
0
876767037
4
0
57369
2
0
876768061
4
0
57370
2
0
876769085
4
0
57371
2
0
876770109
4
0
57372
2
0
876771133
4
0
57373
2
0
876752957
4
0
57374
2
0
876753981
4
0
57375
2
0
876755005
4
0
57376
2
0
876822845
4
0
57377
2
0
876823869
4
0
57378
2
0
876824893
4
0
57379
2
0
876825917
4
0
57380
2
0
876826941
4
0
57381
2
0
876827965
4
0
57382
2
0
876828989
4
0
57383
2
0
876831549
4
0
57384
2
0
876832573
4
0
57385
2
0
876833597
4
0
57386
2
0
876834621
4
0
57387
2
0
876835645
4
0
57388
2
0
876836669
4
0
57389
2
0
876818493
4
0
57390
2
0
876819517
4
0
57391
2
0
876820541
4
0
57392
2
0
876888381
4
0
57393
2
0
876889405
4
0
57394
2
0
876890429
4
0
57395
2
0
876891453
4
0
57396
2
0
876892477
4
0
57397
2
0
876893501
4
0
57398
2
0
876894525
4
0
57399
2
0
876897085
4
0
57400
2
0
876898109
4
0
57401
2
0
876899133
4
0
57402
2
0
876900157
4
0
57403
2
0
876901181
4
0
57404
2
0
876902205
4
0
57405
2
0
876884029
4
0
57406
2
0
876885053
4
0
57407
2
0
876886077
4
0
57408
2
0
876953917
4
0
57409
2
0
876954941
4
0
57410
2
0
876955965
4
0
57411
2
0
876956989
4
0
57412
2
0
876958013
4
0
57413
2
0
876959037
4
0
57414
2
0
876960061
4
0
57415
2
0
876962621
4
0
57416
2
0
876963645
4
0
57417
2
0
876964669
4
0
57418
2
0
876965693
4
0
57419
2
0
876966717
4
0
57420
2
0
876967741
4
0
57421
2
0
876949565
4
0
57422
2
0
876950589
4
0
57423
2
0
876951613
4
0
57424
2
0
877019453
4
0
57425
2
0
877020477
4
0
57426
2
0
877021501
4
0
57427
2
0
877022525
4
0
57428
2
0
877023549
4
0
57429
2
0
877024573
4
0
57430
2
0
877025597
4
0
57431
2
0
877028157
4
0
57432
2
0
877029181
4
0
57433
2
0
877030205
4
0
57434
2
0
877031229
4
0
57435
2
0
877032253
4
0
57436
2
0
877033277
4
0
57437
2
0
877015101
4
0
57438
2
0
877016125
4
0
57439
2
0
877017149
4
0
57440
2
0
877084989
4
0
57441
2
0
877086013
4
0
57442
2
0
877087037
4
0
57443
2
0
877088061
4
0
57444
2
0
877089085
4
0
57445
2
0
877090109
4
0
57446
2
0
877091133
4
0
57447
2
0
877093693
4
0
57448
2
0
877094717
4
0
57449
2
0
877095741
4
0
57450
2
0
877096765
4
0
57451
2
0
877097789
4
0
57452
2
0
877098813
4
0
57453
2
0
877080637
4
0
57454
2
0
877081661
4
0
57455
2
0
877082685
4
0
57456
2
0
877150525
4
0
57457
2
0
877151549
4
0
57458
2
0
877152573
4
0
57459
2
0
877153597
4
0
57460
2
0
877154621
4
0
57461
2
0
877155645
4
0
57462
2
0
877156669
4
0
57463
2
0
877159229
4
0
57464
2
0
877160253
4
0
57465
2
0
877161277
4
0
57466
2
0
877162301
4
0
57467
2
0
877163325
4
0
57468
2
0
877164349
4
0
57469
2
0
877146173
4
0
57470
2
0
877147197
4
0
57471
2
0
877148221
4
0
57472
2
0
877216061
4
0
57473
2
0
877217085
4
0
57474
2
0
877218109
4
0
57475
2
0
877219133
4
0
57476
2
0
877220157
4
0
57477
2
0
877221181
4
0
57478
2
0
877222205
4
0
57479
2
0
877224765
4
0
57480
2
0
877225789
4
0
57481
2
0
877226813
4
0
57482
2
0
877227837
4
0
57483
2
0
877228861
4
0
57484
2
0
877229885
4
0
57485
2
0
877211709
4
0
57486
2
0
877212733
4
0
57487
2
0
877213757
4
0
57488
2
0
877281597
4
0
57489
2
0
877282621
4
0
57490
2
0
877283645
4
0
57491
2
0
877284669
4
0
57492
2
0
877285693
4
0
57493
2
0
877286717
4
0
57494
2
0
877287741
4
0
57495
2
0
877290301
4
0
57496
2
0
877291325
4
0
57497
2
0
877292349
4
0
57498
2
0
877293373
4
0
57499
2
0
877294397
4
0
57500
2
0
877295421
4
0
57501
2
0
877277245
4
0
57502
2
0
877278269
4
0
57503
2
0
877279293
4
0
57504
2
0
877347133
4
0
57505
2
0
877348157
4
0
57506
2
0
877349181
4
0
57507
2
0
877350205
4
0
57508
2
0
877351229
4
0
57509
2
0
877352253
4
0
57510
2
0
877353277
4
0
57511
2
0
877355837
4
0
57512
2
0
877356861
4
0
57513
2
0
877357885
4
0
57514
2
0
877358909
4
0
57515
2
0
877359933
4
0
57516
2
0
877360957
4
0
57517
2
0
877342781
4
0
57518
2
0
877343805
4
0
57519
2
0
877344829
4
0
57520
2
0
877412669
4
0
57521
2
0
877413693
4
0
57522
2
0
877414717
4
0
57523
2
0
877415741
4
0
57524
2
0
877416765
4
0
57525
2
0
877417789
4
0
57526
2
0
877418813
4
0
57527
2
0
877421373
4
0
57528
2
0
877422397
4
0
57529
2
0
877423421
4
0
57530
2
0
877424445
4
0
57531
2
0
877425469
4
0
57532
2
0
877426493
4
0
57533
2
0
877408317
4
0
57534
2
0
877409341
4
0
57535
2
0
877410365
4
0
57536
2
0
877478205
4
0
57537
2
0
877479229
4
0
57538
2
0
877480253
4
0
57539
2
0
877481277
4
0
57540
2
0
877482301
4
0
57541
2
0
877483325
4
0
57542
2
0
877484349
4
0
57543
2
0
877486909
4
0
57544
2
0
877487933
4
0
57545
2
0
877488957
4
0
57546
2
0
877489981
4
0
57547
2
0
877491005
4
0
57548
2
0
877492029
4
0
57549
2
0
877473853
4
0
57550
2
0
877474877
4
0
57551
2
0
877475901
4
0
57552
2
0
877543741
4
0
57553
2
0
877544765
4
0
57554
2
0
877545789
4
0
57555
2
0
877546813
4
0
57556
2
0
877547837
4
0
57557
2
0
877548861
4
0
57558
2
0
877549885
4
0
57559
2
0
877552445
4
0
57560
2
0
877553469
4
0
57561
2
0
877554493
4
0
57562
2
0
877555517
4
0
57563
2
0
877556541
4
0
57564
2
0
877557565
4
0
57565
2
0
877539389
4
0
57566
2
0
877540413
4
0
57567
2
0
877541437
4
0
57568
2
0
877609277
4
0
57569
2
0
877610301
4
0
57570
2
0
877611325
4
0
57571
2
0
877612349
4
0
57572
2
0
877613373
4
0
57573
2
0
877614397
4
0
57574
2
0
877615421
4
0
57575
2
0
877617981
4
0
57576
2
0
877619005
4
0
57577
2
0
877620029
4
0
57578
2
0
877621053
4
0
57579
2
0
877622077
4
0
57580
2
0
877623101
4
0
57581
2
0
877604925
4
0
57582
2
0
877605949
4
0
57583
2
0
877606973
4
0
57584
2
0
877674813
4
0
57585
2
0
877675837
4
0
57586
2
0
877676861
4
0
57587
2
0
877677885
4
0
57588
2
0
877678909
4
0
57589
2
0
877679933
4
0
57590
2
0
877680957
4
0
57591
2
0
877683517
4
0
57592
2
0
877684541
4
0
57593
2
0
877685565
4
0
57594
2
0
877686589
4
0
57595
2
0
877687613
4
0
57596
2
0
877688637
4
0
57597
2
0
877670461
4
0
57598
2
0
877671485
4
0
57599
2
0
877672509
4
0
57600
2
0
877740349
4
0
57601
2
0
877741373
4
0
57602
2
0
877742397
4
0
57603
2
0
877743421
4
0
57604
2
0
877744445
4
0
57605
2
0
877745469
4
0
57606
2
0
877746493
4
0
57607
2
0
877749053
4
0
57608
2
0
877750077
4
0
57609
2
0
877751101
4
0
57610
2
0
877752125
4
0
57611
2
0
877753149
4
0
57612
2
0
877754173
4
0
57613
2
0
877735997
4
0
57614
2
0
877737021
4
0
57615
2
0
877738045
4
0
57616
2
0
877805885
4
0
57617
2
0
877806909
4
0
57618
2
0
877807933
4
0
57619
2
0
877808957
4
0
57620
2
0
877809981
4
0
57621
2
0
877811005
4
0
57622
2
0
877812029
4
0
57623
2
0
877814589
4
0
57624
2
0
877815613
4
0
57625
2
0
877816637
4
0
57626
2
0
877817661
4
0
57627
2
0
877818685
4
0
57628
2
0
877819709
4
0
57629
2
0
877801533
4
0
57630
2
0
877802557
4
0
57631
2
0
877803581
4
0
57632
2
0
877871421
4
0
57633
2
0
877872445
4
0
57634
2
0
877873469
4
0
57635
2
0
877874493
4
0
57636
2
0
877875517
4
0
57637
2
0
877876541
4
0
57638
2
0
877877565
4
0
57639
2
0
877880125
4
0
57640
2
0
877881149
4
0
57641
2
0
877882173
4
0
57642
2
0
877883197
4
0
57643
2
0
877884221
4
0
57644
2
0
877885245
4
0
57645
2
0
877867069
4
0
57646
2
0
877868093
4
0
57647
2
0
877869117
4
0
57648
2
0
877936957
4
0
57649
2
0
877937981
4
0
57650
2
0
877939005
4
0
57651
2
0
877940029
4
0
57652
2
0
877941053
4
0
57653
2
0
877942077
4
0
57654
2
0
877943101
4
0
57655
2
0
877945661
4
0
57656
2
0
877946685
4
0
57657
2
0
877947709
4
0
57658
2
0
877948733
4
0
57659
2
0
877949757
4
0
57660
2
0
877950781
4
0
57661
2
0
877932605
4
0
57662
2
0
877933629
4
0
57663
2
0
877934653
4
0
57664
2
0
878002493
4
0
57665
2
0
878003517
4
0
57666
2
0
878004541
4
0
57667
2
0
878005565
4
0
57668
2
0
878006589
4
0
57669
2
0
878007613
4
0
57670
2
0
878008637
4
0
57671
2
0
878011197
4
0
57672
2
0
878012221
4
0
57673
2
0
878013245
4
0
57674
2
0
878014269
4
0
57675
2
0
878015293
4
0
57676
2
0
878016317
4
0
57677
2
0
877998141
4
0
57678
2
0
877999165
4
0
57679
2
0
878000189
4
0
57680
2
0
878068029
4
0
57681
2
0
878069053
4
0
57682
2
0
878070077
4
0
57683
2
0
878071101
4
0
57684
2
0
878072125
4
0
57685
2
0
878073149
4
0
57686
2
0
878074173
4
0
57687
2
0
878076733
4
0
57688
2
0
878077757
4
0
57689
2
0
878078781
4
0
57690
2
0
878079805
4
0
57691
2
0
878080829
4
0
57692
2
0
878081853
4
0
57693
2
0
878063677
4
0
57694
2
0
878064701
4
0
57695
2
0
878065725
4
0
57696
2
0
878133565
4
0
57697
2
0
878134589
4
0
57698
2
0
878135613
4
0
57699
2
0
878136637
4
0
57700
2
0
878137661
4
0
57701
2
0
878138685
4
0
57702
2
0
878139709
4
0
57703
2
0
878142269
4
0
57704
2
0
878143293
4
0
57705
2
0
878144317
4
0
57706
2
0
878145341
4
0
57707
2
0
878146365
4
0
57708
2
0
878147389
4
0
57709
2
0
878129213
4
0
57710
2
0
878130237
4
0
57711
2
0
878131261
4
0
57712
2
0
878199101
4
0
57713
2
0
878200125
4
0
57714
2
0
878201149
4
0
57715
2
0
878202173
4
0
57716
2
0
878203197
4
0
57717
2
0
878204221
4
0
57718
2
0
878205245
4
0
57719
2
0
878207805
4
0
57720
2
0
878208829
4
0
57721
2
0
878209853
4
0
57722
2
0
878210877
4
0
57723
2
0
878211901
4
0
57724
2
0
878212925
4
0
57725
2
0
878194749
4
0
57726
2
0
878195773
4
0
57727
2
0
878196797
4
0
57728
2
0
878264637
4
0
57729
2
0
878265661
4
0
57730
2
0
878266685
4
0
57731
2
0
878267709
4
0
57732
2
0
878268733
4
0
57733
2
0
878269757
4
0
57734
2
0
878270781
4
0
57735
2
0
878273341
4
0
57736
2
0
878274365
4
0
57737
2
0
878275389
4
0
57738
2
0
878276413
4
0
57739
2
0
878277437
4
0
57740
2
0
878278461
4
0
57741
2
0
878260285
4
0
57742
2
0
878261309
4
0
57743
2
0
878262333
4
0
57744
2
0
878330173
4
0
57745
2
0
878331197
4
0
57746
2
0
878332221
4
0
57747
2
0
878333245
4
0
57748
2
0
878334269
4
0
57749
2
0
878335293
4
0
57750
2
0
878336317
4
0
57751
2
0
878338877
4
0
57752
2
0
878339901
4
0
57753
2
0
878340925
4
0
57754
2
0
878341949
4
0
57755
2
0
878342973
4
0
57756
2
0
878343997
4
0
57757
2
0
878325821
4
0
57758
2
0
878326845
4
0
57759
2
0
878327869
4
0
57760
2
0
878788925
4
0
57761
2
0
878789949
4
0
57762
2
0
878790973
4
0
57763
2
0
878791997
4
0
57764
2
0
878793021
4
0
57765
2
0
878794045
4
0
57766
2
0
878795069
4
0
57767
2
0
878797629
4
0
57768
2
0
878798653
4
0
57769
2
0
878799677
4
0
57770
2
0
878800701
4
0
57771
2
0
878801725
4
0
57772
2
0
878802749
4
0
57773
2
0
878784573
4
0
57774
2
0
878785597
4
0
57775
2
0
878786621
4
0
57776
2
0
878854461
4
0
57777
2
0
878855485
4
0
57778
2
0
878856509
4
0
57779
2
0
878857533
4
0
57780
2
0
878858557
4
0
57781
2
0
878859581
4
0
57782
2
0
878860605
4
0
57783
2
0
878863165
4
0
57784
2
0
878864189
4
0
57785
2
0
878865213
4
0
57786
2
0
878866237
4
0
57787
2
0
878867261
4
0
57788
2
0
878868285
4
0
57789
2
0
878850109
4
0
57790
2
0
878851133
4
0
57791
2
0
878852157
4
0
57792
2
0
878919997
4
0
57793
2
0
878921021
4
0
57794
2
0
878922045
4
0
57795
2
0
878923069
4
0
57796
2
0
878924093
4
0
57797
2
0
878925117
4
0
57798
2
0
878926141
4
0
57799
2
0
878928701
4
0
57800
2
0
878929725
4
0
57801
2
0
878930749
4
0
57802
2
0
878931773
4
0
57803
2
0
878932797
4
0
57804
2
0
878933821
4
0
57805
2
0
878915645
4
0
57806
2
0
878916669
4
0
57807
2
0
878917693
4
0
57808
2
0
878985533
4
0
57809
2
0
878986557
4
0
57810
2
0
878987581
4
0
57811
2
0
878988605
4
0
57812
2
0
878989629
4
0
57813
2
0
878990653
4
0
57814
2
0
878991677
4
0
57815
2
0
878994237
4
0
57816
2
0
878995261
4
0
57817
2
0
878996285
4
0
57818
2
0
878997309
4
0
57819
2
0
878998333
4
0
57820
2
0
878999357
4
0
57821
2
0
878981181
4
0
57822
2
0
878982205
4
0
57823
2
0
878983229
4
0
57824
2
0
879051069
4
0
57825
2
0
879052093
4
0
57826
2
0
879053117
4
0
57827
2
0
879054141
4
0
57828
2
0
879055165
4
0
57829
2
0
879056189
4
0
57830
2
0
879057213
4
0
57831
2
0
879059773
4
0
57832
2
0
879060797
4
0
57833
2
0
879061821
4
0
57834
2
0
879062845
4
0
57835
2
0
879063869
4
0
57836
2
0
879064893
4
0
57837
2
0
879046717
4
0
57838
2
0
879047741
4
0
57839
2
0
879048765
4
0
57840
2
0
879116605
4
0
57841
2
0
879117629
4
0
57842
2
0
879118653
4
0
57843
2
0
879119677
4
0
57844
2
0
879120701
4
0
57845
2
0
879121725
4
0
57846
2
0
879122749
4
0
57847
2
0
879125309
4
0
57848
2
0
879126333
4
0
57849
2
0
879127357
4
0
57850
2
0
879128381
4
0
57851
2
0
879129405
4
0
57852
2
0
879130429
4
0
57853
2
0
879112253
4
0
57854
2
0
879113277
4
0
57855
2
0
879114301
4
0
57856
2
0
879182141
4
0
57857
2
0
879183165
4
0
57858
2
0
879184189
4
0
57859
2
0
879185213
4
0
57860
2
0
879186237
4
0
57861
2
0
879187261
4
0
57862
2
0
879188285
4
0
57863
2
0
879190845
4
0
57864
2
0
879191869
4
0
57865
2
0
879192893
4
0
57866
2
0
879193917
4
0
57867
2
0
879194941
4
0
57868
2
0
879195965
4
0
57869
2
0
879177789
4
0
57870
2
0
879178813
4
0
57871
2
0
879179837
4
0
57872
2
0
879247677
4
0
57873
2
0
879248701
4
0
57874
2
0
879249725
4
0
57875
2
0
879250749
4
0
57876
2
0
879251773
4
0
57877
2
0
879252797
4
0
57878
2
0
879253821
4
0
57879
2
0
879256381
4
0
57880
2
0
879257405
4
0
57881
2
0
879258429
4
0
57882
2
0
879259453
4
0
57883
2
0
879260477
4
0
57884
2
0
879261501
4
0
57885
2
0
879243325
4
0
57886
2
0
879244349
4
0
57887
2
0
879245373
4
0
57888
2
0
879313213
4
0
57889
2
0
879314237
4
0
57890
2
0
879315261
4
0
57891
2
0
879316285
4
0
57892
2
0
879317309
4
0
57893
2
0
879318333
4
0
57894
2
0
879319357
4
0
57895
2
0
879321917
4
0
57896
2
0
879322941
4
0
57897
2
0
879323965
4
0
57898
2
0
879324989
4
0
57899
2
0
879326013
4
0
57900
2
0
879327037
4
0
57901
2
0
879308861
4
0
57902
2
0
879309885
4
0
57903
2
0
879310909
4
0
57904
2
0
879378749
4
0
57905
2
0
879379773
4
0
57906
2
0
879380797
4
0
57907
2
0
879381821
4
0
57908
2
0
879382845
4
0
57909
2
0
879383869
4
0
57910
2
0
879384893
4
0
57911
2
0
879387453
4
0
57912
2
0
879388477
4
0
57913
2
0
879389501
4
0
57914
2
0
879390525
4
0
57915
2
0
879391549
4
0
57916
2
0
879392573
4
0
57917
2
0
879374397
4
0
57918
2
0
879375421
4
0
57919
2
0
879376445
4
0
57920
2
0
879444285
4
0
57921
2
0
879445309
4
0
57922
2
0
879446333
4
0
57923
2
0
879447357
4
0
57924
2
0
879448381
4
0
57925
2
0
879449405
4
0
57926
2
0
879450429
4
0
57927
2
0
879452989
4
0
57928
2
0
879454013
4
0
57929
2
0
879455037
4
0
57930
2
0
879456061
4
0
57931
2
0
879457085
4
0
57932
2
0
879458109
4
0
57933
2
0
879439933
4
0
57934
2
0
879440957
4
0
57935
2
0
879441981
4
0
57936
2
0
879509821
4
0
57937
2
0
879510845
4
0
57938
2
0
879511869
4
0
57939
2
0
879512893
4
0
57940
2
0
879513917
4
0
57941
2
0
879514941
4
0
57942
2
0
879515965
4
0
57943
2
0
879518525
4
0
57944
2
0
879519549
4
0
57945
2
0
879520573
4
0
57946
2
0
879521597
4
0
57947
2
0
879522621
4
0
57948
2
0
879523645
4
0
57949
2
0
879505469
4
0
57950
2
0
879506493
4
0
57951
2
0
879507517
4
0
57952
2
0
879575357
4
0
57953
2
0
879576381
4
0
57954
2
0
879577405
4
0
57955
2
0
879578429
4
0
57956
2
0
879579453
4
0
57957
2
0
879580477
4
0
57958
2
0
879581501
4
0
57959
2
0
879584061
4
0
57960
2
0
879585085
4
0
57961
2
0
879586109
4
0
57962
2
0
879587133
4
0
57963
2
0
879588157
4
0
57964
2
0
879589181
4
0
57965
2
0
879571005
4
0
57966
2
0
879572029
4
0
57967
2
0
879573053
4
0
57968
2
0
879640893
4
0
57969
2
0
879641917
4
0
57970
2
0
879642941
4
0
57971
2
0
879643965
4
0
57972
2
0
879644989
4
0
57973
2
0
879646013
4
0
57974
2
0
879647037
4
0
57975
2
0
879649597
4
0
57976
2
0
879650621
4
0
57977
2
0
879651645
4
0
57978
2
0
879652669
4
0
57979
2
0
879653693
4
0
57980
2
0
879654717
4
0
57981
2
0
879636541
4
0
57982
2
0
879637565
4
0
57983
2
0
879638589
4
0
57984
2
0
879706429
4
0
57985
2
0
879707453
4
0
57986
2
0
879708477
4
0
57987
2
0
879709501
4
0
57988
2
0
879710525
4
0
57989
2
0
879711549
4
0
57990
2
0
879712573
4
0
57991
2
0
879715133
4
0
57992
2
0
879716157
4
0
57993
2
0
879717181
4
0
57994
2
0
879718205
4
0
57995
2
0
879719229
4
0
57996
2
0
879720253
4
0
57997
2
0
879702077
4
0
57998
2
0
879703101
4
0
57999
2
0
879704125
4
0
58000
2
0
879771965
4
0
58001
2
0
879772989
4
0
58002
2
0
879774013
4
0
58003
2
0
879775037
4
0
58004
2
0
879776061
4
0
58005
2
0
879777085
4
0
58006
2
0
879778109
4
0
58007
2
0
879780669
4
0
58008
2
0
879781693
4
0
58009
2
0
879782717
4
0
58010
2
0
879783741
4
0
58011
2
0
879784765
4
0
58012
2
0
879785789
4
0
58013
2
0
879767613
4
0
58014
2
0
879768637
4
0
58015
2
0
879769661
4
0
58016
2
0
879837501
4
0
58017
2
0
879838525
4
0
58018
2
0
879839549
4
0
58019
2
0
879840573
4
0
58020
2
0
879841597
4
0
58021
2
0
879842621
4
0
58022
2
0
879843645
4
0
58023
2
0
879846205
4
0
58024
2
0
879847229
4
0
58025
2
0
879848253
4
0
58026
2
0
879849277
4
0
58027
2
0
879850301
4
0
58028
2
0
879851325
4
0
58029
2
0
879833149
4
0
58030
2
0
879834173
4
0
58031
2
0
879835197
4
0
58032
2
0
879903037
4
0
58033
2
0
879904061
4
0
58034
2
0
879905085
4
0
58035
2
0
879906109
4
0
58036
2
0
879907133
4
0
58037
2
0
879908157
4
0
58038
2
0
879909181
4
0
58039
2
0
879911741
4
0
58040
2
0
879912765
4
0
58041
2
0
879913789
4
0
58042
2
0
879914813
4
0
58043
2
0
879915837
4
0
58044
2
0
879916861
4
0
58045
2
0
879898685
4
0
58046
2
0
879899709
4
0
58047
2
0
879900733
4
0
58048
2
0
879968573
4
0
58049
2
0
879969597
4
0
58050
2
0
879970621
4
0
58051
2
0
879971645
4
0
58052
2
0
879972669
4
0
58053
2
0
879973693
4
0
58054
2
0
879974717
4
0
58055
2
0
879977277
4
0
58056
2
0
879978301
4
0
58057
2
0
879979325
4
0
58058
2
0
879980349
4
0
58059
2
0
879981373
4
0
58060
2
0
879982397
4
0
58061
2
0
879964221
4
0
58062
2
0
879965245
4
0
58063
2
0
879966269
4
0
58064
2
0
880034109
4
0
58065
2
0
880035133
4
0
58066
2
0
880036157
4
0
58067
2
0
880037181
4
0
58068
2
0
880038205
4
0
58069
2
0
880039229
4
0
58070
2
0
880040253
4
0
58071
2
0
880042813
4
0
58072
2
0
880043837
4
0
58073
2
0
880044861
4
0
58074
2
0
880045885
4
0
58075
2
0
880046909
4
0
58076
2
0
880047933
4
0
58077
2
0
880029757
4
0
58078
2
0
880030781
4
0
58079
2
0
880031805
4
0
58080
2
0
880099645
4
0
58081
2
0
880100669
4
0
58082
2
0
880101693
4
0
58083
2
0
880102717
4
0
58084
2
0
880103741
4
0
58085
2
0
880104765
4
0
58086
2
0
880105789
4
0
58087
2
0
880108349
4
0
58088
2
0
880109373
4
0
58089
2
0
880110397
4
0
58090
2
0
880111421
4
0
58091
2
0
880112445
4
0
58092
2
0
880113469
4
0
58093
2
0
880095293
4
0
58094
2
0
880096317
4
0
58095
2
0
880097341
4
0
58096
2
0
880165181
4
0
58097
2
0
880166205
4
0
58098
2
0
880167229
4
0
58099
2
0
880168253
4
0
58100
2
0
880169277
4
0
58101
2
0
880170301
4
0
58102
2
0
880171325
4
0
58103
2
0
880173885
4
0
58104
2
0
880174909
4
0
58105
2
0
880175933
4
0
58106
2
0
880176957
4
0
58107
2
0
880177981
4
0
58108
2
0
880179005
4
0
58109
2
0
880160829
4
0
58110
2
0
880161853
4
0
58111
2
0
880162877
4
0
58112
2
0
880230717
4
0
58113
2
0
880231741
4
0
58114
2
0
880232765
4
0
58115
2
0
880233789
4
0
58116
2
0
880234813
4
0
58117
2
0
880235837
4
0
58118
2
0
880236861
4
0
58119
2
0
880239421
4
0
58120
2
0
880240445
4
0
58121
2
0
880241469
4
0
58122
2
0
880242493
4
0
58123
2
0
880243517
4
0
58124
2
0
880244541
4
0
58125
2
0
880226365
4
0
58126
2
0
880227389
4
0
58127
2
0
880228413
4
0
58128
2
0
880296253
4
0
58129
2
0
880297277
4
0
58130
2
0
880298301
4
0
58131
2
0
880299325
4
0
58132
2
0
880300349
4
0
58133
2
0
880301373
4
0
58134
2
0
880302397
4
0
58135
2
0
880304957
4
0
58136
2
0
880305981
4
0
58137
2
0
880307005
4
0
58138
2
0
880308029
4
0
58139
2
0
880309053
4
0
58140
2
0
880310077
4
0
58141
2
0
880291901
4
0
58142
2
0
880292925
4
0
58143
2
0
880293949
4
0
58144
2
0
880361789
4
0
58145
2
0
880362813
4
0
58146
2
0
880363837
4
0
58147
2
0
880364861
4
0
58148
2
0
880365885
4
0
58149
2
0
880366909
4
0
58150
2
0
880367933
4
0
58151
2
0
880370493
4
0
58152
2
0
880371517
4
0
58153
2
0
880372541
4
0
58154
2
0
880373565
4
0
58155
2
0
880374589
4
0
58156
2
0
880375613
4
0
58157
2
0
880357437
4
0
58158
2
0
880358461
4
0
58159
2
0
880359485
4
0
58160
2
0
880427325
4
0
58161
2
0
880428349
4
0
58162
2
0
880429373
4
0
58163
2
0
880430397
4
0
58164
2
0
880431421
4
0
58165
2
0
880432445
4
0
58166
2
0
880433469
4
0
58167
2
0
880436029
4
0
58168
2
0
880437053
4
0
58169
2
0
880438077
4
0
58170
2
0
880439101
4
0
58171
2
0
880440125
4
0
58172
2
0
880441149
4
0
58173
2
0
880422973
4
0
58174
2
0
880423997
4
0
58175
2
0
880425021
4
0
58176
2
0
875577661
4
0
58177
2
0
875578685
4
0
58178
2
0
875579709
4
0
58179
2
0
875580733
4
0
58180
2
0
875581757
4
0
58181
2
0
875582781
4
0
58182
2
0
875583805
4
0
58183
2
0
875586365
4
0
58184
2
0
875587389
4
0
58185
2
0
875588413
4
0
58186
2
0
875589437
4
0
58187
2
0
875590461
4
0
58188
2
0
875591485
4
0
58189
2
0
875573309
4
0
58190
2
0
875574333
4
0
58191
2
0
875575357
4
0
58192
2
0
875643197
4
0
58193
2
0
875644221
4
0
58194
2
0
875645245
4
0
58195
2
0
875646269
4
0
58196
2
0
875647293
4
0
58197
2
0
875648317
4
0
58198
2
0
875649341
4
0
58199
2
0
875651901
4
0
58200
2
0
875652925
4
0
58201
2
0
875653949
4
0
58202
2
0
875654973
4
0
58203
2
0
875655997
4
0
58204
2
0
875657021
4
0
58205
2
0
875638845
4
0
58206
2
0
875639869
4
0
58207
2
0
875640893
4
0
58208
2
0
875708733
4
0
58209
2
0
875709757
4
0
58210
2
0
875710781
4
0
58211
2
0
875711805
4
0
58212
2
0
875712829
4
0
58213
2
0
875713853
4
0
58214
2
0
875714877
4
0
58215
2
0
875717437
4
0
58216
2
0
875718461
4
0
58217
2
0
875719485
4
0
58218
2
0
875720509
4
0
58219
2
0
875721533
4
0
58220
2
0
875722557
4
0
58221
2
0
875704381
4
0
58222
2
0
875705405
4
0
58223
2
0
875706429
4
0
58224
2
0
875774269
4
0
58225
2
0
875775293
4
0
58226
2
0
875776317
4
0
58227
2
0
875777341
4
0
58228
2
0
875778365
4
0
58229
2
0
875779389
4
0
58230
2
0
875780413
4
0
58231
2
0
875782973
4
0
58232
2
0
875783997
4
0
58233
2
0
875785021
4
0
58234
2
0
875786045
4
0
58235
2
0
875787069
4
0
58236
2
0
875788093
4
0
58237
2
0
875769917
4
0
58238
2
0
875770941
4
0
58239
2
0
875771965
4
0
58240
2
0
875839805
4
0
58241
2
0
875840829
4
0
58242
2
0
875841853
4
0
58243
2
0
875842877
4
0
58244
2
0
875843901
4
0
58245
2
0
875844925
4
0
58246
2
0
875845949
4
0
58247
2
0
875848509
4
0
58248
2
0
875849533
4
0
58249
2
0
875850557
4
0
58250
2
0
875851581
4
0
58251
2
0
875852605
4
0
58252
2
0
875853629
4
0
58253
2
0
875835453
4
0
58254
2
0
875836477
4
0
58255
2
0
875837501
4
0
58256
2
0
875905341
4
0
58257
2
0
875906365
4
0
58258
2
0
875907389
4
0
58259
2
0
875908413
4
0
58260
2
0
875909437
4
0
58261
2
0
875910461
4
0
58262
2
0
875911485
4
0
58263
2
0
875914045
4
0
58264
2
0
875915069
4
0
58265
2
0
875916093
4
0
58266
2
0
875917117
4
0
58267
2
0
875918141
4
0
58268
2
0
875919165
4
0
58269
2
0
875900989
4
0
58270
2
0
875902013
4
0
58271
2
0
875903037
4
0
58272
2
0
875970877
4
0
58273
2
0
875971901
4
0
58274
2
0
875972925
4
0
58275
2
0
875973949
4
0
58276
2
0
875974973
4
0
58277
2
0
875975997
4
0
58278
2
0
875977021
4
0
58279
2
0
875979581
4
0
58280
2
0
875980605
4
0
58281
2
0
875981629
4
0
58282
2
0
875982653
4
0
58283
2
0
875983677
4
0
58284
2
0
875984701
4
0
58285
2
0
875966525
4
0
58286
2
0
875967549
4
0
58287
2
0
875968573
4
0
58288
2
0
876036413
4
0
58289
2
0
876037437
4
0
58290
2
0
876038461
4
0
58291
2
0
876039485
4
0
58292
2
0
876040509
4
0
58293
2
0
876041533
4
0
58294
2
0
876042557
4
0
58295
2
0
876045117
4
0
58296
2
0
876046141
4
0
58297
2
0
876047165
4
0
58298
2
0
876048189
4
0
58299
2
0
876049213
4
0
58300
2
0
876050237
4
0
58301
2
0
876032061
4
0
58302
2
0
876033085
4
0
58303
2
0
876034109
4
0
58304
2
0
876101949
4
0
58305
2
0
876102973
4
0
58306
2
0
876103997
4
0
58307
2
0
876105021
4
0
58308
2
0
876106045
4
0
58309
2
0
876107069
4
0
58310
2
0
876108093
4
0
58311
2
0
876110653
4
0
58312
2
0
876111677
4
0
58313
2
0
876112701
4
0
58314
2
0
876113725
4
0
58315
2
0
876114749
4
0
58316
2
0
876115773
4
0
58317
2
0
876097597
4
0
58318
2
0
876098621
4
0
58319
2
0
876099645
4
0
58320
2
0
876167485
4
0
58321
2
0
876168509
4
0
58322
2
0
876169533
4
0
58323
2
0
876170557
4
0
58324
2
0
876171581
4
0
58325
2
0
876172605
4
0
58326
2
0
876173629
4
0
58327
2
0
876176189
4
0
58328
2
0
876177213
4
0
58329
2
0
876178237
4
0
58330
2
0
876179261
4
0
58331
2
0
876180285
4
0
58332
2
0
876181309
4
0
58333
2
0
876163133
4
0
58334
2
0
876164157
4
0
58335
2
0
876165181
4
0
58336
2
0
875249981
4
0
58337
2
0
875251005
4
0
58338
2
0
875252029
4
0
58339
2
0
875253053
4
0
58340
2
0
875254077
4
0
58341
2
0
875255101
4
0
58342
2
0
875256125
4
0
58343
2
0
875258685
4
0
58344
2
0
875259709
4
0
58345
2
0
875260733
4
0
58346
2
0
875261757
4
0
58347
2
0
875262781
4
0
58348
2
0
875263805
4
0
58349
2
0
875245629
4
0
58350
2
0
875246653
4
0
58351
2
0
875247677
4
0
58352
2
0
875512125
4
0
58353
2
0
875513149
4
0
58354
2
0
875514173
4
0
58355
2
0
875515197
4
0
58356
2
0
875516221
4
0
58357
2
0
875517245
4
0
58358
2
0
875518269
4
0
58359
2
0
875520829
4
0
58360
2
0
875521853
4
0
58361
2
0
875522877
4
0
58362
2
0
875523901
4
0
58363
2
0
875524925
4
0
58364
2
0
875525949
4
0
58365
2
0
875507773
4
0
58366
2
0
875508797
4
0
58367
2
0
875509821
4
