1024
0
8192
2
0
1229013309
4
0
8193
2
0
1229014333
4
0
8194
2
0
1229015357
4
0
8195
2
0
1229016381
4
0
8196
2
0
1229017405
4
0
8197
2
0
1229018429
4
0
8198
2
0
1229019453
4
0
8199
2
0
1229022013
4
0
8200
2
0
1229023037
4
0
8201
2
0
1229024061
4
0
8202
2
0
1229025085
4
0
8203
2
0
1229026109
4
0
8204
2
0
1229027133
4
0
8205
2
0
1229008957
4
0
8206
2
0
1229009981
4
0
8207
2
0
1229011005
4
0
8208
2
0
1229078845
4
0
8209
2
0
1229079869
4
0
8210
2
0
1229080893
4
0
8211
2
0
1229081917
4
0
8212
2
0
1229082941
4
0
8213
2
0
1229083965
4
0
8214
2
0
1229084989
4
0
8215
2
0
1229087549
4
0
8216
2
0
1229088573
4
0
8217
2
0
1229089597
4
0
8218
2
0
1229090621
4
0
8219
2
0
1229091645
4
0
8220
2
0
1229092669
4
0
8221
2
0
1229074493
4
0
8222
2
0
1229075517
4
0
8223
2
0
1229076541
4
0
8224
2
0
1229144381
4
0
8225
2
0
1229145405
4
0
8226
2
0
1229146429
4
0
8227
2
0
1229147453
4
0
8228
2
0
1229148477
4
0
8229
2
0
1229149501
4
0
8230
2
0
1229150525
4
0
8231
2
0
1229153085
4
0
8232
2
0
1229154109
4
0
8233
2
0
1229155133
4
0
8234
2
0
1229156157
4
0
8235
2
0
1229157181
4
0
8236
2
0
1229158205
4
0
8237
2
0
1229140029
4
0
8238
2
0
1229141053
4
0
8239
2
0
1229142077
4
0
8240
2
0
1229209917
4
0
8241
2
0
1229210941
4
0
8242
2
0
1229211965
4
0
8243
2
0
1229212989
4
0
8244
2
0
1229214013
4
0
8245
2
0
1229215037
4
0
8246
2
0
1229216061
4
0
8247
2
0
1229218621
4
0
8248
2
0
1229219645
4
0
8249
2
0
1229220669
4
0
8250
2
0
1229221693
4
0
8251
2
0
1229222717
4
0
8252
2
0
1229223741
4
0
8253
2
0
1229205565
4
0
8254
2
0
1229206589
4
0
8255
2
0
1229207613
4
0
8256
2
0
1229275453
4
0
8257
2
0
1229276477
4
0
8258
2
0
1229277501
4
0
8259
2
0
1229278525
4
0
8260
2
0
1229279549
4
0
8261
2
0
1229280573
4
0
8262
2
0
1229281597
4
0
8263
2
0
1229284157
4
0
8264
2
0
1229285181
4
0
8265
2
0
1229286205
4
0
8266
2
0
1229287229
4
0
8267
2
0
1229288253
4
0
8268
2
0
1229289277
4
0
8269
2
0
1229271101
4
0
8270
2
0
1229272125
4
0
8271
2
0
1229273149
4
0
8272
2
0
1229340989
4
0
8273
2
0
1229342013
4
0
8274
2
0
1229343037
4
0
8275
2
0
1229344061
4
0
8276
2
0
1229345085
4
0
8277
2
0
1229346109
4
0
8278
2
0
1229347133
4
0
8279
2
0
1229349693
4
0
8280
2
0
1229350717
4
0
8281
2
0
1229351741
4
0
8282
2
0
1229352765
4
0
8283
2
0
1229353789
4
0
8284
2
0
1229354813
4
0
8285
2
0
1229336637
4
0
8286
2
0
1229337661
4
0
8287
2
0
1229338685
4
0
8288
2
0
1229406525
4
0
8289
2
0
1229407549
4
0
8290
2
0
1229408573
4
0
8291
2
0
1229409597
4
0
8292
2
0
1229410621
4
0
8293
2
0
1229411645
4
0
8294
2
0
1229412669
4
0
8295
2
0
1229415229
4
0
8296
2
0
1229416253
4
0
8297
2
0
1229417277
4
0
8298
2
0
1229418301
4
0
8299
2
0
1229419325
4
0
8300
2
0
1229420349
4
0
8301
2
0
1229402173
4
0
8302
2
0
1229403197
4
0
8303
2
0
1229404221
4
0
8304
2
0
1229472061
4
0
8305
2
0
1229473085
4
0
8306
2
0
1229474109
4
0
8307
2
0
1229475133
4
0
8308
2
0
1229476157
4
0
8309
2
0
1229477181
4
0
8310
2
0
1229478205
4
0
8311
2
0
1229480765
4
0
8312
2
0
1229481789
4
0
8313
2
0
1229482813
4
0
8314
2
0
1229483837
4
0
8315
2
0
1229484861
4
0
8316
2
0
1229485885
4
0
8317
2
0
1229467709
4
0
8318
2
0
1229468733
4
0
8319
2
0
1229469757
4
0
8320
2
0
1229537597
4
0
8321
2
0
1229538621
4
0
8322
2
0
1229539645
4
0
8323
2
0
1229540669
4
0
8324
2
0
1229541693
4
0
8325
2
0
1229542717
4
0
8326
2
0
1229543741
4
0
8327
2
0
1229546301
4
0
8328
2
0
1229547325
4
0
8329
2
0
1229548349
4
0
8330
2
0
1229549373
4
0
8331
2
0
1229550397
4
0
8332
2
0
1229551421
4
0
8333
2
0
1229533245
4
0
8334
2
0
1229534269
4
0
8335
2
0
1229535293
4
0
8336
2
0
1229603133
4
0
8337
2
0
1229604157
4
0
8338
2
0
1229605181
4
0
8339
2
0
1229606205
4
0
8340
2
0
1229607229
4
0
8341
2
0
1229608253
4
0
8342
2
0
1229609277
4
0
8343
2
0
1229611837
4
0
8344
2
0
1229612861
4
0
8345
2
0
1229613885
4
0
8346
2
0
1229614909
4
0
8347
2
0
1229615933
4
0
8348
2
0
1229616957
4
0
8349
2
0
1229598781
4
0
8350
2
0
1229599805
4
0
8351
2
0
1229600829
4
0
8352
2
0
1229668669
4
0
8353
2
0
1229669693
4
0
8354
2
0
1229670717
4
0
8355
2
0
1229671741
4
0
8356
2
0
1229672765
4
0
8357
2
0
1229673789
4
0
8358
2
0
1229674813
4
0
8359
2
0
1229677373
4
0
8360
2
0
1229678397
4
0
8361
2
0
1229679421
4
0
8362
2
0
1229680445
4
0
8363
2
0
1229681469
4
0
8364
2
0
1229682493
4
0
8365
2
0
1229664317
4
0
8366
2
0
1229665341
4
0
8367
2
0
1229666365
4
0
8368
2
0
1229734205
4
0
8369
2
0
1229735229
4
0
8370
2
0
1229736253
4
0
8371
2
0
1229737277
4
0
8372
2
0
1229738301
4
0
8373
2
0
1229739325
4
0
8374
2
0
1229740349
4
0
8375
2
0
1229742909
4
0
8376
2
0
1229743933
4
0
8377
2
0
1229744957
4
0
8378
2
0
1229745981
4
0
8379
2
0
1229747005
4
0
8380
2
0
1229748029
4
0
8381
2
0
1229729853
4
0
8382
2
0
1229730877
4
0
8383
2
0
1229731901
4
0
8384
2
0
1229799741
4
0
8385
2
0
1229800765
4
0
8386
2
0
1229801789
4
0
8387
2
0
1229802813
4
0
8388
2
0
1229803837
4
0
8389
2
0
1229804861
4
0
8390
2
0
1229805885
4
0
8391
2
0
1229808445
4
0
8392
2
0
1229809469
4
0
8393
2
0
1229810493
4
0
8394
2
0
1229811517
4
0
8395
2
0
1229812541
4
0
8396
2
0
1229813565
4
0
8397
2
0
1229795389
4
0
8398
2
0
1229796413
4
0
8399
2
0
1229797437
4
0
8400
2
0
1229865277
4
0
8401
2
0
1229866301
4
0
8402
2
0
1229867325
4
0
8403
2
0
1229868349
4
0
8404
2
0
1229869373
4
0
8405
2
0
1229870397
4
0
8406
2
0
1229871421
4
0
8407
2
0
1229873981
4
0
8408
2
0
1229875005
4
0
8409
2
0
1229876029
4
0
8410
2
0
1229877053
4
0
8411
2
0
1229878077
4
0
8412
2
0
1229879101
4
0
8413
2
0
1229860925
4
0
8414
2
0
1229861949
4
0
8415
2
0
1229862973
4
0
8416
2
0
1229930813
4
0
8417
2
0
1229931837
4
0
8418
2
0
1229932861
4
0
8419
2
0
1229933885
4
0
8420
2
0
1229934909
4
0
8421
2
0
1229935933
4
0
8422
2
0
1229936957
4
0
8423
2
0
1229939517
4
0
8424
2
0
1229940541
4
0
8425
2
0
1229941565
4
0
8426
2
0
1229942589
4
0
8427
2
0
1229943613
4
0
8428
2
0
1229944637
4
0
8429
2
0
1229926461
4
0
8430
2
0
1229927485
4
0
8431
2
0
1229928509
4
0
8432
2
0
1229996349
4
0
8433
2
0
1229997373
4
0
8434
2
0
1229998397
4
0
8435
2
0
1229999421
4
0
8436
2
0
1230000445
4
0
8437
2
0
1230001469
4
0
8438
2
0
1230002493
4
0
8439
2
0
1230005053
4
0
8440
2
0
1230006077
4
0
8441
2
0
1230007101
4
0
8442
2
0
1230008125
4
0
8443
2
0
1230009149
4
0
8444
2
0
1230010173
4
0
8445
2
0
1229991997
4
0
8446
2
0
1229993021
4
0
8447
2
0
1229994045
4
0
8448
2
0
1230061885
4
0
8449
2
0
1230062909
4
0
8450
2
0
1230063933
4
0
8451
2
0
1230064957
4
0
8452
2
0
1230065981
4
0
8453
2
0
1230067005
4
0
8454
2
0
1230068029
4
0
8455
2
0
1230070589
4
0
8456
2
0
1230071613
4
0
8457
2
0
1230072637
4
0
8458
2
0
1230073661
4
0
8459
2
0
1230074685
4
0
8460
2
0
1230075709
4
0
8461
2
0
1230057533
4
0
8462
2
0
1230058557
4
0
8463
2
0
1230059581
4
0
8464
2
0
1230127421
4
0
8465
2
0
1230128445
4
0
8466
2
0
1230129469
4
0
8467
2
0
1230130493
4
0
8468
2
0
1230131517
4
0
8469
2
0
1230132541
4
0
8470
2
0
1230133565
4
0
8471
2
0
1230136125
4
0
8472
2
0
1230137149
4
0
8473
2
0
1230138173
4
0
8474
2
0
1230139197
4
0
8475
2
0
1230140221
4
0
8476
2
0
1230141245
4
0
8477
2
0
1230123069
4
0
8478
2
0
1230124093
4
0
8479
2
0
1230125117
4
0
8480
2
0
1230192957
4
0
8481
2
0
1230193981
4
0
8482
2
0
1230195005
4
0
8483
2
0
1230196029
4
0
8484
2
0
1230197053
4
0
8485
2
0
1230198077
4
0
8486
2
0
1230199101
4
0
8487
2
0
1230201661
4
0
8488
2
0
1230202685
4
0
8489
2
0
1230203709
4
0
8490
2
0
1230204733
4
0
8491
2
0
1230205757
4
0
8492
2
0
1230206781
4
0
8493
2
0
1230188605
4
0
8494
2
0
1230189629
4
0
8495
2
0
1230190653
4
0
8496
2
0
1230258493
4
0
8497
2
0
1230259517
4
0
8498
2
0
1230260541
4
0
8499
2
0
1230261565
4
0
8500
2
0
1230262589
4
0
8501
2
0
1230263613
4
0
8502
2
0
1230264637
4
0
8503
2
0
1230267197
4
0
8504
2
0
1230268221
4
0
8505
2
0
1230269245
4
0
8506
2
0
1230270269
4
0
8507
2
0
1230271293
4
0
8508
2
0
1230272317
4
0
8509
2
0
1230254141
4
0
8510
2
0
1230255165
4
0
8511
2
0
1230256189
4
0
8512
2
0
1230324029
4
0
8513
2
0
1230325053
4
0
8514
2
0
1230326077
4
0
8515
2
0
1230327101
4
0
8516
2
0
1230328125
4
0
8517
2
0
1230329149
4
0
8518
2
0
1230330173
4
0
8519
2
0
1230332733
4
0
8520
2
0
1230333757
4
0
8521
2
0
1230334781
4
0
8522
2
0
1230335805
4
0
8523
2
0
1230336829
4
0
8524
2
0
1230337853
4
0
8525
2
0
1230319677
4
0
8526
2
0
1230320701
4
0
8527
2
0
1230321725
4
0
8528
2
0
1230389565
4
0
8529
2
0
1230390589
4
0
8530
2
0
1230391613
4
0
8531
2
0
1230392637
4
0
8532
2
0
1230393661
4
0
8533
2
0
1230394685
4
0
8534
2
0
1230395709
4
0
8535
2
0
1230398269
4
0
8536
2
0
1230399293
4
0
8537
2
0
1230400317
4
0
8538
2
0
1230401341
4
0
8539
2
0
1230402365
4
0
8540
2
0
1230403389
4
0
8541
2
0
1230385213
4
0
8542
2
0
1230386237
4
0
8543
2
0
1230387261
4
0
8544
2
0
1230455101
4
0
8545
2
0
1230456125
4
0
8546
2
0
1230457149
4
0
8547
2
0
1230458173
4
0
8548
2
0
1230459197
4
0
8549
2
0
1230460221
4
0
8550
2
0
1230461245
4
0
8551
2
0
1230463805
4
0
8552
2
0
1230464829
4
0
8553
2
0
1230465853
4
0
8554
2
0
1230466877
4
0
8555
2
0
1230467901
4
0
8556
2
0
1230468925
4
0
8557
2
0
1230450749
4
0
8558
2
0
1230451773
4
0
8559
2
0
1230452797
4
0
8560
2
0
1230520637
4
0
8561
2
0
1230521661
4
0
8562
2
0
1230522685
4
0
8563
2
0
1230523709
4
0
8564
2
0
1230524733
4
0
8565
2
0
1230525757
4
0
8566
2
0
1230526781
4
0
8567
2
0
1230529341
4
0
8568
2
0
1230530365
4
0
8569
2
0
1230531389
4
0
8570
2
0
1230532413
4
0
8571
2
0
1230533437
4
0
8572
2
0
1230534461
4
0
8573
2
0
1230516285
4
0
8574
2
0
1230517309
4
0
8575
2
0
1230518333
4
0
8576
2
0
1230586173
4
0
8577
2
0
1230587197
4
0
8578
2
0
1230588221
4
0
8579
2
0
1230589245
4
0
8580
2
0
1230590269
4
0
8581
2
0
1230591293
4
0
8582
2
0
1230592317
4
0
8583
2
0
1230594877
4
0
8584
2
0
1230595901
4
0
8585
2
0
1230596925
4
0
8586
2
0
1230597949
4
0
8587
2
0
1230598973
4
0
8588
2
0
1230599997
4
0
8589
2
0
1230581821
4
0
8590
2
0
1230582845
4
0
8591
2
0
1230583869
4
0
8592
2
0
1230651709
4
0
8593
2
0
1230652733
4
0
8594
2
0
1230653757
4
0
8595
2
0
1230654781
4
0
8596
2
0
1230655805
4
0
8597
2
0
1230656829
4
0
8598
2
0
1230657853
4
0
8599
2
0
1230660413
4
0
8600
2
0
1230661437
4
0
8601
2
0
1230662461
4
0
8602
2
0
1230663485
4
0
8603
2
0
1230664509
4
0
8604
2
0
1230665533
4
0
8605
2
0
1230647357
4
0
8606
2
0
1230648381
4
0
8607
2
0
1230649405
4
0
8608
2
0
1231110461
4
0
8609
2
0
1231111485
4
0
8610
2
0
1231112509
4
0
8611
2
0
1231113533
4
0
8612
2
0
1231114557
4
0
8613
2
0
1231115581
4
0
8614
2
0
1231116605
4
0
8615
2
0
1231119165
4
0
8616
2
0
1231120189
4
0
8617
2
0
1231121213
4
0
8618
2
0
1231122237
4
0
8619
2
0
1231123261
4
0
8620
2
0
1231124285
4
0
8621
2
0
1231106109
4
0
8622
2
0
1231107133
4
0
8623
2
0
1231108157
4
0
8624
2
0
1231175997
4
0
8625
2
0
1231177021
4
0
8626
2
0
1231178045
4
0
8627
2
0
1231179069
4
0
8628
2
0
1231180093
4
0
8629
2
0
1231181117
4
0
8630
2
0
1231182141
4
0
8631
2
0
1231184701
4
0
8632
2
0
1231185725
4
0
8633
2
0
1231186749
4
0
8634
2
0
1231187773
4
0
8635
2
0
1231188797
4
0
8636
2
0
1231189821
4
0
8637
2
0
1231171645
4
0
8638
2
0
1231172669
4
0
8639
2
0
1231173693
4
0
8640
2
0
1231241533
4
0
8641
2
0
1231242557
4
0
8642
2
0
1231243581
4
0
8643
2
0
1231244605
4
0
8644
2
0
1231245629
4
0
8645
2
0
1231246653
4
0
8646
2
0
1231247677
4
0
8647
2
0
1231250237
4
0
8648
2
0
1231251261
4
0
8649
2
0
1231252285
4
0
8650
2
0
1231253309
4
0
8651
2
0
1231254333
4
0
8652
2
0
1231255357
4
0
8653
2
0
1231237181
4
0
8654
2
0
1231238205
4
0
8655
2
0
1231239229
4
0
8656
2
0
1231307069
4
0
8657
2
0
1231308093
4
0
8658
2
0
1231309117
4
0
8659
2
0
1231310141
4
0
8660
2
0
1231311165
4
0
8661
2
0
1231312189
4
0
8662
2
0
1231313213
4
0
8663
2
0
1231315773
4
0
8664
2
0
1231316797
4
0
8665
2
0
1231317821
4
0
8666
2
0
1231318845
4
0
8667
2
0
1231319869
4
0
8668
2
0
1231320893
4
0
8669
2
0
1231302717
4
0
8670
2
0
1231303741
4
0
8671
2
0
1231304765
4
0
8672
2
0
1231372605
4
0
8673
2
0
1231373629
4
0
8674
2
0
1231374653
4
0
8675
2
0
1231375677
4
0
8676
2
0
1231376701
4
0
8677
2
0
1231377725
4
0
8678
2
0
1231378749
4
0
8679
2
0
1231381309
4
0
8680
2
0
1231382333
4
0
8681
2
0
1231383357
4
0
8682
2
0
1231384381
4
0
8683
2
0
1231385405
4
0
8684
2
0
1231386429
4
0
8685
2
0
1231368253
4
0
8686
2
0
1231369277
4
0
8687
2
0
1231370301
4
0
8688
2
0
1231438141
4
0
8689
2
0
1231439165
4
0
8690
2
0
1231440189
4
0
8691
2
0
1231441213
4
0
8692
2
0
1231442237
4
0
8693
2
0
1231443261
4
0
8694
2
0
1231444285
4
0
8695
2
0
1231446845
4
0
8696
2
0
1231447869
4
0
8697
2
0
1231448893
4
0
8698
2
0
1231449917
4
0
8699
2
0
1231450941
4
0
8700
2
0
1231451965
4
0
8701
2
0
1231433789
4
0
8702
2
0
1231434813
4
0
8703
2
0
1231435837
4
0
8704
2
0
1231503677
4
0
8705
2
0
1231504701
4
0
8706
2
0
1231505725
4
0
8707
2
0
1231506749
4
0
8708
2
0
1231507773
4
0
8709
2
0
1231508797
4
0
8710
2
0
1231509821
4
0
8711
2
0
1231512381
4
0
8712
2
0
1231513405
4
0
8713
2
0
1231514429
4
0
8714
2
0
1231515453
4
0
8715
2
0
1231516477
4
0
8716
2
0
1231517501
4
0
8717
2
0
1231499325
4
0
8718
2
0
1231500349
4
0
8719
2
0
1231501373
4
0
8720
2
0
1231569213
4
0
8721
2
0
1231570237
4
0
8722
2
0
1231571261
4
0
8723
2
0
1231572285
4
0
8724
2
0
1231573309
4
0
8725
2
0
1231574333
4
0
8726
2
0
1231575357
4
0
8727
2
0
1231577917
4
0
8728
2
0
1231578941
4
0
8729
2
0
1231579965
4
0
8730
2
0
1231580989
4
0
8731
2
0
1231582013
4
0
8732
2
0
1231583037
4
0
8733
2
0
1231564861
4
0
8734
2
0
1231565885
4
0
8735
2
0
1231566909
4
0
8736
2
0
1231634749
4
0
8737
2
0
1231635773
4
0
8738
2
0
1231636797
4
0
8739
2
0
1231637821
4
0
8740
2
0
1231638845
4
0
8741
2
0
1231639869
4
0
8742
2
0
1231640893
4
0
8743
2
0
1231643453
4
0
8744
2
0
1231644477
4
0
8745
2
0
1231645501
4
0
8746
2
0
1231646525
4
0
8747
2
0
1231647549
4
0
8748
2
0
1231648573
4
0
8749
2
0
1231630397
4
0
8750
2
0
1231631421
4
0
8751
2
0
1231632445
4
0
8752
2
0
1231700285
4
0
8753
2
0
1231701309
4
0
8754
2
0
1231702333
4
0
8755
2
0
1231703357
4
0
8756
2
0
1231704381
4
0
8757
2
0
1231705405
4
0
8758
2
0
1231706429
4
0
8759
2
0
1231708989
4
0
8760
2
0
1231710013
4
0
8761
2
0
1231711037
4
0
8762
2
0
1231712061
4
0
8763
2
0
1231713085
4
0
8764
2
0
1231714109
4
0
8765
2
0
1231695933
4
0
8766
2
0
1231696957
4
0
8767
2
0
1231697981
4
0
8768
2
0
1231765821
4
0
8769
2
0
1231766845
4
0
8770
2
0
1231767869
4
0
8771
2
0
1231768893
4
0
8772
2
0
1231769917
4
0
8773
2
0
1231770941
4
0
8774
2
0
1231771965
4
0
8775
2
0
1231774525
4
0
8776
2
0
1231775549
4
0
8777
2
0
1231776573
4
0
8778
2
0
1231777597
4
0
8779
2
0
1231778621
4
0
8780
2
0
1231779645
4
0
8781
2
0
1231761469
4
0
8782
2
0
1231762493
4
0
8783
2
0
1231763517
4
0
8784
2
0
1231831357
4
0
8785
2
0
1231832381
4
0
8786
2
0
1231833405
4
0
8787
2
0
1231834429
4
0
8788
2
0
1231835453
4
0
8789
2
0
1231836477
4
0
8790
2
0
1231837501
4
0
8791
2
0
1231840061
4
0
8792
2
0
1231841085
4
0
8793
2
0
1231842109
4
0
8794
2
0
1231843133
4
0
8795
2
0
1231844157
4
0
8796
2
0
1231845181
4
0
8797
2
0
1231827005
4
0
8798
2
0
1231828029
4
0
8799
2
0
1231829053
4
0
8800
2
0
1231896893
4
0
8801
2
0
1231897917
4
0
8802
2
0
1231898941
4
0
8803
2
0
1231899965
4
0
8804
2
0
1231900989
4
0
8805
2
0
1231902013
4
0
8806
2
0
1231903037
4
0
8807
2
0
1231905597
4
0
8808
2
0
1231906621
4
0
8809
2
0
1231907645
4
0
8810
2
0
1231908669
4
0
8811
2
0
1231909693
4
0
8812
2
0
1231910717
4
0
8813
2
0
1231892541
4
0
8814
2
0
1231893565
4
0
8815
2
0
1231894589
4
0
8816
2
0
1231962429
4
0
8817
2
0
1231963453
4
0
8818
2
0
1231964477
4
0
8819
2
0
1231965501
4
0
8820
2
0
1231966525
4
0
8821
2
0
1231967549
4
0
8822
2
0
1231968573
4
0
8823
2
0
1231971133
4
0
8824
2
0
1231972157
4
0
8825
2
0
1231973181
4
0
8826
2
0
1231974205
4
0
8827
2
0
1231975229
4
0
8828
2
0
1231976253
4
0
8829
2
0
1231958077
4
0
8830
2
0
1231959101
4
0
8831
2
0
1231960125
4
0
8832
2
0
1232027965
4
0
8833
2
0
1232028989
4
0
8834
2
0
1232030013
4
0
8835
2
0
1232031037
4
0
8836
2
0
1232032061
4
0
8837
2
0
1232033085
4
0
8838
2
0
1232034109
4
0
8839
2
0
1232036669
4
0
8840
2
0
1232037693
4
0
8841
2
0
1232038717
4
0
8842
2
0
1232039741
4
0
8843
2
0
1232040765
4
0
8844
2
0
1232041789
4
0
8845
2
0
1232023613
4
0
8846
2
0
1232024637
4
0
8847
2
0
1232025661
4
0
8848
2
0
1232093501
4
0
8849
2
0
1232094525
4
0
8850
2
0
1232095549
4
0
8851
2
0
1232096573
4
0
8852
2
0
1232097597
4
0
8853
2
0
1232098621
4
0
8854
2
0
1232099645
4
0
8855
2
0
1232102205
4
0
8856
2
0
1232103229
4
0
8857
2
0
1232104253
4
0
8858
2
0
1232105277
4
0
8859
2
0
1232106301
4
0
8860
2
0
1232107325
4
0
8861
2
0
1232089149
4
0
8862
2
0
1232090173
4
0
8863
2
0
1232091197
4
0
8864
2
0
1232159037
4
0
8865
2
0
1232160061
4
0
8866
2
0
1232161085
4
0
8867
2
0
1232162109
4
0
8868
2
0
1232163133
4
0
8869
2
0
1232164157
4
0
8870
2
0
1232165181
4
0
8871
2
0
1232167741
4
0
8872
2
0
1232168765
4
0
8873
2
0
1232169789
4
0
8874
2
0
1232170813
4
0
8875
2
0
1232171837
4
0
8876
2
0
1232172861
4
0
8877
2
0
1232154685
4
0
8878
2
0
1232155709
4
0
8879
2
0
1232156733
4
0
8880
2
0
1232224573
4
0
8881
2
0
1232225597
4
0
8882
2
0
1232226621
4
0
8883
2
0
1232227645
4
0
8884
2
0
1232228669
4
0
8885
2
0
1232229693
4
0
8886
2
0
1232230717
4
0
8887
2
0
1232233277
4
0
8888
2
0
1232234301
4
0
8889
2
0
1232235325
4
0
8890
2
0
1232236349
4
0
8891
2
0
1232237373
4
0
8892
2
0
1232238397
4
0
8893
2
0
1232220221
4
0
8894
2
0
1232221245
4
0
8895
2
0
1232222269
4
0
8896
2
0
1232290109
4
0
8897
2
0
1232291133
4
0
8898
2
0
1232292157
4
0
8899
2
0
1232293181
4
0
8900
2
0
1232294205
4
0
8901
2
0
1232295229
4
0
8902
2
0
1232296253
4
0
8903
2
0
1232298813
4
0
8904
2
0
1232299837
4
0
8905
2
0
1232300861
4
0
8906
2
0
1232301885
4
0
8907
2
0
1232302909
4
0
8908
2
0
1232303933
4
0
8909
2
0
1232285757
4
0
8910
2
0
1232286781
4
0
8911
2
0
1232287805
4
0
8912
2
0
1232355645
4
0
8913
2
0
1232356669
4
0
8914
2
0
1232357693
4
0
8915
2
0
1232358717
4
0
8916
2
0
1232359741
4
0
8917
2
0
1232360765
4
0
8918
2
0
1232361789
4
0
8919
2
0
1232364349
4
0
8920
2
0
1232365373
4
0
8921
2
0
1232366397
4
0
8922
2
0
1232367421
4
0
8923
2
0
1232368445
4
0
8924
2
0
1232369469
4
0
8925
2
0
1232351293
4
0
8926
2
0
1232352317
4
0
8927
2
0
1232353341
4
0
8928
2
0
1232421181
4
0
8929
2
0
1232422205
4
0
8930
2
0
1232423229
4
0
8931
2
0
1232424253
4
0
8932
2
0
1232425277
4
0
8933
2
0
1232426301
4
0
8934
2
0
1232427325
4
0
8935
2
0
1232429885
4
0
8936
2
0
1232430909
4
0
8937
2
0
1232431933
4
0
8938
2
0
1232432957
4
0
8939
2
0
1232433981
4
0
8940
2
0
1232435005
4
0
8941
2
0
1232416829
4
0
8942
2
0
1232417853
4
0
8943
2
0
1232418877
4
0
8944
2
0
1232486717
4
0
8945
2
0
1232487741
4
0
8946
2
0
1232488765
4
0
8947
2
0
1232489789
4
0
8948
2
0
1232490813
4
0
8949
2
0
1232491837
4
0
8950
2
0
1232492861
4
0
8951
2
0
1232495421
4
0
8952
2
0
1232496445
4
0
8953
2
0
1232497469
4
0
8954
2
0
1232498493
4
0
8955
2
0
1232499517
4
0
8956
2
0
1232500541
4
0
8957
2
0
1232482365
4
0
8958
2
0
1232483389
4
0
8959
2
0
1232484413
4
0
8960
2
0
1232552253
4
0
8961
2
0
1232553277
4
0
8962
2
0
1232554301
4
0
8963
2
0
1232555325
4
0
8964
2
0
1232556349
4
0
8965
2
0
1232557373
4
0
8966
2
0
1232558397
4
0
8967
2
0
1232560957
4
0
8968
2
0
1232561981
4
0
8969
2
0
1232563005
4
0
8970
2
0
1232564029
4
0
8971
2
0
1232565053
4
0
8972
2
0
1232566077
4
0
8973
2
0
1232547901
4
0
8974
2
0
1232548925
4
0
8975
2
0
1232549949
4
0
8976
2
0
1232617789
4
0
8977
2
0
1232618813
4
0
8978
2
0
1232619837
4
0
8979
2
0
1232620861
4
0
8980
2
0
1232621885
4
0
8981
2
0
1232622909
4
0
8982
2
0
1232623933
4
0
8983
2
0
1232626493
4
0
8984
2
0
1232627517
4
0
8985
2
0
1232628541
4
0
8986
2
0
1232629565
4
0
8987
2
0
1232630589
4
0
8988
2
0
1232631613
4
0
8989
2
0
1232613437
4
0
8990
2
0
1232614461
4
0
8991
2
0
1232615485
4
0
8992
2
0
1232683325
4
0
8993
2
0
1232684349
4
0
8994
2
0
1232685373
4
0
8995
2
0
1232686397
4
0
8996
2
0
1232687421
4
0
8997
2
0
1232688445
4
0
8998
2
0
1232689469
4
0
8999
2
0
1232692029
4
0
9000
2
0
1232693053
4
0
9001
2
0
1232694077
4
0
9002
2
0
1232695101
4
0
9003
2
0
1232696125
4
0
9004
2
0
1232697149
4
0
9005
2
0
1232678973
4
0
9006
2
0
1232679997
4
0
9007
2
0
1232681021
4
0
9008
2
0
1232748861
4
0
9009
2
0
1232749885
4
0
9010
2
0
1232750909
4
0
9011
2
0
1232751933
4
0
9012
2
0
1232752957
4
0
9013
2
0
1232753981
4
0
9014
2
0
1232755005
4
0
9015
2
0
1232757565
4
0
9016
2
0
1232758589
4
0
9017
2
0
1232759613
4
0
9018
2
0
1232760637
4
0
9019
2
0
1232761661
4
0
9020
2
0
1232762685
4
0
9021
2
0
1232744509
4
0
9022
2
0
1232745533
4
0
9023
2
0
1232746557
4
0
9024
2
0
1227899197
4
0
9025
2
0
1227900221
4
0
9026
2
0
1227901245
4
0
9027
2
0
1227902269
4
0
9028
2
0
1227903293
4
0
9029
2
0
1227904317
4
0
9030
2
0
1227905341
4
0
9031
2
0
1227907901
4
0
9032
2
0
1227908925
4
0
9033
2
0
1227909949
4
0
9034
2
0
1227910973
4
0
9035
2
0
1227911997
4
0
9036
2
0
1227913021
4
0
9037
2
0
1227894845
4
0
9038
2
0
1227895869
4
0
9039
2
0
1227896893
4
0
9040
2
0
1227964733
4
0
9041
2
0
1227965757
4
0
9042
2
0
1227966781
4
0
9043
2
0
1227967805
4
0
9044
2
0
1227968829
4
0
9045
2
0
1227969853
4
0
9046
2
0
1227970877
4
0
9047
2
0
1227973437
4
0
9048
2
0
1227974461
4
0
9049
2
0
1227975485
4
0
9050
2
0
1227976509
4
0
9051
2
0
1227977533
4
0
9052
2
0
1227978557
4
0
9053
2
0
1227960381
4
0
9054
2
0
1227961405
4
0
9055
2
0
1227962429
4
0
9056
2
0
1228030269
4
0
9057
2
0
1228031293
4
0
9058
2
0
1228032317
4
0
9059
2
0
1228033341
4
0
9060
2
0
1228034365
4
0
9061
2
0
1228035389
4
0
9062
2
0
1228036413
4
0
9063
2
0
1228038973
4
0
9064
2
0
1228039997
4
0
9065
2
0
1228041021
4
0
9066
2
0
1228042045
4
0
9067
2
0
1228043069
4
0
9068
2
0
1228044093
4
0
9069
2
0
1228025917
4
0
9070
2
0
1228026941
4
0
9071
2
0
1228027965
4
0
9072
2
0
1228095805
4
0
9073
2
0
1228096829
4
0
9074
2
0
1228097853
4
0
9075
2
0
1228098877
4
0
9076
2
0
1228099901
4
0
9077
2
0
1228100925
4
0
9078
2
0
1228101949
4
0
9079
2
0
1228104509
4
0
9080
2
0
1228105533
4
0
9081
2
0
1228106557
4
0
9082
2
0
1228107581
4
0
9083
2
0
1228108605
4
0
9084
2
0
1228109629
4
0
9085
2
0
1228091453
4
0
9086
2
0
1228092477
4
0
9087
2
0
1228093501
4
0
9088
2
0
1228161341
4
0
9089
2
0
1228162365
4
0
9090
2
0
1228163389
4
0
9091
2
0
1228164413
4
0
9092
2
0
1228165437
4
0
9093
2
0
1228166461
4
0
9094
2
0
1228167485
4
0
9095
2
0
1228170045
4
0
9096
2
0
1228171069
4
0
9097
2
0
1228172093
4
0
9098
2
0
1228173117
4
0
9099
2
0
1228174141
4
0
9100
2
0
1228175165
4
0
9101
2
0
1228156989
4
0
9102
2
0
1228158013
4
0
9103
2
0
1228159037
4
0
9104
2
0
1228226877
4
0
9105
2
0
1228227901
4
0
9106
2
0
1228228925
4
0
9107
2
0
1228229949
4
0
9108
2
0
1228230973
4
0
9109
2
0
1228231997
4
0
9110
2
0
1228233021
4
0
9111
2
0
1228235581
4
0
9112
2
0
1228236605
4
0
9113
2
0
1228237629
4
0
9114
2
0
1228238653
4
0
9115
2
0
1228239677
4
0
9116
2
0
1228240701
4
0
9117
2
0
1228222525
4
0
9118
2
0
1228223549
4
0
9119
2
0
1228224573
4
0
9120
2
0
1228292413
4
0
9121
2
0
1228293437
4
0
9122
2
0
1228294461
4
0
9123
2
0
1228295485
4
0
9124
2
0
1228296509
4
0
9125
2
0
1228297533
4
0
9126
2
0
1228298557
4
0
9127
2
0
1228301117
4
0
9128
2
0
1228302141
4
0
9129
2
0
1228303165
4
0
9130
2
0
1228304189
4
0
9131
2
0
1228305213
4
0
9132
2
0
1228306237
4
0
9133
2
0
1228288061
4
0
9134
2
0
1228289085
4
0
9135
2
0
1228290109
4
0
9136
2
0
1228357949
4
0
9137
2
0
1228358973
4
0
9138
2
0
1228359997
4
0
9139
2
0
1228361021
4
0
9140
2
0
1228362045
4
0
9141
2
0
1228363069
4
0
9142
2
0
1228364093
4
0
9143
2
0
1228366653
4
0
9144
2
0
1228367677
4
0
9145
2
0
1228368701
4
0
9146
2
0
1228369725
4
0
9147
2
0
1228370749
4
0
9148
2
0
1228371773
4
0
9149
2
0
1228353597
4
0
9150
2
0
1228354621
4
0
9151
2
0
1228355645
4
0
9152
2
0
1228423485
4
0
9153
2
0
1228424509
4
0
9154
2
0
1228425533
4
0
9155
2
0
1228426557
4
0
9156
2
0
1228427581
4
0
9157
2
0
1228428605
4
0
9158
2
0
1228429629
4
0
9159
2
0
1228432189
4
0
9160
2
0
1228433213
4
0
9161
2
0
1228434237
4
0
9162
2
0
1228435261
4
0
9163
2
0
1228436285
4
0
9164
2
0
1228437309
4
0
9165
2
0
1228419133
4
0
9166
2
0
1228420157
4
0
9167
2
0
1228421181
4
0
9168
2
0
1228489021
4
0
9169
2
0
1228490045
4
0
9170
2
0
1228491069
4
0
9171
2
0
1228492093
4
0
9172
2
0
1228493117
4
0
9173
2
0
1228494141
4
0
9174
2
0
1228495165
4
0
9175
2
0
1228497725
4
0
9176
2
0
1228498749
4
0
9177
2
0
1228499773
4
0
9178
2
0
1228500797
4
0
9179
2
0
1228501821
4
0
9180
2
0
1228502845
4
0
9181
2
0
1228484669
4
0
9182
2
0
1228485693
4
0
9183
2
0
1228486717
4
0
9184
2
0
1227571517
4
0
9185
2
0
1227572541
4
0
9186
2
0
1227573565
4
0
9187
2
0
1227574589
4
0
9188
2
0
1227575613
4
0
9189
2
0
1227576637
4
0
9190
2
0
1227577661
4
0
9191
2
0
1227580221
4
0
9192
2
0
1227581245
4
0
9193
2
0
1227582269
4
0
9194
2
0
1227583293
4
0
9195
2
0
1227584317
4
0
9196
2
0
1227585341
4
0
9197
2
0
1227567165
4
0
9198
2
0
1227568189
4
0
9199
2
0
1227569213
4
0
9200
2
0
1227833661
4
0
9201
2
0
1227834685
4
0
9202
2
0
1227835709
4
0
9203
2
0
1227836733
4
0
9204
2
0
1227837757
4
0
9205
2
0
1227838781
4
0
9206
2
0
1227839805
4
0
9207
2
0
1227842365
4
0
9208
2
0
1227843389
4
0
9209
2
0
1227844413
4
0
9210
2
0
1227845437
4
0
9211
2
0
1227846461
4
0
9212
2
0
1227847485
4
0
9213
2
0
1227829309
4
0
9214
2
0
1227830333
4
0
9215
2
0
1227831357
4
