1024
0
46080
2
0
1950433597
4
0
46081
2
0
1950434621
4
0
46082
2
0
1950435645
4
0
46083
2
0
1950436669
4
0
46084
2
0
1950437693
4
0
46085
2
0
1950438717
4
0
46086
2
0
1950439741
4
0
46087
2
0
1950442301
4
0
46088
2
0
1950443325
4
0
46089
2
0
1950444349
4
0
46090
2
0
1950445373
4
0
46091
2
0
1950446397
4
0
46092
2
0
1950447421
4
0
46093
2
0
1950429245
4
0
46094
2
0
1950430269
4
0
46095
2
0
1950431293
4
0
46096
2
0
1950499133
4
0
46097
2
0
1950500157
4
0
46098
2
0
1950501181
4
0
46099
2
0
1950502205
4
0
46100
2
0
1950503229
4
0
46101
2
0
1950504253
4
0
46102
2
0
1950505277
4
0
46103
2
0
1950507837
4
0
46104
2
0
1950508861
4
0
46105
2
0
1950509885
4
0
46106
2
0
1950510909
4
0
46107
2
0
1950511933
4
0
46108
2
0
1950512957
4
0
46109
2
0
1950494781
4
0
46110
2
0
1950495805
4
0
46111
2
0
1950496829
4
0
46112
2
0
1950564669
4
0
46113
2
0
1950565693
4
0
46114
2
0
1950566717
4
0
46115
2
0
1950567741
4
0
46116
2
0
1950568765
4
0
46117
2
0
1950569789
4
0
46118
2
0
1950570813
4
0
46119
2
0
1950573373
4
0
46120
2
0
1950574397
4
0
46121
2
0
1950575421
4
0
46122
2
0
1950576445
4
0
46123
2
0
1950577469
4
0
46124
2
0
1950578493
4
0
46125
2
0
1950560317
4
0
46126
2
0
1950561341
4
0
46127
2
0
1950562365
4
0
46128
2
0
1950630205
4
0
46129
2
0
1950631229
4
0
46130
2
0
1950632253
4
0
46131
2
0
1950633277
4
0
46132
2
0
1950634301
4
0
46133
2
0
1950635325
4
0
46134
2
0
1950636349
4
0
46135
2
0
1950638909
4
0
46136
2
0
1950639933
4
0
46137
2
0
1950640957
4
0
46138
2
0
1950641981
4
0
46139
2
0
1950643005
4
0
46140
2
0
1950644029
4
0
46141
2
0
1950625853
4
0
46142
2
0
1950626877
4
0
46143
2
0
1950627901
4
0
46144
2
0
1950695741
4
0
46145
2
0
1950696765
4
0
46146
2
0
1950697789
4
0
46147
2
0
1950698813
4
0
46148
2
0
1950699837
4
0
46149
2
0
1950700861
4
0
46150
2
0
1950701885
4
0
46151
2
0
1950704445
4
0
46152
2
0
1950705469
4
0
46153
2
0
1950706493
4
0
46154
2
0
1950707517
4
0
46155
2
0
1950708541
4
0
46156
2
0
1950709565
4
0
46157
2
0
1950691389
4
0
46158
2
0
1950692413
4
0
46159
2
0
1950693437
4
0
46160
2
0
1950761277
4
0
46161
2
0
1950762301
4
0
46162
2
0
1950763325
4
0
46163
2
0
1950764349
4
0
46164
2
0
1950765373
4
0
46165
2
0
1950766397
4
0
46166
2
0
1950767421
4
0
46167
2
0
1950769981
4
0
46168
2
0
1950771005
4
0
46169
2
0
1950772029
4
0
46170
2
0
1950773053
4
0
46171
2
0
1950774077
4
0
46172
2
0
1950775101
4
0
46173
2
0
1950756925
4
0
46174
2
0
1950757949
4
0
46175
2
0
1950758973
4
0
46176
2
0
1950826813
4
0
46177
2
0
1950827837
4
0
46178
2
0
1950828861
4
0
46179
2
0
1950829885
4
0
46180
2
0
1950830909
4
0
46181
2
0
1950831933
4
0
46182
2
0
1950832957
4
0
46183
2
0
1950835517
4
0
46184
2
0
1950836541
4
0
46185
2
0
1950837565
4
0
46186
2
0
1950838589
4
0
46187
2
0
1950839613
4
0
46188
2
0
1950840637
4
0
46189
2
0
1950822461
4
0
46190
2
0
1950823485
4
0
46191
2
0
1950824509
4
0
46192
2
0
1950892349
4
0
46193
2
0
1950893373
4
0
46194
2
0
1950894397
4
0
46195
2
0
1950895421
4
0
46196
2
0
1950896445
4
0
46197
2
0
1950897469
4
0
46198
2
0
1950898493
4
0
46199
2
0
1950901053
4
0
46200
2
0
1950902077
4
0
46201
2
0
1950903101
4
0
46202
2
0
1950904125
4
0
46203
2
0
1950905149
4
0
46204
2
0
1950906173
4
0
46205
2
0
1950887997
4
0
46206
2
0
1950889021
4
0
46207
2
0
1950890045
4
0
46208
2
0
1950957885
4
0
46209
2
0
1950958909
4
0
46210
2
0
1950959933
4
0
46211
2
0
1950960957
4
0
46212
2
0
1950961981
4
0
46213
2
0
1950963005
4
0
46214
2
0
1950964029
4
0
46215
2
0
1950966589
4
0
46216
2
0
1950967613
4
0
46217
2
0
1950968637
4
0
46218
2
0
1950969661
4
0
46219
2
0
1950970685
4
0
46220
2
0
1950971709
4
0
46221
2
0
1950953533
4
0
46222
2
0
1950954557
4
0
46223
2
0
1950955581
4
0
46224
2
0
1951023421
4
0
46225
2
0
1951024445
4
0
46226
2
0
1951025469
4
0
46227
2
0
1951026493
4
0
46228
2
0
1951027517
4
0
46229
2
0
1951028541
4
0
46230
2
0
1951029565
4
0
46231
2
0
1951032125
4
0
46232
2
0
1951033149
4
0
46233
2
0
1951034173
4
0
46234
2
0
1951035197
4
0
46235
2
0
1951036221
4
0
46236
2
0
1951037245
4
0
46237
2
0
1951019069
4
0
46238
2
0
1951020093
4
0
46239
2
0
1951021117
4
0
46240
2
0
1951088957
4
0
46241
2
0
1951089981
4
0
46242
2
0
1951091005
4
0
46243
2
0
1951092029
4
0
46244
2
0
1951093053
4
0
46245
2
0
1951094077
4
0
46246
2
0
1951095101
4
0
46247
2
0
1951097661
4
0
46248
2
0
1951098685
4
0
46249
2
0
1951099709
4
0
46250
2
0
1951100733
4
0
46251
2
0
1951101757
4
0
46252
2
0
1951102781
4
0
46253
2
0
1951084605
4
0
46254
2
0
1951085629
4
0
46255
2
0
1951086653
4
0
46256
2
0
1951154493
4
0
46257
2
0
1951155517
4
0
46258
2
0
1951156541
4
0
46259
2
0
1951157565
4
0
46260
2
0
1951158589
4
0
46261
2
0
1951159613
4
0
46262
2
0
1951160637
4
0
46263
2
0
1951163197
4
0
46264
2
0
1951164221
4
0
46265
2
0
1951165245
4
0
46266
2
0
1951166269
4
0
46267
2
0
1951167293
4
0
46268
2
0
1951168317
4
0
46269
2
0
1951150141
4
0
46270
2
0
1951151165
4
0
46271
2
0
1951152189
4
0
46272
2
0
1951220029
4
0
46273
2
0
1951221053
4
0
46274
2
0
1951222077
4
0
46275
2
0
1951223101
4
0
46276
2
0
1951224125
4
0
46277
2
0
1951225149
4
0
46278
2
0
1951226173
4
0
46279
2
0
1951228733
4
0
46280
2
0
1951229757
4
0
46281
2
0
1951230781
4
0
46282
2
0
1951231805
4
0
46283
2
0
1951232829
4
0
46284
2
0
1951233853
4
0
46285
2
0
1951215677
4
0
46286
2
0
1951216701
4
0
46287
2
0
1951217725
4
0
46288
2
0
1951285565
4
0
46289
2
0
1951286589
4
0
46290
2
0
1951287613
4
0
46291
2
0
1951288637
4
0
46292
2
0
1951289661
4
0
46293
2
0
1951290685
4
0
46294
2
0
1951291709
4
0
46295
2
0
1951294269
4
0
46296
2
0
1951295293
4
0
46297
2
0
1951296317
4
0
46298
2
0
1951297341
4
0
46299
2
0
1951298365
4
0
46300
2
0
1951299389
4
0
46301
2
0
1951281213
4
0
46302
2
0
1951282237
4
0
46303
2
0
1951283261
4
0
46304
2
0
1951351101
4
0
46305
2
0
1951352125
4
0
46306
2
0
1951353149
4
0
46307
2
0
1951354173
4
0
46308
2
0
1951355197
4
0
46309
2
0
1951356221
4
0
46310
2
0
1951357245
4
0
46311
2
0
1951359805
4
0
46312
2
0
1951360829
4
0
46313
2
0
1951361853
4
0
46314
2
0
1951362877
4
0
46315
2
0
1951363901
4
0
46316
2
0
1951364925
4
0
46317
2
0
1951346749
4
0
46318
2
0
1951347773
4
0
46319
2
0
1951348797
4
0
46320
2
0
1951416637
4
0
46321
2
0
1951417661
4
0
46322
2
0
1951418685
4
0
46323
2
0
1951419709
4
0
46324
2
0
1951420733
4
0
46325
2
0
1951421757
4
0
46326
2
0
1951422781
4
0
46327
2
0
1951425341
4
0
46328
2
0
1951426365
4
0
46329
2
0
1951427389
4
0
46330
2
0
1951428413
4
0
46331
2
0
1951429437
4
0
46332
2
0
1951430461
4
0
46333
2
0
1951412285
4
0
46334
2
0
1951413309
4
0
46335
2
0
1951414333
4
0
46336
2
0
1951482173
4
0
46337
2
0
1951483197
4
0
46338
2
0
1951484221
4
0
46339
2
0
1951485245
4
0
46340
2
0
1951486269
4
0
46341
2
0
1951487293
4
0
46342
2
0
1951488317
4
0
46343
2
0
1951490877
4
0
46344
2
0
1951491901
4
0
46345
2
0
1951492925
4
0
46346
2
0
1951493949
4
0
46347
2
0
1951494973
4
0
46348
2
0
1951495997
4
0
46349
2
0
1951477821
4
0
46350
2
0
1951478845
4
0
46351
2
0
1951479869
4
0
46352
2
0
1951547709
4
0
46353
2
0
1951548733
4
0
46354
2
0
1951549757
4
0
46355
2
0
1951550781
4
0
46356
2
0
1951551805
4
0
46357
2
0
1951552829
4
0
46358
2
0
1951553853
4
0
46359
2
0
1951556413
4
0
46360
2
0
1951557437
4
0
46361
2
0
1951558461
4
0
46362
2
0
1951559485
4
0
46363
2
0
1951560509
4
0
46364
2
0
1951561533
4
0
46365
2
0
1951543357
4
0
46366
2
0
1951544381
4
0
46367
2
0
1951545405
4
0
46368
2
0
1951613245
4
0
46369
2
0
1951614269
4
0
46370
2
0
1951615293
4
0
46371
2
0
1951616317
4
0
46372
2
0
1951617341
4
0
46373
2
0
1951618365
4
0
46374
2
0
1951619389
4
0
46375
2
0
1951621949
4
0
46376
2
0
1951622973
4
0
46377
2
0
1951623997
4
0
46378
2
0
1951625021
4
0
46379
2
0
1951626045
4
0
46380
2
0
1951627069
4
0
46381
2
0
1951608893
4
0
46382
2
0
1951609917
4
0
46383
2
0
1951610941
4
0
46384
2
0
1951678781
4
0
46385
2
0
1951679805
4
0
46386
2
0
1951680829
4
0
46387
2
0
1951681853
4
0
46388
2
0
1951682877
4
0
46389
2
0
1951683901
4
0
46390
2
0
1951684925
4
0
46391
2
0
1951687485
4
0
46392
2
0
1951688509
4
0
46393
2
0
1951689533
4
0
46394
2
0
1951690557
4
0
46395
2
0
1951691581
4
0
46396
2
0
1951692605
4
0
46397
2
0
1951674429
4
0
46398
2
0
1951675453
4
0
46399
2
0
1951676477
4
0
46400
2
0
1951744317
4
0
46401
2
0
1951745341
4
0
46402
2
0
1951746365
4
0
46403
2
0
1951747389
4
0
46404
2
0
1951748413
4
0
46405
2
0
1951749437
4
0
46406
2
0
1951750461
4
0
46407
2
0
1951753021
4
0
46408
2
0
1951754045
4
0
46409
2
0
1951755069
4
0
46410
2
0
1951756093
4
0
46411
2
0
1951757117
4
0
46412
2
0
1951758141
4
0
46413
2
0
1951739965
4
0
46414
2
0
1951740989
4
0
46415
2
0
1951742013
4
0
46416
2
0
1951809853
4
0
46417
2
0
1951810877
4
0
46418
2
0
1951811901
4
0
46419
2
0
1951812925
4
0
46420
2
0
1951813949
4
0
46421
2
0
1951814973
4
0
46422
2
0
1951815997
4
0
46423
2
0
1951818557
4
0
46424
2
0
1951819581
4
0
46425
2
0
1951820605
4
0
46426
2
0
1951821629
4
0
46427
2
0
1951822653
4
0
46428
2
0
1951823677
4
0
46429
2
0
1951805501
4
0
46430
2
0
1951806525
4
0
46431
2
0
1951807549
4
0
46432
2
0
1951875389
4
0
46433
2
0
1951876413
4
0
46434
2
0
1951877437
4
0
46435
2
0
1951878461
4
0
46436
2
0
1951879485
4
0
46437
2
0
1951880509
4
0
46438
2
0
1951881533
4
0
46439
2
0
1951884093
4
0
46440
2
0
1951885117
4
0
46441
2
0
1951886141
4
0
46442
2
0
1951887165
4
0
46443
2
0
1951888189
4
0
46444
2
0
1951889213
4
0
46445
2
0
1951871037
4
0
46446
2
0
1951872061
4
0
46447
2
0
1951873085
4
0
46448
2
0
1951940925
4
0
46449
2
0
1951941949
4
0
46450
2
0
1951942973
4
0
46451
2
0
1951943997
4
0
46452
2
0
1951945021
4
0
46453
2
0
1951946045
4
0
46454
2
0
1951947069
4
0
46455
2
0
1951949629
4
0
46456
2
0
1951950653
4
0
46457
2
0
1951951677
4
0
46458
2
0
1951952701
4
0
46459
2
0
1951953725
4
0
46460
2
0
1951954749
4
0
46461
2
0
1951936573
4
0
46462
2
0
1951937597
4
0
46463
2
0
1951938621
4
0
46464
2
0
1952006461
4
0
46465
2
0
1952007485
4
0
46466
2
0
1952008509
4
0
46467
2
0
1952009533
4
0
46468
2
0
1952010557
4
0
46469
2
0
1952011581
4
0
46470
2
0
1952012605
4
0
46471
2
0
1952015165
4
0
46472
2
0
1952016189
4
0
46473
2
0
1952017213
4
0
46474
2
0
1952018237
4
0
46475
2
0
1952019261
4
0
46476
2
0
1952020285
4
0
46477
2
0
1952002109
4
0
46478
2
0
1952003133
4
0
46479
2
0
1952004157
4
0
46480
2
0
1952071997
4
0
46481
2
0
1952073021
4
0
46482
2
0
1952074045
4
0
46483
2
0
1952075069
4
0
46484
2
0
1952076093
4
0
46485
2
0
1952077117
4
0
46486
2
0
1952078141
4
0
46487
2
0
1952080701
4
0
46488
2
0
1952081725
4
0
46489
2
0
1952082749
4
0
46490
2
0
1952083773
4
0
46491
2
0
1952084797
4
0
46492
2
0
1952085821
4
0
46493
2
0
1952067645
4
0
46494
2
0
1952068669
4
0
46495
2
0
1952069693
4
0
46496
2
0
1952530749
4
0
46497
2
0
1952531773
4
0
46498
2
0
1952532797
4
0
46499
2
0
1952533821
4
0
46500
2
0
1952534845
4
0
46501
2
0
1952535869
4
0
46502
2
0
1952536893
4
0
46503
2
0
1952539453
4
0
46504
2
0
1952540477
4
0
46505
2
0
1952541501
4
0
46506
2
0
1952542525
4
0
46507
2
0
1952543549
4
0
46508
2
0
1952544573
4
0
46509
2
0
1952526397
4
0
46510
2
0
1952527421
4
0
46511
2
0
1952528445
4
0
46512
2
0
1952596285
4
0
46513
2
0
1952597309
4
0
46514
2
0
1952598333
4
0
46515
2
0
1952599357
4
0
46516
2
0
1952600381
4
0
46517
2
0
1952601405
4
0
46518
2
0
1952602429
4
0
46519
2
0
1952604989
4
0
46520
2
0
1952606013
4
0
46521
2
0
1952607037
4
0
46522
2
0
1952608061
4
0
46523
2
0
1952609085
4
0
46524
2
0
1952610109
4
0
46525
2
0
1952591933
4
0
46526
2
0
1952592957
4
0
46527
2
0
1952593981
4
0
46528
2
0
1952661821
4
0
46529
2
0
1952662845
4
0
46530
2
0
1952663869
4
0
46531
2
0
1952664893
4
0
46532
2
0
1952665917
4
0
46533
2
0
1952666941
4
0
46534
2
0
1952667965
4
0
46535
2
0
1952670525
4
0
46536
2
0
1952671549
4
0
46537
2
0
1952672573
4
0
46538
2
0
1952673597
4
0
46539
2
0
1952674621
4
0
46540
2
0
1952675645
4
0
46541
2
0
1952657469
4
0
46542
2
0
1952658493
4
0
46543
2
0
1952659517
4
0
46544
2
0
1952727357
4
0
46545
2
0
1952728381
4
0
46546
2
0
1952729405
4
0
46547
2
0
1952730429
4
0
46548
2
0
1952731453
4
0
46549
2
0
1952732477
4
0
46550
2
0
1952733501
4
0
46551
2
0
1952736061
4
0
46552
2
0
1952737085
4
0
46553
2
0
1952738109
4
0
46554
2
0
1952739133
4
0
46555
2
0
1952740157
4
0
46556
2
0
1952741181
4
0
46557
2
0
1952723005
4
0
46558
2
0
1952724029
4
0
46559
2
0
1952725053
4
0
46560
2
0
1952792893
4
0
46561
2
0
1952793917
4
0
46562
2
0
1952794941
4
0
46563
2
0
1952795965
4
0
46564
2
0
1952796989
4
0
46565
2
0
1952798013
4
0
46566
2
0
1952799037
4
0
46567
2
0
1952801597
4
0
46568
2
0
1952802621
4
0
46569
2
0
1952803645
4
0
46570
2
0
1952804669
4
0
46571
2
0
1952805693
4
0
46572
2
0
1952806717
4
0
46573
2
0
1952788541
4
0
46574
2
0
1952789565
4
0
46575
2
0
1952790589
4
0
46576
2
0
1952858429
4
0
46577
2
0
1952859453
4
0
46578
2
0
1952860477
4
0
46579
2
0
1952861501
4
0
46580
2
0
1952862525
4
0
46581
2
0
1952863549
4
0
46582
2
0
1952864573
4
0
46583
2
0
1952867133
4
0
46584
2
0
1952868157
4
0
46585
2
0
1952869181
4
0
46586
2
0
1952870205
4
0
46587
2
0
1952871229
4
0
46588
2
0
1952872253
4
0
46589
2
0
1952854077
4
0
46590
2
0
1952855101
4
0
46591
2
0
1952856125
4
0
46592
2
0
1952923965
4
0
46593
2
0
1952924989
4
0
46594
2
0
1952926013
4
0
46595
2
0
1952927037
4
0
46596
2
0
1952928061
4
0
46597
2
0
1952929085
4
0
46598
2
0
1952930109
4
0
46599
2
0
1952932669
4
0
46600
2
0
1952933693
4
0
46601
2
0
1952934717
4
0
46602
2
0
1952935741
4
0
46603
2
0
1952936765
4
0
46604
2
0
1952937789
4
0
46605
2
0
1952919613
4
0
46606
2
0
1952920637
4
0
46607
2
0
1952921661
4
0
46608
2
0
1952989501
4
0
46609
2
0
1952990525
4
0
46610
2
0
1952991549
4
0
46611
2
0
1952992573
4
0
46612
2
0
1952993597
4
0
46613
2
0
1952994621
4
0
46614
2
0
1952995645
4
0
46615
2
0
1952998205
4
0
46616
2
0
1952999229
4
0
46617
2
0
1953000253
4
0
46618
2
0
1953001277
4
0
46619
2
0
1953002301
4
0
46620
2
0
1953003325
4
0
46621
2
0
1952985149
4
0
46622
2
0
1952986173
4
0
46623
2
0
1952987197
4
0
46624
2
0
1953055037
4
0
46625
2
0
1953056061
4
0
46626
2
0
1953057085
4
0
46627
2
0
1953058109
4
0
46628
2
0
1953059133
4
0
46629
2
0
1953060157
4
0
46630
2
0
1953061181
4
0
46631
2
0
1953063741
4
0
46632
2
0
1953064765
4
0
46633
2
0
1953065789
4
0
46634
2
0
1953066813
4
0
46635
2
0
1953067837
4
0
46636
2
0
1953068861
4
0
46637
2
0
1953050685
4
0
46638
2
0
1953051709
4
0
46639
2
0
1953052733
4
0
46640
2
0
1953120573
4
0
46641
2
0
1953121597
4
0
46642
2
0
1953122621
4
0
46643
2
0
1953123645
4
0
46644
2
0
1953124669
4
0
46645
2
0
1953125693
4
0
46646
2
0
1953126717
4
0
46647
2
0
1953129277
4
0
46648
2
0
1953130301
4
0
46649
2
0
1953131325
4
0
46650
2
0
1953132349
4
0
46651
2
0
1953133373
4
0
46652
2
0
1953134397
4
0
46653
2
0
1953116221
4
0
46654
2
0
1953117245
4
0
46655
2
0
1953118269
4
0
46656
2
0
1953186109
4
0
46657
2
0
1953187133
4
0
46658
2
0
1953188157
4
0
46659
2
0
1953189181
4
0
46660
2
0
1953190205
4
0
46661
2
0
1953191229
4
0
46662
2
0
1953192253
4
0
46663
2
0
1953194813
4
0
46664
2
0
1953195837
4
0
46665
2
0
1953196861
4
0
46666
2
0
1953197885
4
0
46667
2
0
1953198909
4
0
46668
2
0
1953199933
4
0
46669
2
0
1953181757
4
0
46670
2
0
1953182781
4
0
46671
2
0
1953183805
4
0
46672
2
0
1953251645
4
0
46673
2
0
1953252669
4
0
46674
2
0
1953253693
4
0
46675
2
0
1953254717
4
0
46676
2
0
1953255741
4
0
46677
2
0
1953256765
4
0
46678
2
0
1953257789
4
0
46679
2
0
1953260349
4
0
46680
2
0
1953261373
4
0
46681
2
0
1953262397
4
0
46682
2
0
1953263421
4
0
46683
2
0
1953264445
4
0
46684
2
0
1953265469
4
0
46685
2
0
1953247293
4
0
46686
2
0
1953248317
4
0
46687
2
0
1953249341
4
0
46688
2
0
1953317181
4
0
46689
2
0
1953318205
4
0
46690
2
0
1953319229
4
0
46691
2
0
1953320253
4
0
46692
2
0
1953321277
4
0
46693
2
0
1953322301
4
0
46694
2
0
1953323325
4
0
46695
2
0
1953325885
4
0
46696
2
0
1953326909
4
0
46697
2
0
1953327933
4
0
46698
2
0
1953328957
4
0
46699
2
0
1953329981
4
0
46700
2
0
1953331005
4
0
46701
2
0
1953312829
4
0
46702
2
0
1953313853
4
0
46703
2
0
1953314877
4
0
46704
2
0
1953382717
4
0
46705
2
0
1953383741
4
0
46706
2
0
1953384765
4
0
46707
2
0
1953385789
4
0
46708
2
0
1953386813
4
0
46709
2
0
1953387837
4
0
46710
2
0
1953388861
4
0
46711
2
0
1953391421
4
0
46712
2
0
1953392445
4
0
46713
2
0
1953393469
4
0
46714
2
0
1953394493
4
0
46715
2
0
1953395517
4
0
46716
2
0
1953396541
4
0
46717
2
0
1953378365
4
0
46718
2
0
1953379389
4
0
46719
2
0
1953380413
4
0
46720
2
0
1953448253
4
0
46721
2
0
1953449277
4
0
46722
2
0
1953450301
4
0
46723
2
0
1953451325
4
0
46724
2
0
1953452349
4
0
46725
2
0
1953453373
4
0
46726
2
0
1953454397
4
0
46727
2
0
1953456957
4
0
46728
2
0
1953457981
4
0
46729
2
0
1953459005
4
0
46730
2
0
1953460029
4
0
46731
2
0
1953461053
4
0
46732
2
0
1953462077
4
0
46733
2
0
1953443901
4
0
46734
2
0
1953444925
4
0
46735
2
0
1953445949
4
0
46736
2
0
1953513789
4
0
46737
2
0
1953514813
4
0
46738
2
0
1953515837
4
0
46739
2
0
1953516861
4
0
46740
2
0
1953517885
4
0
46741
2
0
1953518909
4
0
46742
2
0
1953519933
4
0
46743
2
0
1953522493
4
0
46744
2
0
1953523517
4
0
46745
2
0
1953524541
4
0
46746
2
0
1953525565
4
0
46747
2
0
1953526589
4
0
46748
2
0
1953527613
4
0
46749
2
0
1953509437
4
0
46750
2
0
1953510461
4
0
46751
2
0
1953511485
4
0
46752
2
0
1953579325
4
0
46753
2
0
1953580349
4
0
46754
2
0
1953581373
4
0
46755
2
0
1953582397
4
0
46756
2
0
1953583421
4
0
46757
2
0
1953584445
4
0
46758
2
0
1953585469
4
0
46759
2
0
1953588029
4
0
46760
2
0
1953589053
4
0
46761
2
0
1953590077
4
0
46762
2
0
1953591101
4
0
46763
2
0
1953592125
4
0
46764
2
0
1953593149
4
0
46765
2
0
1953574973
4
0
46766
2
0
1953575997
4
0
46767
2
0
1953577021
4
0
46768
2
0
1953644861
4
0
46769
2
0
1953645885
4
0
46770
2
0
1953646909
4
0
46771
2
0
1953647933
4
0
46772
2
0
1953648957
4
0
46773
2
0
1953649981
4
0
46774
2
0
1953651005
4
0
46775
2
0
1953653565
4
0
46776
2
0
1953654589
4
0
46777
2
0
1953655613
4
0
46778
2
0
1953656637
4
0
46779
2
0
1953657661
4
0
46780
2
0
1953658685
4
0
46781
2
0
1953640509
4
0
46782
2
0
1953641533
4
0
46783
2
0
1953642557
4
0
46784
2
0
1953710397
4
0
46785
2
0
1953711421
4
0
46786
2
0
1953712445
4
0
46787
2
0
1953713469
4
0
46788
2
0
1953714493
4
0
46789
2
0
1953715517
4
0
46790
2
0
1953716541
4
0
46791
2
0
1953719101
4
0
46792
2
0
1953720125
4
0
46793
2
0
1953721149
4
0
46794
2
0
1953722173
4
0
46795
2
0
1953723197
4
0
46796
2
0
1953724221
4
0
46797
2
0
1953706045
4
0
46798
2
0
1953707069
4
0
46799
2
0
1953708093
4
0
46800
2
0
1953775933
4
0
46801
2
0
1953776957
4
0
46802
2
0
1953777981
4
0
46803
2
0
1953779005
4
0
46804
2
0
1953780029
4
0
46805
2
0
1953781053
4
0
46806
2
0
1953782077
4
0
46807
2
0
1953784637
4
0
46808
2
0
1953785661
4
0
46809
2
0
1953786685
4
0
46810
2
0
1953787709
4
0
46811
2
0
1953788733
4
0
46812
2
0
1953789757
4
0
46813
2
0
1953771581
4
0
46814
2
0
1953772605
4
0
46815
2
0
1953773629
4
0
46816
2
0
1953841469
4
0
46817
2
0
1953842493
4
0
46818
2
0
1953843517
4
0
46819
2
0
1953844541
4
0
46820
2
0
1953845565
4
0
46821
2
0
1953846589
4
0
46822
2
0
1953847613
4
0
46823
2
0
1953850173
4
0
46824
2
0
1953851197
4
0
46825
2
0
1953852221
4
0
46826
2
0
1953853245
4
0
46827
2
0
1953854269
4
0
46828
2
0
1953855293
4
0
46829
2
0
1953837117
4
0
46830
2
0
1953838141
4
0
46831
2
0
1953839165
4
0
46832
2
0
1953907005
4
0
46833
2
0
1953908029
4
0
46834
2
0
1953909053
4
0
46835
2
0
1953910077
4
0
46836
2
0
1953911101
4
0
46837
2
0
1953912125
4
0
46838
2
0
1953913149
4
0
46839
2
0
1953915709
4
0
46840
2
0
1953916733
4
0
46841
2
0
1953917757
4
0
46842
2
0
1953918781
4
0
46843
2
0
1953919805
4
0
46844
2
0
1953920829
4
0
46845
2
0
1953902653
4
0
46846
2
0
1953903677
4
0
46847
2
0
1953904701
4
0
46848
2
0
1953972541
4
0
46849
2
0
1953973565
4
0
46850
2
0
1953974589
4
0
46851
2
0
1953975613
4
0
46852
2
0
1953976637
4
0
46853
2
0
1953977661
4
0
46854
2
0
1953978685
4
0
46855
2
0
1953981245
4
0
46856
2
0
1953982269
4
0
46857
2
0
1953983293
4
0
46858
2
0
1953984317
4
0
46859
2
0
1953985341
4
0
46860
2
0
1953986365
4
0
46861
2
0
1953968189
4
0
46862
2
0
1953969213
4
0
46863
2
0
1953970237
4
0
46864
2
0
1954038077
4
0
46865
2
0
1954039101
4
0
46866
2
0
1954040125
4
0
46867
2
0
1954041149
4
0
46868
2
0
1954042173
4
0
46869
2
0
1954043197
4
0
46870
2
0
1954044221
4
0
46871
2
0
1954046781
4
0
46872
2
0
1954047805
4
0
46873
2
0
1954048829
4
0
46874
2
0
1954049853
4
0
46875
2
0
1954050877
4
0
46876
2
0
1954051901
4
0
46877
2
0
1954033725
4
0
46878
2
0
1954034749
4
0
46879
2
0
1954035773
4
0
46880
2
0
1954103613
4
0
46881
2
0
1954104637
4
0
46882
2
0
1954105661
4
0
46883
2
0
1954106685
4
0
46884
2
0
1954107709
4
0
46885
2
0
1954108733
4
0
46886
2
0
1954109757
4
0
46887
2
0
1954112317
4
0
46888
2
0
1954113341
4
0
46889
2
0
1954114365
4
0
46890
2
0
1954115389
4
0
46891
2
0
1954116413
4
0
46892
2
0
1954117437
4
0
46893
2
0
1954099261
4
0
46894
2
0
1954100285
4
0
46895
2
0
1954101309
4
0
46896
2
0
1954169149
4
0
46897
2
0
1954170173
4
0
46898
2
0
1954171197
4
0
46899
2
0
1954172221
4
0
46900
2
0
1954173245
4
0
46901
2
0
1954174269
4
0
46902
2
0
1954175293
4
0
46903
2
0
1954177853
4
0
46904
2
0
1954178877
4
0
46905
2
0
1954179901
4
0
46906
2
0
1954180925
4
0
46907
2
0
1954181949
4
0
46908
2
0
1954182973
4
0
46909
2
0
1954164797
4
0
46910
2
0
1954165821
4
0
46911
2
0
1954166845
4
0
46912
2
0
1949319485
4
0
46913
2
0
1949320509
4
0
46914
2
0
1949321533
4
0
46915
2
0
1949322557
4
0
46916
2
0
1949323581
4
0
46917
2
0
1949324605
4
0
46918
2
0
1949325629
4
0
46919
2
0
1949328189
4
0
46920
2
0
1949329213
4
0
46921
2
0
1949330237
4
0
46922
2
0
1949331261
4
0
46923
2
0
1949332285
4
0
46924
2
0
1949333309
4
0
46925
2
0
1949315133
4
0
46926
2
0
1949316157
4
0
46927
2
0
1949317181
4
0
46928
2
0
1949385021
4
0
46929
2
0
1949386045
4
0
46930
2
0
1949387069
4
0
46931
2
0
1949388093
4
0
46932
2
0
1949389117
4
0
46933
2
0
1949390141
4
0
46934
2
0
1949391165
4
0
46935
2
0
1949393725
4
0
46936
2
0
1949394749
4
0
46937
2
0
1949395773
4
0
46938
2
0
1949396797
4
0
46939
2
0
1949397821
4
0
46940
2
0
1949398845
4
0
46941
2
0
1949380669
4
0
46942
2
0
1949381693
4
0
46943
2
0
1949382717
4
0
46944
2
0
1949450557
4
0
46945
2
0
1949451581
4
0
46946
2
0
1949452605
4
0
46947
2
0
1949453629
4
0
46948
2
0
1949454653
4
0
46949
2
0
1949455677
4
0
46950
2
0
1949456701
4
0
46951
2
0
1949459261
4
0
46952
2
0
1949460285
4
0
46953
2
0
1949461309
4
0
46954
2
0
1949462333
4
0
46955
2
0
1949463357
4
0
46956
2
0
1949464381
4
0
46957
2
0
1949446205
4
0
46958
2
0
1949447229
4
0
46959
2
0
1949448253
4
0
46960
2
0
1949516093
4
0
46961
2
0
1949517117
4
0
46962
2
0
1949518141
4
0
46963
2
0
1949519165
4
0
46964
2
0
1949520189
4
0
46965
2
0
1949521213
4
0
46966
2
0
1949522237
4
0
46967
2
0
1949524797
4
0
46968
2
0
1949525821
4
0
46969
2
0
1949526845
4
0
46970
2
0
1949527869
4
0
46971
2
0
1949528893
4
0
46972
2
0
1949529917
4
0
46973
2
0
1949511741
4
0
46974
2
0
1949512765
4
0
46975
2
0
1949513789
4
0
46976
2
0
1949581629
4
0
46977
2
0
1949582653
4
0
46978
2
0
1949583677
4
0
46979
2
0
1949584701
4
0
46980
2
0
1949585725
4
0
46981
2
0
1949586749
4
0
46982
2
0
1949587773
4
0
46983
2
0
1949590333
4
0
46984
2
0
1949591357
4
0
46985
2
0
1949592381
4
0
46986
2
0
1949593405
4
0
46987
2
0
1949594429
4
0
46988
2
0
1949595453
4
0
46989
2
0
1949577277
4
0
46990
2
0
1949578301
4
0
46991
2
0
1949579325
4
0
46992
2
0
1949647165
4
0
46993
2
0
1949648189
4
0
46994
2
0
1949649213
4
0
46995
2
0
1949650237
4
0
46996
2
0
1949651261
4
0
46997
2
0
1949652285
4
0
46998
2
0
1949653309
4
0
46999
2
0
1949655869
4
0
47000
2
0
1949656893
4
0
47001
2
0
1949657917
4
0
47002
2
0
1949658941
4
0
47003
2
0
1949659965
4
0
47004
2
0
1949660989
4
0
47005
2
0
1949642813
4
0
47006
2
0
1949643837
4
0
47007
2
0
1949644861
4
0
47008
2
0
1949712701
4
0
47009
2
0
1949713725
4
0
47010
2
0
1949714749
4
0
47011
2
0
1949715773
4
0
47012
2
0
1949716797
4
0
47013
2
0
1949717821
4
0
47014
2
0
1949718845
4
0
47015
2
0
1949721405
4
0
47016
2
0
1949722429
4
0
47017
2
0
1949723453
4
0
47018
2
0
1949724477
4
0
47019
2
0
1949725501
4
0
47020
2
0
1949726525
4
0
47021
2
0
1949708349
4
0
47022
2
0
1949709373
4
0
47023
2
0
1949710397
4
0
47024
2
0
1949778237
4
0
47025
2
0
1949779261
4
0
47026
2
0
1949780285
4
0
47027
2
0
1949781309
4
0
47028
2
0
1949782333
4
0
47029
2
0
1949783357
4
0
47030
2
0
1949784381
4
0
47031
2
0
1949786941
4
0
47032
2
0
1949787965
4
0
47033
2
0
1949788989
4
0
47034
2
0
1949790013
4
0
47035
2
0
1949791037
4
0
47036
2
0
1949792061
4
0
47037
2
0
1949773885
4
0
47038
2
0
1949774909
4
0
47039
2
0
1949775933
4
0
47040
2
0
1949843773
4
0
47041
2
0
1949844797
4
0
47042
2
0
1949845821
4
0
47043
2
0
1949846845
4
0
47044
2
0
1949847869
4
0
47045
2
0
1949848893
4
0
47046
2
0
1949849917
4
0
47047
2
0
1949852477
4
0
47048
2
0
1949853501
4
0
47049
2
0
1949854525
4
0
47050
2
0
1949855549
4
0
47051
2
0
1949856573
4
0
47052
2
0
1949857597
4
0
47053
2
0
1949839421
4
0
47054
2
0
1949840445
4
0
47055
2
0
1949841469
4
0
47056
2
0
1949909309
4
0
47057
2
0
1949910333
4
0
47058
2
0
1949911357
4
0
47059
2
0
1949912381
4
0
47060
2
0
1949913405
4
0
47061
2
0
1949914429
4
0
47062
2
0
1949915453
4
0
47063
2
0
1949918013
4
0
47064
2
0
1949919037
4
0
47065
2
0
1949920061
4
0
47066
2
0
1949921085
4
0
47067
2
0
1949922109
4
0
47068
2
0
1949923133
4
0
47069
2
0
1949904957
4
0
47070
2
0
1949905981
4
0
47071
2
0
1949907005
4
0
47072
2
0
1948991805
4
0
47073
2
0
1948992829
4
0
47074
2
0
1948993853
4
0
47075
2
0
1948994877
4
0
47076
2
0
1948995901
4
0
47077
2
0
1948996925
4
0
47078
2
0
1948997949
4
0
47079
2
0
1949000509
4
0
47080
2
0
1949001533
4
0
47081
2
0
1949002557
4
0
47082
2
0
1949003581
4
0
47083
2
0
1949004605
4
0
47084
2
0
1949005629
4
0
47085
2
0
1948987453
4
0
47086
2
0
1948988477
4
0
47087
2
0
1948989501
4
0
47088
2
0
1949253949
4
0
47089
2
0
1949254973
4
0
47090
2
0
1949255997
4
0
47091
2
0
1949257021
4
0
47092
2
0
1949258045
4
0
47093
2
0
1949259069
4
0
47094
2
0
1949260093
4
0
47095
2
0
1949262653
4
0
47096
2
0
1949263677
4
0
47097
2
0
1949264701
4
0
47098
2
0
1949265725
4
0
47099
2
0
1949266749
4
0
47100
2
0
1949267773
4
0
47101
2
0
1949249597
4
0
47102
2
0
1949250621
4
0
47103
2
0
1949251645
4
