1024
0
24576
2
0
1497448765
4
0
24577
2
0
1497449789
4
0
24578
2
0
1497450813
4
0
24579
2
0
1497451837
4
0
24580
2
0
1497452861
4
0
24581
2
0
1497453885
4
0
24582
2
0
1497454909
4
0
24583
2
0
1497457469
4
0
24584
2
0
1497458493
4
0
24585
2
0
1497459517
4
0
24586
2
0
1497460541
4
0
24587
2
0
1497461565
4
0
24588
2
0
1497462589
4
0
24589
2
0
1497444413
4
0
24590
2
0
1497445437
4
0
24591
2
0
1497446461
4
0
24592
2
0
1497514301
4
0
24593
2
0
1497515325
4
0
24594
2
0
1497516349
4
0
24595
2
0
1497517373
4
0
24596
2
0
1497518397
4
0
24597
2
0
1497519421
4
0
24598
2
0
1497520445
4
0
24599
2
0
1497523005
4
0
24600
2
0
1497524029
4
0
24601
2
0
1497525053
4
0
24602
2
0
1497526077
4
0
24603
2
0
1497527101
4
0
24604
2
0
1497528125
4
0
24605
2
0
1497509949
4
0
24606
2
0
1497510973
4
0
24607
2
0
1497511997
4
0
24608
2
0
1497579837
4
0
24609
2
0
1497580861
4
0
24610
2
0
1497581885
4
0
24611
2
0
1497582909
4
0
24612
2
0
1497583933
4
0
24613
2
0
1497584957
4
0
24614
2
0
1497585981
4
0
24615
2
0
1497588541
4
0
24616
2
0
1497589565
4
0
24617
2
0
1497590589
4
0
24618
2
0
1497591613
4
0
24619
2
0
1497592637
4
0
24620
2
0
1497593661
4
0
24621
2
0
1497575485
4
0
24622
2
0
1497576509
4
0
24623
2
0
1497577533
4
0
24624
2
0
1497645373
4
0
24625
2
0
1497646397
4
0
24626
2
0
1497647421
4
0
24627
2
0
1497648445
4
0
24628
2
0
1497649469
4
0
24629
2
0
1497650493
4
0
24630
2
0
1497651517
4
0
24631
2
0
1497654077
4
0
24632
2
0
1497655101
4
0
24633
2
0
1497656125
4
0
24634
2
0
1497657149
4
0
24635
2
0
1497658173
4
0
24636
2
0
1497659197
4
0
24637
2
0
1497641021
4
0
24638
2
0
1497642045
4
0
24639
2
0
1497643069
4
0
24640
2
0
1497710909
4
0
24641
2
0
1497711933
4
0
24642
2
0
1497712957
4
0
24643
2
0
1497713981
4
0
24644
2
0
1497715005
4
0
24645
2
0
1497716029
4
0
24646
2
0
1497717053
4
0
24647
2
0
1497719613
4
0
24648
2
0
1497720637
4
0
24649
2
0
1497721661
4
0
24650
2
0
1497722685
4
0
24651
2
0
1497723709
4
0
24652
2
0
1497724733
4
0
24653
2
0
1497706557
4
0
24654
2
0
1497707581
4
0
24655
2
0
1497708605
4
0
24656
2
0
1497776445
4
0
24657
2
0
1497777469
4
0
24658
2
0
1497778493
4
0
24659
2
0
1497779517
4
0
24660
2
0
1497780541
4
0
24661
2
0
1497781565
4
0
24662
2
0
1497782589
4
0
24663
2
0
1497785149
4
0
24664
2
0
1497786173
4
0
24665
2
0
1497787197
4
0
24666
2
0
1497788221
4
0
24667
2
0
1497789245
4
0
24668
2
0
1497790269
4
0
24669
2
0
1497772093
4
0
24670
2
0
1497773117
4
0
24671
2
0
1497774141
4
0
24672
2
0
1497841981
4
0
24673
2
0
1497843005
4
0
24674
2
0
1497844029
4
0
24675
2
0
1497845053
4
0
24676
2
0
1497846077
4
0
24677
2
0
1497847101
4
0
24678
2
0
1497848125
4
0
24679
2
0
1497850685
4
0
24680
2
0
1497851709
4
0
24681
2
0
1497852733
4
0
24682
2
0
1497853757
4
0
24683
2
0
1497854781
4
0
24684
2
0
1497855805
4
0
24685
2
0
1497837629
4
0
24686
2
0
1497838653
4
0
24687
2
0
1497839677
4
0
24688
2
0
1497907517
4
0
24689
2
0
1497908541
4
0
24690
2
0
1497909565
4
0
24691
2
0
1497910589
4
0
24692
2
0
1497911613
4
0
24693
2
0
1497912637
4
0
24694
2
0
1497913661
4
0
24695
2
0
1497916221
4
0
24696
2
0
1497917245
4
0
24697
2
0
1497918269
4
0
24698
2
0
1497919293
4
0
24699
2
0
1497920317
4
0
24700
2
0
1497921341
4
0
24701
2
0
1497903165
4
0
24702
2
0
1497904189
4
0
24703
2
0
1497905213
4
0
24704
2
0
1497973053
4
0
24705
2
0
1497974077
4
0
24706
2
0
1497975101
4
0
24707
2
0
1497976125
4
0
24708
2
0
1497977149
4
0
24709
2
0
1497978173
4
0
24710
2
0
1497979197
4
0
24711
2
0
1497981757
4
0
24712
2
0
1497982781
4
0
24713
2
0
1497983805
4
0
24714
2
0
1497984829
4
0
24715
2
0
1497985853
4
0
24716
2
0
1497986877
4
0
24717
2
0
1497968701
4
0
24718
2
0
1497969725
4
0
24719
2
0
1497970749
4
0
24720
2
0
1498038589
4
0
24721
2
0
1498039613
4
0
24722
2
0
1498040637
4
0
24723
2
0
1498041661
4
0
24724
2
0
1498042685
4
0
24725
2
0
1498043709
4
0
24726
2
0
1498044733
4
0
24727
2
0
1498047293
4
0
24728
2
0
1498048317
4
0
24729
2
0
1498049341
4
0
24730
2
0
1498050365
4
0
24731
2
0
1498051389
4
0
24732
2
0
1498052413
4
0
24733
2
0
1498034237
4
0
24734
2
0
1498035261
4
0
24735
2
0
1498036285
4
0
24736
2
0
1498104125
4
0
24737
2
0
1498105149
4
0
24738
2
0
1498106173
4
0
24739
2
0
1498107197
4
0
24740
2
0
1498108221
4
0
24741
2
0
1498109245
4
0
24742
2
0
1498110269
4
0
24743
2
0
1498112829
4
0
24744
2
0
1498113853
4
0
24745
2
0
1498114877
4
0
24746
2
0
1498115901
4
0
24747
2
0
1498116925
4
0
24748
2
0
1498117949
4
0
24749
2
0
1498099773
4
0
24750
2
0
1498100797
4
0
24751
2
0
1498101821
4
0
24752
2
0
1498169661
4
0
24753
2
0
1498170685
4
0
24754
2
0
1498171709
4
0
24755
2
0
1498172733
4
0
24756
2
0
1498173757
4
0
24757
2
0
1498174781
4
0
24758
2
0
1498175805
4
0
24759
2
0
1498178365
4
0
24760
2
0
1498179389
4
0
24761
2
0
1498180413
4
0
24762
2
0
1498181437
4
0
24763
2
0
1498182461
4
0
24764
2
0
1498183485
4
0
24765
2
0
1498165309
4
0
24766
2
0
1498166333
4
0
24767
2
0
1498167357
4
0
24768
2
0
1498235197
4
0
24769
2
0
1498236221
4
0
24770
2
0
1498237245
4
0
24771
2
0
1498238269
4
0
24772
2
0
1498239293
4
0
24773
2
0
1498240317
4
0
24774
2
0
1498241341
4
0
24775
2
0
1498243901
4
0
24776
2
0
1498244925
4
0
24777
2
0
1498245949
4
0
24778
2
0
1498246973
4
0
24779
2
0
1498247997
4
0
24780
2
0
1498249021
4
0
24781
2
0
1498230845
4
0
24782
2
0
1498231869
4
0
24783
2
0
1498232893
4
0
24784
2
0
1498300733
4
0
24785
2
0
1498301757
4
0
24786
2
0
1498302781
4
0
24787
2
0
1498303805
4
0
24788
2
0
1498304829
4
0
24789
2
0
1498305853
4
0
24790
2
0
1498306877
4
0
24791
2
0
1498309437
4
0
24792
2
0
1498310461
4
0
24793
2
0
1498311485
4
0
24794
2
0
1498312509
4
0
24795
2
0
1498313533
4
0
24796
2
0
1498314557
4
0
24797
2
0
1498296381
4
0
24798
2
0
1498297405
4
0
24799
2
0
1498298429
4
0
24800
2
0
1498366269
4
0
24801
2
0
1498367293
4
0
24802
2
0
1498368317
4
0
24803
2
0
1498369341
4
0
24804
2
0
1498370365
4
0
24805
2
0
1498371389
4
0
24806
2
0
1498372413
4
0
24807
2
0
1498374973
4
0
24808
2
0
1498375997
4
0
24809
2
0
1498377021
4
0
24810
2
0
1498378045
4
0
24811
2
0
1498379069
4
0
24812
2
0
1498380093
4
0
24813
2
0
1498361917
4
0
24814
2
0
1498362941
4
0
24815
2
0
1498363965
4
0
24816
2
0
1498431805
4
0
24817
2
0
1498432829
4
0
24818
2
0
1498433853
4
0
24819
2
0
1498434877
4
0
24820
2
0
1498435901
4
0
24821
2
0
1498436925
4
0
24822
2
0
1498437949
4
0
24823
2
0
1498440509
4
0
24824
2
0
1498441533
4
0
24825
2
0
1498442557
4
0
24826
2
0
1498443581
4
0
24827
2
0
1498444605
4
0
24828
2
0
1498445629
4
0
24829
2
0
1498427453
4
0
24830
2
0
1498428477
4
0
24831
2
0
1498429501
4
0
24832
2
0
1498497341
4
0
24833
2
0
1498498365
4
0
24834
2
0
1498499389
4
0
24835
2
0
1498500413
4
0
24836
2
0
1498501437
4
0
24837
2
0
1498502461
4
0
24838
2
0
1498503485
4
0
24839
2
0
1498506045
4
0
24840
2
0
1498507069
4
0
24841
2
0
1498508093
4
0
24842
2
0
1498509117
4
0
24843
2
0
1498510141
4
0
24844
2
0
1498511165
4
0
24845
2
0
1498492989
4
0
24846
2
0
1498494013
4
0
24847
2
0
1498495037
4
0
24848
2
0
1498562877
4
0
24849
2
0
1498563901
4
0
24850
2
0
1498564925
4
0
24851
2
0
1498565949
4
0
24852
2
0
1498566973
4
0
24853
2
0
1498567997
4
0
24854
2
0
1498569021
4
0
24855
2
0
1498571581
4
0
24856
2
0
1498572605
4
0
24857
2
0
1498573629
4
0
24858
2
0
1498574653
4
0
24859
2
0
1498575677
4
0
24860
2
0
1498576701
4
0
24861
2
0
1498558525
4
0
24862
2
0
1498559549
4
0
24863
2
0
1498560573
4
0
24864
2
0
1498628413
4
0
24865
2
0
1498629437
4
0
24866
2
0
1498630461
4
0
24867
2
0
1498631485
4
0
24868
2
0
1498632509
4
0
24869
2
0
1498633533
4
0
24870
2
0
1498634557
4
0
24871
2
0
1498637117
4
0
24872
2
0
1498638141
4
0
24873
2
0
1498639165
4
0
24874
2
0
1498640189
4
0
24875
2
0
1498641213
4
0
24876
2
0
1498642237
4
0
24877
2
0
1498624061
4
0
24878
2
0
1498625085
4
0
24879
2
0
1498626109
4
0
24880
2
0
1498693949
4
0
24881
2
0
1498694973
4
0
24882
2
0
1498695997
4
0
24883
2
0
1498697021
4
0
24884
2
0
1498698045
4
0
24885
2
0
1498699069
4
0
24886
2
0
1498700093
4
0
24887
2
0
1498702653
4
0
24888
2
0
1498703677
4
0
24889
2
0
1498704701
4
0
24890
2
0
1498705725
4
0
24891
2
0
1498706749
4
0
24892
2
0
1498707773
4
0
24893
2
0
1498689597
4
0
24894
2
0
1498690621
4
0
24895
2
0
1498691645
4
0
24896
2
0
1498759485
4
0
24897
2
0
1498760509
4
0
24898
2
0
1498761533
4
0
24899
2
0
1498762557
4
0
24900
2
0
1498763581
4
0
24901
2
0
1498764605
4
0
24902
2
0
1498765629
4
0
24903
2
0
1498768189
4
0
24904
2
0
1498769213
4
0
24905
2
0
1498770237
4
0
24906
2
0
1498771261
4
0
24907
2
0
1498772285
4
0
24908
2
0
1498773309
4
0
24909
2
0
1498755133
4
0
24910
2
0
1498756157
4
0
24911
2
0
1498757181
4
0
24912
2
0
1498825021
4
0
24913
2
0
1498826045
4
0
24914
2
0
1498827069
4
0
24915
2
0
1498828093
4
0
24916
2
0
1498829117
4
0
24917
2
0
1498830141
4
0
24918
2
0
1498831165
4
0
24919
2
0
1498833725
4
0
24920
2
0
1498834749
4
0
24921
2
0
1498835773
4
0
24922
2
0
1498836797
4
0
24923
2
0
1498837821
4
0
24924
2
0
1498838845
4
0
24925
2
0
1498820669
4
0
24926
2
0
1498821693
4
0
24927
2
0
1498822717
4
0
24928
2
0
1498890557
4
0
24929
2
0
1498891581
4
0
24930
2
0
1498892605
4
0
24931
2
0
1498893629
4
0
24932
2
0
1498894653
4
0
24933
2
0
1498895677
4
0
24934
2
0
1498896701
4
0
24935
2
0
1498899261
4
0
24936
2
0
1498900285
4
0
24937
2
0
1498901309
4
0
24938
2
0
1498902333
4
0
24939
2
0
1498903357
4
0
24940
2
0
1498904381
4
0
24941
2
0
1498886205
4
0
24942
2
0
1498887229
4
0
24943
2
0
1498888253
4
0
24944
2
0
1498956093
4
0
24945
2
0
1498957117
4
0
24946
2
0
1498958141
4
0
24947
2
0
1498959165
4
0
24948
2
0
1498960189
4
0
24949
2
0
1498961213
4
0
24950
2
0
1498962237
4
0
24951
2
0
1498964797
4
0
24952
2
0
1498965821
4
0
24953
2
0
1498966845
4
0
24954
2
0
1498967869
4
0
24955
2
0
1498968893
4
0
24956
2
0
1498969917
4
0
24957
2
0
1498951741
4
0
24958
2
0
1498952765
4
0
24959
2
0
1498953789
4
0
24960
2
0
1499021629
4
0
24961
2
0
1499022653
4
0
24962
2
0
1499023677
4
0
24963
2
0
1499024701
4
0
24964
2
0
1499025725
4
0
24965
2
0
1499026749
4
0
24966
2
0
1499027773
4
0
24967
2
0
1499030333
4
0
24968
2
0
1499031357
4
0
24969
2
0
1499032381
4
0
24970
2
0
1499033405
4
0
24971
2
0
1499034429
4
0
24972
2
0
1499035453
4
0
24973
2
0
1499017277
4
0
24974
2
0
1499018301
4
0
24975
2
0
1499019325
4
0
24976
2
0
1499087165
4
0
24977
2
0
1499088189
4
0
24978
2
0
1499089213
4
0
24979
2
0
1499090237
4
0
24980
2
0
1499091261
4
0
24981
2
0
1499092285
4
0
24982
2
0
1499093309
4
0
24983
2
0
1499095869
4
0
24984
2
0
1499096893
4
0
24985
2
0
1499097917
4
0
24986
2
0
1499098941
4
0
24987
2
0
1499099965
4
0
24988
2
0
1499100989
4
0
24989
2
0
1499082813
4
0
24990
2
0
1499083837
4
0
24991
2
0
1499084861
4
0
24992
2
0
1499545917
4
0
24993
2
0
1499546941
4
0
24994
2
0
1499547965
4
0
24995
2
0
1499548989
4
0
24996
2
0
1499550013
4
0
24997
2
0
1499551037
4
0
24998
2
0
1499552061
4
0
24999
2
0
1499554621
4
0
25000
2
0
1499555645
4
0
25001
2
0
1499556669
4
0
25002
2
0
1499557693
4
0
25003
2
0
1499558717
4
0
25004
2
0
1499559741
4
0
25005
2
0
1499541565
4
0
25006
2
0
1499542589
4
0
25007
2
0
1499543613
4
0
25008
2
0
1499611453
4
0
25009
2
0
1499612477
4
0
25010
2
0
1499613501
4
0
25011
2
0
1499614525
4
0
25012
2
0
1499615549
4
0
25013
2
0
1499616573
4
0
25014
2
0
1499617597
4
0
25015
2
0
1499620157
4
0
25016
2
0
1499621181
4
0
25017
2
0
1499622205
4
0
25018
2
0
1499623229
4
0
25019
2
0
1499624253
4
0
25020
2
0
1499625277
4
0
25021
2
0
1499607101
4
0
25022
2
0
1499608125
4
0
25023
2
0
1499609149
4
0
25024
2
0
1499676989
4
0
25025
2
0
1499678013
4
0
25026
2
0
1499679037
4
0
25027
2
0
1499680061
4
0
25028
2
0
1499681085
4
0
25029
2
0
1499682109
4
0
25030
2
0
1499683133
4
0
25031
2
0
1499685693
4
0
25032
2
0
1499686717
4
0
25033
2
0
1499687741
4
0
25034
2
0
1499688765
4
0
25035
2
0
1499689789
4
0
25036
2
0
1499690813
4
0
25037
2
0
1499672637
4
0
25038
2
0
1499673661
4
0
25039
2
0
1499674685
4
0
25040
2
0
1499742525
4
0
25041
2
0
1499743549
4
0
25042
2
0
1499744573
4
0
25043
2
0
1499745597
4
0
25044
2
0
1499746621
4
0
25045
2
0
1499747645
4
0
25046
2
0
1499748669
4
0
25047
2
0
1499751229
4
0
25048
2
0
1499752253
4
0
25049
2
0
1499753277
4
0
25050
2
0
1499754301
4
0
25051
2
0
1499755325
4
0
25052
2
0
1499756349
4
0
25053
2
0
1499738173
4
0
25054
2
0
1499739197
4
0
25055
2
0
1499740221
4
0
25056
2
0
1499808061
4
0
25057
2
0
1499809085
4
0
25058
2
0
1499810109
4
0
25059
2
0
1499811133
4
0
25060
2
0
1499812157
4
0
25061
2
0
1499813181
4
0
25062
2
0
1499814205
4
0
25063
2
0
1499816765
4
0
25064
2
0
1499817789
4
0
25065
2
0
1499818813
4
0
25066
2
0
1499819837
4
0
25067
2
0
1499820861
4
0
25068
2
0
1499821885
4
0
25069
2
0
1499803709
4
0
25070
2
0
1499804733
4
0
25071
2
0
1499805757
4
0
25072
2
0
1499873597
4
0
25073
2
0
1499874621
4
0
25074
2
0
1499875645
4
0
25075
2
0
1499876669
4
0
25076
2
0
1499877693
4
0
25077
2
0
1499878717
4
0
25078
2
0
1499879741
4
0
25079
2
0
1499882301
4
0
25080
2
0
1499883325
4
0
25081
2
0
1499884349
4
0
25082
2
0
1499885373
4
0
25083
2
0
1499886397
4
0
25084
2
0
1499887421
4
0
25085
2
0
1499869245
4
0
25086
2
0
1499870269
4
0
25087
2
0
1499871293
4
0
25088
2
0
1499939133
4
0
25089
2
0
1499940157
4
0
25090
2
0
1499941181
4
0
25091
2
0
1499942205
4
0
25092
2
0
1499943229
4
0
25093
2
0
1499944253
4
0
25094
2
0
1499945277
4
0
25095
2
0
1499947837
4
0
25096
2
0
1499948861
4
0
25097
2
0
1499949885
4
0
25098
2
0
1499950909
4
0
25099
2
0
1499951933
4
0
25100
2
0
1499952957
4
0
25101
2
0
1499934781
4
0
25102
2
0
1499935805
4
0
25103
2
0
1499936829
4
0
25104
2
0
1500004669
4
0
25105
2
0
1500005693
4
0
25106
2
0
1500006717
4
0
25107
2
0
1500007741
4
0
25108
2
0
1500008765
4
0
25109
2
0
1500009789
4
0
25110
2
0
1500010813
4
0
25111
2
0
1500013373
4
0
25112
2
0
1500014397
4
0
25113
2
0
1500015421
4
0
25114
2
0
1500016445
4
0
25115
2
0
1500017469
4
0
25116
2
0
1500018493
4
0
25117
2
0
1500000317
4
0
25118
2
0
1500001341
4
0
25119
2
0
1500002365
4
0
25120
2
0
1500070205
4
0
25121
2
0
1500071229
4
0
25122
2
0
1500072253
4
0
25123
2
0
1500073277
4
0
25124
2
0
1500074301
4
0
25125
2
0
1500075325
4
0
25126
2
0
1500076349
4
0
25127
2
0
1500078909
4
0
25128
2
0
1500079933
4
0
25129
2
0
1500080957
4
0
25130
2
0
1500081981
4
0
25131
2
0
1500083005
4
0
25132
2
0
1500084029
4
0
25133
2
0
1500065853
4
0
25134
2
0
1500066877
4
0
25135
2
0
1500067901
4
0
25136
2
0
1500135741
4
0
25137
2
0
1500136765
4
0
25138
2
0
1500137789
4
0
25139
2
0
1500138813
4
0
25140
2
0
1500139837
4
0
25141
2
0
1500140861
4
0
25142
2
0
1500141885
4
0
25143
2
0
1500144445
4
0
25144
2
0
1500145469
4
0
25145
2
0
1500146493
4
0
25146
2
0
1500147517
4
0
25147
2
0
1500148541
4
0
25148
2
0
1500149565
4
0
25149
2
0
1500131389
4
0
25150
2
0
1500132413
4
0
25151
2
0
1500133437
4
0
25152
2
0
1500201277
4
0
25153
2
0
1500202301
4
0
25154
2
0
1500203325
4
0
25155
2
0
1500204349
4
0
25156
2
0
1500205373
4
0
25157
2
0
1500206397
4
0
25158
2
0
1500207421
4
0
25159
2
0
1500209981
4
0
25160
2
0
1500211005
4
0
25161
2
0
1500212029
4
0
25162
2
0
1500213053
4
0
25163
2
0
1500214077
4
0
25164
2
0
1500215101
4
0
25165
2
0
1500196925
4
0
25166
2
0
1500197949
4
0
25167
2
0
1500198973
4
0
25168
2
0
1500266813
4
0
25169
2
0
1500267837
4
0
25170
2
0
1500268861
4
0
25171
2
0
1500269885
4
0
25172
2
0
1500270909
4
0
25173
2
0
1500271933
4
0
25174
2
0
1500272957
4
0
25175
2
0
1500275517
4
0
25176
2
0
1500276541
4
0
25177
2
0
1500277565
4
0
25178
2
0
1500278589
4
0
25179
2
0
1500279613
4
0
25180
2
0
1500280637
4
0
25181
2
0
1500262461
4
0
25182
2
0
1500263485
4
0
25183
2
0
1500264509
4
0
25184
2
0
1500332349
4
0
25185
2
0
1500333373
4
0
25186
2
0
1500334397
4
0
25187
2
0
1500335421
4
0
25188
2
0
1500336445
4
0
25189
2
0
1500337469
4
0
25190
2
0
1500338493
4
0
25191
2
0
1500341053
4
0
25192
2
0
1500342077
4
0
25193
2
0
1500343101
4
0
25194
2
0
1500344125
4
0
25195
2
0
1500345149
4
0
25196
2
0
1500346173
4
0
25197
2
0
1500327997
4
0
25198
2
0
1500329021
4
0
25199
2
0
1500330045
4
0
25200
2
0
1500397885
4
0
25201
2
0
1500398909
4
0
25202
2
0
1500399933
4
0
25203
2
0
1500400957
4
0
25204
2
0
1500401981
4
0
25205
2
0
1500403005
4
0
25206
2
0
1500404029
4
0
25207
2
0
1500406589
4
0
25208
2
0
1500407613
4
0
25209
2
0
1500408637
4
0
25210
2
0
1500409661
4
0
25211
2
0
1500410685
4
0
25212
2
0
1500411709
4
0
25213
2
0
1500393533
4
0
25214
2
0
1500394557
4
0
25215
2
0
1500395581
4
0
25216
2
0
1500463421
4
0
25217
2
0
1500464445
4
0
25218
2
0
1500465469
4
0
25219
2
0
1500466493
4
0
25220
2
0
1500467517
4
0
25221
2
0
1500468541
4
0
25222
2
0
1500469565
4
0
25223
2
0
1500472125
4
0
25224
2
0
1500473149
4
0
25225
2
0
1500474173
4
0
25226
2
0
1500475197
4
0
25227
2
0
1500476221
4
0
25228
2
0
1500477245
4
0
25229
2
0
1500459069
4
0
25230
2
0
1500460093
4
0
25231
2
0
1500461117
4
0
25232
2
0
1500528957
4
0
25233
2
0
1500529981
4
0
25234
2
0
1500531005
4
0
25235
2
0
1500532029
4
0
25236
2
0
1500533053
4
0
25237
2
0
1500534077
4
0
25238
2
0
1500535101
4
0
25239
2
0
1500537661
4
0
25240
2
0
1500538685
4
0
25241
2
0
1500539709
4
0
25242
2
0
1500540733
4
0
25243
2
0
1500541757
4
0
25244
2
0
1500542781
4
0
25245
2
0
1500524605
4
0
25246
2
0
1500525629
4
0
25247
2
0
1500526653
4
0
25248
2
0
1500594493
4
0
25249
2
0
1500595517
4
0
25250
2
0
1500596541
4
0
25251
2
0
1500597565
4
0
25252
2
0
1500598589
4
0
25253
2
0
1500599613
4
0
25254
2
0
1500600637
4
0
25255
2
0
1500603197
4
0
25256
2
0
1500604221
4
0
25257
2
0
1500605245
4
0
25258
2
0
1500606269
4
0
25259
2
0
1500607293
4
0
25260
2
0
1500608317
4
0
25261
2
0
1500590141
4
0
25262
2
0
1500591165
4
0
25263
2
0
1500592189
4
0
25264
2
0
1500660029
4
0
25265
2
0
1500661053
4
0
25266
2
0
1500662077
4
0
25267
2
0
1500663101
4
0
25268
2
0
1500664125
4
0
25269
2
0
1500665149
4
0
25270
2
0
1500666173
4
0
25271
2
0
1500668733
4
0
25272
2
0
1500669757
4
0
25273
2
0
1500670781
4
0
25274
2
0
1500671805
4
0
25275
2
0
1500672829
4
0
25276
2
0
1500673853
4
0
25277
2
0
1500655677
4
0
25278
2
0
1500656701
4
0
25279
2
0
1500657725
4
0
25280
2
0
1500725565
4
0
25281
2
0
1500726589
4
0
25282
2
0
1500727613
4
0
25283
2
0
1500728637
4
0
25284
2
0
1500729661
4
0
25285
2
0
1500730685
4
0
25286
2
0
1500731709
4
0
25287
2
0
1500734269
4
0
25288
2
0
1500735293
4
0
25289
2
0
1500736317
4
0
25290
2
0
1500737341
4
0
25291
2
0
1500738365
4
0
25292
2
0
1500739389
4
0
25293
2
0
1500721213
4
0
25294
2
0
1500722237
4
0
25295
2
0
1500723261
4
0
25296
2
0
1500791101
4
0
25297
2
0
1500792125
4
0
25298
2
0
1500793149
4
0
25299
2
0
1500794173
4
0
25300
2
0
1500795197
4
0
25301
2
0
1500796221
4
0
25302
2
0
1500797245
4
0
25303
2
0
1500799805
4
0
25304
2
0
1500800829
4
0
25305
2
0
1500801853
4
0
25306
2
0
1500802877
4
0
25307
2
0
1500803901
4
0
25308
2
0
1500804925
4
0
25309
2
0
1500786749
4
0
25310
2
0
1500787773
4
0
25311
2
0
1500788797
4
0
25312
2
0
1500856637
4
0
25313
2
0
1500857661
4
0
25314
2
0
1500858685
4
0
25315
2
0
1500859709
4
0
25316
2
0
1500860733
4
0
25317
2
0
1500861757
4
0
25318
2
0
1500862781
4
0
25319
2
0
1500865341
4
0
25320
2
0
1500866365
4
0
25321
2
0
1500867389
4
0
25322
2
0
1500868413
4
0
25323
2
0
1500869437
4
0
25324
2
0
1500870461
4
0
25325
2
0
1500852285
4
0
25326
2
0
1500853309
4
0
25327
2
0
1500854333
4
0
25328
2
0
1500922173
4
0
25329
2
0
1500923197
4
0
25330
2
0
1500924221
4
0
25331
2
0
1500925245
4
0
25332
2
0
1500926269
4
0
25333
2
0
1500927293
4
0
25334
2
0
1500928317
4
0
25335
2
0
1500930877
4
0
25336
2
0
1500931901
4
0
25337
2
0
1500932925
4
0
25338
2
0
1500933949
4
0
25339
2
0
1500934973
4
0
25340
2
0
1500935997
4
0
25341
2
0
1500917821
4
0
25342
2
0
1500918845
4
0
25343
2
0
1500919869
4
0
25344
2
0
1500987709
4
0
25345
2
0
1500988733
4
0
25346
2
0
1500989757
4
0
25347
2
0
1500990781
4
0
25348
2
0
1500991805
4
0
25349
2
0
1500992829
4
0
25350
2
0
1500993853
4
0
25351
2
0
1500996413
4
0
25352
2
0
1500997437
4
0
25353
2
0
1500998461
4
0
25354
2
0
1500999485
4
0
25355
2
0
1501000509
4
0
25356
2
0
1501001533
4
0
25357
2
0
1500983357
4
0
25358
2
0
1500984381
4
0
25359
2
0
1500985405
4
0
25360
2
0
1501053245
4
0
25361
2
0
1501054269
4
0
25362
2
0
1501055293
4
0
25363
2
0
1501056317
4
0
25364
2
0
1501057341
4
0
25365
2
0
1501058365
4
0
25366
2
0
1501059389
4
0
25367
2
0
1501061949
4
0
25368
2
0
1501062973
4
0
25369
2
0
1501063997
4
0
25370
2
0
1501065021
4
0
25371
2
0
1501066045
4
0
25372
2
0
1501067069
4
0
25373
2
0
1501048893
4
0
25374
2
0
1501049917
4
0
25375
2
0
1501050941
4
0
25376
2
0
1501118781
4
0
25377
2
0
1501119805
4
0
25378
2
0
1501120829
4
0
25379
2
0
1501121853
4
0
25380
2
0
1501122877
4
0
25381
2
0
1501123901
4
0
25382
2
0
1501124925
4
0
25383
2
0
1501127485
4
0
25384
2
0
1501128509
4
0
25385
2
0
1501129533
4
0
25386
2
0
1501130557
4
0
25387
2
0
1501131581
4
0
25388
2
0
1501132605
4
0
25389
2
0
1501114429
4
0
25390
2
0
1501115453
4
0
25391
2
0
1501116477
4
0
25392
2
0
1501184317
4
0
25393
2
0
1501185341
4
0
25394
2
0
1501186365
4
0
25395
2
0
1501187389
4
0
25396
2
0
1501188413
4
0
25397
2
0
1501189437
4
0
25398
2
0
1501190461
4
0
25399
2
0
1501193021
4
0
25400
2
0
1501194045
4
0
25401
2
0
1501195069
4
0
25402
2
0
1501196093
4
0
25403
2
0
1501197117
4
0
25404
2
0
1501198141
4
0
25405
2
0
1501179965
4
0
25406
2
0
1501180989
4
0
25407
2
0
1501182013
4
0
25408
2
0
1496334653
4
0
25409
2
0
1496335677
4
0
25410
2
0
1496336701
4
0
25411
2
0
1496337725
4
0
25412
2
0
1496338749
4
0
25413
2
0
1496339773
4
0
25414
2
0
1496340797
4
0
25415
2
0
1496343357
4
0
25416
2
0
1496344381
4
0
25417
2
0
1496345405
4
0
25418
2
0
1496346429
4
0
25419
2
0
1496347453
4
0
25420
2
0
1496348477
4
0
25421
2
0
1496330301
4
0
25422
2
0
1496331325
4
0
25423
2
0
1496332349
4
0
25424
2
0
1496400189
4
0
25425
2
0
1496401213
4
0
25426
2
0
1496402237
4
0
25427
2
0
1496403261
4
0
25428
2
0
1496404285
4
0
25429
2
0
1496405309
4
0
25430
2
0
1496406333
4
0
25431
2
0
1496408893
4
0
25432
2
0
1496409917
4
0
25433
2
0
1496410941
4
0
25434
2
0
1496411965
4
0
25435
2
0
1496412989
4
0
25436
2
0
1496414013
4
0
25437
2
0
1496395837
4
0
25438
2
0
1496396861
4
0
25439
2
0
1496397885
4
0
25440
2
0
1496465725
4
0
25441
2
0
1496466749
4
0
25442
2
0
1496467773
4
0
25443
2
0
1496468797
4
0
25444
2
0
1496469821
4
0
25445
2
0
1496470845
4
0
25446
2
0
1496471869
4
0
25447
2
0
1496474429
4
0
25448
2
0
1496475453
4
0
25449
2
0
1496476477
4
0
25450
2
0
1496477501
4
0
25451
2
0
1496478525
4
0
25452
2
0
1496479549
4
0
25453
2
0
1496461373
4
0
25454
2
0
1496462397
4
0
25455
2
0
1496463421
4
0
25456
2
0
1496531261
4
0
25457
2
0
1496532285
4
0
25458
2
0
1496533309
4
0
25459
2
0
1496534333
4
0
25460
2
0
1496535357
4
0
25461
2
0
1496536381
4
0
25462
2
0
1496537405
4
0
25463
2
0
1496539965
4
0
25464
2
0
1496540989
4
0
25465
2
0
1496542013
4
0
25466
2
0
1496543037
4
0
25467
2
0
1496544061
4
0
25468
2
0
1496545085
4
0
25469
2
0
1496526909
4
0
25470
2
0
1496527933
4
0
25471
2
0
1496528957
4
0
25472
2
0
1496596797
4
0
25473
2
0
1496597821
4
0
25474
2
0
1496598845
4
0
25475
2
0
1496599869
4
0
25476
2
0
1496600893
4
0
25477
2
0
1496601917
4
0
25478
2
0
1496602941
4
0
25479
2
0
1496605501
4
0
25480
2
0
1496606525
4
0
25481
2
0
1496607549
4
0
25482
2
0
1496608573
4
0
25483
2
0
1496609597
4
0
25484
2
0
1496610621
4
0
25485
2
0
1496592445
4
0
25486
2
0
1496593469
4
0
25487
2
0
1496594493
4
0
25488
2
0
1496662333
4
0
25489
2
0
1496663357
4
0
25490
2
0
1496664381
4
0
25491
2
0
1496665405
4
0
25492
2
0
1496666429
4
0
25493
2
0
1496667453
4
0
25494
2
0
1496668477
4
0
25495
2
0
1496671037
4
0
25496
2
0
1496672061
4
0
25497
2
0
1496673085
4
0
25498
2
0
1496674109
4
0
25499
2
0
1496675133
4
0
25500
2
0
1496676157
4
0
25501
2
0
1496657981
4
0
25502
2
0
1496659005
4
0
25503
2
0
1496660029
4
0
25504
2
0
1496727869
4
0
25505
2
0
1496728893
4
0
25506
2
0
1496729917
4
0
25507
2
0
1496730941
4
0
25508
2
0
1496731965
4
0
25509
2
0
1496732989
4
0
25510
2
0
1496734013
4
0
25511
2
0
1496736573
4
0
25512
2
0
1496737597
4
0
25513
2
0
1496738621
4
0
25514
2
0
1496739645
4
0
25515
2
0
1496740669
4
0
25516
2
0
1496741693
4
0
25517
2
0
1496723517
4
0
25518
2
0
1496724541
4
0
25519
2
0
1496725565
4
0
25520
2
0
1496793405
4
0
25521
2
0
1496794429
4
0
25522
2
0
1496795453
4
0
25523
2
0
1496796477
4
0
25524
2
0
1496797501
4
0
25525
2
0
1496798525
4
0
25526
2
0
1496799549
4
0
25527
2
0
1496802109
4
0
25528
2
0
1496803133
4
0
25529
2
0
1496804157
4
0
25530
2
0
1496805181
4
0
25531
2
0
1496806205
4
0
25532
2
0
1496807229
4
0
25533
2
0
1496789053
4
0
25534
2
0
1496790077
4
0
25535
2
0
1496791101
4
0
25536
2
0
1496858941
4
0
25537
2
0
1496859965
4
0
25538
2
0
1496860989
4
0
25539
2
0
1496862013
4
0
25540
2
0
1496863037
4
0
25541
2
0
1496864061
4
0
25542
2
0
1496865085
4
0
25543
2
0
1496867645
4
0
25544
2
0
1496868669
4
0
25545
2
0
1496869693
4
0
25546
2
0
1496870717
4
0
25547
2
0
1496871741
4
0
25548
2
0
1496872765
4
0
25549
2
0
1496854589
4
0
25550
2
0
1496855613
4
0
25551
2
0
1496856637
4
0
25552
2
0
1496924477
4
0
25553
2
0
1496925501
4
0
25554
2
0
1496926525
4
0
25555
2
0
1496927549
4
0
25556
2
0
1496928573
4
0
25557
2
0
1496929597
4
0
25558
2
0
1496930621
4
0
25559
2
0
1496933181
4
0
25560
2
0
1496934205
4
0
25561
2
0
1496935229
4
0
25562
2
0
1496936253
4
0
25563
2
0
1496937277
4
0
25564
2
0
1496938301
4
0
25565
2
0
1496920125
4
0
25566
2
0
1496921149
4
0
25567
2
0
1496922173
4
0
25568
2
0
1496006973
4
0
25569
2
0
1496007997
4
0
25570
2
0
1496009021
4
0
25571
2
0
1496010045
4
0
25572
2
0
1496011069
4
0
25573
2
0
1496012093
4
0
25574
2
0
1496013117
4
0
25575
2
0
1496015677
4
0
25576
2
0
1496016701
4
0
25577
2
0
1496017725
4
0
25578
2
0
1496018749
4
0
25579
2
0
1496019773
4
0
25580
2
0
1496020797
4
0
25581
2
0
1496002621
4
0
25582
2
0
1496003645
4
0
25583
2
0
1496004669
4
0
25584
2
0
1496269117
4
0
25585
2
0
1496270141
4
0
25586
2
0
1496271165
4
0
25587
2
0
1496272189
4
0
25588
2
0
1496273213
4
0
25589
2
0
1496274237
4
0
25590
2
0
1496275261
4
0
25591
2
0
1496277821
4
0
25592
2
0
1496278845
4
0
25593
2
0
1496279869
4
0
25594
2
0
1496280893
4
0
25595
2
0
1496281917
4
0
25596
2
0
1496282941
4
0
25597
2
0
1496264765
4
0
25598
2
0
1496265789
4
0
25599
2
0
1496266813
4
