1024
0
26624
2
0
1631666493
4
0
26625
2
0
1631667517
4
0
26626
2
0
1631668541
4
0
26627
2
0
1631669565
4
0
26628
2
0
1631670589
4
0
26629
2
0
1631671613
4
0
26630
2
0
1631672637
4
0
26631
2
0
1631675197
4
0
26632
2
0
1631676221
4
0
26633
2
0
1631677245
4
0
26634
2
0
1631678269
4
0
26635
2
0
1631679293
4
0
26636
2
0
1631680317
4
0
26637
2
0
1631662141
4
0
26638
2
0
1631663165
4
0
26639
2
0
1631664189
4
0
26640
2
0
1631732029
4
0
26641
2
0
1631733053
4
0
26642
2
0
1631734077
4
0
26643
2
0
1631735101
4
0
26644
2
0
1631736125
4
0
26645
2
0
1631737149
4
0
26646
2
0
1631738173
4
0
26647
2
0
1631740733
4
0
26648
2
0
1631741757
4
0
26649
2
0
1631742781
4
0
26650
2
0
1631743805
4
0
26651
2
0
1631744829
4
0
26652
2
0
1631745853
4
0
26653
2
0
1631727677
4
0
26654
2
0
1631728701
4
0
26655
2
0
1631729725
4
0
26656
2
0
1631797565
4
0
26657
2
0
1631798589
4
0
26658
2
0
1631799613
4
0
26659
2
0
1631800637
4
0
26660
2
0
1631801661
4
0
26661
2
0
1631802685
4
0
26662
2
0
1631803709
4
0
26663
2
0
1631806269
4
0
26664
2
0
1631807293
4
0
26665
2
0
1631808317
4
0
26666
2
0
1631809341
4
0
26667
2
0
1631810365
4
0
26668
2
0
1631811389
4
0
26669
2
0
1631793213
4
0
26670
2
0
1631794237
4
0
26671
2
0
1631795261
4
0
26672
2
0
1631863101
4
0
26673
2
0
1631864125
4
0
26674
2
0
1631865149
4
0
26675
2
0
1631866173
4
0
26676
2
0
1631867197
4
0
26677
2
0
1631868221
4
0
26678
2
0
1631869245
4
0
26679
2
0
1631871805
4
0
26680
2
0
1631872829
4
0
26681
2
0
1631873853
4
0
26682
2
0
1631874877
4
0
26683
2
0
1631875901
4
0
26684
2
0
1631876925
4
0
26685
2
0
1631858749
4
0
26686
2
0
1631859773
4
0
26687
2
0
1631860797
4
0
26688
2
0
1631928637
4
0
26689
2
0
1631929661
4
0
26690
2
0
1631930685
4
0
26691
2
0
1631931709
4
0
26692
2
0
1631932733
4
0
26693
2
0
1631933757
4
0
26694
2
0
1631934781
4
0
26695
2
0
1631937341
4
0
26696
2
0
1631938365
4
0
26697
2
0
1631939389
4
0
26698
2
0
1631940413
4
0
26699
2
0
1631941437
4
0
26700
2
0
1631942461
4
0
26701
2
0
1631924285
4
0
26702
2
0
1631925309
4
0
26703
2
0
1631926333
4
0
26704
2
0
1631994173
4
0
26705
2
0
1631995197
4
0
26706
2
0
1631996221
4
0
26707
2
0
1631997245
4
0
26708
2
0
1631998269
4
0
26709
2
0
1631999293
4
0
26710
2
0
1632000317
4
0
26711
2
0
1632002877
4
0
26712
2
0
1632003901
4
0
26713
2
0
1632004925
4
0
26714
2
0
1632005949
4
0
26715
2
0
1632006973
4
0
26716
2
0
1632007997
4
0
26717
2
0
1631989821
4
0
26718
2
0
1631990845
4
0
26719
2
0
1631991869
4
0
26720
2
0
1632059709
4
0
26721
2
0
1632060733
4
0
26722
2
0
1632061757
4
0
26723
2
0
1632062781
4
0
26724
2
0
1632063805
4
0
26725
2
0
1632064829
4
0
26726
2
0
1632065853
4
0
26727
2
0
1632068413
4
0
26728
2
0
1632069437
4
0
26729
2
0
1632070461
4
0
26730
2
0
1632071485
4
0
26731
2
0
1632072509
4
0
26732
2
0
1632073533
4
0
26733
2
0
1632055357
4
0
26734
2
0
1632056381
4
0
26735
2
0
1632057405
4
0
26736
2
0
1632125245
4
0
26737
2
0
1632126269
4
0
26738
2
0
1632127293
4
0
26739
2
0
1632128317
4
0
26740
2
0
1632129341
4
0
26741
2
0
1632130365
4
0
26742
2
0
1632131389
4
0
26743
2
0
1632133949
4
0
26744
2
0
1632134973
4
0
26745
2
0
1632135997
4
0
26746
2
0
1632137021
4
0
26747
2
0
1632138045
4
0
26748
2
0
1632139069
4
0
26749
2
0
1632120893
4
0
26750
2
0
1632121917
4
0
26751
2
0
1632122941
4
0
26752
2
0
1632190781
4
0
26753
2
0
1632191805
4
0
26754
2
0
1632192829
4
0
26755
2
0
1632193853
4
0
26756
2
0
1632194877
4
0
26757
2
0
1632195901
4
0
26758
2
0
1632196925
4
0
26759
2
0
1632199485
4
0
26760
2
0
1632200509
4
0
26761
2
0
1632201533
4
0
26762
2
0
1632202557
4
0
26763
2
0
1632203581
4
0
26764
2
0
1632204605
4
0
26765
2
0
1632186429
4
0
26766
2
0
1632187453
4
0
26767
2
0
1632188477
4
0
26768
2
0
1632256317
4
0
26769
2
0
1632257341
4
0
26770
2
0
1632258365
4
0
26771
2
0
1632259389
4
0
26772
2
0
1632260413
4
0
26773
2
0
1632261437
4
0
26774
2
0
1632262461
4
0
26775
2
0
1632265021
4
0
26776
2
0
1632266045
4
0
26777
2
0
1632267069
4
0
26778
2
0
1632268093
4
0
26779
2
0
1632269117
4
0
26780
2
0
1632270141
4
0
26781
2
0
1632251965
4
0
26782
2
0
1632252989
4
0
26783
2
0
1632254013
4
0
26784
2
0
1632321853
4
0
26785
2
0
1632322877
4
0
26786
2
0
1632323901
4
0
26787
2
0
1632324925
4
0
26788
2
0
1632325949
4
0
26789
2
0
1632326973
4
0
26790
2
0
1632327997
4
0
26791
2
0
1632330557
4
0
26792
2
0
1632331581
4
0
26793
2
0
1632332605
4
0
26794
2
0
1632333629
4
0
26795
2
0
1632334653
4
0
26796
2
0
1632335677
4
0
26797
2
0
1632317501
4
0
26798
2
0
1632318525
4
0
26799
2
0
1632319549
4
0
26800
2
0
1632387389
4
0
26801
2
0
1632388413
4
0
26802
2
0
1632389437
4
0
26803
2
0
1632390461
4
0
26804
2
0
1632391485
4
0
26805
2
0
1632392509
4
0
26806
2
0
1632393533
4
0
26807
2
0
1632396093
4
0
26808
2
0
1632397117
4
0
26809
2
0
1632398141
4
0
26810
2
0
1632399165
4
0
26811
2
0
1632400189
4
0
26812
2
0
1632401213
4
0
26813
2
0
1632383037
4
0
26814
2
0
1632384061
4
0
26815
2
0
1632385085
4
0
26816
2
0
1632452925
4
0
26817
2
0
1632453949
4
0
26818
2
0
1632454973
4
0
26819
2
0
1632455997
4
0
26820
2
0
1632457021
4
0
26821
2
0
1632458045
4
0
26822
2
0
1632459069
4
0
26823
2
0
1632461629
4
0
26824
2
0
1632462653
4
0
26825
2
0
1632463677
4
0
26826
2
0
1632464701
4
0
26827
2
0
1632465725
4
0
26828
2
0
1632466749
4
0
26829
2
0
1632448573
4
0
26830
2
0
1632449597
4
0
26831
2
0
1632450621
4
0
26832
2
0
1632518461
4
0
26833
2
0
1632519485
4
0
26834
2
0
1632520509
4
0
26835
2
0
1632521533
4
0
26836
2
0
1632522557
4
0
26837
2
0
1632523581
4
0
26838
2
0
1632524605
4
0
26839
2
0
1632527165
4
0
26840
2
0
1632528189
4
0
26841
2
0
1632529213
4
0
26842
2
0
1632530237
4
0
26843
2
0
1632531261
4
0
26844
2
0
1632532285
4
0
26845
2
0
1632514109
4
0
26846
2
0
1632515133
4
0
26847
2
0
1632516157
4
0
26848
2
0
1632583997
4
0
26849
2
0
1632585021
4
0
26850
2
0
1632586045
4
0
26851
2
0
1632587069
4
0
26852
2
0
1632588093
4
0
26853
2
0
1632589117
4
0
26854
2
0
1632590141
4
0
26855
2
0
1632592701
4
0
26856
2
0
1632593725
4
0
26857
2
0
1632594749
4
0
26858
2
0
1632595773
4
0
26859
2
0
1632596797
4
0
26860
2
0
1632597821
4
0
26861
2
0
1632579645
4
0
26862
2
0
1632580669
4
0
26863
2
0
1632581693
4
0
26864
2
0
1632649533
4
0
26865
2
0
1632650557
4
0
26866
2
0
1632651581
4
0
26867
2
0
1632652605
4
0
26868
2
0
1632653629
4
0
26869
2
0
1632654653
4
0
26870
2
0
1632655677
4
0
26871
2
0
1632658237
4
0
26872
2
0
1632659261
4
0
26873
2
0
1632660285
4
0
26874
2
0
1632661309
4
0
26875
2
0
1632662333
4
0
26876
2
0
1632663357
4
0
26877
2
0
1632645181
4
0
26878
2
0
1632646205
4
0
26879
2
0
1632647229
4
0
26880
2
0
1632715069
4
0
26881
2
0
1632716093
4
0
26882
2
0
1632717117
4
0
26883
2
0
1632718141
4
0
26884
2
0
1632719165
4
0
26885
2
0
1632720189
4
0
26886
2
0
1632721213
4
0
26887
2
0
1632723773
4
0
26888
2
0
1632724797
4
0
26889
2
0
1632725821
4
0
26890
2
0
1632726845
4
0
26891
2
0
1632727869
4
0
26892
2
0
1632728893
4
0
26893
2
0
1632710717
4
0
26894
2
0
1632711741
4
0
26895
2
0
1632712765
4
0
26896
2
0
1632780605
4
0
26897
2
0
1632781629
4
0
26898
2
0
1632782653
4
0
26899
2
0
1632783677
4
0
26900
2
0
1632784701
4
0
26901
2
0
1632785725
4
0
26902
2
0
1632786749
4
0
26903
2
0
1632789309
4
0
26904
2
0
1632790333
4
0
26905
2
0
1632791357
4
0
26906
2
0
1632792381
4
0
26907
2
0
1632793405
4
0
26908
2
0
1632794429
4
0
26909
2
0
1632776253
4
0
26910
2
0
1632777277
4
0
26911
2
0
1632778301
4
0
26912
2
0
1632846141
4
0
26913
2
0
1632847165
4
0
26914
2
0
1632848189
4
0
26915
2
0
1632849213
4
0
26916
2
0
1632850237
4
0
26917
2
0
1632851261
4
0
26918
2
0
1632852285
4
0
26919
2
0
1632854845
4
0
26920
2
0
1632855869
4
0
26921
2
0
1632856893
4
0
26922
2
0
1632857917
4
0
26923
2
0
1632858941
4
0
26924
2
0
1632859965
4
0
26925
2
0
1632841789
4
0
26926
2
0
1632842813
4
0
26927
2
0
1632843837
4
0
26928
2
0
1632911677
4
0
26929
2
0
1632912701
4
0
26930
2
0
1632913725
4
0
26931
2
0
1632914749
4
0
26932
2
0
1632915773
4
0
26933
2
0
1632916797
4
0
26934
2
0
1632917821
4
0
26935
2
0
1632920381
4
0
26936
2
0
1632921405
4
0
26937
2
0
1632922429
4
0
26938
2
0
1632923453
4
0
26939
2
0
1632924477
4
0
26940
2
0
1632925501
4
0
26941
2
0
1632907325
4
0
26942
2
0
1632908349
4
0
26943
2
0
1632909373
4
0
26944
2
0
1632977213
4
0
26945
2
0
1632978237
4
0
26946
2
0
1632979261
4
0
26947
2
0
1632980285
4
0
26948
2
0
1632981309
4
0
26949
2
0
1632982333
4
0
26950
2
0
1632983357
4
0
26951
2
0
1632985917
4
0
26952
2
0
1632986941
4
0
26953
2
0
1632987965
4
0
26954
2
0
1632988989
4
0
26955
2
0
1632990013
4
0
26956
2
0
1632991037
4
0
26957
2
0
1632972861
4
0
26958
2
0
1632973885
4
0
26959
2
0
1632974909
4
0
26960
2
0
1633042749
4
0
26961
2
0
1633043773
4
0
26962
2
0
1633044797
4
0
26963
2
0
1633045821
4
0
26964
2
0
1633046845
4
0
26965
2
0
1633047869
4
0
26966
2
0
1633048893
4
0
26967
2
0
1633051453
4
0
26968
2
0
1633052477
4
0
26969
2
0
1633053501
4
0
26970
2
0
1633054525
4
0
26971
2
0
1633055549
4
0
26972
2
0
1633056573
4
0
26973
2
0
1633038397
4
0
26974
2
0
1633039421
4
0
26975
2
0
1633040445
4
0
26976
2
0
1633108285
4
0
26977
2
0
1633109309
4
0
26978
2
0
1633110333
4
0
26979
2
0
1633111357
4
0
26980
2
0
1633112381
4
0
26981
2
0
1633113405
4
0
26982
2
0
1633114429
4
0
26983
2
0
1633116989
4
0
26984
2
0
1633118013
4
0
26985
2
0
1633119037
4
0
26986
2
0
1633120061
4
0
26987
2
0
1633121085
4
0
26988
2
0
1633122109
4
0
26989
2
0
1633103933
4
0
26990
2
0
1633104957
4
0
26991
2
0
1633105981
4
0
26992
2
0
1633173821
4
0
26993
2
0
1633174845
4
0
26994
2
0
1633175869
4
0
26995
2
0
1633176893
4
0
26996
2
0
1633177917
4
0
26997
2
0
1633178941
4
0
26998
2
0
1633179965
4
0
26999
2
0
1633182525
4
0
27000
2
0
1633183549
4
0
27001
2
0
1633184573
4
0
27002
2
0
1633185597
4
0
27003
2
0
1633186621
4
0
27004
2
0
1633187645
4
0
27005
2
0
1633169469
4
0
27006
2
0
1633170493
4
0
27007
2
0
1633171517
4
0
27008
2
0
1633239357
4
0
27009
2
0
1633240381
4
0
27010
2
0
1633241405
4
0
27011
2
0
1633242429
4
0
27012
2
0
1633243453
4
0
27013
2
0
1633244477
4
0
27014
2
0
1633245501
4
0
27015
2
0
1633248061
4
0
27016
2
0
1633249085
4
0
27017
2
0
1633250109
4
0
27018
2
0
1633251133
4
0
27019
2
0
1633252157
4
0
27020
2
0
1633253181
4
0
27021
2
0
1633235005
4
0
27022
2
0
1633236029
4
0
27023
2
0
1633237053
4
0
27024
2
0
1633304893
4
0
27025
2
0
1633305917
4
0
27026
2
0
1633306941
4
0
27027
2
0
1633307965
4
0
27028
2
0
1633308989
4
0
27029
2
0
1633310013
4
0
27030
2
0
1633311037
4
0
27031
2
0
1633313597
4
0
27032
2
0
1633314621
4
0
27033
2
0
1633315645
4
0
27034
2
0
1633316669
4
0
27035
2
0
1633317693
4
0
27036
2
0
1633318717
4
0
27037
2
0
1633300541
4
0
27038
2
0
1633301565
4
0
27039
2
0
1633302589
4
0
27040
2
0
1633763645
4
0
27041
2
0
1633764669
4
0
27042
2
0
1633765693
4
0
27043
2
0
1633766717
4
0
27044
2
0
1633767741
4
0
27045
2
0
1633768765
4
0
27046
2
0
1633769789
4
0
27047
2
0
1633772349
4
0
27048
2
0
1633773373
4
0
27049
2
0
1633774397
4
0
27050
2
0
1633775421
4
0
27051
2
0
1633776445
4
0
27052
2
0
1633777469
4
0
27053
2
0
1633759293
4
0
27054
2
0
1633760317
4
0
27055
2
0
1633761341
4
0
27056
2
0
1633829181
4
0
27057
2
0
1633830205
4
0
27058
2
0
1633831229
4
0
27059
2
0
1633832253
4
0
27060
2
0
1633833277
4
0
27061
2
0
1633834301
4
0
27062
2
0
1633835325
4
0
27063
2
0
1633837885
4
0
27064
2
0
1633838909
4
0
27065
2
0
1633839933
4
0
27066
2
0
1633840957
4
0
27067
2
0
1633841981
4
0
27068
2
0
1633843005
4
0
27069
2
0
1633824829
4
0
27070
2
0
1633825853
4
0
27071
2
0
1633826877
4
0
27072
2
0
1633894717
4
0
27073
2
0
1633895741
4
0
27074
2
0
1633896765
4
0
27075
2
0
1633897789
4
0
27076
2
0
1633898813
4
0
27077
2
0
1633899837
4
0
27078
2
0
1633900861
4
0
27079
2
0
1633903421
4
0
27080
2
0
1633904445
4
0
27081
2
0
1633905469
4
0
27082
2
0
1633906493
4
0
27083
2
0
1633907517
4
0
27084
2
0
1633908541
4
0
27085
2
0
1633890365
4
0
27086
2
0
1633891389
4
0
27087
2
0
1633892413
4
0
27088
2
0
1633960253
4
0
27089
2
0
1633961277
4
0
27090
2
0
1633962301
4
0
27091
2
0
1633963325
4
0
27092
2
0
1633964349
4
0
27093
2
0
1633965373
4
0
27094
2
0
1633966397
4
0
27095
2
0
1633968957
4
0
27096
2
0
1633969981
4
0
27097
2
0
1633971005
4
0
27098
2
0
1633972029
4
0
27099
2
0
1633973053
4
0
27100
2
0
1633974077
4
0
27101
2
0
1633955901
4
0
27102
2
0
1633956925
4
0
27103
2
0
1633957949
4
0
27104
2
0
1634025789
4
0
27105
2
0
1634026813
4
0
27106
2
0
1634027837
4
0
27107
2
0
1634028861
4
0
27108
2
0
1634029885
4
0
27109
2
0
1634030909
4
0
27110
2
0
1634031933
4
0
27111
2
0
1634034493
4
0
27112
2
0
1634035517
4
0
27113
2
0
1634036541
4
0
27114
2
0
1634037565
4
0
27115
2
0
1634038589
4
0
27116
2
0
1634039613
4
0
27117
2
0
1634021437
4
0
27118
2
0
1634022461
4
0
27119
2
0
1634023485
4
0
27120
2
0
1634091325
4
0
27121
2
0
1634092349
4
0
27122
2
0
1634093373
4
0
27123
2
0
1634094397
4
0
27124
2
0
1634095421
4
0
27125
2
0
1634096445
4
0
27126
2
0
1634097469
4
0
27127
2
0
1634100029
4
0
27128
2
0
1634101053
4
0
27129
2
0
1634102077
4
0
27130
2
0
1634103101
4
0
27131
2
0
1634104125
4
0
27132
2
0
1634105149
4
0
27133
2
0
1634086973
4
0
27134
2
0
1634087997
4
0
27135
2
0
1634089021
4
0
27136
2
0
1634156861
4
0
27137
2
0
1634157885
4
0
27138
2
0
1634158909
4
0
27139
2
0
1634159933
4
0
27140
2
0
1634160957
4
0
27141
2
0
1634161981
4
0
27142
2
0
1634163005
4
0
27143
2
0
1634165565
4
0
27144
2
0
1634166589
4
0
27145
2
0
1634167613
4
0
27146
2
0
1634168637
4
0
27147
2
0
1634169661
4
0
27148
2
0
1634170685
4
0
27149
2
0
1634152509
4
0
27150
2
0
1634153533
4
0
27151
2
0
1634154557
4
0
27152
2
0
1634222397
4
0
27153
2
0
1634223421
4
0
27154
2
0
1634224445
4
0
27155
2
0
1634225469
4
0
27156
2
0
1634226493
4
0
27157
2
0
1634227517
4
0
27158
2
0
1634228541
4
0
27159
2
0
1634231101
4
0
27160
2
0
1634232125
4
0
27161
2
0
1634233149
4
0
27162
2
0
1634234173
4
0
27163
2
0
1634235197
4
0
27164
2
0
1634236221
4
0
27165
2
0
1634218045
4
0
27166
2
0
1634219069
4
0
27167
2
0
1634220093
4
0
27168
2
0
1634287933
4
0
27169
2
0
1634288957
4
0
27170
2
0
1634289981
4
0
27171
2
0
1634291005
4
0
27172
2
0
1634292029
4
0
27173
2
0
1634293053
4
0
27174
2
0
1634294077
4
0
27175
2
0
1634296637
4
0
27176
2
0
1634297661
4
0
27177
2
0
1634298685
4
0
27178
2
0
1634299709
4
0
27179
2
0
1634300733
4
0
27180
2
0
1634301757
4
0
27181
2
0
1634283581
4
0
27182
2
0
1634284605
4
0
27183
2
0
1634285629
4
0
27184
2
0
1634353469
4
0
27185
2
0
1634354493
4
0
27186
2
0
1634355517
4
0
27187
2
0
1634356541
4
0
27188
2
0
1634357565
4
0
27189
2
0
1634358589
4
0
27190
2
0
1634359613
4
0
27191
2
0
1634362173
4
0
27192
2
0
1634363197
4
0
27193
2
0
1634364221
4
0
27194
2
0
1634365245
4
0
27195
2
0
1634366269
4
0
27196
2
0
1634367293
4
0
27197
2
0
1634349117
4
0
27198
2
0
1634350141
4
0
27199
2
0
1634351165
4
0
27200
2
0
1634419005
4
0
27201
2
0
1634420029
4
0
27202
2
0
1634421053
4
0
27203
2
0
1634422077
4
0
27204
2
0
1634423101
4
0
27205
2
0
1634424125
4
0
27206
2
0
1634425149
4
0
27207
2
0
1634427709
4
0
27208
2
0
1634428733
4
0
27209
2
0
1634429757
4
0
27210
2
0
1634430781
4
0
27211
2
0
1634431805
4
0
27212
2
0
1634432829
4
0
27213
2
0
1634414653
4
0
27214
2
0
1634415677
4
0
27215
2
0
1634416701
4
0
27216
2
0
1634484541
4
0
27217
2
0
1634485565
4
0
27218
2
0
1634486589
4
0
27219
2
0
1634487613
4
0
27220
2
0
1634488637
4
0
27221
2
0
1634489661
4
0
27222
2
0
1634490685
4
0
27223
2
0
1634493245
4
0
27224
2
0
1634494269
4
0
27225
2
0
1634495293
4
0
27226
2
0
1634496317
4
0
27227
2
0
1634497341
4
0
27228
2
0
1634498365
4
0
27229
2
0
1634480189
4
0
27230
2
0
1634481213
4
0
27231
2
0
1634482237
4
0
27232
2
0
1634550077
4
0
27233
2
0
1634551101
4
0
27234
2
0
1634552125
4
0
27235
2
0
1634553149
4
0
27236
2
0
1634554173
4
0
27237
2
0
1634555197
4
0
27238
2
0
1634556221
4
0
27239
2
0
1634558781
4
0
27240
2
0
1634559805
4
0
27241
2
0
1634560829
4
0
27242
2
0
1634561853
4
0
27243
2
0
1634562877
4
0
27244
2
0
1634563901
4
0
27245
2
0
1634545725
4
0
27246
2
0
1634546749
4
0
27247
2
0
1634547773
4
0
27248
2
0
1634615613
4
0
27249
2
0
1634616637
4
0
27250
2
0
1634617661
4
0
27251
2
0
1634618685
4
0
27252
2
0
1634619709
4
0
27253
2
0
1634620733
4
0
27254
2
0
1634621757
4
0
27255
2
0
1634624317
4
0
27256
2
0
1634625341
4
0
27257
2
0
1634626365
4
0
27258
2
0
1634627389
4
0
27259
2
0
1634628413
4
0
27260
2
0
1634629437
4
0
27261
2
0
1634611261
4
0
27262
2
0
1634612285
4
0
27263
2
0
1634613309
4
0
27264
2
0
1634681149
4
0
27265
2
0
1634682173
4
0
27266
2
0
1634683197
4
0
27267
2
0
1634684221
4
0
27268
2
0
1634685245
4
0
27269
2
0
1634686269
4
0
27270
2
0
1634687293
4
0
27271
2
0
1634689853
4
0
27272
2
0
1634690877
4
0
27273
2
0
1634691901
4
0
27274
2
0
1634692925
4
0
27275
2
0
1634693949
4
0
27276
2
0
1634694973
4
0
27277
2
0
1634676797
4
0
27278
2
0
1634677821
4
0
27279
2
0
1634678845
4
0
27280
2
0
1634746685
4
0
27281
2
0
1634747709
4
0
27282
2
0
1634748733
4
0
27283
2
0
1634749757
4
0
27284
2
0
1634750781
4
0
27285
2
0
1634751805
4
0
27286
2
0
1634752829
4
0
27287
2
0
1634755389
4
0
27288
2
0
1634756413
4
0
27289
2
0
1634757437
4
0
27290
2
0
1634758461
4
0
27291
2
0
1634759485
4
0
27292
2
0
1634760509
4
0
27293
2
0
1634742333
4
0
27294
2
0
1634743357
4
0
27295
2
0
1634744381
4
0
27296
2
0
1634812221
4
0
27297
2
0
1634813245
4
0
27298
2
0
1634814269
4
0
27299
2
0
1634815293
4
0
27300
2
0
1634816317
4
0
27301
2
0
1634817341
4
0
27302
2
0
1634818365
4
0
27303
2
0
1634820925
4
0
27304
2
0
1634821949
4
0
27305
2
0
1634822973
4
0
27306
2
0
1634823997
4
0
27307
2
0
1634825021
4
0
27308
2
0
1634826045
4
0
27309
2
0
1634807869
4
0
27310
2
0
1634808893
4
0
27311
2
0
1634809917
4
0
27312
2
0
1634877757
4
0
27313
2
0
1634878781
4
0
27314
2
0
1634879805
4
0
27315
2
0
1634880829
4
0
27316
2
0
1634881853
4
0
27317
2
0
1634882877
4
0
27318
2
0
1634883901
4
0
27319
2
0
1634886461
4
0
27320
2
0
1634887485
4
0
27321
2
0
1634888509
4
0
27322
2
0
1634889533
4
0
27323
2
0
1634890557
4
0
27324
2
0
1634891581
4
0
27325
2
0
1634873405
4
0
27326
2
0
1634874429
4
0
27327
2
0
1634875453
4
0
27328
2
0
1634943293
4
0
27329
2
0
1634944317
4
0
27330
2
0
1634945341
4
0
27331
2
0
1634946365
4
0
27332
2
0
1634947389
4
0
27333
2
0
1634948413
4
0
27334
2
0
1634949437
4
0
27335
2
0
1634951997
4
0
27336
2
0
1634953021
4
0
27337
2
0
1634954045
4
0
27338
2
0
1634955069
4
0
27339
2
0
1634956093
4
0
27340
2
0
1634957117
4
0
27341
2
0
1634938941
4
0
27342
2
0
1634939965
4
0
27343
2
0
1634940989
4
0
27344
2
0
1635008829
4
0
27345
2
0
1635009853
4
0
27346
2
0
1635010877
4
0
27347
2
0
1635011901
4
0
27348
2
0
1635012925
4
0
27349
2
0
1635013949
4
0
27350
2
0
1635014973
4
0
27351
2
0
1635017533
4
0
27352
2
0
1635018557
4
0
27353
2
0
1635019581
4
0
27354
2
0
1635020605
4
0
27355
2
0
1635021629
4
0
27356
2
0
1635022653
4
0
27357
2
0
1635004477
4
0
27358
2
0
1635005501
4
0
27359
2
0
1635006525
4
0
27360
2
0
1635074365
4
0
27361
2
0
1635075389
4
0
27362
2
0
1635076413
4
0
27363
2
0
1635077437
4
0
27364
2
0
1635078461
4
0
27365
2
0
1635079485
4
0
27366
2
0
1635080509
4
0
27367
2
0
1635083069
4
0
27368
2
0
1635084093
4
0
27369
2
0
1635085117
4
0
27370
2
0
1635086141
4
0
27371
2
0
1635087165
4
0
27372
2
0
1635088189
4
0
27373
2
0
1635070013
4
0
27374
2
0
1635071037
4
0
27375
2
0
1635072061
4
0
27376
2
0
1635139901
4
0
27377
2
0
1635140925
4
0
27378
2
0
1635141949
4
0
27379
2
0
1635142973
4
0
27380
2
0
1635143997
4
0
27381
2
0
1635145021
4
0
27382
2
0
1635146045
4
0
27383
2
0
1635148605
4
0
27384
2
0
1635149629
4
0
27385
2
0
1635150653
4
0
27386
2
0
1635151677
4
0
27387
2
0
1635152701
4
0
27388
2
0
1635153725
4
0
27389
2
0
1635135549
4
0
27390
2
0
1635136573
4
0
27391
2
0
1635137597
4
0
27392
2
0
1635205437
4
0
27393
2
0
1635206461
4
0
27394
2
0
1635207485
4
0
27395
2
0
1635208509
4
0
27396
2
0
1635209533
4
0
27397
2
0
1635210557
4
0
27398
2
0
1635211581
4
0
27399
2
0
1635214141
4
0
27400
2
0
1635215165
4
0
27401
2
0
1635216189
4
0
27402
2
0
1635217213
4
0
27403
2
0
1635218237
4
0
27404
2
0
1635219261
4
0
27405
2
0
1635201085
4
0
27406
2
0
1635202109
4
0
27407
2
0
1635203133
4
0
27408
2
0
1635270973
4
0
27409
2
0
1635271997
4
0
27410
2
0
1635273021
4
0
27411
2
0
1635274045
4
0
27412
2
0
1635275069
4
0
27413
2
0
1635276093
4
0
27414
2
0
1635277117
4
0
27415
2
0
1635279677
4
0
27416
2
0
1635280701
4
0
27417
2
0
1635281725
4
0
27418
2
0
1635282749
4
0
27419
2
0
1635283773
4
0
27420
2
0
1635284797
4
0
27421
2
0
1635266621
4
0
27422
2
0
1635267645
4
0
27423
2
0
1635268669
4
0
27424
2
0
1635336509
4
0
27425
2
0
1635337533
4
0
27426
2
0
1635338557
4
0
27427
2
0
1635339581
4
0
27428
2
0
1635340605
4
0
27429
2
0
1635341629
4
0
27430
2
0
1635342653
4
0
27431
2
0
1635345213
4
0
27432
2
0
1635346237
4
0
27433
2
0
1635347261
4
0
27434
2
0
1635348285
4
0
27435
2
0
1635349309
4
0
27436
2
0
1635350333
4
0
27437
2
0
1635332157
4
0
27438
2
0
1635333181
4
0
27439
2
0
1635334205
4
0
27440
2
0
1635402045
4
0
27441
2
0
1635403069
4
0
27442
2
0
1635404093
4
0
27443
2
0
1635405117
4
0
27444
2
0
1635406141
4
0
27445
2
0
1635407165
4
0
27446
2
0
1635408189
4
0
27447
2
0
1635410749
4
0
27448
2
0
1635411773
4
0
27449
2
0
1635412797
4
0
27450
2
0
1635413821
4
0
27451
2
0
1635414845
4
0
27452
2
0
1635415869
4
0
27453
2
0
1635397693
4
0
27454
2
0
1635398717
4
0
27455
2
0
1635399741
4
0
27456
2
0
1630552381
4
0
27457
2
0
1630553405
4
0
27458
2
0
1630554429
4
0
27459
2
0
1630555453
4
0
27460
2
0
1630556477
4
0
27461
2
0
1630557501
4
0
27462
2
0
1630558525
4
0
27463
2
0
1630561085
4
0
27464
2
0
1630562109
4
0
27465
2
0
1630563133
4
0
27466
2
0
1630564157
4
0
27467
2
0
1630565181
4
0
27468
2
0
1630566205
4
0
27469
2
0
1630548029
4
0
27470
2
0
1630549053
4
0
27471
2
0
1630550077
4
0
27472
2
0
1630617917
4
0
27473
2
0
1630618941
4
0
27474
2
0
1630619965
4
0
27475
2
0
1630620989
4
0
27476
2
0
1630622013
4
0
27477
2
0
1630623037
4
0
27478
2
0
1630624061
4
0
27479
2
0
1630626621
4
0
27480
2
0
1630627645
4
0
27481
2
0
1630628669
4
0
27482
2
0
1630629693
4
0
27483
2
0
1630630717
4
0
27484
2
0
1630631741
4
0
27485
2
0
1630613565
4
0
27486
2
0
1630614589
4
0
27487
2
0
1630615613
4
0
27488
2
0
1630683453
4
0
27489
2
0
1630684477
4
0
27490
2
0
1630685501
4
0
27491
2
0
1630686525
4
0
27492
2
0
1630687549
4
0
27493
2
0
1630688573
4
0
27494
2
0
1630689597
4
0
27495
2
0
1630692157
4
0
27496
2
0
1630693181
4
0
27497
2
0
1630694205
4
0
27498
2
0
1630695229
4
0
27499
2
0
1630696253
4
0
27500
2
0
1630697277
4
0
27501
2
0
1630679101
4
0
27502
2
0
1630680125
4
0
27503
2
0
1630681149
4
0
27504
2
0
1630748989
4
0
27505
2
0
1630750013
4
0
27506
2
0
1630751037
4
0
27507
2
0
1630752061
4
0
27508
2
0
1630753085
4
0
27509
2
0
1630754109
4
0
27510
2
0
1630755133
4
0
27511
2
0
1630757693
4
0
27512
2
0
1630758717
4
0
27513
2
0
1630759741
4
0
27514
2
0
1630760765
4
0
27515
2
0
1630761789
4
0
27516
2
0
1630762813
4
0
27517
2
0
1630744637
4
0
27518
2
0
1630745661
4
0
27519
2
0
1630746685
4
0
27520
2
0
1630814525
4
0
27521
2
0
1630815549
4
0
27522
2
0
1630816573
4
0
27523
2
0
1630817597
4
0
27524
2
0
1630818621
4
0
27525
2
0
1630819645
4
0
27526
2
0
1630820669
4
0
27527
2
0
1630823229
4
0
27528
2
0
1630824253
4
0
27529
2
0
1630825277
4
0
27530
2
0
1630826301
4
0
27531
2
0
1630827325
4
0
27532
2
0
1630828349
4
0
27533
2
0
1630810173
4
0
27534
2
0
1630811197
4
0
27535
2
0
1630812221
4
0
27536
2
0
1630880061
4
0
27537
2
0
1630881085
4
0
27538
2
0
1630882109
4
0
27539
2
0
1630883133
4
0
27540
2
0
1630884157
4
0
27541
2
0
1630885181
4
0
27542
2
0
1630886205
4
0
27543
2
0
1630888765
4
0
27544
2
0
1630889789
4
0
27545
2
0
1630890813
4
0
27546
2
0
1630891837
4
0
27547
2
0
1630892861
4
0
27548
2
0
1630893885
4
0
27549
2
0
1630875709
4
0
27550
2
0
1630876733
4
0
27551
2
0
1630877757
4
0
27552
2
0
1630945597
4
0
27553
2
0
1630946621
4
0
27554
2
0
1630947645
4
0
27555
2
0
1630948669
4
0
27556
2
0
1630949693
4
0
27557
2
0
1630950717
4
0
27558
2
0
1630951741
4
0
27559
2
0
1630954301
4
0
27560
2
0
1630955325
4
0
27561
2
0
1630956349
4
0
27562
2
0
1630957373
4
0
27563
2
0
1630958397
4
0
27564
2
0
1630959421
4
0
27565
2
0
1630941245
4
0
27566
2
0
1630942269
4
0
27567
2
0
1630943293
4
0
27568
2
0
1631011133
4
0
27569
2
0
1631012157
4
0
27570
2
0
1631013181
4
0
27571
2
0
1631014205
4
0
27572
2
0
1631015229
4
0
27573
2
0
1631016253
4
0
27574
2
0
1631017277
4
0
27575
2
0
1631019837
4
0
27576
2
0
1631020861
4
0
27577
2
0
1631021885
4
0
27578
2
0
1631022909
4
0
27579
2
0
1631023933
4
0
27580
2
0
1631024957
4
0
27581
2
0
1631006781
4
0
27582
2
0
1631007805
4
0
27583
2
0
1631008829
4
0
27584
2
0
1631076669
4
0
27585
2
0
1631077693
4
0
27586
2
0
1631078717
4
0
27587
2
0
1631079741
4
0
27588
2
0
1631080765
4
0
27589
2
0
1631081789
4
0
27590
2
0
1631082813
4
0
27591
2
0
1631085373
4
0
27592
2
0
1631086397
4
0
27593
2
0
1631087421
4
0
27594
2
0
1631088445
4
0
27595
2
0
1631089469
4
0
27596
2
0
1631090493
4
0
27597
2
0
1631072317
4
0
27598
2
0
1631073341
4
0
27599
2
0
1631074365
4
0
27600
2
0
1631142205
4
0
27601
2
0
1631143229
4
0
27602
2
0
1631144253
4
0
27603
2
0
1631145277
4
0
27604
2
0
1631146301
4
0
27605
2
0
1631147325
4
0
27606
2
0
1631148349
4
0
27607
2
0
1631150909
4
0
27608
2
0
1631151933
4
0
27609
2
0
1631152957
4
0
27610
2
0
1631153981
4
0
27611
2
0
1631155005
4
0
27612
2
0
1631156029
4
0
27613
2
0
1631137853
4
0
27614
2
0
1631138877
4
0
27615
2
0
1631139901
4
0
27616
2
0
1630224701
4
0
27617
2
0
1630225725
4
0
27618
2
0
1630226749
4
0
27619
2
0
1630227773
4
0
27620
2
0
1630228797
4
0
27621
2
0
1630229821
4
0
27622
2
0
1630230845
4
0
27623
2
0
1630233405
4
0
27624
2
0
1630234429
4
0
27625
2
0
1630235453
4
0
27626
2
0
1630236477
4
0
27627
2
0
1630237501
4
0
27628
2
0
1630238525
4
0
27629
2
0
1630220349
4
0
27630
2
0
1630221373
4
0
27631
2
0
1630222397
4
0
27632
2
0
1630486845
4
0
27633
2
0
1630487869
4
0
27634
2
0
1630488893
4
0
27635
2
0
1630489917
4
0
27636
2
0
1630490941
4
0
27637
2
0
1630491965
4
0
27638
2
0
1630492989
4
0
27639
2
0
1630495549
4
0
27640
2
0
1630496573
4
0
27641
2
0
1630497597
4
0
27642
2
0
1630498621
4
0
27643
2
0
1630499645
4
0
27644
2
0
1630500669
4
0
27645
2
0
1630482493
4
0
27646
2
0
1630483517
4
0
27647
2
0
1630484541
4
