1024
0
10240
2
0
1262567741
4
0
10241
2
0
1262568765
4
0
10242
2
0
1262569789
4
0
10243
2
0
1262570813
4
0
10244
2
0
1262571837
4
0
10245
2
0
1262572861
4
0
10246
2
0
1262573885
4
0
10247
2
0
1262576445
4
0
10248
2
0
1262577469
4
0
10249
2
0
1262578493
4
0
10250
2
0
1262579517
4
0
10251
2
0
1262580541
4
0
10252
2
0
1262581565
4
0
10253
2
0
1262563389
4
0
10254
2
0
1262564413
4
0
10255
2
0
1262565437
4
0
10256
2
0
1262633277
4
0
10257
2
0
1262634301
4
0
10258
2
0
1262635325
4
0
10259
2
0
1262636349
4
0
10260
2
0
1262637373
4
0
10261
2
0
1262638397
4
0
10262
2
0
1262639421
4
0
10263
2
0
1262641981
4
0
10264
2
0
1262643005
4
0
10265
2
0
1262644029
4
0
10266
2
0
1262645053
4
0
10267
2
0
1262646077
4
0
10268
2
0
1262647101
4
0
10269
2
0
1262628925
4
0
10270
2
0
1262629949
4
0
10271
2
0
1262630973
4
0
10272
2
0
1262698813
4
0
10273
2
0
1262699837
4
0
10274
2
0
1262700861
4
0
10275
2
0
1262701885
4
0
10276
2
0
1262702909
4
0
10277
2
0
1262703933
4
0
10278
2
0
1262704957
4
0
10279
2
0
1262707517
4
0
10280
2
0
1262708541
4
0
10281
2
0
1262709565
4
0
10282
2
0
1262710589
4
0
10283
2
0
1262711613
4
0
10284
2
0
1262712637
4
0
10285
2
0
1262694461
4
0
10286
2
0
1262695485
4
0
10287
2
0
1262696509
4
0
10288
2
0
1262764349
4
0
10289
2
0
1262765373
4
0
10290
2
0
1262766397
4
0
10291
2
0
1262767421
4
0
10292
2
0
1262768445
4
0
10293
2
0
1262769469
4
0
10294
2
0
1262770493
4
0
10295
2
0
1262773053
4
0
10296
2
0
1262774077
4
0
10297
2
0
1262775101
4
0
10298
2
0
1262776125
4
0
10299
2
0
1262777149
4
0
10300
2
0
1262778173
4
0
10301
2
0
1262759997
4
0
10302
2
0
1262761021
4
0
10303
2
0
1262762045
4
0
10304
2
0
1262829885
4
0
10305
2
0
1262830909
4
0
10306
2
0
1262831933
4
0
10307
2
0
1262832957
4
0
10308
2
0
1262833981
4
0
10309
2
0
1262835005
4
0
10310
2
0
1262836029
4
0
10311
2
0
1262838589
4
0
10312
2
0
1262839613
4
0
10313
2
0
1262840637
4
0
10314
2
0
1262841661
4
0
10315
2
0
1262842685
4
0
10316
2
0
1262843709
4
0
10317
2
0
1262825533
4
0
10318
2
0
1262826557
4
0
10319
2
0
1262827581
4
0
10320
2
0
1262895421
4
0
10321
2
0
1262896445
4
0
10322
2
0
1262897469
4
0
10323
2
0
1262898493
4
0
10324
2
0
1262899517
4
0
10325
2
0
1262900541
4
0
10326
2
0
1262901565
4
0
10327
2
0
1262904125
4
0
10328
2
0
1262905149
4
0
10329
2
0
1262906173
4
0
10330
2
0
1262907197
4
0
10331
2
0
1262908221
4
0
10332
2
0
1262909245
4
0
10333
2
0
1262891069
4
0
10334
2
0
1262892093
4
0
10335
2
0
1262893117
4
0
10336
2
0
1262960957
4
0
10337
2
0
1262961981
4
0
10338
2
0
1262963005
4
0
10339
2
0
1262964029
4
0
10340
2
0
1262965053
4
0
10341
2
0
1262966077
4
0
10342
2
0
1262967101
4
0
10343
2
0
1262969661
4
0
10344
2
0
1262970685
4
0
10345
2
0
1262971709
4
0
10346
2
0
1262972733
4
0
10347
2
0
1262973757
4
0
10348
2
0
1262974781
4
0
10349
2
0
1262956605
4
0
10350
2
0
1262957629
4
0
10351
2
0
1262958653
4
0
10352
2
0
1263026493
4
0
10353
2
0
1263027517
4
0
10354
2
0
1263028541
4
0
10355
2
0
1263029565
4
0
10356
2
0
1263030589
4
0
10357
2
0
1263031613
4
0
10358
2
0
1263032637
4
0
10359
2
0
1263035197
4
0
10360
2
0
1263036221
4
0
10361
2
0
1263037245
4
0
10362
2
0
1263038269
4
0
10363
2
0
1263039293
4
0
10364
2
0
1263040317
4
0
10365
2
0
1263022141
4
0
10366
2
0
1263023165
4
0
10367
2
0
1263024189
4
0
10368
2
0
1263092029
4
0
10369
2
0
1263093053
4
0
10370
2
0
1263094077
4
0
10371
2
0
1263095101
4
0
10372
2
0
1263096125
4
0
10373
2
0
1263097149
4
0
10374
2
0
1263098173
4
0
10375
2
0
1263100733
4
0
10376
2
0
1263101757
4
0
10377
2
0
1263102781
4
0
10378
2
0
1263103805
4
0
10379
2
0
1263104829
4
0
10380
2
0
1263105853
4
0
10381
2
0
1263087677
4
0
10382
2
0
1263088701
4
0
10383
2
0
1263089725
4
0
10384
2
0
1263157565
4
0
10385
2
0
1263158589
4
0
10386
2
0
1263159613
4
0
10387
2
0
1263160637
4
0
10388
2
0
1263161661
4
0
10389
2
0
1263162685
4
0
10390
2
0
1263163709
4
0
10391
2
0
1263166269
4
0
10392
2
0
1263167293
4
0
10393
2
0
1263168317
4
0
10394
2
0
1263169341
4
0
10395
2
0
1263170365
4
0
10396
2
0
1263171389
4
0
10397
2
0
1263153213
4
0
10398
2
0
1263154237
4
0
10399
2
0
1263155261
4
0
10400
2
0
1263223101
4
0
10401
2
0
1263224125
4
0
10402
2
0
1263225149
4
0
10403
2
0
1263226173
4
0
10404
2
0
1263227197
4
0
10405
2
0
1263228221
4
0
10406
2
0
1263229245
4
0
10407
2
0
1263231805
4
0
10408
2
0
1263232829
4
0
10409
2
0
1263233853
4
0
10410
2
0
1263234877
4
0
10411
2
0
1263235901
4
0
10412
2
0
1263236925
4
0
10413
2
0
1263218749
4
0
10414
2
0
1263219773
4
0
10415
2
0
1263220797
4
0
10416
2
0
1263288637
4
0
10417
2
0
1263289661
4
0
10418
2
0
1263290685
4
0
10419
2
0
1263291709
4
0
10420
2
0
1263292733
4
0
10421
2
0
1263293757
4
0
10422
2
0
1263294781
4
0
10423
2
0
1263297341
4
0
10424
2
0
1263298365
4
0
10425
2
0
1263299389
4
0
10426
2
0
1263300413
4
0
10427
2
0
1263301437
4
0
10428
2
0
1263302461
4
0
10429
2
0
1263284285
4
0
10430
2
0
1263285309
4
0
10431
2
0
1263286333
4
0
10432
2
0
1263354173
4
0
10433
2
0
1263355197
4
0
10434
2
0
1263356221
4
0
10435
2
0
1263357245
4
0
10436
2
0
1263358269
4
0
10437
2
0
1263359293
4
0
10438
2
0
1263360317
4
0
10439
2
0
1263362877
4
0
10440
2
0
1263363901
4
0
10441
2
0
1263364925
4
0
10442
2
0
1263365949
4
0
10443
2
0
1263366973
4
0
10444
2
0
1263367997
4
0
10445
2
0
1263349821
4
0
10446
2
0
1263350845
4
0
10447
2
0
1263351869
4
0
10448
2
0
1263419709
4
0
10449
2
0
1263420733
4
0
10450
2
0
1263421757
4
0
10451
2
0
1263422781
4
0
10452
2
0
1263423805
4
0
10453
2
0
1263424829
4
0
10454
2
0
1263425853
4
0
10455
2
0
1263428413
4
0
10456
2
0
1263429437
4
0
10457
2
0
1263430461
4
0
10458
2
0
1263431485
4
0
10459
2
0
1263432509
4
0
10460
2
0
1263433533
4
0
10461
2
0
1263415357
4
0
10462
2
0
1263416381
4
0
10463
2
0
1263417405
4
0
10464
2
0
1263485245
4
0
10465
2
0
1263486269
4
0
10466
2
0
1263487293
4
0
10467
2
0
1263488317
4
0
10468
2
0
1263489341
4
0
10469
2
0
1263490365
4
0
10470
2
0
1263491389
4
0
10471
2
0
1263493949
4
0
10472
2
0
1263494973
4
0
10473
2
0
1263495997
4
0
10474
2
0
1263497021
4
0
10475
2
0
1263498045
4
0
10476
2
0
1263499069
4
0
10477
2
0
1263480893
4
0
10478
2
0
1263481917
4
0
10479
2
0
1263482941
4
0
10480
2
0
1263550781
4
0
10481
2
0
1263551805
4
0
10482
2
0
1263552829
4
0
10483
2
0
1263553853
4
0
10484
2
0
1263554877
4
0
10485
2
0
1263555901
4
0
10486
2
0
1263556925
4
0
10487
2
0
1263559485
4
0
10488
2
0
1263560509
4
0
10489
2
0
1263561533
4
0
10490
2
0
1263562557
4
0
10491
2
0
1263563581
4
0
10492
2
0
1263564605
4
0
10493
2
0
1263546429
4
0
10494
2
0
1263547453
4
0
10495
2
0
1263548477
4
0
10496
2
0
1263616317
4
0
10497
2
0
1263617341
4
0
10498
2
0
1263618365
4
0
10499
2
0
1263619389
4
0
10500
2
0
1263620413
4
0
10501
2
0
1263621437
4
0
10502
2
0
1263622461
4
0
10503
2
0
1263625021
4
0
10504
2
0
1263626045
4
0
10505
2
0
1263627069
4
0
10506
2
0
1263628093
4
0
10507
2
0
1263629117
4
0
10508
2
0
1263630141
4
0
10509
2
0
1263611965
4
0
10510
2
0
1263612989
4
0
10511
2
0
1263614013
4
0
10512
2
0
1263681853
4
0
10513
2
0
1263682877
4
0
10514
2
0
1263683901
4
0
10515
2
0
1263684925
4
0
10516
2
0
1263685949
4
0
10517
2
0
1263686973
4
0
10518
2
0
1263687997
4
0
10519
2
0
1263690557
4
0
10520
2
0
1263691581
4
0
10521
2
0
1263692605
4
0
10522
2
0
1263693629
4
0
10523
2
0
1263694653
4
0
10524
2
0
1263695677
4
0
10525
2
0
1263677501
4
0
10526
2
0
1263678525
4
0
10527
2
0
1263679549
4
0
10528
2
0
1263747389
4
0
10529
2
0
1263748413
4
0
10530
2
0
1263749437
4
0
10531
2
0
1263750461
4
0
10532
2
0
1263751485
4
0
10533
2
0
1263752509
4
0
10534
2
0
1263753533
4
0
10535
2
0
1263756093
4
0
10536
2
0
1263757117
4
0
10537
2
0
1263758141
4
0
10538
2
0
1263759165
4
0
10539
2
0
1263760189
4
0
10540
2
0
1263761213
4
0
10541
2
0
1263743037
4
0
10542
2
0
1263744061
4
0
10543
2
0
1263745085
4
0
10544
2
0
1263812925
4
0
10545
2
0
1263813949
4
0
10546
2
0
1263814973
4
0
10547
2
0
1263815997
4
0
10548
2
0
1263817021
4
0
10549
2
0
1263818045
4
0
10550
2
0
1263819069
4
0
10551
2
0
1263821629
4
0
10552
2
0
1263822653
4
0
10553
2
0
1263823677
4
0
10554
2
0
1263824701
4
0
10555
2
0
1263825725
4
0
10556
2
0
1263826749
4
0
10557
2
0
1263808573
4
0
10558
2
0
1263809597
4
0
10559
2
0
1263810621
4
0
10560
2
0
1263878461
4
0
10561
2
0
1263879485
4
0
10562
2
0
1263880509
4
0
10563
2
0
1263881533
4
0
10564
2
0
1263882557
4
0
10565
2
0
1263883581
4
0
10566
2
0
1263884605
4
0
10567
2
0
1263887165
4
0
10568
2
0
1263888189
4
0
10569
2
0
1263889213
4
0
10570
2
0
1263890237
4
0
10571
2
0
1263891261
4
0
10572
2
0
1263892285
4
0
10573
2
0
1263874109
4
0
10574
2
0
1263875133
4
0
10575
2
0
1263876157
4
0
10576
2
0
1263943997
4
0
10577
2
0
1263945021
4
0
10578
2
0
1263946045
4
0
10579
2
0
1263947069
4
0
10580
2
0
1263948093
4
0
10581
2
0
1263949117
4
0
10582
2
0
1263950141
4
0
10583
2
0
1263952701
4
0
10584
2
0
1263953725
4
0
10585
2
0
1263954749
4
0
10586
2
0
1263955773
4
0
10587
2
0
1263956797
4
0
10588
2
0
1263957821
4
0
10589
2
0
1263939645
4
0
10590
2
0
1263940669
4
0
10591
2
0
1263941693
4
0
10592
2
0
1264009533
4
0
10593
2
0
1264010557
4
0
10594
2
0
1264011581
4
0
10595
2
0
1264012605
4
0
10596
2
0
1264013629
4
0
10597
2
0
1264014653
4
0
10598
2
0
1264015677
4
0
10599
2
0
1264018237
4
0
10600
2
0
1264019261
4
0
10601
2
0
1264020285
4
0
10602
2
0
1264021309
4
0
10603
2
0
1264022333
4
0
10604
2
0
1264023357
4
0
10605
2
0
1264005181
4
0
10606
2
0
1264006205
4
0
10607
2
0
1264007229
4
0
10608
2
0
1264075069
4
0
10609
2
0
1264076093
4
0
10610
2
0
1264077117
4
0
10611
2
0
1264078141
4
0
10612
2
0
1264079165
4
0
10613
2
0
1264080189
4
0
10614
2
0
1264081213
4
0
10615
2
0
1264083773
4
0
10616
2
0
1264084797
4
0
10617
2
0
1264085821
4
0
10618
2
0
1264086845
4
0
10619
2
0
1264087869
4
0
10620
2
0
1264088893
4
0
10621
2
0
1264070717
4
0
10622
2
0
1264071741
4
0
10623
2
0
1264072765
4
0
10624
2
0
1264140605
4
0
10625
2
0
1264141629
4
0
10626
2
0
1264142653
4
0
10627
2
0
1264143677
4
0
10628
2
0
1264144701
4
0
10629
2
0
1264145725
4
0
10630
2
0
1264146749
4
0
10631
2
0
1264149309
4
0
10632
2
0
1264150333
4
0
10633
2
0
1264151357
4
0
10634
2
0
1264152381
4
0
10635
2
0
1264153405
4
0
10636
2
0
1264154429
4
0
10637
2
0
1264136253
4
0
10638
2
0
1264137277
4
0
10639
2
0
1264138301
4
0
10640
2
0
1264206141
4
0
10641
2
0
1264207165
4
0
10642
2
0
1264208189
4
0
10643
2
0
1264209213
4
0
10644
2
0
1264210237
4
0
10645
2
0
1264211261
4
0
10646
2
0
1264212285
4
0
10647
2
0
1264214845
4
0
10648
2
0
1264215869
4
0
10649
2
0
1264216893
4
0
10650
2
0
1264217917
4
0
10651
2
0
1264218941
4
0
10652
2
0
1264219965
4
0
10653
2
0
1264201789
4
0
10654
2
0
1264202813
4
0
10655
2
0
1264203837
4
0
10656
2
0
1264664893
4
0
10657
2
0
1264665917
4
0
10658
2
0
1264666941
4
0
10659
2
0
1264667965
4
0
10660
2
0
1264668989
4
0
10661
2
0
1264670013
4
0
10662
2
0
1264671037
4
0
10663
2
0
1264673597
4
0
10664
2
0
1264674621
4
0
10665
2
0
1264675645
4
0
10666
2
0
1264676669
4
0
10667
2
0
1264677693
4
0
10668
2
0
1264678717
4
0
10669
2
0
1264660541
4
0
10670
2
0
1264661565
4
0
10671
2
0
1264662589
4
0
10672
2
0
1264730429
4
0
10673
2
0
1264731453
4
0
10674
2
0
1264732477
4
0
10675
2
0
1264733501
4
0
10676
2
0
1264734525
4
0
10677
2
0
1264735549
4
0
10678
2
0
1264736573
4
0
10679
2
0
1264739133
4
0
10680
2
0
1264740157
4
0
10681
2
0
1264741181
4
0
10682
2
0
1264742205
4
0
10683
2
0
1264743229
4
0
10684
2
0
1264744253
4
0
10685
2
0
1264726077
4
0
10686
2
0
1264727101
4
0
10687
2
0
1264728125
4
0
10688
2
0
1264795965
4
0
10689
2
0
1264796989
4
0
10690
2
0
1264798013
4
0
10691
2
0
1264799037
4
0
10692
2
0
1264800061
4
0
10693
2
0
1264801085
4
0
10694
2
0
1264802109
4
0
10695
2
0
1264804669
4
0
10696
2
0
1264805693
4
0
10697
2
0
1264806717
4
0
10698
2
0
1264807741
4
0
10699
2
0
1264808765
4
0
10700
2
0
1264809789
4
0
10701
2
0
1264791613
4
0
10702
2
0
1264792637
4
0
10703
2
0
1264793661
4
0
10704
2
0
1264861501
4
0
10705
2
0
1264862525
4
0
10706
2
0
1264863549
4
0
10707
2
0
1264864573
4
0
10708
2
0
1264865597
4
0
10709
2
0
1264866621
4
0
10710
2
0
1264867645
4
0
10711
2
0
1264870205
4
0
10712
2
0
1264871229
4
0
10713
2
0
1264872253
4
0
10714
2
0
1264873277
4
0
10715
2
0
1264874301
4
0
10716
2
0
1264875325
4
0
10717
2
0
1264857149
4
0
10718
2
0
1264858173
4
0
10719
2
0
1264859197
4
0
10720
2
0
1264927037
4
0
10721
2
0
1264928061
4
0
10722
2
0
1264929085
4
0
10723
2
0
1264930109
4
0
10724
2
0
1264931133
4
0
10725
2
0
1264932157
4
0
10726
2
0
1264933181
4
0
10727
2
0
1264935741
4
0
10728
2
0
1264936765
4
0
10729
2
0
1264937789
4
0
10730
2
0
1264938813
4
0
10731
2
0
1264939837
4
0
10732
2
0
1264940861
4
0
10733
2
0
1264922685
4
0
10734
2
0
1264923709
4
0
10735
2
0
1264924733
4
0
10736
2
0
1264992573
4
0
10737
2
0
1264993597
4
0
10738
2
0
1264994621
4
0
10739
2
0
1264995645
4
0
10740
2
0
1264996669
4
0
10741
2
0
1264997693
4
0
10742
2
0
1264998717
4
0
10743
2
0
1265001277
4
0
10744
2
0
1265002301
4
0
10745
2
0
1265003325
4
0
10746
2
0
1265004349
4
0
10747
2
0
1265005373
4
0
10748
2
0
1265006397
4
0
10749
2
0
1264988221
4
0
10750
2
0
1264989245
4
0
10751
2
0
1264990269
4
0
10752
2
0
1265058109
4
0
10753
2
0
1265059133
4
0
10754
2
0
1265060157
4
0
10755
2
0
1265061181
4
0
10756
2
0
1265062205
4
0
10757
2
0
1265063229
4
0
10758
2
0
1265064253
4
0
10759
2
0
1265066813
4
0
10760
2
0
1265067837
4
0
10761
2
0
1265068861
4
0
10762
2
0
1265069885
4
0
10763
2
0
1265070909
4
0
10764
2
0
1265071933
4
0
10765
2
0
1265053757
4
0
10766
2
0
1265054781
4
0
10767
2
0
1265055805
4
0
10768
2
0
1265123645
4
0
10769
2
0
1265124669
4
0
10770
2
0
1265125693
4
0
10771
2
0
1265126717
4
0
10772
2
0
1265127741
4
0
10773
2
0
1265128765
4
0
10774
2
0
1265129789
4
0
10775
2
0
1265132349
4
0
10776
2
0
1265133373
4
0
10777
2
0
1265134397
4
0
10778
2
0
1265135421
4
0
10779
2
0
1265136445
4
0
10780
2
0
1265137469
4
0
10781
2
0
1265119293
4
0
10782
2
0
1265120317
4
0
10783
2
0
1265121341
4
0
10784
2
0
1265189181
4
0
10785
2
0
1265190205
4
0
10786
2
0
1265191229
4
0
10787
2
0
1265192253
4
0
10788
2
0
1265193277
4
0
10789
2
0
1265194301
4
0
10790
2
0
1265195325
4
0
10791
2
0
1265197885
4
0
10792
2
0
1265198909
4
0
10793
2
0
1265199933
4
0
10794
2
0
1265200957
4
0
10795
2
0
1265201981
4
0
10796
2
0
1265203005
4
0
10797
2
0
1265184829
4
0
10798
2
0
1265185853
4
0
10799
2
0
1265186877
4
0
10800
2
0
1265254717
4
0
10801
2
0
1265255741
4
0
10802
2
0
1265256765
4
0
10803
2
0
1265257789
4
0
10804
2
0
1265258813
4
0
10805
2
0
1265259837
4
0
10806
2
0
1265260861
4
0
10807
2
0
1265263421
4
0
10808
2
0
1265264445
4
0
10809
2
0
1265265469
4
0
10810
2
0
1265266493
4
0
10811
2
0
1265267517
4
0
10812
2
0
1265268541
4
0
10813
2
0
1265250365
4
0
10814
2
0
1265251389
4
0
10815
2
0
1265252413
4
0
10816
2
0
1265320253
4
0
10817
2
0
1265321277
4
0
10818
2
0
1265322301
4
0
10819
2
0
1265323325
4
0
10820
2
0
1265324349
4
0
10821
2
0
1265325373
4
0
10822
2
0
1265326397
4
0
10823
2
0
1265328957
4
0
10824
2
0
1265329981
4
0
10825
2
0
1265331005
4
0
10826
2
0
1265332029
4
0
10827
2
0
1265333053
4
0
10828
2
0
1265334077
4
0
10829
2
0
1265315901
4
0
10830
2
0
1265316925
4
0
10831
2
0
1265317949
4
0
10832
2
0
1265385789
4
0
10833
2
0
1265386813
4
0
10834
2
0
1265387837
4
0
10835
2
0
1265388861
4
0
10836
2
0
1265389885
4
0
10837
2
0
1265390909
4
0
10838
2
0
1265391933
4
0
10839
2
0
1265394493
4
0
10840
2
0
1265395517
4
0
10841
2
0
1265396541
4
0
10842
2
0
1265397565
4
0
10843
2
0
1265398589
4
0
10844
2
0
1265399613
4
0
10845
2
0
1265381437
4
0
10846
2
0
1265382461
4
0
10847
2
0
1265383485
4
0
10848
2
0
1265451325
4
0
10849
2
0
1265452349
4
0
10850
2
0
1265453373
4
0
10851
2
0
1265454397
4
0
10852
2
0
1265455421
4
0
10853
2
0
1265456445
4
0
10854
2
0
1265457469
4
0
10855
2
0
1265460029
4
0
10856
2
0
1265461053
4
0
10857
2
0
1265462077
4
0
10858
2
0
1265463101
4
0
10859
2
0
1265464125
4
0
10860
2
0
1265465149
4
0
10861
2
0
1265446973
4
0
10862
2
0
1265447997
4
0
10863
2
0
1265449021
4
0
10864
2
0
1265516861
4
0
10865
2
0
1265517885
4
0
10866
2
0
1265518909
4
0
10867
2
0
1265519933
4
0
10868
2
0
1265520957
4
0
10869
2
0
1265521981
4
0
10870
2
0
1265523005
4
0
10871
2
0
1265525565
4
0
10872
2
0
1265526589
4
0
10873
2
0
1265527613
4
0
10874
2
0
1265528637
4
0
10875
2
0
1265529661
4
0
10876
2
0
1265530685
4
0
10877
2
0
1265512509
4
0
10878
2
0
1265513533
4
0
10879
2
0
1265514557
4
0
10880
2
0
1265582397
4
0
10881
2
0
1265583421
4
0
10882
2
0
1265584445
4
0
10883
2
0
1265585469
4
0
10884
2
0
1265586493
4
0
10885
2
0
1265587517
4
0
10886
2
0
1265588541
4
0
10887
2
0
1265591101
4
0
10888
2
0
1265592125
4
0
10889
2
0
1265593149
4
0
10890
2
0
1265594173
4
0
10891
2
0
1265595197
4
0
10892
2
0
1265596221
4
0
10893
2
0
1265578045
4
0
10894
2
0
1265579069
4
0
10895
2
0
1265580093
4
0
10896
2
0
1265647933
4
0
10897
2
0
1265648957
4
0
10898
2
0
1265649981
4
0
10899
2
0
1265651005
4
0
10900
2
0
1265652029
4
0
10901
2
0
1265653053
4
0
10902
2
0
1265654077
4
0
10903
2
0
1265656637
4
0
10904
2
0
1265657661
4
0
10905
2
0
1265658685
4
0
10906
2
0
1265659709
4
0
10907
2
0
1265660733
4
0
10908
2
0
1265661757
4
0
10909
2
0
1265643581
4
0
10910
2
0
1265644605
4
0
10911
2
0
1265645629
4
0
10912
2
0
1265713469
4
0
10913
2
0
1265714493
4
0
10914
2
0
1265715517
4
0
10915
2
0
1265716541
4
0
10916
2
0
1265717565
4
0
10917
2
0
1265718589
4
0
10918
2
0
1265719613
4
0
10919
2
0
1265722173
4
0
10920
2
0
1265723197
4
0
10921
2
0
1265724221
4
0
10922
2
0
1265725245
4
0
10923
2
0
1265726269
4
0
10924
2
0
1265727293
4
0
10925
2
0
1265709117
4
0
10926
2
0
1265710141
4
0
10927
2
0
1265711165
4
0
10928
2
0
1265779005
4
0
10929
2
0
1265780029
4
0
10930
2
0
1265781053
4
0
10931
2
0
1265782077
4
0
10932
2
0
1265783101
4
0
10933
2
0
1265784125
4
0
10934
2
0
1265785149
4
0
10935
2
0
1265787709
4
0
10936
2
0
1265788733
4
0
10937
2
0
1265789757
4
0
10938
2
0
1265790781
4
0
10939
2
0
1265791805
4
0
10940
2
0
1265792829
4
0
10941
2
0
1265774653
4
0
10942
2
0
1265775677
4
0
10943
2
0
1265776701
4
0
10944
2
0
1265844541
4
0
10945
2
0
1265845565
4
0
10946
2
0
1265846589
4
0
10947
2
0
1265847613
4
0
10948
2
0
1265848637
4
0
10949
2
0
1265849661
4
0
10950
2
0
1265850685
4
0
10951
2
0
1265853245
4
0
10952
2
0
1265854269
4
0
10953
2
0
1265855293
4
0
10954
2
0
1265856317
4
0
10955
2
0
1265857341
4
0
10956
2
0
1265858365
4
0
10957
2
0
1265840189
4
0
10958
2
0
1265841213
4
0
10959
2
0
1265842237
4
0
10960
2
0
1265910077
4
0
10961
2
0
1265911101
4
0
10962
2
0
1265912125
4
0
10963
2
0
1265913149
4
0
10964
2
0
1265914173
4
0
10965
2
0
1265915197
4
0
10966
2
0
1265916221
4
0
10967
2
0
1265918781
4
0
10968
2
0
1265919805
4
0
10969
2
0
1265920829
4
0
10970
2
0
1265921853
4
0
10971
2
0
1265922877
4
0
10972
2
0
1265923901
4
0
10973
2
0
1265905725
4
0
10974
2
0
1265906749
4
0
10975
2
0
1265907773
4
0
10976
2
0
1265975613
4
0
10977
2
0
1265976637
4
0
10978
2
0
1265977661
4
0
10979
2
0
1265978685
4
0
10980
2
0
1265979709
4
0
10981
2
0
1265980733
4
0
10982
2
0
1265981757
4
0
10983
2
0
1265984317
4
0
10984
2
0
1265985341
4
0
10985
2
0
1265986365
4
0
10986
2
0
1265987389
4
0
10987
2
0
1265988413
4
0
10988
2
0
1265989437
4
0
10989
2
0
1265971261
4
0
10990
2
0
1265972285
4
0
10991
2
0
1265973309
4
0
10992
2
0
1266041149
4
0
10993
2
0
1266042173
4
0
10994
2
0
1266043197
4
0
10995
2
0
1266044221
4
0
10996
2
0
1266045245
4
0
10997
2
0
1266046269
4
0
10998
2
0
1266047293
4
0
10999
2
0
1266049853
4
0
11000
2
0
1266050877
4
0
11001
2
0
1266051901
4
0
11002
2
0
1266052925
4
0
11003
2
0
1266053949
4
0
11004
2
0
1266054973
4
0
11005
2
0
1266036797
4
0
11006
2
0
1266037821
4
0
11007
2
0
1266038845
4
0
11008
2
0
1266106685
4
0
11009
2
0
1266107709
4
0
11010
2
0
1266108733
4
0
11011
2
0
1266109757
4
0
11012
2
0
1266110781
4
0
11013
2
0
1266111805
4
0
11014
2
0
1266112829
4
0
11015
2
0
1266115389
4
0
11016
2
0
1266116413
4
0
11017
2
0
1266117437
4
0
11018
2
0
1266118461
4
0
11019
2
0
1266119485
4
0
11020
2
0
1266120509
4
0
11021
2
0
1266102333
4
0
11022
2
0
1266103357
4
0
11023
2
0
1266104381
4
0
11024
2
0
1266172221
4
0
11025
2
0
1266173245
4
0
11026
2
0
1266174269
4
0
11027
2
0
1266175293
4
0
11028
2
0
1266176317
4
0
11029
2
0
1266177341
4
0
11030
2
0
1266178365
4
0
11031
2
0
1266180925
4
0
11032
2
0
1266181949
4
0
11033
2
0
1266182973
4
0
11034
2
0
1266183997
4
0
11035
2
0
1266185021
4
0
11036
2
0
1266186045
4
0
11037
2
0
1266167869
4
0
11038
2
0
1266168893
4
0
11039
2
0
1266169917
4
0
11040
2
0
1266237757
4
0
11041
2
0
1266238781
4
0
11042
2
0
1266239805
4
0
11043
2
0
1266240829
4
0
11044
2
0
1266241853
4
0
11045
2
0
1266242877
4
0
11046
2
0
1266243901
4
0
11047
2
0
1266246461
4
0
11048
2
0
1266247485
4
0
11049
2
0
1266248509
4
0
11050
2
0
1266249533
4
0
11051
2
0
1266250557
4
0
11052
2
0
1266251581
4
0
11053
2
0
1266233405
4
0
11054
2
0
1266234429
4
0
11055
2
0
1266235453
4
0
11056
2
0
1266303293
4
0
11057
2
0
1266304317
4
0
11058
2
0
1266305341
4
0
11059
2
0
1266306365
4
0
11060
2
0
1266307389
4
0
11061
2
0
1266308413
4
0
11062
2
0
1266309437
4
0
11063
2
0
1266311997
4
0
11064
2
0
1266313021
4
0
11065
2
0
1266314045
4
0
11066
2
0
1266315069
4
0
11067
2
0
1266316093
4
0
11068
2
0
1266317117
4
0
11069
2
0
1266298941
4
0
11070
2
0
1266299965
4
0
11071
2
0
1266300989
4
0
11072
2
0
1261453629
4
0
11073
2
0
1261454653
4
0
11074
2
0
1261455677
4
0
11075
2
0
1261456701
4
0
11076
2
0
1261457725
4
0
11077
2
0
1261458749
4
0
11078
2
0
1261459773
4
0
11079
2
0
1261462333
4
0
11080
2
0
1261463357
4
0
11081
2
0
1261464381
4
0
11082
2
0
1261465405
4
0
11083
2
0
1261466429
4
0
11084
2
0
1261467453
4
0
11085
2
0
1261449277
4
0
11086
2
0
1261450301
4
0
11087
2
0
1261451325
4
0
11088
2
0
1261519165
4
0
11089
2
0
1261520189
4
0
11090
2
0
1261521213
4
0
11091
2
0
1261522237
4
0
11092
2
0
1261523261
4
0
11093
2
0
1261524285
4
0
11094
2
0
1261525309
4
0
11095
2
0
1261527869
4
0
11096
2
0
1261528893
4
0
11097
2
0
1261529917
4
0
11098
2
0
1261530941
4
0
11099
2
0
1261531965
4
0
11100
2
0
1261532989
4
0
11101
2
0
1261514813
4
0
11102
2
0
1261515837
4
0
11103
2
0
1261516861
4
0
11104
2
0
1261584701
4
0
11105
2
0
1261585725
4
0
11106
2
0
1261586749
4
0
11107
2
0
1261587773
4
0
11108
2
0
1261588797
4
0
11109
2
0
1261589821
4
0
11110
2
0
1261590845
4
0
11111
2
0
1261593405
4
0
11112
2
0
1261594429
4
0
11113
2
0
1261595453
4
0
11114
2
0
1261596477
4
0
11115
2
0
1261597501
4
0
11116
2
0
1261598525
4
0
11117
2
0
1261580349
4
0
11118
2
0
1261581373
4
0
11119
2
0
1261582397
4
0
11120
2
0
1261650237
4
0
11121
2
0
1261651261
4
0
11122
2
0
1261652285
4
0
11123
2
0
1261653309
4
0
11124
2
0
1261654333
4
0
11125
2
0
1261655357
4
0
11126
2
0
1261656381
4
0
11127
2
0
1261658941
4
0
11128
2
0
1261659965
4
0
11129
2
0
1261660989
4
0
11130
2
0
1261662013
4
0
11131
2
0
1261663037
4
0
11132
2
0
1261664061
4
0
11133
2
0
1261645885
4
0
11134
2
0
1261646909
4
0
11135
2
0
1261647933
4
0
11136
2
0
1261715773
4
0
11137
2
0
1261716797
4
0
11138
2
0
1261717821
4
0
11139
2
0
1261718845
4
0
11140
2
0
1261719869
4
0
11141
2
0
1261720893
4
0
11142
2
0
1261721917
4
0
11143
2
0
1261724477
4
0
11144
2
0
1261725501
4
0
11145
2
0
1261726525
4
0
11146
2
0
1261727549
4
0
11147
2
0
1261728573
4
0
11148
2
0
1261729597
4
0
11149
2
0
1261711421
4
0
11150
2
0
1261712445
4
0
11151
2
0
1261713469
4
0
11152
2
0
1261781309
4
0
11153
2
0
1261782333
4
0
11154
2
0
1261783357
4
0
11155
2
0
1261784381
4
0
11156
2
0
1261785405
4
0
11157
2
0
1261786429
4
0
11158
2
0
1261787453
4
0
11159
2
0
1261790013
4
0
11160
2
0
1261791037
4
0
11161
2
0
1261792061
4
0
11162
2
0
1261793085
4
0
11163
2
0
1261794109
4
0
11164
2
0
1261795133
4
0
11165
2
0
1261776957
4
0
11166
2
0
1261777981
4
0
11167
2
0
1261779005
4
0
11168
2
0
1261846845
4
0
11169
2
0
1261847869
4
0
11170
2
0
1261848893
4
0
11171
2
0
1261849917
4
0
11172
2
0
1261850941
4
0
11173
2
0
1261851965
4
0
11174
2
0
1261852989
4
0
11175
2
0
1261855549
4
0
11176
2
0
1261856573
4
0
11177
2
0
1261857597
4
0
11178
2
0
1261858621
4
0
11179
2
0
1261859645
4
0
11180
2
0
1261860669
4
0
11181
2
0
1261842493
4
0
11182
2
0
1261843517
4
0
11183
2
0
1261844541
4
0
11184
2
0
1261912381
4
0
11185
2
0
1261913405
4
0
11186
2
0
1261914429
4
0
11187
2
0
1261915453
4
0
11188
2
0
1261916477
4
0
11189
2
0
1261917501
4
0
11190
2
0
1261918525
4
0
11191
2
0
1261921085
4
0
11192
2
0
1261922109
4
0
11193
2
0
1261923133
4
0
11194
2
0
1261924157
4
0
11195
2
0
1261925181
4
0
11196
2
0
1261926205
4
0
11197
2
0
1261908029
4
0
11198
2
0
1261909053
4
0
11199
2
0
1261910077
4
0
11200
2
0
1261977917
4
0
11201
2
0
1261978941
4
0
11202
2
0
1261979965
4
0
11203
2
0
1261980989
4
0
11204
2
0
1261982013
4
0
11205
2
0
1261983037
4
0
11206
2
0
1261984061
4
0
11207
2
0
1261986621
4
0
11208
2
0
1261987645
4
0
11209
2
0
1261988669
4
0
11210
2
0
1261989693
4
0
11211
2
0
1261990717
4
0
11212
2
0
1261991741
4
0
11213
2
0
1261973565
4
0
11214
2
0
1261974589
4
0
11215
2
0
1261975613
4
0
11216
2
0
1262043453
4
0
11217
2
0
1262044477
4
0
11218
2
0
1262045501
4
0
11219
2
0
1262046525
4
0
11220
2
0
1262047549
4
0
11221
2
0
1262048573
4
0
11222
2
0
1262049597
4
0
11223
2
0
1262052157
4
0
11224
2
0
1262053181
4
0
11225
2
0
1262054205
4
0
11226
2
0
1262055229
4
0
11227
2
0
1262056253
4
0
11228
2
0
1262057277
4
0
11229
2
0
1262039101
4
0
11230
2
0
1262040125
4
0
11231
2
0
1262041149
4
0
11232
2
0
1261125949
4
0
11233
2
0
1261126973
4
0
11234
2
0
1261127997
4
0
11235
2
0
1261129021
4
0
11236
2
0
1261130045
4
0
11237
2
0
1261131069
4
0
11238
2
0
1261132093
4
0
11239
2
0
1261134653
4
0
11240
2
0
1261135677
4
0
11241
2
0
1261136701
4
0
11242
2
0
1261137725
4
0
11243
2
0
1261138749
4
0
11244
2
0
1261139773
4
0
11245
2
0
1261121597
4
0
11246
2
0
1261122621
4
0
11247
2
0
1261123645
4
0
11248
2
0
1261388093
4
0
11249
2
0
1261389117
4
0
11250
2
0
1261390141
4
0
11251
2
0
1261391165
4
0
11252
2
0
1261392189
4
0
11253
2
0
1261393213
4
0
11254
2
0
1261394237
4
0
11255
2
0
1261396797
4
0
11256
2
0
1261397821
4
0
11257
2
0
1261398845
4
0
11258
2
0
1261399869
4
0
11259
2
0
1261400893
4
0
11260
2
0
1261401917
4
0
11261
2
0
1261383741
4
0
11262
2
0
1261384765
4
0
11263
2
0
1261385789
4
