1024
0
30720
2
0
1698775357
4
0
30721
2
0
1698776381
4
0
30722
2
0
1698777405
4
0
30723
2
0
1698778429
4
0
30724
2
0
1698779453
4
0
30725
2
0
1698780477
4
0
30726
2
0
1698781501
4
0
30727
2
0
1698784061
4
0
30728
2
0
1698785085
4
0
30729
2
0
1698786109
4
0
30730
2
0
1698787133
4
0
30731
2
0
1698788157
4
0
30732
2
0
1698789181
4
0
30733
2
0
1698771005
4
0
30734
2
0
1698772029
4
0
30735
2
0
1698773053
4
0
30736
2
0
1698840893
4
0
30737
2
0
1698841917
4
0
30738
2
0
1698842941
4
0
30739
2
0
1698843965
4
0
30740
2
0
1698844989
4
0
30741
2
0
1698846013
4
0
30742
2
0
1698847037
4
0
30743
2
0
1698849597
4
0
30744
2
0
1698850621
4
0
30745
2
0
1698851645
4
0
30746
2
0
1698852669
4
0
30747
2
0
1698853693
4
0
30748
2
0
1698854717
4
0
30749
2
0
1698836541
4
0
30750
2
0
1698837565
4
0
30751
2
0
1698838589
4
0
30752
2
0
1698906429
4
0
30753
2
0
1698907453
4
0
30754
2
0
1698908477
4
0
30755
2
0
1698909501
4
0
30756
2
0
1698910525
4
0
30757
2
0
1698911549
4
0
30758
2
0
1698912573
4
0
30759
2
0
1698915133
4
0
30760
2
0
1698916157
4
0
30761
2
0
1698917181
4
0
30762
2
0
1698918205
4
0
30763
2
0
1698919229
4
0
30764
2
0
1698920253
4
0
30765
2
0
1698902077
4
0
30766
2
0
1698903101
4
0
30767
2
0
1698904125
4
0
30768
2
0
1698971965
4
0
30769
2
0
1698972989
4
0
30770
2
0
1698974013
4
0
30771
2
0
1698975037
4
0
30772
2
0
1698976061
4
0
30773
2
0
1698977085
4
0
30774
2
0
1698978109
4
0
30775
2
0
1698980669
4
0
30776
2
0
1698981693
4
0
30777
2
0
1698982717
4
0
30778
2
0
1698983741
4
0
30779
2
0
1698984765
4
0
30780
2
0
1698985789
4
0
30781
2
0
1698967613
4
0
30782
2
0
1698968637
4
0
30783
2
0
1698969661
4
0
30784
2
0
1699037501
4
0
30785
2
0
1699038525
4
0
30786
2
0
1699039549
4
0
30787
2
0
1699040573
4
0
30788
2
0
1699041597
4
0
30789
2
0
1699042621
4
0
30790
2
0
1699043645
4
0
30791
2
0
1699046205
4
0
30792
2
0
1699047229
4
0
30793
2
0
1699048253
4
0
30794
2
0
1699049277
4
0
30795
2
0
1699050301
4
0
30796
2
0
1699051325
4
0
30797
2
0
1699033149
4
0
30798
2
0
1699034173
4
0
30799
2
0
1699035197
4
0
30800
2
0
1699103037
4
0
30801
2
0
1699104061
4
0
30802
2
0
1699105085
4
0
30803
2
0
1699106109
4
0
30804
2
0
1699107133
4
0
30805
2
0
1699108157
4
0
30806
2
0
1699109181
4
0
30807
2
0
1699111741
4
0
30808
2
0
1699112765
4
0
30809
2
0
1699113789
4
0
30810
2
0
1699114813
4
0
30811
2
0
1699115837
4
0
30812
2
0
1699116861
4
0
30813
2
0
1699098685
4
0
30814
2
0
1699099709
4
0
30815
2
0
1699100733
4
0
30816
2
0
1699168573
4
0
30817
2
0
1699169597
4
0
30818
2
0
1699170621
4
0
30819
2
0
1699171645
4
0
30820
2
0
1699172669
4
0
30821
2
0
1699173693
4
0
30822
2
0
1699174717
4
0
30823
2
0
1699177277
4
0
30824
2
0
1699178301
4
0
30825
2
0
1699179325
4
0
30826
2
0
1699180349
4
0
30827
2
0
1699181373
4
0
30828
2
0
1699182397
4
0
30829
2
0
1699164221
4
0
30830
2
0
1699165245
4
0
30831
2
0
1699166269
4
0
30832
2
0
1699234109
4
0
30833
2
0
1699235133
4
0
30834
2
0
1699236157
4
0
30835
2
0
1699237181
4
0
30836
2
0
1699238205
4
0
30837
2
0
1699239229
4
0
30838
2
0
1699240253
4
0
30839
2
0
1699242813
4
0
30840
2
0
1699243837
4
0
30841
2
0
1699244861
4
0
30842
2
0
1699245885
4
0
30843
2
0
1699246909
4
0
30844
2
0
1699247933
4
0
30845
2
0
1699229757
4
0
30846
2
0
1699230781
4
0
30847
2
0
1699231805
4
0
30848
2
0
1699299645
4
0
30849
2
0
1699300669
4
0
30850
2
0
1699301693
4
0
30851
2
0
1699302717
4
0
30852
2
0
1699303741
4
0
30853
2
0
1699304765
4
0
30854
2
0
1699305789
4
0
30855
2
0
1699308349
4
0
30856
2
0
1699309373
4
0
30857
2
0
1699310397
4
0
30858
2
0
1699311421
4
0
30859
2
0
1699312445
4
0
30860
2
0
1699313469
4
0
30861
2
0
1699295293
4
0
30862
2
0
1699296317
4
0
30863
2
0
1699297341
4
0
30864
2
0
1699365181
4
0
30865
2
0
1699366205
4
0
30866
2
0
1699367229
4
0
30867
2
0
1699368253
4
0
30868
2
0
1699369277
4
0
30869
2
0
1699370301
4
0
30870
2
0
1699371325
4
0
30871
2
0
1699373885
4
0
30872
2
0
1699374909
4
0
30873
2
0
1699375933
4
0
30874
2
0
1699376957
4
0
30875
2
0
1699377981
4
0
30876
2
0
1699379005
4
0
30877
2
0
1699360829
4
0
30878
2
0
1699361853
4
0
30879
2
0
1699362877
4
0
30880
2
0
1699430717
4
0
30881
2
0
1699431741
4
0
30882
2
0
1699432765
4
0
30883
2
0
1699433789
4
0
30884
2
0
1699434813
4
0
30885
2
0
1699435837
4
0
30886
2
0
1699436861
4
0
30887
2
0
1699439421
4
0
30888
2
0
1699440445
4
0
30889
2
0
1699441469
4
0
30890
2
0
1699442493
4
0
30891
2
0
1699443517
4
0
30892
2
0
1699444541
4
0
30893
2
0
1699426365
4
0
30894
2
0
1699427389
4
0
30895
2
0
1699428413
4
0
30896
2
0
1699496253
4
0
30897
2
0
1699497277
4
0
30898
2
0
1699498301
4
0
30899
2
0
1699499325
4
0
30900
2
0
1699500349
4
0
30901
2
0
1699501373
4
0
30902
2
0
1699502397
4
0
30903
2
0
1699504957
4
0
30904
2
0
1699505981
4
0
30905
2
0
1699507005
4
0
30906
2
0
1699508029
4
0
30907
2
0
1699509053
4
0
30908
2
0
1699510077
4
0
30909
2
0
1699491901
4
0
30910
2
0
1699492925
4
0
30911
2
0
1699493949
4
0
30912
2
0
1699561789
4
0
30913
2
0
1699562813
4
0
30914
2
0
1699563837
4
0
30915
2
0
1699564861
4
0
30916
2
0
1699565885
4
0
30917
2
0
1699566909
4
0
30918
2
0
1699567933
4
0
30919
2
0
1699570493
4
0
30920
2
0
1699571517
4
0
30921
2
0
1699572541
4
0
30922
2
0
1699573565
4
0
30923
2
0
1699574589
4
0
30924
2
0
1699575613
4
0
30925
2
0
1699557437
4
0
30926
2
0
1699558461
4
0
30927
2
0
1699559485
4
0
30928
2
0
1699627325
4
0
30929
2
0
1699628349
4
0
30930
2
0
1699629373
4
0
30931
2
0
1699630397
4
0
30932
2
0
1699631421
4
0
30933
2
0
1699632445
4
0
30934
2
0
1699633469
4
0
30935
2
0
1699636029
4
0
30936
2
0
1699637053
4
0
30937
2
0
1699638077
4
0
30938
2
0
1699639101
4
0
30939
2
0
1699640125
4
0
30940
2
0
1699641149
4
0
30941
2
0
1699622973
4
0
30942
2
0
1699623997
4
0
30943
2
0
1699625021
4
0
30944
2
0
1699692861
4
0
30945
2
0
1699693885
4
0
30946
2
0
1699694909
4
0
30947
2
0
1699695933
4
0
30948
2
0
1699696957
4
0
30949
2
0
1699697981
4
0
30950
2
0
1699699005
4
0
30951
2
0
1699701565
4
0
30952
2
0
1699702589
4
0
30953
2
0
1699703613
4
0
30954
2
0
1699704637
4
0
30955
2
0
1699705661
4
0
30956
2
0
1699706685
4
0
30957
2
0
1699688509
4
0
30958
2
0
1699689533
4
0
30959
2
0
1699690557
4
0
30960
2
0
1699758397
4
0
30961
2
0
1699759421
4
0
30962
2
0
1699760445
4
0
30963
2
0
1699761469
4
0
30964
2
0
1699762493
4
0
30965
2
0
1699763517
4
0
30966
2
0
1699764541
4
0
30967
2
0
1699767101
4
0
30968
2
0
1699768125
4
0
30969
2
0
1699769149
4
0
30970
2
0
1699770173
4
0
30971
2
0
1699771197
4
0
30972
2
0
1699772221
4
0
30973
2
0
1699754045
4
0
30974
2
0
1699755069
4
0
30975
2
0
1699756093
4
0
30976
2
0
1699823933
4
0
30977
2
0
1699824957
4
0
30978
2
0
1699825981
4
0
30979
2
0
1699827005
4
0
30980
2
0
1699828029
4
0
30981
2
0
1699829053
4
0
30982
2
0
1699830077
4
0
30983
2
0
1699832637
4
0
30984
2
0
1699833661
4
0
30985
2
0
1699834685
4
0
30986
2
0
1699835709
4
0
30987
2
0
1699836733
4
0
30988
2
0
1699837757
4
0
30989
2
0
1699819581
4
0
30990
2
0
1699820605
4
0
30991
2
0
1699821629
4
0
30992
2
0
1699889469
4
0
30993
2
0
1699890493
4
0
30994
2
0
1699891517
4
0
30995
2
0
1699892541
4
0
30996
2
0
1699893565
4
0
30997
2
0
1699894589
4
0
30998
2
0
1699895613
4
0
30999
2
0
1699898173
4
0
31000
2
0
1699899197
4
0
31001
2
0
1699900221
4
0
31002
2
0
1699901245
4
0
31003
2
0
1699902269
4
0
31004
2
0
1699903293
4
0
31005
2
0
1699885117
4
0
31006
2
0
1699886141
4
0
31007
2
0
1699887165
4
0
31008
2
0
1699955005
4
0
31009
2
0
1699956029
4
0
31010
2
0
1699957053
4
0
31011
2
0
1699958077
4
0
31012
2
0
1699959101
4
0
31013
2
0
1699960125
4
0
31014
2
0
1699961149
4
0
31015
2
0
1699963709
4
0
31016
2
0
1699964733
4
0
31017
2
0
1699965757
4
0
31018
2
0
1699966781
4
0
31019
2
0
1699967805
4
0
31020
2
0
1699968829
4
0
31021
2
0
1699950653
4
0
31022
2
0
1699951677
4
0
31023
2
0
1699952701
4
0
31024
2
0
1700020541
4
0
31025
2
0
1700021565
4
0
31026
2
0
1700022589
4
0
31027
2
0
1700023613
4
0
31028
2
0
1700024637
4
0
31029
2
0
1700025661
4
0
31030
2
0
1700026685
4
0
31031
2
0
1700029245
4
0
31032
2
0
1700030269
4
0
31033
2
0
1700031293
4
0
31034
2
0
1700032317
4
0
31035
2
0
1700033341
4
0
31036
2
0
1700034365
4
0
31037
2
0
1700016189
4
0
31038
2
0
1700017213
4
0
31039
2
0
1700018237
4
0
31040
2
0
1700086077
4
0
31041
2
0
1700087101
4
0
31042
2
0
1700088125
4
0
31043
2
0
1700089149
4
0
31044
2
0
1700090173
4
0
31045
2
0
1700091197
4
0
31046
2
0
1700092221
4
0
31047
2
0
1700094781
4
0
31048
2
0
1700095805
4
0
31049
2
0
1700096829
4
0
31050
2
0
1700097853
4
0
31051
2
0
1700098877
4
0
31052
2
0
1700099901
4
0
31053
2
0
1700081725
4
0
31054
2
0
1700082749
4
0
31055
2
0
1700083773
4
0
31056
2
0
1700151613
4
0
31057
2
0
1700152637
4
0
31058
2
0
1700153661
4
0
31059
2
0
1700154685
4
0
31060
2
0
1700155709
4
0
31061
2
0
1700156733
4
0
31062
2
0
1700157757
4
0
31063
2
0
1700160317
4
0
31064
2
0
1700161341
4
0
31065
2
0
1700162365
4
0
31066
2
0
1700163389
4
0
31067
2
0
1700164413
4
0
31068
2
0
1700165437
4
0
31069
2
0
1700147261
4
0
31070
2
0
1700148285
4
0
31071
2
0
1700149309
4
0
31072
2
0
1700217149
4
0
31073
2
0
1700218173
4
0
31074
2
0
1700219197
4
0
31075
2
0
1700220221
4
0
31076
2
0
1700221245
4
0
31077
2
0
1700222269
4
0
31078
2
0
1700223293
4
0
31079
2
0
1700225853
4
0
31080
2
0
1700226877
4
0
31081
2
0
1700227901
4
0
31082
2
0
1700228925
4
0
31083
2
0
1700229949
4
0
31084
2
0
1700230973
4
0
31085
2
0
1700212797
4
0
31086
2
0
1700213821
4
0
31087
2
0
1700214845
4
0
31088
2
0
1700282685
4
0
31089
2
0
1700283709
4
0
31090
2
0
1700284733
4
0
31091
2
0
1700285757
4
0
31092
2
0
1700286781
4
0
31093
2
0
1700287805
4
0
31094
2
0
1700288829
4
0
31095
2
0
1700291389
4
0
31096
2
0
1700292413
4
0
31097
2
0
1700293437
4
0
31098
2
0
1700294461
4
0
31099
2
0
1700295485
4
0
31100
2
0
1700296509
4
0
31101
2
0
1700278333
4
0
31102
2
0
1700279357
4
0
31103
2
0
1700280381
4
0
31104
2
0
1700348221
4
0
31105
2
0
1700349245
4
0
31106
2
0
1700350269
4
0
31107
2
0
1700351293
4
0
31108
2
0
1700352317
4
0
31109
2
0
1700353341
4
0
31110
2
0
1700354365
4
0
31111
2
0
1700356925
4
0
31112
2
0
1700357949
4
0
31113
2
0
1700358973
4
0
31114
2
0
1700359997
4
0
31115
2
0
1700361021
4
0
31116
2
0
1700362045
4
0
31117
2
0
1700343869
4
0
31118
2
0
1700344893
4
0
31119
2
0
1700345917
4
0
31120
2
0
1700413757
4
0
31121
2
0
1700414781
4
0
31122
2
0
1700415805
4
0
31123
2
0
1700416829
4
0
31124
2
0
1700417853
4
0
31125
2
0
1700418877
4
0
31126
2
0
1700419901
4
0
31127
2
0
1700422461
4
0
31128
2
0
1700423485
4
0
31129
2
0
1700424509
4
0
31130
2
0
1700425533
4
0
31131
2
0
1700426557
4
0
31132
2
0
1700427581
4
0
31133
2
0
1700409405
4
0
31134
2
0
1700410429
4
0
31135
2
0
1700411453
4
0
31136
2
0
1700872509
4
0
31137
2
0
1700873533
4
0
31138
2
0
1700874557
4
0
31139
2
0
1700875581
4
0
31140
2
0
1700876605
4
0
31141
2
0
1700877629
4
0
31142
2
0
1700878653
4
0
31143
2
0
1700881213
4
0
31144
2
0
1700882237
4
0
31145
2
0
1700883261
4
0
31146
2
0
1700884285
4
0
31147
2
0
1700885309
4
0
31148
2
0
1700886333
4
0
31149
2
0
1700868157
4
0
31150
2
0
1700869181
4
0
31151
2
0
1700870205
4
0
31152
2
0
1700938045
4
0
31153
2
0
1700939069
4
0
31154
2
0
1700940093
4
0
31155
2
0
1700941117
4
0
31156
2
0
1700942141
4
0
31157
2
0
1700943165
4
0
31158
2
0
1700944189
4
0
31159
2
0
1700946749
4
0
31160
2
0
1700947773
4
0
31161
2
0
1700948797
4
0
31162
2
0
1700949821
4
0
31163
2
0
1700950845
4
0
31164
2
0
1700951869
4
0
31165
2
0
1700933693
4
0
31166
2
0
1700934717
4
0
31167
2
0
1700935741
4
0
31168
2
0
1701003581
4
0
31169
2
0
1701004605
4
0
31170
2
0
1701005629
4
0
31171
2
0
1701006653
4
0
31172
2
0
1701007677
4
0
31173
2
0
1701008701
4
0
31174
2
0
1701009725
4
0
31175
2
0
1701012285
4
0
31176
2
0
1701013309
4
0
31177
2
0
1701014333
4
0
31178
2
0
1701015357
4
0
31179
2
0
1701016381
4
0
31180
2
0
1701017405
4
0
31181
2
0
1700999229
4
0
31182
2
0
1701000253
4
0
31183
2
0
1701001277
4
0
31184
2
0
1701069117
4
0
31185
2
0
1701070141
4
0
31186
2
0
1701071165
4
0
31187
2
0
1701072189
4
0
31188
2
0
1701073213
4
0
31189
2
0
1701074237
4
0
31190
2
0
1701075261
4
0
31191
2
0
1701077821
4
0
31192
2
0
1701078845
4
0
31193
2
0
1701079869
4
0
31194
2
0
1701080893
4
0
31195
2
0
1701081917
4
0
31196
2
0
1701082941
4
0
31197
2
0
1701064765
4
0
31198
2
0
1701065789
4
0
31199
2
0
1701066813
4
0
31200
2
0
1701134653
4
0
31201
2
0
1701135677
4
0
31202
2
0
1701136701
4
0
31203
2
0
1701137725
4
0
31204
2
0
1701138749
4
0
31205
2
0
1701139773
4
0
31206
2
0
1701140797
4
0
31207
2
0
1701143357
4
0
31208
2
0
1701144381
4
0
31209
2
0
1701145405
4
0
31210
2
0
1701146429
4
0
31211
2
0
1701147453
4
0
31212
2
0
1701148477
4
0
31213
2
0
1701130301
4
0
31214
2
0
1701131325
4
0
31215
2
0
1701132349
4
0
31216
2
0
1701200189
4
0
31217
2
0
1701201213
4
0
31218
2
0
1701202237
4
0
31219
2
0
1701203261
4
0
31220
2
0
1701204285
4
0
31221
2
0
1701205309
4
0
31222
2
0
1701206333
4
0
31223
2
0
1701208893
4
0
31224
2
0
1701209917
4
0
31225
2
0
1701210941
4
0
31226
2
0
1701211965
4
0
31227
2
0
1701212989
4
0
31228
2
0
1701214013
4
0
31229
2
0
1701195837
4
0
31230
2
0
1701196861
4
0
31231
2
0
1701197885
4
0
31232
2
0
1701265725
4
0
31233
2
0
1701266749
4
0
31234
2
0
1701267773
4
0
31235
2
0
1701268797
4
0
31236
2
0
1701269821
4
0
31237
2
0
1701270845
4
0
31238
2
0
1701271869
4
0
31239
2
0
1701274429
4
0
31240
2
0
1701275453
4
0
31241
2
0
1701276477
4
0
31242
2
0
1701277501
4
0
31243
2
0
1701278525
4
0
31244
2
0
1701279549
4
0
31245
2
0
1701261373
4
0
31246
2
0
1701262397
4
0
31247
2
0
1701263421
4
0
31248
2
0
1701331261
4
0
31249
2
0
1701332285
4
0
31250
2
0
1701333309
4
0
31251
2
0
1701334333
4
0
31252
2
0
1701335357
4
0
31253
2
0
1701336381
4
0
31254
2
0
1701337405
4
0
31255
2
0
1701339965
4
0
31256
2
0
1701340989
4
0
31257
2
0
1701342013
4
0
31258
2
0
1701343037
4
0
31259
2
0
1701344061
4
0
31260
2
0
1701345085
4
0
31261
2
0
1701326909
4
0
31262
2
0
1701327933
4
0
31263
2
0
1701328957
4
0
31264
2
0
1701396797
4
0
31265
2
0
1701397821
4
0
31266
2
0
1701398845
4
0
31267
2
0
1701399869
4
0
31268
2
0
1701400893
4
0
31269
2
0
1701401917
4
0
31270
2
0
1701402941
4
0
31271
2
0
1701405501
4
0
31272
2
0
1701406525
4
0
31273
2
0
1701407549
4
0
31274
2
0
1701408573
4
0
31275
2
0
1701409597
4
0
31276
2
0
1701410621
4
0
31277
2
0
1701392445
4
0
31278
2
0
1701393469
4
0
31279
2
0
1701394493
4
0
31280
2
0
1701462333
4
0
31281
2
0
1701463357
4
0
31282
2
0
1701464381
4
0
31283
2
0
1701465405
4
0
31284
2
0
1701466429
4
0
31285
2
0
1701467453
4
0
31286
2
0
1701468477
4
0
31287
2
0
1701471037
4
0
31288
2
0
1701472061
4
0
31289
2
0
1701473085
4
0
31290
2
0
1701474109
4
0
31291
2
0
1701475133
4
0
31292
2
0
1701476157
4
0
31293
2
0
1701457981
4
0
31294
2
0
1701459005
4
0
31295
2
0
1701460029
4
0
31296
2
0
1701527869
4
0
31297
2
0
1701528893
4
0
31298
2
0
1701529917
4
0
31299
2
0
1701530941
4
0
31300
2
0
1701531965
4
0
31301
2
0
1701532989
4
0
31302
2
0
1701534013
4
0
31303
2
0
1701536573
4
0
31304
2
0
1701537597
4
0
31305
2
0
1701538621
4
0
31306
2
0
1701539645
4
0
31307
2
0
1701540669
4
0
31308
2
0
1701541693
4
0
31309
2
0
1701523517
4
0
31310
2
0
1701524541
4
0
31311
2
0
1701525565
4
0
31312
2
0
1701593405
4
0
31313
2
0
1701594429
4
0
31314
2
0
1701595453
4
0
31315
2
0
1701596477
4
0
31316
2
0
1701597501
4
0
31317
2
0
1701598525
4
0
31318
2
0
1701599549
4
0
31319
2
0
1701602109
4
0
31320
2
0
1701603133
4
0
31321
2
0
1701604157
4
0
31322
2
0
1701605181
4
0
31323
2
0
1701606205
4
0
31324
2
0
1701607229
4
0
31325
2
0
1701589053
4
0
31326
2
0
1701590077
4
0
31327
2
0
1701591101
4
0
31328
2
0
1701658941
4
0
31329
2
0
1701659965
4
0
31330
2
0
1701660989
4
0
31331
2
0
1701662013
4
0
31332
2
0
1701663037
4
0
31333
2
0
1701664061
4
0
31334
2
0
1701665085
4
0
31335
2
0
1701667645
4
0
31336
2
0
1701668669
4
0
31337
2
0
1701669693
4
0
31338
2
0
1701670717
4
0
31339
2
0
1701671741
4
0
31340
2
0
1701672765
4
0
31341
2
0
1701654589
4
0
31342
2
0
1701655613
4
0
31343
2
0
1701656637
4
0
31344
2
0
1701724477
4
0
31345
2
0
1701725501
4
0
31346
2
0
1701726525
4
0
31347
2
0
1701727549
4
0
31348
2
0
1701728573
4
0
31349
2
0
1701729597
4
0
31350
2
0
1701730621
4
0
31351
2
0
1701733181
4
0
31352
2
0
1701734205
4
0
31353
2
0
1701735229
4
0
31354
2
0
1701736253
4
0
31355
2
0
1701737277
4
0
31356
2
0
1701738301
4
0
31357
2
0
1701720125
4
0
31358
2
0
1701721149
4
0
31359
2
0
1701722173
4
0
31360
2
0
1701790013
4
0
31361
2
0
1701791037
4
0
31362
2
0
1701792061
4
0
31363
2
0
1701793085
4
0
31364
2
0
1701794109
4
0
31365
2
0
1701795133
4
0
31366
2
0
1701796157
4
0
31367
2
0
1701798717
4
0
31368
2
0
1701799741
4
0
31369
2
0
1701800765
4
0
31370
2
0
1701801789
4
0
31371
2
0
1701802813
4
0
31372
2
0
1701803837
4
0
31373
2
0
1701785661
4
0
31374
2
0
1701786685
4
0
31375
2
0
1701787709
4
0
31376
2
0
1701855549
4
0
31377
2
0
1701856573
4
0
31378
2
0
1701857597
4
0
31379
2
0
1701858621
4
0
31380
2
0
1701859645
4
0
31381
2
0
1701860669
4
0
31382
2
0
1701861693
4
0
31383
2
0
1701864253
4
0
31384
2
0
1701865277
4
0
31385
2
0
1701866301
4
0
31386
2
0
1701867325
4
0
31387
2
0
1701868349
4
0
31388
2
0
1701869373
4
0
31389
2
0
1701851197
4
0
31390
2
0
1701852221
4
0
31391
2
0
1701853245
4
0
31392
2
0
1701921085
4
0
31393
2
0
1701922109
4
0
31394
2
0
1701923133
4
0
31395
2
0
1701924157
4
0
31396
2
0
1701925181
4
0
31397
2
0
1701926205
4
0
31398
2
0
1701927229
4
0
31399
2
0
1701929789
4
0
31400
2
0
1701930813
4
0
31401
2
0
1701931837
4
0
31402
2
0
1701932861
4
0
31403
2
0
1701933885
4
0
31404
2
0
1701934909
4
0
31405
2
0
1701916733
4
0
31406
2
0
1701917757
4
0
31407
2
0
1701918781
4
0
31408
2
0
1701986621
4
0
31409
2
0
1701987645
4
0
31410
2
0
1701988669
4
0
31411
2
0
1701989693
4
0
31412
2
0
1701990717
4
0
31413
2
0
1701991741
4
0
31414
2
0
1701992765
4
0
31415
2
0
1701995325
4
0
31416
2
0
1701996349
4
0
31417
2
0
1701997373
4
0
31418
2
0
1701998397
4
0
31419
2
0
1701999421
4
0
31420
2
0
1702000445
4
0
31421
2
0
1701982269
4
0
31422
2
0
1701983293
4
0
31423
2
0
1701984317
4
0
31424
2
0
1702052157
4
0
31425
2
0
1702053181
4
0
31426
2
0
1702054205
4
0
31427
2
0
1702055229
4
0
31428
2
0
1702056253
4
0
31429
2
0
1702057277
4
0
31430
2
0
1702058301
4
0
31431
2
0
1702060861
4
0
31432
2
0
1702061885
4
0
31433
2
0
1702062909
4
0
31434
2
0
1702063933
4
0
31435
2
0
1702064957
4
0
31436
2
0
1702065981
4
0
31437
2
0
1702047805
4
0
31438
2
0
1702048829
4
0
31439
2
0
1702049853
4
0
31440
2
0
1702117693
4
0
31441
2
0
1702118717
4
0
31442
2
0
1702119741
4
0
31443
2
0
1702120765
4
0
31444
2
0
1702121789
4
0
31445
2
0
1702122813
4
0
31446
2
0
1702123837
4
0
31447
2
0
1702126397
4
0
31448
2
0
1702127421
4
0
31449
2
0
1702128445
4
0
31450
2
0
1702129469
4
0
31451
2
0
1702130493
4
0
31452
2
0
1702131517
4
0
31453
2
0
1702113341
4
0
31454
2
0
1702114365
4
0
31455
2
0
1702115389
4
0
31456
2
0
1702183229
4
0
31457
2
0
1702184253
4
0
31458
2
0
1702185277
4
0
31459
2
0
1702186301
4
0
31460
2
0
1702187325
4
0
31461
2
0
1702188349
4
0
31462
2
0
1702189373
4
0
31463
2
0
1702191933
4
0
31464
2
0
1702192957
4
0
31465
2
0
1702193981
4
0
31466
2
0
1702195005
4
0
31467
2
0
1702196029
4
0
31468
2
0
1702197053
4
0
31469
2
0
1702178877
4
0
31470
2
0
1702179901
4
0
31471
2
0
1702180925
4
0
31472
2
0
1702248765
4
0
31473
2
0
1702249789
4
0
31474
2
0
1702250813
4
0
31475
2
0
1702251837
4
0
31476
2
0
1702252861
4
0
31477
2
0
1702253885
4
0
31478
2
0
1702254909
4
0
31479
2
0
1702257469
4
0
31480
2
0
1702258493
4
0
31481
2
0
1702259517
4
0
31482
2
0
1702260541
4
0
31483
2
0
1702261565
4
0
31484
2
0
1702262589
4
0
31485
2
0
1702244413
4
0
31486
2
0
1702245437
4
0
31487
2
0
1702246461
4
0
31488
2
0
1702314301
4
0
31489
2
0
1702315325
4
0
31490
2
0
1702316349
4
0
31491
2
0
1702317373
4
0
31492
2
0
1702318397
4
0
31493
2
0
1702319421
4
0
31494
2
0
1702320445
4
0
31495
2
0
1702323005
4
0
31496
2
0
1702324029
4
0
31497
2
0
1702325053
4
0
31498
2
0
1702326077
4
0
31499
2
0
1702327101
4
0
31500
2
0
1702328125
4
0
31501
2
0
1702309949
4
0
31502
2
0
1702310973
4
0
31503
2
0
1702311997
4
0
31504
2
0
1702379837
4
0
31505
2
0
1702380861
4
0
31506
2
0
1702381885
4
0
31507
2
0
1702382909
4
0
31508
2
0
1702383933
4
0
31509
2
0
1702384957
4
0
31510
2
0
1702385981
4
0
31511
2
0
1702388541
4
0
31512
2
0
1702389565
4
0
31513
2
0
1702390589
4
0
31514
2
0
1702391613
4
0
31515
2
0
1702392637
4
0
31516
2
0
1702393661
4
0
31517
2
0
1702375485
4
0
31518
2
0
1702376509
4
0
31519
2
0
1702377533
4
0
31520
2
0
1702445373
4
0
31521
2
0
1702446397
4
0
31522
2
0
1702447421
4
0
31523
2
0
1702448445
4
0
31524
2
0
1702449469
4
0
31525
2
0
1702450493
4
0
31526
2
0
1702451517
4
0
31527
2
0
1702454077
4
0
31528
2
0
1702455101
4
0
31529
2
0
1702456125
4
0
31530
2
0
1702457149
4
0
31531
2
0
1702458173
4
0
31532
2
0
1702459197
4
0
31533
2
0
1702441021
4
0
31534
2
0
1702442045
4
0
31535
2
0
1702443069
4
0
31536
2
0
1702510909
4
0
31537
2
0
1702511933
4
0
31538
2
0
1702512957
4
0
31539
2
0
1702513981
4
0
31540
2
0
1702515005
4
0
31541
2
0
1702516029
4
0
31542
2
0
1702517053
4
0
31543
2
0
1702519613
4
0
31544
2
0
1702520637
4
0
31545
2
0
1702521661
4
0
31546
2
0
1702522685
4
0
31547
2
0
1702523709
4
0
31548
2
0
1702524733
4
0
31549
2
0
1702506557
4
0
31550
2
0
1702507581
4
0
31551
2
0
1702508605
4
0
31552
2
0
1697661245
4
0
31553
2
0
1697662269
4
0
31554
2
0
1697663293
4
0
31555
2
0
1697664317
4
0
31556
2
0
1697665341
4
0
31557
2
0
1697666365
4
0
31558
2
0
1697667389
4
0
31559
2
0
1697669949
4
0
31560
2
0
1697670973
4
0
31561
2
0
1697671997
4
0
31562
2
0
1697673021
4
0
31563
2
0
1697674045
4
0
31564
2
0
1697675069
4
0
31565
2
0
1697656893
4
0
31566
2
0
1697657917
4
0
31567
2
0
1697658941
4
0
31568
2
0
1697726781
4
0
31569
2
0
1697727805
4
0
31570
2
0
1697728829
4
0
31571
2
0
1697729853
4
0
31572
2
0
1697730877
4
0
31573
2
0
1697731901
4
0
31574
2
0
1697732925
4
0
31575
2
0
1697735485
4
0
31576
2
0
1697736509
4
0
31577
2
0
1697737533
4
0
31578
2
0
1697738557
4
0
31579
2
0
1697739581
4
0
31580
2
0
1697740605
4
0
31581
2
0
1697722429
4
0
31582
2
0
1697723453
4
0
31583
2
0
1697724477
4
0
31584
2
0
1697792317
4
0
31585
2
0
1697793341
4
0
31586
2
0
1697794365
4
0
31587
2
0
1697795389
4
0
31588
2
0
1697796413
4
0
31589
2
0
1697797437
4
0
31590
2
0
1697798461
4
0
31591
2
0
1697801021
4
0
31592
2
0
1697802045
4
0
31593
2
0
1697803069
4
0
31594
2
0
1697804093
4
0
31595
2
0
1697805117
4
0
31596
2
0
1697806141
4
0
31597
2
0
1697787965
4
0
31598
2
0
1697788989
4
0
31599
2
0
1697790013
4
0
31600
2
0
1697857853
4
0
31601
2
0
1697858877
4
0
31602
2
0
1697859901
4
0
31603
2
0
1697860925
4
0
31604
2
0
1697861949
4
0
31605
2
0
1697862973
4
0
31606
2
0
1697863997
4
0
31607
2
0
1697866557
4
0
31608
2
0
1697867581
4
0
31609
2
0
1697868605
4
0
31610
2
0
1697869629
4
0
31611
2
0
1697870653
4
0
31612
2
0
1697871677
4
0
31613
2
0
1697853501
4
0
31614
2
0
1697854525
4
0
31615
2
0
1697855549
4
0
31616
2
0
1697923389
4
0
31617
2
0
1697924413
4
0
31618
2
0
1697925437
4
0
31619
2
0
1697926461
4
0
31620
2
0
1697927485
4
0
31621
2
0
1697928509
4
0
31622
2
0
1697929533
4
0
31623
2
0
1697932093
4
0
31624
2
0
1697933117
4
0
31625
2
0
1697934141
4
0
31626
2
0
1697935165
4
0
31627
2
0
1697936189
4
0
31628
2
0
1697937213
4
0
31629
2
0
1697919037
4
0
31630
2
0
1697920061
4
0
31631
2
0
1697921085
4
0
31632
2
0
1697988925
4
0
31633
2
0
1697989949
4
0
31634
2
0
1697990973
4
0
31635
2
0
1697991997
4
0
31636
2
0
1697993021
4
0
31637
2
0
1697994045
4
0
31638
2
0
1697995069
4
0
31639
2
0
1697997629
4
0
31640
2
0
1697998653
4
0
31641
2
0
1697999677
4
0
31642
2
0
1698000701
4
0
31643
2
0
1698001725
4
0
31644
2
0
1698002749
4
0
31645
2
0
1697984573
4
0
31646
2
0
1697985597
4
0
31647
2
0
1697986621
4
0
31648
2
0
1698054461
4
0
31649
2
0
1698055485
4
0
31650
2
0
1698056509
4
0
31651
2
0
1698057533
4
0
31652
2
0
1698058557
4
0
31653
2
0
1698059581
4
0
31654
2
0
1698060605
4
0
31655
2
0
1698063165
4
0
31656
2
0
1698064189
4
0
31657
2
0
1698065213
4
0
31658
2
0
1698066237
4
0
31659
2
0
1698067261
4
0
31660
2
0
1698068285
4
0
31661
2
0
1698050109
4
0
31662
2
0
1698051133
4
0
31663
2
0
1698052157
4
0
31664
2
0
1698119997
4
0
31665
2
0
1698121021
4
0
31666
2
0
1698122045
4
0
31667
2
0
1698123069
4
0
31668
2
0
1698124093
4
0
31669
2
0
1698125117
4
0
31670
2
0
1698126141
4
0
31671
2
0
1698128701
4
0
31672
2
0
1698129725
4
0
31673
2
0
1698130749
4
0
31674
2
0
1698131773
4
0
31675
2
0
1698132797
4
0
31676
2
0
1698133821
4
0
31677
2
0
1698115645
4
0
31678
2
0
1698116669
4
0
31679
2
0
1698117693
4
0
31680
2
0
1698185533
4
0
31681
2
0
1698186557
4
0
31682
2
0
1698187581
4
0
31683
2
0
1698188605
4
0
31684
2
0
1698189629
4
0
31685
2
0
1698190653
4
0
31686
2
0
1698191677
4
0
31687
2
0
1698194237
4
0
31688
2
0
1698195261
4
0
31689
2
0
1698196285
4
0
31690
2
0
1698197309
4
0
31691
2
0
1698198333
4
0
31692
2
0
1698199357
4
0
31693
2
0
1698181181
4
0
31694
2
0
1698182205
4
0
31695
2
0
1698183229
4
0
31696
2
0
1698251069
4
0
31697
2
0
1698252093
4
0
31698
2
0
1698253117
4
0
31699
2
0
1698254141
4
0
31700
2
0
1698255165
4
0
31701
2
0
1698256189
4
0
31702
2
0
1698257213
4
0
31703
2
0
1698259773
4
0
31704
2
0
1698260797
4
0
31705
2
0
1698261821
4
0
31706
2
0
1698262845
4
0
31707
2
0
1698263869
4
0
31708
2
0
1698264893
4
0
31709
2
0
1698246717
4
0
31710
2
0
1698247741
4
0
31711
2
0
1698248765
4
0
31712
2
0
1697333565
4
0
31713
2
0
1697334589
4
0
31714
2
0
1697335613
4
0
31715
2
0
1697336637
4
0
31716
2
0
1697337661
4
0
31717
2
0
1697338685
4
0
31718
2
0
1697339709
4
0
31719
2
0
1697342269
4
0
31720
2
0
1697343293
4
0
31721
2
0
1697344317
4
0
31722
2
0
1697345341
4
0
31723
2
0
1697346365
4
0
31724
2
0
1697347389
4
0
31725
2
0
1697329213
4
0
31726
2
0
1697330237
4
0
31727
2
0
1697331261
4
0
31728
2
0
1697595709
4
0
31729
2
0
1697596733
4
0
31730
2
0
1697597757
4
0
31731
2
0
1697598781
4
0
31732
2
0
1697599805
4
0
31733
2
0
1697600829
4
0
31734
2
0
1697601853
4
0
31735
2
0
1697604413
4
0
31736
2
0
1697605437
4
0
31737
2
0
1697606461
4
0
31738
2
0
1697607485
4
0
31739
2
0
1697608509
4
0
31740
2
0
1697609533
4
0
31741
2
0
1697591357
4
0
31742
2
0
1697592381
4
0
31743
2
0
1697593405
4
