1024
0
12288
2
0
1296122173
4
0
12289
2
0
1296123197
4
0
12290
2
0
1296124221
4
0
12291
2
0
1296125245
4
0
12292
2
0
1296126269
4
0
12293
2
0
1296127293
4
0
12294
2
0
1296128317
4
0
12295
2
0
1296130877
4
0
12296
2
0
1296131901
4
0
12297
2
0
1296132925
4
0
12298
2
0
1296133949
4
0
12299
2
0
1296134973
4
0
12300
2
0
1296135997
4
0
12301
2
0
1296117821
4
0
12302
2
0
1296118845
4
0
12303
2
0
1296119869
4
0
12304
2
0
1296187709
4
0
12305
2
0
1296188733
4
0
12306
2
0
1296189757
4
0
12307
2
0
1296190781
4
0
12308
2
0
1296191805
4
0
12309
2
0
1296192829
4
0
12310
2
0
1296193853
4
0
12311
2
0
1296196413
4
0
12312
2
0
1296197437
4
0
12313
2
0
1296198461
4
0
12314
2
0
1296199485
4
0
12315
2
0
1296200509
4
0
12316
2
0
1296201533
4
0
12317
2
0
1296183357
4
0
12318
2
0
1296184381
4
0
12319
2
0
1296185405
4
0
12320
2
0
1296253245
4
0
12321
2
0
1296254269
4
0
12322
2
0
1296255293
4
0
12323
2
0
1296256317
4
0
12324
2
0
1296257341
4
0
12325
2
0
1296258365
4
0
12326
2
0
1296259389
4
0
12327
2
0
1296261949
4
0
12328
2
0
1296262973
4
0
12329
2
0
1296263997
4
0
12330
2
0
1296265021
4
0
12331
2
0
1296266045
4
0
12332
2
0
1296267069
4
0
12333
2
0
1296248893
4
0
12334
2
0
1296249917
4
0
12335
2
0
1296250941
4
0
12336
2
0
1296318781
4
0
12337
2
0
1296319805
4
0
12338
2
0
1296320829
4
0
12339
2
0
1296321853
4
0
12340
2
0
1296322877
4
0
12341
2
0
1296323901
4
0
12342
2
0
1296324925
4
0
12343
2
0
1296327485
4
0
12344
2
0
1296328509
4
0
12345
2
0
1296329533
4
0
12346
2
0
1296330557
4
0
12347
2
0
1296331581
4
0
12348
2
0
1296332605
4
0
12349
2
0
1296314429
4
0
12350
2
0
1296315453
4
0
12351
2
0
1296316477
4
0
12352
2
0
1296384317
4
0
12353
2
0
1296385341
4
0
12354
2
0
1296386365
4
0
12355
2
0
1296387389
4
0
12356
2
0
1296388413
4
0
12357
2
0
1296389437
4
0
12358
2
0
1296390461
4
0
12359
2
0
1296393021
4
0
12360
2
0
1296394045
4
0
12361
2
0
1296395069
4
0
12362
2
0
1296396093
4
0
12363
2
0
1296397117
4
0
12364
2
0
1296398141
4
0
12365
2
0
1296379965
4
0
12366
2
0
1296380989
4
0
12367
2
0
1296382013
4
0
12368
2
0
1296449853
4
0
12369
2
0
1296450877
4
0
12370
2
0
1296451901
4
0
12371
2
0
1296452925
4
0
12372
2
0
1296453949
4
0
12373
2
0
1296454973
4
0
12374
2
0
1296455997
4
0
12375
2
0
1296458557
4
0
12376
2
0
1296459581
4
0
12377
2
0
1296460605
4
0
12378
2
0
1296461629
4
0
12379
2
0
1296462653
4
0
12380
2
0
1296463677
4
0
12381
2
0
1296445501
4
0
12382
2
0
1296446525
4
0
12383
2
0
1296447549
4
0
12384
2
0
1296515389
4
0
12385
2
0
1296516413
4
0
12386
2
0
1296517437
4
0
12387
2
0
1296518461
4
0
12388
2
0
1296519485
4
0
12389
2
0
1296520509
4
0
12390
2
0
1296521533
4
0
12391
2
0
1296524093
4
0
12392
2
0
1296525117
4
0
12393
2
0
1296526141
4
0
12394
2
0
1296527165
4
0
12395
2
0
1296528189
4
0
12396
2
0
1296529213
4
0
12397
2
0
1296511037
4
0
12398
2
0
1296512061
4
0
12399
2
0
1296513085
4
0
12400
2
0
1296580925
4
0
12401
2
0
1296581949
4
0
12402
2
0
1296582973
4
0
12403
2
0
1296583997
4
0
12404
2
0
1296585021
4
0
12405
2
0
1296586045
4
0
12406
2
0
1296587069
4
0
12407
2
0
1296589629
4
0
12408
2
0
1296590653
4
0
12409
2
0
1296591677
4
0
12410
2
0
1296592701
4
0
12411
2
0
1296593725
4
0
12412
2
0
1296594749
4
0
12413
2
0
1296576573
4
0
12414
2
0
1296577597
4
0
12415
2
0
1296578621
4
0
12416
2
0
1296646461
4
0
12417
2
0
1296647485
4
0
12418
2
0
1296648509
4
0
12419
2
0
1296649533
4
0
12420
2
0
1296650557
4
0
12421
2
0
1296651581
4
0
12422
2
0
1296652605
4
0
12423
2
0
1296655165
4
0
12424
2
0
1296656189
4
0
12425
2
0
1296657213
4
0
12426
2
0
1296658237
4
0
12427
2
0
1296659261
4
0
12428
2
0
1296660285
4
0
12429
2
0
1296642109
4
0
12430
2
0
1296643133
4
0
12431
2
0
1296644157
4
0
12432
2
0
1296711997
4
0
12433
2
0
1296713021
4
0
12434
2
0
1296714045
4
0
12435
2
0
1296715069
4
0
12436
2
0
1296716093
4
0
12437
2
0
1296717117
4
0
12438
2
0
1296718141
4
0
12439
2
0
1296720701
4
0
12440
2
0
1296721725
4
0
12441
2
0
1296722749
4
0
12442
2
0
1296723773
4
0
12443
2
0
1296724797
4
0
12444
2
0
1296725821
4
0
12445
2
0
1296707645
4
0
12446
2
0
1296708669
4
0
12447
2
0
1296709693
4
0
12448
2
0
1296777533
4
0
12449
2
0
1296778557
4
0
12450
2
0
1296779581
4
0
12451
2
0
1296780605
4
0
12452
2
0
1296781629
4
0
12453
2
0
1296782653
4
0
12454
2
0
1296783677
4
0
12455
2
0
1296786237
4
0
12456
2
0
1296787261
4
0
12457
2
0
1296788285
4
0
12458
2
0
1296789309
4
0
12459
2
0
1296790333
4
0
12460
2
0
1296791357
4
0
12461
2
0
1296773181
4
0
12462
2
0
1296774205
4
0
12463
2
0
1296775229
4
0
12464
2
0
1296843069
4
0
12465
2
0
1296844093
4
0
12466
2
0
1296845117
4
0
12467
2
0
1296846141
4
0
12468
2
0
1296847165
4
0
12469
2
0
1296848189
4
0
12470
2
0
1296849213
4
0
12471
2
0
1296851773
4
0
12472
2
0
1296852797
4
0
12473
2
0
1296853821
4
0
12474
2
0
1296854845
4
0
12475
2
0
1296855869
4
0
12476
2
0
1296856893
4
0
12477
2
0
1296838717
4
0
12478
2
0
1296839741
4
0
12479
2
0
1296840765
4
0
12480
2
0
1296908605
4
0
12481
2
0
1296909629
4
0
12482
2
0
1296910653
4
0
12483
2
0
1296911677
4
0
12484
2
0
1296912701
4
0
12485
2
0
1296913725
4
0
12486
2
0
1296914749
4
0
12487
2
0
1296917309
4
0
12488
2
0
1296918333
4
0
12489
2
0
1296919357
4
0
12490
2
0
1296920381
4
0
12491
2
0
1296921405
4
0
12492
2
0
1296922429
4
0
12493
2
0
1296904253
4
0
12494
2
0
1296905277
4
0
12495
2
0
1296906301
4
0
12496
2
0
1296974141
4
0
12497
2
0
1296975165
4
0
12498
2
0
1296976189
4
0
12499
2
0
1296977213
4
0
12500
2
0
1296978237
4
0
12501
2
0
1296979261
4
0
12502
2
0
1296980285
4
0
12503
2
0
1296982845
4
0
12504
2
0
1296983869
4
0
12505
2
0
1296984893
4
0
12506
2
0
1296985917
4
0
12507
2
0
1296986941
4
0
12508
2
0
1296987965
4
0
12509
2
0
1296969789
4
0
12510
2
0
1296970813
4
0
12511
2
0
1296971837
4
0
12512
2
0
1297039677
4
0
12513
2
0
1297040701
4
0
12514
2
0
1297041725
4
0
12515
2
0
1297042749
4
0
12516
2
0
1297043773
4
0
12517
2
0
1297044797
4
0
12518
2
0
1297045821
4
0
12519
2
0
1297048381
4
0
12520
2
0
1297049405
4
0
12521
2
0
1297050429
4
0
12522
2
0
1297051453
4
0
12523
2
0
1297052477
4
0
12524
2
0
1297053501
4
0
12525
2
0
1297035325
4
0
12526
2
0
1297036349
4
0
12527
2
0
1297037373
4
0
12528
2
0
1297105213
4
0
12529
2
0
1297106237
4
0
12530
2
0
1297107261
4
0
12531
2
0
1297108285
4
0
12532
2
0
1297109309
4
0
12533
2
0
1297110333
4
0
12534
2
0
1297111357
4
0
12535
2
0
1297113917
4
0
12536
2
0
1297114941
4
0
12537
2
0
1297115965
4
0
12538
2
0
1297116989
4
0
12539
2
0
1297118013
4
0
12540
2
0
1297119037
4
0
12541
2
0
1297100861
4
0
12542
2
0
1297101885
4
0
12543
2
0
1297102909
4
0
12544
2
0
1297170749
4
0
12545
2
0
1297171773
4
0
12546
2
0
1297172797
4
0
12547
2
0
1297173821
4
0
12548
2
0
1297174845
4
0
12549
2
0
1297175869
4
0
12550
2
0
1297176893
4
0
12551
2
0
1297179453
4
0
12552
2
0
1297180477
4
0
12553
2
0
1297181501
4
0
12554
2
0
1297182525
4
0
12555
2
0
1297183549
4
0
12556
2
0
1297184573
4
0
12557
2
0
1297166397
4
0
12558
2
0
1297167421
4
0
12559
2
0
1297168445
4
0
12560
2
0
1297236285
4
0
12561
2
0
1297237309
4
0
12562
2
0
1297238333
4
0
12563
2
0
1297239357
4
0
12564
2
0
1297240381
4
0
12565
2
0
1297241405
4
0
12566
2
0
1297242429
4
0
12567
2
0
1297244989
4
0
12568
2
0
1297246013
4
0
12569
2
0
1297247037
4
0
12570
2
0
1297248061
4
0
12571
2
0
1297249085
4
0
12572
2
0
1297250109
4
0
12573
2
0
1297231933
4
0
12574
2
0
1297232957
4
0
12575
2
0
1297233981
4
0
12576
2
0
1297301821
4
0
12577
2
0
1297302845
4
0
12578
2
0
1297303869
4
0
12579
2
0
1297304893
4
0
12580
2
0
1297305917
4
0
12581
2
0
1297306941
4
0
12582
2
0
1297307965
4
0
12583
2
0
1297310525
4
0
12584
2
0
1297311549
4
0
12585
2
0
1297312573
4
0
12586
2
0
1297313597
4
0
12587
2
0
1297314621
4
0
12588
2
0
1297315645
4
0
12589
2
0
1297297469
4
0
12590
2
0
1297298493
4
0
12591
2
0
1297299517
4
0
12592
2
0
1297367357
4
0
12593
2
0
1297368381
4
0
12594
2
0
1297369405
4
0
12595
2
0
1297370429
4
0
12596
2
0
1297371453
4
0
12597
2
0
1297372477
4
0
12598
2
0
1297373501
4
0
12599
2
0
1297376061
4
0
12600
2
0
1297377085
4
0
12601
2
0
1297378109
4
0
12602
2
0
1297379133
4
0
12603
2
0
1297380157
4
0
12604
2
0
1297381181
4
0
12605
2
0
1297363005
4
0
12606
2
0
1297364029
4
0
12607
2
0
1297365053
4
0
12608
2
0
1297432893
4
0
12609
2
0
1297433917
4
0
12610
2
0
1297434941
4
0
12611
2
0
1297435965
4
0
12612
2
0
1297436989
4
0
12613
2
0
1297438013
4
0
12614
2
0
1297439037
4
0
12615
2
0
1297441597
4
0
12616
2
0
1297442621
4
0
12617
2
0
1297443645
4
0
12618
2
0
1297444669
4
0
12619
2
0
1297445693
4
0
12620
2
0
1297446717
4
0
12621
2
0
1297428541
4
0
12622
2
0
1297429565
4
0
12623
2
0
1297430589
4
0
12624
2
0
1297498429
4
0
12625
2
0
1297499453
4
0
12626
2
0
1297500477
4
0
12627
2
0
1297501501
4
0
12628
2
0
1297502525
4
0
12629
2
0
1297503549
4
0
12630
2
0
1297504573
4
0
12631
2
0
1297507133
4
0
12632
2
0
1297508157
4
0
12633
2
0
1297509181
4
0
12634
2
0
1297510205
4
0
12635
2
0
1297511229
4
0
12636
2
0
1297512253
4
0
12637
2
0
1297494077
4
0
12638
2
0
1297495101
4
0
12639
2
0
1297496125
4
0
12640
2
0
1297563965
4
0
12641
2
0
1297564989
4
0
12642
2
0
1297566013
4
0
12643
2
0
1297567037
4
0
12644
2
0
1297568061
4
0
12645
2
0
1297569085
4
0
12646
2
0
1297570109
4
0
12647
2
0
1297572669
4
0
12648
2
0
1297573693
4
0
12649
2
0
1297574717
4
0
12650
2
0
1297575741
4
0
12651
2
0
1297576765
4
0
12652
2
0
1297577789
4
0
12653
2
0
1297559613
4
0
12654
2
0
1297560637
4
0
12655
2
0
1297561661
4
0
12656
2
0
1297629501
4
0
12657
2
0
1297630525
4
0
12658
2
0
1297631549
4
0
12659
2
0
1297632573
4
0
12660
2
0
1297633597
4
0
12661
2
0
1297634621
4
0
12662
2
0
1297635645
4
0
12663
2
0
1297638205
4
0
12664
2
0
1297639229
4
0
12665
2
0
1297640253
4
0
12666
2
0
1297641277
4
0
12667
2
0
1297642301
4
0
12668
2
0
1297643325
4
0
12669
2
0
1297625149
4
0
12670
2
0
1297626173
4
0
12671
2
0
1297627197
4
0
12672
2
0
1297695037
4
0
12673
2
0
1297696061
4
0
12674
2
0
1297697085
4
0
12675
2
0
1297698109
4
0
12676
2
0
1297699133
4
0
12677
2
0
1297700157
4
0
12678
2
0
1297701181
4
0
12679
2
0
1297703741
4
0
12680
2
0
1297704765
4
0
12681
2
0
1297705789
4
0
12682
2
0
1297706813
4
0
12683
2
0
1297707837
4
0
12684
2
0
1297708861
4
0
12685
2
0
1297690685
4
0
12686
2
0
1297691709
4
0
12687
2
0
1297692733
4
0
12688
2
0
1297760573
4
0
12689
2
0
1297761597
4
0
12690
2
0
1297762621
4
0
12691
2
0
1297763645
4
0
12692
2
0
1297764669
4
0
12693
2
0
1297765693
4
0
12694
2
0
1297766717
4
0
12695
2
0
1297769277
4
0
12696
2
0
1297770301
4
0
12697
2
0
1297771325
4
0
12698
2
0
1297772349
4
0
12699
2
0
1297773373
4
0
12700
2
0
1297774397
4
0
12701
2
0
1297756221
4
0
12702
2
0
1297757245
4
0
12703
2
0
1297758269
4
0
12704
2
0
1298219325
4
0
12705
2
0
1298220349
4
0
12706
2
0
1298221373
4
0
12707
2
0
1298222397
4
0
12708
2
0
1298223421
4
0
12709
2
0
1298224445
4
0
12710
2
0
1298225469
4
0
12711
2
0
1298228029
4
0
12712
2
0
1298229053
4
0
12713
2
0
1298230077
4
0
12714
2
0
1298231101
4
0
12715
2
0
1298232125
4
0
12716
2
0
1298233149
4
0
12717
2
0
1298214973
4
0
12718
2
0
1298215997
4
0
12719
2
0
1298217021
4
0
12720
2
0
1298284861
4
0
12721
2
0
1298285885
4
0
12722
2
0
1298286909
4
0
12723
2
0
1298287933
4
0
12724
2
0
1298288957
4
0
12725
2
0
1298289981
4
0
12726
2
0
1298291005
4
0
12727
2
0
1298293565
4
0
12728
2
0
1298294589
4
0
12729
2
0
1298295613
4
0
12730
2
0
1298296637
4
0
12731
2
0
1298297661
4
0
12732
2
0
1298298685
4
0
12733
2
0
1298280509
4
0
12734
2
0
1298281533
4
0
12735
2
0
1298282557
4
0
12736
2
0
1298350397
4
0
12737
2
0
1298351421
4
0
12738
2
0
1298352445
4
0
12739
2
0
1298353469
4
0
12740
2
0
1298354493
4
0
12741
2
0
1298355517
4
0
12742
2
0
1298356541
4
0
12743
2
0
1298359101
4
0
12744
2
0
1298360125
4
0
12745
2
0
1298361149
4
0
12746
2
0
1298362173
4
0
12747
2
0
1298363197
4
0
12748
2
0
1298364221
4
0
12749
2
0
1298346045
4
0
12750
2
0
1298347069
4
0
12751
2
0
1298348093
4
0
12752
2
0
1298415933
4
0
12753
2
0
1298416957
4
0
12754
2
0
1298417981
4
0
12755
2
0
1298419005
4
0
12756
2
0
1298420029
4
0
12757
2
0
1298421053
4
0
12758
2
0
1298422077
4
0
12759
2
0
1298424637
4
0
12760
2
0
1298425661
4
0
12761
2
0
1298426685
4
0
12762
2
0
1298427709
4
0
12763
2
0
1298428733
4
0
12764
2
0
1298429757
4
0
12765
2
0
1298411581
4
0
12766
2
0
1298412605
4
0
12767
2
0
1298413629
4
0
12768
2
0
1298481469
4
0
12769
2
0
1298482493
4
0
12770
2
0
1298483517
4
0
12771
2
0
1298484541
4
0
12772
2
0
1298485565
4
0
12773
2
0
1298486589
4
0
12774
2
0
1298487613
4
0
12775
2
0
1298490173
4
0
12776
2
0
1298491197
4
0
12777
2
0
1298492221
4
0
12778
2
0
1298493245
4
0
12779
2
0
1298494269
4
0
12780
2
0
1298495293
4
0
12781
2
0
1298477117
4
0
12782
2
0
1298478141
4
0
12783
2
0
1298479165
4
0
12784
2
0
1298547005
4
0
12785
2
0
1298548029
4
0
12786
2
0
1298549053
4
0
12787
2
0
1298550077
4
0
12788
2
0
1298551101
4
0
12789
2
0
1298552125
4
0
12790
2
0
1298553149
4
0
12791
2
0
1298555709
4
0
12792
2
0
1298556733
4
0
12793
2
0
1298557757
4
0
12794
2
0
1298558781
4
0
12795
2
0
1298559805
4
0
12796
2
0
1298560829
4
0
12797
2
0
1298542653
4
0
12798
2
0
1298543677
4
0
12799
2
0
1298544701
4
0
12800
2
0
1298612541
4
0
12801
2
0
1298613565
4
0
12802
2
0
1298614589
4
0
12803
2
0
1298615613
4
0
12804
2
0
1298616637
4
0
12805
2
0
1298617661
4
0
12806
2
0
1298618685
4
0
12807
2
0
1298621245
4
0
12808
2
0
1298622269
4
0
12809
2
0
1298623293
4
0
12810
2
0
1298624317
4
0
12811
2
0
1298625341
4
0
12812
2
0
1298626365
4
0
12813
2
0
1298608189
4
0
12814
2
0
1298609213
4
0
12815
2
0
1298610237
4
0
12816
2
0
1298678077
4
0
12817
2
0
1298679101
4
0
12818
2
0
1298680125
4
0
12819
2
0
1298681149
4
0
12820
2
0
1298682173
4
0
12821
2
0
1298683197
4
0
12822
2
0
1298684221
4
0
12823
2
0
1298686781
4
0
12824
2
0
1298687805
4
0
12825
2
0
1298688829
4
0
12826
2
0
1298689853
4
0
12827
2
0
1298690877
4
0
12828
2
0
1298691901
4
0
12829
2
0
1298673725
4
0
12830
2
0
1298674749
4
0
12831
2
0
1298675773
4
0
12832
2
0
1298743613
4
0
12833
2
0
1298744637
4
0
12834
2
0
1298745661
4
0
12835
2
0
1298746685
4
0
12836
2
0
1298747709
4
0
12837
2
0
1298748733
4
0
12838
2
0
1298749757
4
0
12839
2
0
1298752317
4
0
12840
2
0
1298753341
4
0
12841
2
0
1298754365
4
0
12842
2
0
1298755389
4
0
12843
2
0
1298756413
4
0
12844
2
0
1298757437
4
0
12845
2
0
1298739261
4
0
12846
2
0
1298740285
4
0
12847
2
0
1298741309
4
0
12848
2
0
1298809149
4
0
12849
2
0
1298810173
4
0
12850
2
0
1298811197
4
0
12851
2
0
1298812221
4
0
12852
2
0
1298813245
4
0
12853
2
0
1298814269
4
0
12854
2
0
1298815293
4
0
12855
2
0
1298817853
4
0
12856
2
0
1298818877
4
0
12857
2
0
1298819901
4
0
12858
2
0
1298820925
4
0
12859
2
0
1298821949
4
0
12860
2
0
1298822973
4
0
12861
2
0
1298804797
4
0
12862
2
0
1298805821
4
0
12863
2
0
1298806845
4
0
12864
2
0
1298874685
4
0
12865
2
0
1298875709
4
0
12866
2
0
1298876733
4
0
12867
2
0
1298877757
4
0
12868
2
0
1298878781
4
0
12869
2
0
1298879805
4
0
12870
2
0
1298880829
4
0
12871
2
0
1298883389
4
0
12872
2
0
1298884413
4
0
12873
2
0
1298885437
4
0
12874
2
0
1298886461
4
0
12875
2
0
1298887485
4
0
12876
2
0
1298888509
4
0
12877
2
0
1298870333
4
0
12878
2
0
1298871357
4
0
12879
2
0
1298872381
4
0
12880
2
0
1298940221
4
0
12881
2
0
1298941245
4
0
12882
2
0
1298942269
4
0
12883
2
0
1298943293
4
0
12884
2
0
1298944317
4
0
12885
2
0
1298945341
4
0
12886
2
0
1298946365
4
0
12887
2
0
1298948925
4
0
12888
2
0
1298949949
4
0
12889
2
0
1298950973
4
0
12890
2
0
1298951997
4
0
12891
2
0
1298953021
4
0
12892
2
0
1298954045
4
0
12893
2
0
1298935869
4
0
12894
2
0
1298936893
4
0
12895
2
0
1298937917
4
0
12896
2
0
1299005757
4
0
12897
2
0
1299006781
4
0
12898
2
0
1299007805
4
0
12899
2
0
1299008829
4
0
12900
2
0
1299009853
4
0
12901
2
0
1299010877
4
0
12902
2
0
1299011901
4
0
12903
2
0
1299014461
4
0
12904
2
0
1299015485
4
0
12905
2
0
1299016509
4
0
12906
2
0
1299017533
4
0
12907
2
0
1299018557
4
0
12908
2
0
1299019581
4
0
12909
2
0
1299001405
4
0
12910
2
0
1299002429
4
0
12911
2
0
1299003453
4
0
12912
2
0
1299071293
4
0
12913
2
0
1299072317
4
0
12914
2
0
1299073341
4
0
12915
2
0
1299074365
4
0
12916
2
0
1299075389
4
0
12917
2
0
1299076413
4
0
12918
2
0
1299077437
4
0
12919
2
0
1299079997
4
0
12920
2
0
1299081021
4
0
12921
2
0
1299082045
4
0
12922
2
0
1299083069
4
0
12923
2
0
1299084093
4
0
12924
2
0
1299085117
4
0
12925
2
0
1299066941
4
0
12926
2
0
1299067965
4
0
12927
2
0
1299068989
4
0
12928
2
0
1299136829
4
0
12929
2
0
1299137853
4
0
12930
2
0
1299138877
4
0
12931
2
0
1299139901
4
0
12932
2
0
1299140925
4
0
12933
2
0
1299141949
4
0
12934
2
0
1299142973
4
0
12935
2
0
1299145533
4
0
12936
2
0
1299146557
4
0
12937
2
0
1299147581
4
0
12938
2
0
1299148605
4
0
12939
2
0
1299149629
4
0
12940
2
0
1299150653
4
0
12941
2
0
1299132477
4
0
12942
2
0
1299133501
4
0
12943
2
0
1299134525
4
0
12944
2
0
1299202365
4
0
12945
2
0
1299203389
4
0
12946
2
0
1299204413
4
0
12947
2
0
1299205437
4
0
12948
2
0
1299206461
4
0
12949
2
0
1299207485
4
0
12950
2
0
1299208509
4
0
12951
2
0
1299211069
4
0
12952
2
0
1299212093
4
0
12953
2
0
1299213117
4
0
12954
2
0
1299214141
4
0
12955
2
0
1299215165
4
0
12956
2
0
1299216189
4
0
12957
2
0
1299198013
4
0
12958
2
0
1299199037
4
0
12959
2
0
1299200061
4
0
12960
2
0
1299267901
4
0
12961
2
0
1299268925
4
0
12962
2
0
1299269949
4
0
12963
2
0
1299270973
4
0
12964
2
0
1299271997
4
0
12965
2
0
1299273021
4
0
12966
2
0
1299274045
4
0
12967
2
0
1299276605
4
0
12968
2
0
1299277629
4
0
12969
2
0
1299278653
4
0
12970
2
0
1299279677
4
0
12971
2
0
1299280701
4
0
12972
2
0
1299281725
4
0
12973
2
0
1299263549
4
0
12974
2
0
1299264573
4
0
12975
2
0
1299265597
4
0
12976
2
0
1299333437
4
0
12977
2
0
1299334461
4
0
12978
2
0
1299335485
4
0
12979
2
0
1299336509
4
0
12980
2
0
1299337533
4
0
12981
2
0
1299338557
4
0
12982
2
0
1299339581
4
0
12983
2
0
1299342141
4
0
12984
2
0
1299343165
4
0
12985
2
0
1299344189
4
0
12986
2
0
1299345213
4
0
12987
2
0
1299346237
4
0
12988
2
0
1299347261
4
0
12989
2
0
1299329085
4
0
12990
2
0
1299330109
4
0
12991
2
0
1299331133
4
0
12992
2
0
1299398973
4
0
12993
2
0
1299399997
4
0
12994
2
0
1299401021
4
0
12995
2
0
1299402045
4
0
12996
2
0
1299403069
4
0
12997
2
0
1299404093
4
0
12998
2
0
1299405117
4
0
12999
2
0
1299407677
4
0
13000
2
0
1299408701
4
0
13001
2
0
1299409725
4
0
13002
2
0
1299410749
4
0
13003
2
0
1299411773
4
0
13004
2
0
1299412797
4
0
13005
2
0
1299394621
4
0
13006
2
0
1299395645
4
0
13007
2
0
1299396669
4
0
13008
2
0
1299464509
4
0
13009
2
0
1299465533
4
0
13010
2
0
1299466557
4
0
13011
2
0
1299467581
4
0
13012
2
0
1299468605
4
0
13013
2
0
1299469629
4
0
13014
2
0
1299470653
4
0
13015
2
0
1299473213
4
0
13016
2
0
1299474237
4
0
13017
2
0
1299475261
4
0
13018
2
0
1299476285
4
0
13019
2
0
1299477309
4
0
13020
2
0
1299478333
4
0
13021
2
0
1299460157
4
0
13022
2
0
1299461181
4
0
13023
2
0
1299462205
4
0
13024
2
0
1299530045
4
0
13025
2
0
1299531069
4
0
13026
2
0
1299532093
4
0
13027
2
0
1299533117
4
0
13028
2
0
1299534141
4
0
13029
2
0
1299535165
4
0
13030
2
0
1299536189
4
0
13031
2
0
1299538749
4
0
13032
2
0
1299539773
4
0
13033
2
0
1299540797
4
0
13034
2
0
1299541821
4
0
13035
2
0
1299542845
4
0
13036
2
0
1299543869
4
0
13037
2
0
1299525693
4
0
13038
2
0
1299526717
4
0
13039
2
0
1299527741
4
0
13040
2
0
1299595581
4
0
13041
2
0
1299596605
4
0
13042
2
0
1299597629
4
0
13043
2
0
1299598653
4
0
13044
2
0
1299599677
4
0
13045
2
0
1299600701
4
0
13046
2
0
1299601725
4
0
13047
2
0
1299604285
4
0
13048
2
0
1299605309
4
0
13049
2
0
1299606333
4
0
13050
2
0
1299607357
4
0
13051
2
0
1299608381
4
0
13052
2
0
1299609405
4
0
13053
2
0
1299591229
4
0
13054
2
0
1299592253
4
0
13055
2
0
1299593277
4
0
13056
2
0
1299661117
4
0
13057
2
0
1299662141
4
0
13058
2
0
1299663165
4
0
13059
2
0
1299664189
4
0
13060
2
0
1299665213
4
0
13061
2
0
1299666237
4
0
13062
2
0
1299667261
4
0
13063
2
0
1299669821
4
0
13064
2
0
1299670845
4
0
13065
2
0
1299671869
4
0
13066
2
0
1299672893
4
0
13067
2
0
1299673917
4
0
13068
2
0
1299674941
4
0
13069
2
0
1299656765
4
0
13070
2
0
1299657789
4
0
13071
2
0
1299658813
4
0
13072
2
0
1299726653
4
0
13073
2
0
1299727677
4
0
13074
2
0
1299728701
4
0
13075
2
0
1299729725
4
0
13076
2
0
1299730749
4
0
13077
2
0
1299731773
4
0
13078
2
0
1299732797
4
0
13079
2
0
1299735357
4
0
13080
2
0
1299736381
4
0
13081
2
0
1299737405
4
0
13082
2
0
1299738429
4
0
13083
2
0
1299739453
4
0
13084
2
0
1299740477
4
0
13085
2
0
1299722301
4
0
13086
2
0
1299723325
4
0
13087
2
0
1299724349
4
0
13088
2
0
1299792189
4
0
13089
2
0
1299793213
4
0
13090
2
0
1299794237
4
0
13091
2
0
1299795261
4
0
13092
2
0
1299796285
4
0
13093
2
0
1299797309
4
0
13094
2
0
1299798333
4
0
13095
2
0
1299800893
4
0
13096
2
0
1299801917
4
0
13097
2
0
1299802941
4
0
13098
2
0
1299803965
4
0
13099
2
0
1299804989
4
0
13100
2
0
1299806013
4
0
13101
2
0
1299787837
4
0
13102
2
0
1299788861
4
0
13103
2
0
1299789885
4
0
13104
2
0
1299857725
4
0
13105
2
0
1299858749
4
0
13106
2
0
1299859773
4
0
13107
2
0
1299860797
4
0
13108
2
0
1299861821
4
0
13109
2
0
1299862845
4
0
13110
2
0
1299863869
4
0
13111
2
0
1299866429
4
0
13112
2
0
1299867453
4
0
13113
2
0
1299868477
4
0
13114
2
0
1299869501
4
0
13115
2
0
1299870525
4
0
13116
2
0
1299871549
4
0
13117
2
0
1299853373
4
0
13118
2
0
1299854397
4
0
13119
2
0
1299855421
4
0
13120
2
0
1295008061
4
0
13121
2
0
1295009085
4
0
13122
2
0
1295010109
4
0
13123
2
0
1295011133
4
0
13124
2
0
1295012157
4
0
13125
2
0
1295013181
4
0
13126
2
0
1295014205
4
0
13127
2
0
1295016765
4
0
13128
2
0
1295017789
4
0
13129
2
0
1295018813
4
0
13130
2
0
1295019837
4
0
13131
2
0
1295020861
4
0
13132
2
0
1295021885
4
0
13133
2
0
1295003709
4
0
13134
2
0
1295004733
4
0
13135
2
0
1295005757
4
0
13136
2
0
1295073597
4
0
13137
2
0
1295074621
4
0
13138
2
0
1295075645
4
0
13139
2
0
1295076669
4
0
13140
2
0
1295077693
4
0
13141
2
0
1295078717
4
0
13142
2
0
1295079741
4
0
13143
2
0
1295082301
4
0
13144
2
0
1295083325
4
0
13145
2
0
1295084349
4
0
13146
2
0
1295085373
4
0
13147
2
0
1295086397
4
0
13148
2
0
1295087421
4
0
13149
2
0
1295069245
4
0
13150
2
0
1295070269
4
0
13151
2
0
1295071293
4
0
13152
2
0
1295139133
4
0
13153
2
0
1295140157
4
0
13154
2
0
1295141181
4
0
13155
2
0
1295142205
4
0
13156
2
0
1295143229
4
0
13157
2
0
1295144253
4
0
13158
2
0
1295145277
4
0
13159
2
0
1295147837
4
0
13160
2
0
1295148861
4
0
13161
2
0
1295149885
4
0
13162
2
0
1295150909
4
0
13163
2
0
1295151933
4
0
13164
2
0
1295152957
4
0
13165
2
0
1295134781
4
0
13166
2
0
1295135805
4
0
13167
2
0
1295136829
4
0
13168
2
0
1295204669
4
0
13169
2
0
1295205693
4
0
13170
2
0
1295206717
4
0
13171
2
0
1295207741
4
0
13172
2
0
1295208765
4
0
13173
2
0
1295209789
4
0
13174
2
0
1295210813
4
0
13175
2
0
1295213373
4
0
13176
2
0
1295214397
4
0
13177
2
0
1295215421
4
0
13178
2
0
1295216445
4
0
13179
2
0
1295217469
4
0
13180
2
0
1295218493
4
0
13181
2
0
1295200317
4
0
13182
2
0
1295201341
4
0
13183
2
0
1295202365
4
0
13184
2
0
1295270205
4
0
13185
2
0
1295271229
4
0
13186
2
0
1295272253
4
0
13187
2
0
1295273277
4
0
13188
2
0
1295274301
4
0
13189
2
0
1295275325
4
0
13190
2
0
1295276349
4
0
13191
2
0
1295278909
4
0
13192
2
0
1295279933
4
0
13193
2
0
1295280957
4
0
13194
2
0
1295281981
4
0
13195
2
0
1295283005
4
0
13196
2
0
1295284029
4
0
13197
2
0
1295265853
4
0
13198
2
0
1295266877
4
0
13199
2
0
1295267901
4
0
13200
2
0
1295335741
4
0
13201
2
0
1295336765
4
0
13202
2
0
1295337789
4
0
13203
2
0
1295338813
4
0
13204
2
0
1295339837
4
0
13205
2
0
1295340861
4
0
13206
2
0
1295341885
4
0
13207
2
0
1295344445
4
0
13208
2
0
1295345469
4
0
13209
2
0
1295346493
4
0
13210
2
0
1295347517
4
0
13211
2
0
1295348541
4
0
13212
2
0
1295349565
4
0
13213
2
0
1295331389
4
0
13214
2
0
1295332413
4
0
13215
2
0
1295333437
4
0
13216
2
0
1295401277
4
0
13217
2
0
1295402301
4
0
13218
2
0
1295403325
4
0
13219
2
0
1295404349
4
0
13220
2
0
1295405373
4
0
13221
2
0
1295406397
4
0
13222
2
0
1295407421
4
0
13223
2
0
1295409981
4
0
13224
2
0
1295411005
4
0
13225
2
0
1295412029
4
0
13226
2
0
1295413053
4
0
13227
2
0
1295414077
4
0
13228
2
0
1295415101
4
0
13229
2
0
1295396925
4
0
13230
2
0
1295397949
4
0
13231
2
0
1295398973
4
0
13232
2
0
1295466813
4
0
13233
2
0
1295467837
4
0
13234
2
0
1295468861
4
0
13235
2
0
1295469885
4
0
13236
2
0
1295470909
4
0
13237
2
0
1295471933
4
0
13238
2
0
1295472957
4
0
13239
2
0
1295475517
4
0
13240
2
0
1295476541
4
0
13241
2
0
1295477565
4
0
13242
2
0
1295478589
4
0
13243
2
0
1295479613
4
0
13244
2
0
1295480637
4
0
13245
2
0
1295462461
4
0
13246
2
0
1295463485
4
0
13247
2
0
1295464509
4
0
13248
2
0
1295532349
4
0
13249
2
0
1295533373
4
0
13250
2
0
1295534397
4
0
13251
2
0
1295535421
4
0
13252
2
0
1295536445
4
0
13253
2
0
1295537469
4
0
13254
2
0
1295538493
4
0
13255
2
0
1295541053
4
0
13256
2
0
1295542077
4
0
13257
2
0
1295543101
4
0
13258
2
0
1295544125
4
0
13259
2
0
1295545149
4
0
13260
2
0
1295546173
4
0
13261
2
0
1295527997
4
0
13262
2
0
1295529021
4
0
13263
2
0
1295530045
4
0
13264
2
0
1295597885
4
0
13265
2
0
1295598909
4
0
13266
2
0
1295599933
4
0
13267
2
0
1295600957
4
0
13268
2
0
1295601981
4
0
13269
2
0
1295603005
4
0
13270
2
0
1295604029
4
0
13271
2
0
1295606589
4
0
13272
2
0
1295607613
4
0
13273
2
0
1295608637
4
0
13274
2
0
1295609661
4
0
13275
2
0
1295610685
4
0
13276
2
0
1295611709
4
0
13277
2
0
1295593533
4
0
13278
2
0
1295594557
4
0
13279
2
0
1295595581
4
0
13280
2
0
1294680381
4
0
13281
2
0
1294681405
4
0
13282
2
0
1294682429
4
0
13283
2
0
1294683453
4
0
13284
2
0
1294684477
4
0
13285
2
0
1294685501
4
0
13286
2
0
1294686525
4
0
13287
2
0
1294689085
4
0
13288
2
0
1294690109
4
0
13289
2
0
1294691133
4
0
13290
2
0
1294692157
4
0
13291
2
0
1294693181
4
0
13292
2
0
1294694205
4
0
13293
2
0
1294676029
4
0
13294
2
0
1294677053
4
0
13295
2
0
1294678077
4
0
13296
2
0
1294942525
4
0
13297
2
0
1294943549
4
0
13298
2
0
1294944573
4
0
13299
2
0
1294945597
4
0
13300
2
0
1294946621
4
0
13301
2
0
1294947645
4
0
13302
2
0
1294948669
4
0
13303
2
0
1294951229
4
0
13304
2
0
1294952253
4
0
13305
2
0
1294953277
4
0
13306
2
0
1294954301
4
0
13307
2
0
1294955325
4
0
13308
2
0
1294956349
4
0
13309
2
0
1294938173
4
0
13310
2
0
1294939197
4
0
13311
2
0
1294940221
4
