1024
0
63488
2
0
725696829
4
0
63489
2
0
725697853
4
0
63490
2
0
725698877
4
0
63491
2
0
725699901
4
0
63492
2
0
725700925
4
0
63493
2
0
725701949
4
0
63494
2
0
725702973
4
0
63495
2
0
725705533
4
0
63496
2
0
725706557
4
0
63497
2
0
725707581
4
0
63498
2
0
725708605
4
0
63499
2
0
725709629
4
0
63500
2
0
725710653
4
0
63501
2
0
725692477
4
0
63502
2
0
725693501
4
0
63503
2
0
725694525
4
0
63504
2
0
725762365
4
0
63505
2
0
725763389
4
0
63506
2
0
725764413
4
0
63507
2
0
725765437
4
0
63508
2
0
725766461
4
0
63509
2
0
725767485
4
0
63510
2
0
725768509
4
0
63511
2
0
725771069
4
0
63512
2
0
725772093
4
0
63513
2
0
725773117
4
0
63514
2
0
725774141
4
0
63515
2
0
725775165
4
0
63516
2
0
725776189
4
0
63517
2
0
725758013
4
0
63518
2
0
725759037
4
0
63519
2
0
725760061
4
0
63520
2
0
725827901
4
0
63521
2
0
725828925
4
0
63522
2
0
725829949
4
0
63523
2
0
725830973
4
0
63524
2
0
725831997
4
0
63525
2
0
725833021
4
0
63526
2
0
725834045
4
0
63527
2
0
725836605
4
0
63528
2
0
725837629
4
0
63529
2
0
725838653
4
0
63530
2
0
725839677
4
0
63531
2
0
725840701
4
0
63532
2
0
725841725
4
0
63533
2
0
725823549
4
0
63534
2
0
725824573
4
0
63535
2
0
725825597
4
0
63536
2
0
725893437
4
0
63537
2
0
725894461
4
0
63538
2
0
725895485
4
0
63539
2
0
725896509
4
0
63540
2
0
725897533
4
0
63541
2
0
725898557
4
0
63542
2
0
725899581
4
0
63543
2
0
725902141
4
0
63544
2
0
725903165
4
0
63545
2
0
725904189
4
0
63546
2
0
725905213
4
0
63547
2
0
725906237
4
0
63548
2
0
725907261
4
0
63549
2
0
725889085
4
0
63550
2
0
725890109
4
0
63551
2
0
725891133
4
0
63552
2
0
725958973
4
0
63553
2
0
725959997
4
0
63554
2
0
725961021
4
0
63555
2
0
725962045
4
0
63556
2
0
725963069
4
0
63557
2
0
725964093
4
0
63558
2
0
725965117
4
0
63559
2
0
725967677
4
0
63560
2
0
725968701
4
0
63561
2
0
725969725
4
0
63562
2
0
725970749
4
0
63563
2
0
725971773
4
0
63564
2
0
725972797
4
0
63565
2
0
725954621
4
0
63566
2
0
725955645
4
0
63567
2
0
725956669
4
0
63568
2
0
726024509
4
0
63569
2
0
726025533
4
0
63570
2
0
726026557
4
0
63571
2
0
726027581
4
0
63572
2
0
726028605
4
0
63573
2
0
726029629
4
0
63574
2
0
726030653
4
0
63575
2
0
726033213
4
0
63576
2
0
726034237
4
0
63577
2
0
726035261
4
0
63578
2
0
726036285
4
0
63579
2
0
726037309
4
0
63580
2
0
726038333
4
0
63581
2
0
726020157
4
0
63582
2
0
726021181
4
0
63583
2
0
726022205
4
0
63584
2
0
726090045
4
0
63585
2
0
726091069
4
0
63586
2
0
726092093
4
0
63587
2
0
726093117
4
0
63588
2
0
726094141
4
0
63589
2
0
726095165
4
0
63590
2
0
726096189
4
0
63591
2
0
726098749
4
0
63592
2
0
726099773
4
0
63593
2
0
726100797
4
0
63594
2
0
726101821
4
0
63595
2
0
726102845
4
0
63596
2
0
726103869
4
0
63597
2
0
726085693
4
0
63598
2
0
726086717
4
0
63599
2
0
726087741
4
0
63600
2
0
726155581
4
0
63601
2
0
726156605
4
0
63602
2
0
726157629
4
0
63603
2
0
726158653
4
0
63604
2
0
726159677
4
0
63605
2
0
726160701
4
0
63606
2
0
726161725
4
0
63607
2
0
726164285
4
0
63608
2
0
726165309
4
0
63609
2
0
726166333
4
0
63610
2
0
726167357
4
0
63611
2
0
726168381
4
0
63612
2
0
726169405
4
0
63613
2
0
726151229
4
0
63614
2
0
726152253
4
0
63615
2
0
726153277
4
0
63616
2
0
726221117
4
0
63617
2
0
726222141
4
0
63618
2
0
726223165
4
0
63619
2
0
726224189
4
0
63620
2
0
726225213
4
0
63621
2
0
726226237
4
0
63622
2
0
726227261
4
0
63623
2
0
726229821
4
0
63624
2
0
726230845
4
0
63625
2
0
726231869
4
0
63626
2
0
726232893
4
0
63627
2
0
726233917
4
0
63628
2
0
726234941
4
0
63629
2
0
726216765
4
0
63630
2
0
726217789
4
0
63631
2
0
726218813
4
0
63632
2
0
726286653
4
0
63633
2
0
726287677
4
0
63634
2
0
726288701
4
0
63635
2
0
726289725
4
0
63636
2
0
726290749
4
0
63637
2
0
726291773
4
0
63638
2
0
726292797
4
0
63639
2
0
726295357
4
0
63640
2
0
726296381
4
0
63641
2
0
726297405
4
0
63642
2
0
726298429
4
0
63643
2
0
726299453
4
0
63644
2
0
726300477
4
0
63645
2
0
726282301
4
0
63646
2
0
726283325
4
0
63647
2
0
726284349
4
0
63648
2
0
726352189
4
0
63649
2
0
726353213
4
0
63650
2
0
726354237
4
0
63651
2
0
726355261
4
0
63652
2
0
726356285
4
0
63653
2
0
726357309
4
0
63654
2
0
726358333
4
0
63655
2
0
726360893
4
0
63656
2
0
726361917
4
0
63657
2
0
726362941
4
0
63658
2
0
726363965
4
0
63659
2
0
726364989
4
0
63660
2
0
726366013
4
0
63661
2
0
726347837
4
0
63662
2
0
726348861
4
0
63663
2
0
726349885
4
0
63664
2
0
726417725
4
0
63665
2
0
726418749
4
0
63666
2
0
726419773
4
0
63667
2
0
726420797
4
0
63668
2
0
726421821
4
0
63669
2
0
726422845
4
0
63670
2
0
726423869
4
0
63671
2
0
726426429
4
0
63672
2
0
726427453
4
0
63673
2
0
726428477
4
0
63674
2
0
726429501
4
0
63675
2
0
726430525
4
0
63676
2
0
726431549
4
0
63677
2
0
726413373
4
0
63678
2
0
726414397
4
0
63679
2
0
726415421
4
0
63680
2
0
726483261
4
0
63681
2
0
726484285
4
0
63682
2
0
726485309
4
0
63683
2
0
726486333
4
0
63684
2
0
726487357
4
0
63685
2
0
726488381
4
0
63686
2
0
726489405
4
0
63687
2
0
726491965
4
0
63688
2
0
726492989
4
0
63689
2
0
726494013
4
0
63690
2
0
726495037
4
0
63691
2
0
726496061
4
0
63692
2
0
726497085
4
0
63693
2
0
726478909
4
0
63694
2
0
726479933
4
0
63695
2
0
726480957
4
0
63696
2
0
726548797
4
0
63697
2
0
726549821
4
0
63698
2
0
726550845
4
0
63699
2
0
726551869
4
0
63700
2
0
726552893
4
0
63701
2
0
726553917
4
0
63702
2
0
726554941
4
0
63703
2
0
726557501
4
0
63704
2
0
726558525
4
0
63705
2
0
726559549
4
0
63706
2
0
726560573
4
0
63707
2
0
726561597
4
0
63708
2
0
726562621
4
0
63709
2
0
726544445
4
0
63710
2
0
726545469
4
0
63711
2
0
726546493
4
0
63712
2
0
726614333
4
0
63713
2
0
726615357
4
0
63714
2
0
726616381
4
0
63715
2
0
726617405
4
0
63716
2
0
726618429
4
0
63717
2
0
726619453
4
0
63718
2
0
726620477
4
0
63719
2
0
726623037
4
0
63720
2
0
726624061
4
0
63721
2
0
726625085
4
0
63722
2
0
726626109
4
0
63723
2
0
726627133
4
0
63724
2
0
726628157
4
0
63725
2
0
726609981
4
0
63726
2
0
726611005
4
0
63727
2
0
726612029
4
0
63728
2
0
726679869
4
0
63729
2
0
726680893
4
0
63730
2
0
726681917
4
0
63731
2
0
726682941
4
0
63732
2
0
726683965
4
0
63733
2
0
726684989
4
0
63734
2
0
726686013
4
0
63735
2
0
726688573
4
0
63736
2
0
726689597
4
0
63737
2
0
726690621
4
0
63738
2
0
726691645
4
0
63739
2
0
726692669
4
0
63740
2
0
726693693
4
0
63741
2
0
726675517
4
0
63742
2
0
726676541
4
0
63743
2
0
726677565
4
0
63744
2
0
726745405
4
0
63745
2
0
726746429
4
0
63746
2
0
726747453
4
0
63747
2
0
726748477
4
0
63748
2
0
726749501
4
0
63749
2
0
726750525
4
0
63750
2
0
726751549
4
0
63751
2
0
726754109
4
0
63752
2
0
726755133
4
0
63753
2
0
726756157
4
0
63754
2
0
726757181
4
0
63755
2
0
726758205
4
0
63756
2
0
726759229
4
0
63757
2
0
726741053
4
0
63758
2
0
726742077
4
0
63759
2
0
726743101
4
0
63760
2
0
726810941
4
0
63761
2
0
726811965
4
0
63762
2
0
726812989
4
0
63763
2
0
726814013
4
0
63764
2
0
726815037
4
0
63765
2
0
726816061
4
0
63766
2
0
726817085
4
0
63767
2
0
726819645
4
0
63768
2
0
726820669
4
0
63769
2
0
726821693
4
0
63770
2
0
726822717
4
0
63771
2
0
726823741
4
0
63772
2
0
726824765
4
0
63773
2
0
726806589
4
0
63774
2
0
726807613
4
0
63775
2
0
726808637
4
0
63776
2
0
726876477
4
0
63777
2
0
726877501
4
0
63778
2
0
726878525
4
0
63779
2
0
726879549
4
0
63780
2
0
726880573
4
0
63781
2
0
726881597
4
0
63782
2
0
726882621
4
0
63783
2
0
726885181
4
0
63784
2
0
726886205
4
0
63785
2
0
726887229
4
0
63786
2
0
726888253
4
0
63787
2
0
726889277
4
0
63788
2
0
726890301
4
0
63789
2
0
726872125
4
0
63790
2
0
726873149
4
0
63791
2
0
726874173
4
0
63792
2
0
726942013
4
0
63793
2
0
726943037
4
0
63794
2
0
726944061
4
0
63795
2
0
726945085
4
0
63796
2
0
726946109
4
0
63797
2
0
726947133
4
0
63798
2
0
726948157
4
0
63799
2
0
726950717
4
0
63800
2
0
726951741
4
0
63801
2
0
726952765
4
0
63802
2
0
726953789
4
0
63803
2
0
726954813
4
0
63804
2
0
726955837
4
0
63805
2
0
726937661
4
0
63806
2
0
726938685
4
0
63807
2
0
726939709
4
0
63808
2
0
727007549
4
0
63809
2
0
727008573
4
0
63810
2
0
727009597
4
0
63811
2
0
727010621
4
0
63812
2
0
727011645
4
0
63813
2
0
727012669
4
0
63814
2
0
727013693
4
0
63815
2
0
727016253
4
0
63816
2
0
727017277
4
0
63817
2
0
727018301
4
0
63818
2
0
727019325
4
0
63819
2
0
727020349
4
0
63820
2
0
727021373
4
0
63821
2
0
727003197
4
0
63822
2
0
727004221
4
0
63823
2
0
727005245
4
0
63824
2
0
727073085
4
0
63825
2
0
727074109
4
0
63826
2
0
727075133
4
0
63827
2
0
727076157
4
0
63828
2
0
727077181
4
0
63829
2
0
727078205
4
0
63830
2
0
727079229
4
0
63831
2
0
727081789
4
0
63832
2
0
727082813
4
0
63833
2
0
727083837
4
0
63834
2
0
727084861
4
0
63835
2
0
727085885
4
0
63836
2
0
727086909
4
0
63837
2
0
727068733
4
0
63838
2
0
727069757
4
0
63839
2
0
727070781
4
0
63840
2
0
727138621
4
0
63841
2
0
727139645
4
0
63842
2
0
727140669
4
0
63843
2
0
727141693
4
0
63844
2
0
727142717
4
0
63845
2
0
727143741
4
0
63846
2
0
727144765
4
0
63847
2
0
727147325
4
0
63848
2
0
727148349
4
0
63849
2
0
727149373
4
0
63850
2
0
727150397
4
0
63851
2
0
727151421
4
0
63852
2
0
727152445
4
0
63853
2
0
727134269
4
0
63854
2
0
727135293
4
0
63855
2
0
727136317
4
0
63856
2
0
727204157
4
0
63857
2
0
727205181
4
0
63858
2
0
727206205
4
0
63859
2
0
727207229
4
0
63860
2
0
727208253
4
0
63861
2
0
727209277
4
0
63862
2
0
727210301
4
0
63863
2
0
727212861
4
0
63864
2
0
727213885
4
0
63865
2
0
727214909
4
0
63866
2
0
727215933
4
0
63867
2
0
727216957
4
0
63868
2
0
727217981
4
0
63869
2
0
727199805
4
0
63870
2
0
727200829
4
0
63871
2
0
727201853
4
0
63872
2
0
727269693
4
0
63873
2
0
727270717
4
0
63874
2
0
727271741
4
0
63875
2
0
727272765
4
0
63876
2
0
727273789
4
0
63877
2
0
727274813
4
0
63878
2
0
727275837
4
0
63879
2
0
727278397
4
0
63880
2
0
727279421
4
0
63881
2
0
727280445
4
0
63882
2
0
727281469
4
0
63883
2
0
727282493
4
0
63884
2
0
727283517
4
0
63885
2
0
727265341
4
0
63886
2
0
727266365
4
0
63887
2
0
727267389
4
0
63888
2
0
727335229
4
0
63889
2
0
727336253
4
0
63890
2
0
727337277
4
0
63891
2
0
727338301
4
0
63892
2
0
727339325
4
0
63893
2
0
727340349
4
0
63894
2
0
727341373
4
0
63895
2
0
727343933
4
0
63896
2
0
727344957
4
0
63897
2
0
727345981
4
0
63898
2
0
727347005
4
0
63899
2
0
727348029
4
0
63900
2
0
727349053
4
0
63901
2
0
727330877
4
0
63902
2
0
727331901
4
0
63903
2
0
727332925
4
0
63904
2
0
727793981
4
0
63905
2
0
727795005
4
0
63906
2
0
727796029
4
0
63907
2
0
727797053
4
0
63908
2
0
727798077
4
0
63909
2
0
727799101
4
0
63910
2
0
727800125
4
0
63911
2
0
727802685
4
0
63912
2
0
727803709
4
0
63913
2
0
727804733
4
0
63914
2
0
727805757
4
0
63915
2
0
727806781
4
0
63916
2
0
727807805
4
0
63917
2
0
727789629
4
0
63918
2
0
727790653
4
0
63919
2
0
727791677
4
0
63920
2
0
727859517
4
0
63921
2
0
727860541
4
0
63922
2
0
727861565
4
0
63923
2
0
727862589
4
0
63924
2
0
727863613
4
0
63925
2
0
727864637
4
0
63926
2
0
727865661
4
0
63927
2
0
727868221
4
0
63928
2
0
727869245
4
0
63929
2
0
727870269
4
0
63930
2
0
727871293
4
0
63931
2
0
727872317
4
0
63932
2
0
727873341
4
0
63933
2
0
727855165
4
0
63934
2
0
727856189
4
0
63935
2
0
727857213
4
0
63936
2
0
727925053
4
0
63937
2
0
727926077
4
0
63938
2
0
727927101
4
0
63939
2
0
727928125
4
0
63940
2
0
727929149
4
0
63941
2
0
727930173
4
0
63942
2
0
727931197
4
0
63943
2
0
727933757
4
0
63944
2
0
727934781
4
0
63945
2
0
727935805
4
0
63946
2
0
727936829
4
0
63947
2
0
727937853
4
0
63948
2
0
727938877
4
0
63949
2
0
727920701
4
0
63950
2
0
727921725
4
0
63951
2
0
727922749
4
0
63952
2
0
727990589
4
0
63953
2
0
727991613
4
0
63954
2
0
727992637
4
0
63955
2
0
727993661
4
0
63956
2
0
727994685
4
0
63957
2
0
727995709
4
0
63958
2
0
727996733
4
0
63959
2
0
727999293
4
0
63960
2
0
728000317
4
0
63961
2
0
728001341
4
0
63962
2
0
728002365
4
0
63963
2
0
728003389
4
0
63964
2
0
728004413
4
0
63965
2
0
727986237
4
0
63966
2
0
727987261
4
0
63967
2
0
727988285
4
0
63968
2
0
728056125
4
0
63969
2
0
728057149
4
0
63970
2
0
728058173
4
0
63971
2
0
728059197
4
0
63972
2
0
728060221
4
0
63973
2
0
728061245
4
0
63974
2
0
728062269
4
0
63975
2
0
728064829
4
0
63976
2
0
728065853
4
0
63977
2
0
728066877
4
0
63978
2
0
728067901
4
0
63979
2
0
728068925
4
0
63980
2
0
728069949
4
0
63981
2
0
728051773
4
0
63982
2
0
728052797
4
0
63983
2
0
728053821
4
0
63984
2
0
728121661
4
0
63985
2
0
728122685
4
0
63986
2
0
728123709
4
0
63987
2
0
728124733
4
0
63988
2
0
728125757
4
0
63989
2
0
728126781
4
0
63990
2
0
728127805
4
0
63991
2
0
728130365
4
0
63992
2
0
728131389
4
0
63993
2
0
728132413
4
0
63994
2
0
728133437
4
0
63995
2
0
728134461
4
0
63996
2
0
728135485
4
0
63997
2
0
728117309
4
0
63998
2
0
728118333
4
0
63999
2
0
728119357
4
0
64000
2
0
728187197
4
0
64001
2
0
728188221
4
0
64002
2
0
728189245
4
0
64003
2
0
728190269
4
0
64004
2
0
728191293
4
0
64005
2
0
728192317
4
0
64006
2
0
728193341
4
0
64007
2
0
728195901
4
0
64008
2
0
728196925
4
0
64009
2
0
728197949
4
0
64010
2
0
728198973
4
0
64011
2
0
728199997
4
0
64012
2
0
728201021
4
0
64013
2
0
728182845
4
0
64014
2
0
728183869
4
0
64015
2
0
728184893
4
0
64016
2
0
728252733
4
0
64017
2
0
728253757
4
0
64018
2
0
728254781
4
0
64019
2
0
728255805
4
0
64020
2
0
728256829
4
0
64021
2
0
728257853
4
0
64022
2
0
728258877
4
0
64023
2
0
728261437
4
0
64024
2
0
728262461
4
0
64025
2
0
728263485
4
0
64026
2
0
728264509
4
0
64027
2
0
728265533
4
0
64028
2
0
728266557
4
0
64029
2
0
728248381
4
0
64030
2
0
728249405
4
0
64031
2
0
728250429
4
0
64032
2
0
728318269
4
0
64033
2
0
728319293
4
0
64034
2
0
728320317
4
0
64035
2
0
728321341
4
0
64036
2
0
728322365
4
0
64037
2
0
728323389
4
0
64038
2
0
728324413
4
0
64039
2
0
728326973
4
0
64040
2
0
728327997
4
0
64041
2
0
728329021
4
0
64042
2
0
728330045
4
0
64043
2
0
728331069
4
0
64044
2
0
728332093
4
0
64045
2
0
728313917
4
0
64046
2
0
728314941
4
0
64047
2
0
728315965
4
0
64048
2
0
728383805
4
0
64049
2
0
728384829
4
0
64050
2
0
728385853
4
0
64051
2
0
728386877
4
0
64052
2
0
728387901
4
0
64053
2
0
728388925
4
0
64054
2
0
728389949
4
0
64055
2
0
728392509
4
0
64056
2
0
728393533
4
0
64057
2
0
728394557
4
0
64058
2
0
728395581
4
0
64059
2
0
728396605
4
0
64060
2
0
728397629
4
0
64061
2
0
728379453
4
0
64062
2
0
728380477
4
0
64063
2
0
728381501
4
0
64064
2
0
728449341
4
0
64065
2
0
728450365
4
0
64066
2
0
728451389
4
0
64067
2
0
728452413
4
0
64068
2
0
728453437
4
0
64069
2
0
728454461
4
0
64070
2
0
728455485
4
0
64071
2
0
728458045
4
0
64072
2
0
728459069
4
0
64073
2
0
728460093
4
0
64074
2
0
728461117
4
0
64075
2
0
728462141
4
0
64076
2
0
728463165
4
0
64077
2
0
728444989
4
0
64078
2
0
728446013
4
0
64079
2
0
728447037
4
0
64080
2
0
728514877
4
0
64081
2
0
728515901
4
0
64082
2
0
728516925
4
0
64083
2
0
728517949
4
0
64084
2
0
728518973
4
0
64085
2
0
728519997
4
0
64086
2
0
728521021
4
0
64087
2
0
728523581
4
0
64088
2
0
728524605
4
0
64089
2
0
728525629
4
0
64090
2
0
728526653
4
0
64091
2
0
728527677
4
0
64092
2
0
728528701
4
0
64093
2
0
728510525
4
0
64094
2
0
728511549
4
0
64095
2
0
728512573
4
0
64096
2
0
728580413
4
0
64097
2
0
728581437
4
0
64098
2
0
728582461
4
0
64099
2
0
728583485
4
0
64100
2
0
728584509
4
0
64101
2
0
728585533
4
0
64102
2
0
728586557
4
0
64103
2
0
728589117
4
0
64104
2
0
728590141
4
0
64105
2
0
728591165
4
0
64106
2
0
728592189
4
0
64107
2
0
728593213
4
0
64108
2
0
728594237
4
0
64109
2
0
728576061
4
0
64110
2
0
728577085
4
0
64111
2
0
728578109
4
0
64112
2
0
728645949
4
0
64113
2
0
728646973
4
0
64114
2
0
728647997
4
0
64115
2
0
728649021
4
0
64116
2
0
728650045
4
0
64117
2
0
728651069
4
0
64118
2
0
728652093
4
0
64119
2
0
728654653
4
0
64120
2
0
728655677
4
0
64121
2
0
728656701
4
0
64122
2
0
728657725
4
0
64123
2
0
728658749
4
0
64124
2
0
728659773
4
0
64125
2
0
728641597
4
0
64126
2
0
728642621
4
0
64127
2
0
728643645
4
0
64128
2
0
728711485
4
0
64129
2
0
728712509
4
0
64130
2
0
728713533
4
0
64131
2
0
728714557
4
0
64132
2
0
728715581
4
0
64133
2
0
728716605
4
0
64134
2
0
728717629
4
0
64135
2
0
728720189
4
0
64136
2
0
728721213
4
0
64137
2
0
728722237
4
0
64138
2
0
728723261
4
0
64139
2
0
728724285
4
0
64140
2
0
728725309
4
0
64141
2
0
728707133
4
0
64142
2
0
728708157
4
0
64143
2
0
728709181
4
0
64144
2
0
728777021
4
0
64145
2
0
728778045
4
0
64146
2
0
728779069
4
0
64147
2
0
728780093
4
0
64148
2
0
728781117
4
0
64149
2
0
728782141
4
0
64150
2
0
728783165
4
0
64151
2
0
728785725
4
0
64152
2
0
728786749
4
0
64153
2
0
728787773
4
0
64154
2
0
728788797
4
0
64155
2
0
728789821
4
0
64156
2
0
728790845
4
0
64157
2
0
728772669
4
0
64158
2
0
728773693
4
0
64159
2
0
728774717
4
0
64160
2
0
728842557
4
0
64161
2
0
728843581
4
0
64162
2
0
728844605
4
0
64163
2
0
728845629
4
0
64164
2
0
728846653
4
0
64165
2
0
728847677
4
0
64166
2
0
728848701
4
0
64167
2
0
728851261
4
0
64168
2
0
728852285
4
0
64169
2
0
728853309
4
0
64170
2
0
728854333
4
0
64171
2
0
728855357
4
0
64172
2
0
728856381
4
0
64173
2
0
728838205
4
0
64174
2
0
728839229
4
0
64175
2
0
728840253
4
0
64176
2
0
728908093
4
0
64177
2
0
728909117
4
0
64178
2
0
728910141
4
0
64179
2
0
728911165
4
0
64180
2
0
728912189
4
0
64181
2
0
728913213
4
0
64182
2
0
728914237
4
0
64183
2
0
728916797
4
0
64184
2
0
728917821
4
0
64185
2
0
728918845
4
0
64186
2
0
728919869
4
0
64187
2
0
728920893
4
0
64188
2
0
728921917
4
0
64189
2
0
728903741
4
0
64190
2
0
728904765
4
0
64191
2
0
728905789
4
0
64192
2
0
728973629
4
0
64193
2
0
728974653
4
0
64194
2
0
728975677
4
0
64195
2
0
728976701
4
0
64196
2
0
728977725
4
0
64197
2
0
728978749
4
0
64198
2
0
728979773
4
0
64199
2
0
728982333
4
0
64200
2
0
728983357
4
0
64201
2
0
728984381
4
0
64202
2
0
728985405
4
0
64203
2
0
728986429
4
0
64204
2
0
728987453
4
0
64205
2
0
728969277
4
0
64206
2
0
728970301
4
0
64207
2
0
728971325
4
0
64208
2
0
729039165
4
0
64209
2
0
729040189
4
0
64210
2
0
729041213
4
0
64211
2
0
729042237
4
0
64212
2
0
729043261
4
0
64213
2
0
729044285
4
0
64214
2
0
729045309
4
0
64215
2
0
729047869
4
0
64216
2
0
729048893
4
0
64217
2
0
729049917
4
0
64218
2
0
729050941
4
0
64219
2
0
729051965
4
0
64220
2
0
729052989
4
0
64221
2
0
729034813
4
0
64222
2
0
729035837
4
0
64223
2
0
729036861
4
0
64224
2
0
729104701
4
0
64225
2
0
729105725
4
0
64226
2
0
729106749
4
0
64227
2
0
729107773
4
0
64228
2
0
729108797
4
0
64229
2
0
729109821
4
0
64230
2
0
729110845
4
0
64231
2
0
729113405
4
0
64232
2
0
729114429
4
0
64233
2
0
729115453
4
0
64234
2
0
729116477
4
0
64235
2
0
729117501
4
0
64236
2
0
729118525
4
0
64237
2
0
729100349
4
0
64238
2
0
729101373
4
0
64239
2
0
729102397
4
0
64240
2
0
729170237
4
0
64241
2
0
729171261
4
0
64242
2
0
729172285
4
0
64243
2
0
729173309
4
0
64244
2
0
729174333
4
0
64245
2
0
729175357
4
0
64246
2
0
729176381
4
0
64247
2
0
729178941
4
0
64248
2
0
729179965
4
0
64249
2
0
729180989
4
0
64250
2
0
729182013
4
0
64251
2
0
729183037
4
0
64252
2
0
729184061
4
0
64253
2
0
729165885
4
0
64254
2
0
729166909
4
0
64255
2
0
729167933
4
0
64256
2
0
729235773
4
0
64257
2
0
729236797
4
0
64258
2
0
729237821
4
0
64259
2
0
729238845
4
0
64260
2
0
729239869
4
0
64261
2
0
729240893
4
0
64262
2
0
729241917
4
0
64263
2
0
729244477
4
0
64264
2
0
729245501
4
0
64265
2
0
729246525
4
0
64266
2
0
729247549
4
0
64267
2
0
729248573
4
0
64268
2
0
729249597
4
0
64269
2
0
729231421
4
0
64270
2
0
729232445
4
0
64271
2
0
729233469
4
0
64272
2
0
729301309
4
0
64273
2
0
729302333
4
0
64274
2
0
729303357
4
0
64275
2
0
729304381
4
0
64276
2
0
729305405
4
0
64277
2
0
729306429
4
0
64278
2
0
729307453
4
0
64279
2
0
729310013
4
0
64280
2
0
729311037
4
0
64281
2
0
729312061
4
0
64282
2
0
729313085
4
0
64283
2
0
729314109
4
0
64284
2
0
729315133
4
0
64285
2
0
729296957
4
0
64286
2
0
729297981
4
0
64287
2
0
729299005
4
0
64288
2
0
729366845
4
0
64289
2
0
729367869
4
0
64290
2
0
729368893
4
0
64291
2
0
729369917
4
0
64292
2
0
729370941
4
0
64293
2
0
729371965
4
0
64294
2
0
729372989
4
0
64295
2
0
729375549
4
0
64296
2
0
729376573
4
0
64297
2
0
729377597
4
0
64298
2
0
729378621
4
0
64299
2
0
729379645
4
0
64300
2
0
729380669
4
0
64301
2
0
729362493
4
0
64302
2
0
729363517
4
0
64303
2
0
729364541
4
0
64304
2
0
729432381
4
0
64305
2
0
729433405
4
0
64306
2
0
729434429
4
0
64307
2
0
729435453
4
0
64308
2
0
729436477
4
0
64309
2
0
729437501
4
0
64310
2
0
729438525
4
0
64311
2
0
729441085
4
0
64312
2
0
729442109
4
0
64313
2
0
729443133
4
0
64314
2
0
729444157
4
0
64315
2
0
729445181
4
0
64316
2
0
729446205
4
0
64317
2
0
729428029
4
0
64318
2
0
729429053
4
0
64319
2
0
729430077
4
0
64320
2
0
724582717
4
0
64321
2
0
724583741
4
0
64322
2
0
724584765
4
0
64323
2
0
724585789
4
0
64324
2
0
724586813
4
0
64325
2
0
724587837
4
0
64326
2
0
724588861
4
0
64327
2
0
724591421
4
0
64328
2
0
724592445
4
0
64329
2
0
724593469
4
0
64330
2
0
724594493
4
0
64331
2
0
724595517
4
0
64332
2
0
724596541
4
0
64333
2
0
724578365
4
0
64334
2
0
724579389
4
0
64335
2
0
724580413
4
0
64336
2
0
724648253
4
0
64337
2
0
724649277
4
0
64338
2
0
724650301
4
0
64339
2
0
724651325
4
0
64340
2
0
724652349
4
0
64341
2
0
724653373
4
0
64342
2
0
724654397
4
0
64343
2
0
724656957
4
0
64344
2
0
724657981
4
0
64345
2
0
724659005
4
0
64346
2
0
724660029
4
0
64347
2
0
724661053
4
0
64348
2
0
724662077
4
0
64349
2
0
724643901
4
0
64350
2
0
724644925
4
0
64351
2
0
724645949
4
0
64352
2
0
724713789
4
0
64353
2
0
724714813
4
0
64354
2
0
724715837
4
0
64355
2
0
724716861
4
0
64356
2
0
724717885
4
0
64357
2
0
724718909
4
0
64358
2
0
724719933
4
0
64359
2
0
724722493
4
0
64360
2
0
724723517
4
0
64361
2
0
724724541
4
0
64362
2
0
724725565
4
0
64363
2
0
724726589
4
0
64364
2
0
724727613
4
0
64365
2
0
724709437
4
0
64366
2
0
724710461
4
0
64367
2
0
724711485
4
0
64368
2
0
724779325
4
0
64369
2
0
724780349
4
0
64370
2
0
724781373
4
0
64371
2
0
724782397
4
0
64372
2
0
724783421
4
0
64373
2
0
724784445
4
0
64374
2
0
724785469
4
0
64375
2
0
724788029
4
0
64376
2
0
724789053
4
0
64377
2
0
724790077
4
0
64378
2
0
724791101
4
0
64379
2
0
724792125
4
0
64380
2
0
724793149
4
0
64381
2
0
724774973
4
0
64382
2
0
724775997
4
0
64383
2
0
724777021
4
0
64384
2
0
724844861
4
0
64385
2
0
724845885
4
0
64386
2
0
724846909
4
0
64387
2
0
724847933
4
0
64388
2
0
724848957
4
0
64389
2
0
724849981
4
0
64390
2
0
724851005
4
0
64391
2
0
724853565
4
0
64392
2
0
724854589
4
0
64393
2
0
724855613
4
0
64394
2
0
724856637
4
0
64395
2
0
724857661
4
0
64396
2
0
724858685
4
0
64397
2
0
724840509
4
0
64398
2
0
724841533
4
0
64399
2
0
724842557
4
0
64400
2
0
724910397
4
0
64401
2
0
724911421
4
0
64402
2
0
724912445
4
0
64403
2
0
724913469
4
0
64404
2
0
724914493
4
0
64405
2
0
724915517
4
0
64406
2
0
724916541
4
0
64407
2
0
724919101
4
0
64408
2
0
724920125
4
0
64409
2
0
724921149
4
0
64410
2
0
724922173
4
0
64411
2
0
724923197
4
0
64412
2
0
724924221
4
0
64413
2
0
724906045
4
0
64414
2
0
724907069
4
0
64415
2
0
724908093
4
0
64416
2
0
724975933
4
0
64417
2
0
724976957
4
0
64418
2
0
724977981
4
0
64419
2
0
724979005
4
0
64420
2
0
724980029
4
0
64421
2
0
724981053
4
0
64422
2
0
724982077
4
0
64423
2
0
724984637
4
0
64424
2
0
724985661
4
0
64425
2
0
724986685
4
0
64426
2
0
724987709
4
0
64427
2
0
724988733
4
0
64428
2
0
724989757
4
0
64429
2
0
724971581
4
0
64430
2
0
724972605
4
0
64431
2
0
724973629
4
0
64432
2
0
725041469
4
0
64433
2
0
725042493
4
0
64434
2
0
725043517
4
0
64435
2
0
725044541
4
0
64436
2
0
725045565
4
0
64437
2
0
725046589
4
0
64438
2
0
725047613
4
0
64439
2
0
725050173
4
0
64440
2
0
725051197
4
0
64441
2
0
725052221
4
0
64442
2
0
725053245
4
0
64443
2
0
725054269
4
0
64444
2
0
725055293
4
0
64445
2
0
725037117
4
0
64446
2
0
725038141
4
0
64447
2
0
725039165
4
0
64448
2
0
725107005
4
0
64449
2
0
725108029
4
0
64450
2
0
725109053
4
0
64451
2
0
725110077
4
0
64452
2
0
725111101
4
0
64453
2
0
725112125
4
0
64454
2
0
725113149
4
0
64455
2
0
725115709
4
0
64456
2
0
725116733
4
0
64457
2
0
725117757
4
0
64458
2
0
725118781
4
0
64459
2
0
725119805
4
0
64460
2
0
725120829
4
0
64461
2
0
725102653
4
0
64462
2
0
725103677
4
0
64463
2
0
725104701
4
0
64464
2
0
725172541
4
0
64465
2
0
725173565
4
0
64466
2
0
725174589
4
0
64467
2
0
725175613
4
0
64468
2
0
725176637
4
0
64469
2
0
725177661
4
0
64470
2
0
725178685
4
0
64471
2
0
725181245
4
0
64472
2
0
725182269
4
0
64473
2
0
725183293
4
0
64474
2
0
725184317
4
0
64475
2
0
725185341
4
0
64476
2
0
725186365
4
0
64477
2
0
725168189
4
0
64478
2
0
725169213
4
0
64479
2
0
725170237
4
0
64480
2
0
724255037
4
0
64481
2
0
724256061
4
0
64482
2
0
724257085
4
0
64483
2
0
724258109
4
0
64484
2
0
724259133
4
0
64485
2
0
724260157
4
0
64486
2
0
724261181
4
0
64487
2
0
724263741
4
0
64488
2
0
724264765
4
0
64489
2
0
724265789
4
0
64490
2
0
724266813
4
0
64491
2
0
724267837
4
0
64492
2
0
724268861
4
0
64493
2
0
724250685
4
0
64494
2
0
724251709
4
0
64495
2
0
724252733
4
0
64496
2
0
724517181
4
0
64497
2
0
724518205
4
0
64498
2
0
724519229
4
0
64499
2
0
724520253
4
0
64500
2
0
724521277
4
0
64501
2
0
724522301
4
0
64502
2
0
724523325
4
0
64503
2
0
724525885
4
0
64504
2
0
724526909
4
0
64505
2
0
724527933
4
0
64506
2
0
724528957
4
0
64507
2
0
724529981
4
0
64508
2
0
724531005
4
0
64509
2
0
724512829
4
0
64510
2
0
724513853
4
0
64511
2
0
724514877
4
