1024
0
2048
2
0
1128350013
4
0
2049
2
0
1128351037
4
0
2050
2
0
1128352061
4
0
2051
2
0
1128353085
4
0
2052
2
0
1128354109
4
0
2053
2
0
1128355133
4
0
2054
2
0
1128356157
4
0
2055
2
0
1128358717
4
0
2056
2
0
1128359741
4
0
2057
2
0
1128360765
4
0
2058
2
0
1128361789
4
0
2059
2
0
1128362813
4
0
2060
2
0
1128363837
4
0
2061
2
0
1128345661
4
0
2062
2
0
1128346685
4
0
2063
2
0
1128347709
4
0
2064
2
0
1128415549
4
0
2065
2
0
1128416573
4
0
2066
2
0
1128417597
4
0
2067
2
0
1128418621
4
0
2068
2
0
1128419645
4
0
2069
2
0
1128420669
4
0
2070
2
0
1128421693
4
0
2071
2
0
1128424253
4
0
2072
2
0
1128425277
4
0
2073
2
0
1128426301
4
0
2074
2
0
1128427325
4
0
2075
2
0
1128428349
4
0
2076
2
0
1128429373
4
0
2077
2
0
1128411197
4
0
2078
2
0
1128412221
4
0
2079
2
0
1128413245
4
0
2080
2
0
1128481085
4
0
2081
2
0
1128482109
4
0
2082
2
0
1128483133
4
0
2083
2
0
1128484157
4
0
2084
2
0
1128485181
4
0
2085
2
0
1128486205
4
0
2086
2
0
1128487229
4
0
2087
2
0
1128489789
4
0
2088
2
0
1128490813
4
0
2089
2
0
1128491837
4
0
2090
2
0
1128492861
4
0
2091
2
0
1128493885
4
0
2092
2
0
1128494909
4
0
2093
2
0
1128476733
4
0
2094
2
0
1128477757
4
0
2095
2
0
1128478781
4
0
2096
2
0
1128546621
4
0
2097
2
0
1128547645
4
0
2098
2
0
1128548669
4
0
2099
2
0
1128549693
4
0
2100
2
0
1128550717
4
0
2101
2
0
1128551741
4
0
2102
2
0
1128552765
4
0
2103
2
0
1128555325
4
0
2104
2
0
1128556349
4
0
2105
2
0
1128557373
4
0
2106
2
0
1128558397
4
0
2107
2
0
1128559421
4
0
2108
2
0
1128560445
4
0
2109
2
0
1128542269
4
0
2110
2
0
1128543293
4
0
2111
2
0
1128544317
4
0
2112
2
0
1128612157
4
0
2113
2
0
1128613181
4
0
2114
2
0
1128614205
4
0
2115
2
0
1128615229
4
0
2116
2
0
1128616253
4
0
2117
2
0
1128617277
4
0
2118
2
0
1128618301
4
0
2119
2
0
1128620861
4
0
2120
2
0
1128621885
4
0
2121
2
0
1128622909
4
0
2122
2
0
1128623933
4
0
2123
2
0
1128624957
4
0
2124
2
0
1128625981
4
0
2125
2
0
1128607805
4
0
2126
2
0
1128608829
4
0
2127
2
0
1128609853
4
0
2128
2
0
1128677693
4
0
2129
2
0
1128678717
4
0
2130
2
0
1128679741
4
0
2131
2
0
1128680765
4
0
2132
2
0
1128681789
4
0
2133
2
0
1128682813
4
0
2134
2
0
1128683837
4
0
2135
2
0
1128686397
4
0
2136
2
0
1128687421
4
0
2137
2
0
1128688445
4
0
2138
2
0
1128689469
4
0
2139
2
0
1128690493
4
0
2140
2
0
1128691517
4
0
2141
2
0
1128673341
4
0
2142
2
0
1128674365
4
0
2143
2
0
1128675389
4
0
2144
2
0
1128743229
4
0
2145
2
0
1128744253
4
0
2146
2
0
1128745277
4
0
2147
2
0
1128746301
4
0
2148
2
0
1128747325
4
0
2149
2
0
1128748349
4
0
2150
2
0
1128749373
4
0
2151
2
0
1128751933
4
0
2152
2
0
1128752957
4
0
2153
2
0
1128753981
4
0
2154
2
0
1128755005
4
0
2155
2
0
1128756029
4
0
2156
2
0
1128757053
4
0
2157
2
0
1128738877
4
0
2158
2
0
1128739901
4
0
2159
2
0
1128740925
4
0
2160
2
0
1128808765
4
0
2161
2
0
1128809789
4
0
2162
2
0
1128810813
4
0
2163
2
0
1128811837
4
0
2164
2
0
1128812861
4
0
2165
2
0
1128813885
4
0
2166
2
0
1128814909
4
0
2167
2
0
1128817469
4
0
2168
2
0
1128818493
4
0
2169
2
0
1128819517
4
0
2170
2
0
1128820541
4
0
2171
2
0
1128821565
4
0
2172
2
0
1128822589
4
0
2173
2
0
1128804413
4
0
2174
2
0
1128805437
4
0
2175
2
0
1128806461
4
0
2176
2
0
1128874301
4
0
2177
2
0
1128875325
4
0
2178
2
0
1128876349
4
0
2179
2
0
1128877373
4
0
2180
2
0
1128878397
4
0
2181
2
0
1128879421
4
0
2182
2
0
1128880445
4
0
2183
2
0
1128883005
4
0
2184
2
0
1128884029
4
0
2185
2
0
1128885053
4
0
2186
2
0
1128886077
4
0
2187
2
0
1128887101
4
0
2188
2
0
1128888125
4
0
2189
2
0
1128869949
4
0
2190
2
0
1128870973
4
0
2191
2
0
1128871997
4
0
2192
2
0
1128939837
4
0
2193
2
0
1128940861
4
0
2194
2
0
1128941885
4
0
2195
2
0
1128942909
4
0
2196
2
0
1128943933
4
0
2197
2
0
1128944957
4
0
2198
2
0
1128945981
4
0
2199
2
0
1128948541
4
0
2200
2
0
1128949565
4
0
2201
2
0
1128950589
4
0
2202
2
0
1128951613
4
0
2203
2
0
1128952637
4
0
2204
2
0
1128953661
4
0
2205
2
0
1128935485
4
0
2206
2
0
1128936509
4
0
2207
2
0
1128937533
4
0
2208
2
0
1129005373
4
0
2209
2
0
1129006397
4
0
2210
2
0
1129007421
4
0
2211
2
0
1129008445
4
0
2212
2
0
1129009469
4
0
2213
2
0
1129010493
4
0
2214
2
0
1129011517
4
0
2215
2
0
1129014077
4
0
2216
2
0
1129015101
4
0
2217
2
0
1129016125
4
0
2218
2
0
1129017149
4
0
2219
2
0
1129018173
4
0
2220
2
0
1129019197
4
0
2221
2
0
1129001021
4
0
2222
2
0
1129002045
4
0
2223
2
0
1129003069
4
0
2224
2
0
1129070909
4
0
2225
2
0
1129071933
4
0
2226
2
0
1129072957
4
0
2227
2
0
1129073981
4
0
2228
2
0
1129075005
4
0
2229
2
0
1129076029
4
0
2230
2
0
1129077053
4
0
2231
2
0
1129079613
4
0
2232
2
0
1129080637
4
0
2233
2
0
1129081661
4
0
2234
2
0
1129082685
4
0
2235
2
0
1129083709
4
0
2236
2
0
1129084733
4
0
2237
2
0
1129066557
4
0
2238
2
0
1129067581
4
0
2239
2
0
1129068605
4
0
2240
2
0
1129136445
4
0
2241
2
0
1129137469
4
0
2242
2
0
1129138493
4
0
2243
2
0
1129139517
4
0
2244
2
0
1129140541
4
0
2245
2
0
1129141565
4
0
2246
2
0
1129142589
4
0
2247
2
0
1129145149
4
0
2248
2
0
1129146173
4
0
2249
2
0
1129147197
4
0
2250
2
0
1129148221
4
0
2251
2
0
1129149245
4
0
2252
2
0
1129150269
4
0
2253
2
0
1129132093
4
0
2254
2
0
1129133117
4
0
2255
2
0
1129134141
4
0
2256
2
0
1129201981
4
0
2257
2
0
1129203005
4
0
2258
2
0
1129204029
4
0
2259
2
0
1129205053
4
0
2260
2
0
1129206077
4
0
2261
2
0
1129207101
4
0
2262
2
0
1129208125
4
0
2263
2
0
1129210685
4
0
2264
2
0
1129211709
4
0
2265
2
0
1129212733
4
0
2266
2
0
1129213757
4
0
2267
2
0
1129214781
4
0
2268
2
0
1129215805
4
0
2269
2
0
1129197629
4
0
2270
2
0
1129198653
4
0
2271
2
0
1129199677
4
0
2272
2
0
1129267517
4
0
2273
2
0
1129268541
4
0
2274
2
0
1129269565
4
0
2275
2
0
1129270589
4
0
2276
2
0
1129271613
4
0
2277
2
0
1129272637
4
0
2278
2
0
1129273661
4
0
2279
2
0
1129276221
4
0
2280
2
0
1129277245
4
0
2281
2
0
1129278269
4
0
2282
2
0
1129279293
4
0
2283
2
0
1129280317
4
0
2284
2
0
1129281341
4
0
2285
2
0
1129263165
4
0
2286
2
0
1129264189
4
0
2287
2
0
1129265213
4
0
2288
2
0
1129333053
4
0
2289
2
0
1129334077
4
0
2290
2
0
1129335101
4
0
2291
2
0
1129336125
4
0
2292
2
0
1129337149
4
0
2293
2
0
1129338173
4
0
2294
2
0
1129339197
4
0
2295
2
0
1129341757
4
0
2296
2
0
1129342781
4
0
2297
2
0
1129343805
4
0
2298
2
0
1129344829
4
0
2299
2
0
1129345853
4
0
2300
2
0
1129346877
4
0
2301
2
0
1129328701
4
0
2302
2
0
1129329725
4
0
2303
2
0
1129330749
4
0
2304
2
0
1129398589
4
0
2305
2
0
1129399613
4
0
2306
2
0
1129400637
4
0
2307
2
0
1129401661
4
0
2308
2
0
1129402685
4
0
2309
2
0
1129403709
4
0
2310
2
0
1129404733
4
0
2311
2
0
1129407293
4
0
2312
2
0
1129408317
4
0
2313
2
0
1129409341
4
0
2314
2
0
1129410365
4
0
2315
2
0
1129411389
4
0
2316
2
0
1129412413
4
0
2317
2
0
1129394237
4
0
2318
2
0
1129395261
4
0
2319
2
0
1129396285
4
0
2320
2
0
1129464125
4
0
2321
2
0
1129465149
4
0
2322
2
0
1129466173
4
0
2323
2
0
1129467197
4
0
2324
2
0
1129468221
4
0
2325
2
0
1129469245
4
0
2326
2
0
1129470269
4
0
2327
2
0
1129472829
4
0
2328
2
0
1129473853
4
0
2329
2
0
1129474877
4
0
2330
2
0
1129475901
4
0
2331
2
0
1129476925
4
0
2332
2
0
1129477949
4
0
2333
2
0
1129459773
4
0
2334
2
0
1129460797
4
0
2335
2
0
1129461821
4
0
2336
2
0
1129529661
4
0
2337
2
0
1129530685
4
0
2338
2
0
1129531709
4
0
2339
2
0
1129532733
4
0
2340
2
0
1129533757
4
0
2341
2
0
1129534781
4
0
2342
2
0
1129535805
4
0
2343
2
0
1129538365
4
0
2344
2
0
1129539389
4
0
2345
2
0
1129540413
4
0
2346
2
0
1129541437
4
0
2347
2
0
1129542461
4
0
2348
2
0
1129543485
4
0
2349
2
0
1129525309
4
0
2350
2
0
1129526333
4
0
2351
2
0
1129527357
4
0
2352
2
0
1129595197
4
0
2353
2
0
1129596221
4
0
2354
2
0
1129597245
4
0
2355
2
0
1129598269
4
0
2356
2
0
1129599293
4
0
2357
2
0
1129600317
4
0
2358
2
0
1129601341
4
0
2359
2
0
1129603901
4
0
2360
2
0
1129604925
4
0
2361
2
0
1129605949
4
0
2362
2
0
1129606973
4
0
2363
2
0
1129607997
4
0
2364
2
0
1129609021
4
0
2365
2
0
1129590845
4
0
2366
2
0
1129591869
4
0
2367
2
0
1129592893
4
0
2368
2
0
1129660733
4
0
2369
2
0
1129661757
4
0
2370
2
0
1129662781
4
0
2371
2
0
1129663805
4
0
2372
2
0
1129664829
4
0
2373
2
0
1129665853
4
0
2374
2
0
1129666877
4
0
2375
2
0
1129669437
4
0
2376
2
0
1129670461
4
0
2377
2
0
1129671485
4
0
2378
2
0
1129672509
4
0
2379
2
0
1129673533
4
0
2380
2
0
1129674557
4
0
2381
2
0
1129656381
4
0
2382
2
0
1129657405
4
0
2383
2
0
1129658429
4
0
2384
2
0
1129726269
4
0
2385
2
0
1129727293
4
0
2386
2
0
1129728317
4
0
2387
2
0
1129729341
4
0
2388
2
0
1129730365
4
0
2389
2
0
1129731389
4
0
2390
2
0
1129732413
4
0
2391
2
0
1129734973
4
0
2392
2
0
1129735997
4
0
2393
2
0
1129737021
4
0
2394
2
0
1129738045
4
0
2395
2
0
1129739069
4
0
2396
2
0
1129740093
4
0
2397
2
0
1129721917
4
0
2398
2
0
1129722941
4
0
2399
2
0
1129723965
4
0
2400
2
0
1129791805
4
0
2401
2
0
1129792829
4
0
2402
2
0
1129793853
4
0
2403
2
0
1129794877
4
0
2404
2
0
1129795901
4
0
2405
2
0
1129796925
4
0
2406
2
0
1129797949
4
0
2407
2
0
1129800509
4
0
2408
2
0
1129801533
4
0
2409
2
0
1129802557
4
0
2410
2
0
1129803581
4
0
2411
2
0
1129804605
4
0
2412
2
0
1129805629
4
0
2413
2
0
1129787453
4
0
2414
2
0
1129788477
4
0
2415
2
0
1129789501
4
0
2416
2
0
1129857341
4
0
2417
2
0
1129858365
4
0
2418
2
0
1129859389
4
0
2419
2
0
1129860413
4
0
2420
2
0
1129861437
4
0
2421
2
0
1129862461
4
0
2422
2
0
1129863485
4
0
2423
2
0
1129866045
4
0
2424
2
0
1129867069
4
0
2425
2
0
1129868093
4
0
2426
2
0
1129869117
4
0
2427
2
0
1129870141
4
0
2428
2
0
1129871165
4
0
2429
2
0
1129852989
4
0
2430
2
0
1129854013
4
0
2431
2
0
1129855037
4
0
2432
2
0
1129922877
4
0
2433
2
0
1129923901
4
0
2434
2
0
1129924925
4
0
2435
2
0
1129925949
4
0
2436
2
0
1129926973
4
0
2437
2
0
1129927997
4
0
2438
2
0
1129929021
4
0
2439
2
0
1129931581
4
0
2440
2
0
1129932605
4
0
2441
2
0
1129933629
4
0
2442
2
0
1129934653
4
0
2443
2
0
1129935677
4
0
2444
2
0
1129936701
4
0
2445
2
0
1129918525
4
0
2446
2
0
1129919549
4
0
2447
2
0
1129920573
4
0
2448
2
0
1129988413
4
0
2449
2
0
1129989437
4
0
2450
2
0
1129990461
4
0
2451
2
0
1129991485
4
0
2452
2
0
1129992509
4
0
2453
2
0
1129993533
4
0
2454
2
0
1129994557
4
0
2455
2
0
1129997117
4
0
2456
2
0
1129998141
4
0
2457
2
0
1129999165
4
0
2458
2
0
1130000189
4
0
2459
2
0
1130001213
4
0
2460
2
0
1130002237
4
0
2461
2
0
1129984061
4
0
2462
2
0
1129985085
4
0
2463
2
0
1129986109
4
0
2464
2
0
1130447165
4
0
2465
2
0
1130448189
4
0
2466
2
0
1130449213
4
0
2467
2
0
1130450237
4
0
2468
2
0
1130451261
4
0
2469
2
0
1130452285
4
0
2470
2
0
1130453309
4
0
2471
2
0
1130455869
4
0
2472
2
0
1130456893
4
0
2473
2
0
1130457917
4
0
2474
2
0
1130458941
4
0
2475
2
0
1130459965
4
0
2476
2
0
1130460989
4
0
2477
2
0
1130442813
4
0
2478
2
0
1130443837
4
0
2479
2
0
1130444861
4
0
2480
2
0
1130512701
4
0
2481
2
0
1130513725
4
0
2482
2
0
1130514749
4
0
2483
2
0
1130515773
4
0
2484
2
0
1130516797
4
0
2485
2
0
1130517821
4
0
2486
2
0
1130518845
4
0
2487
2
0
1130521405
4
0
2488
2
0
1130522429
4
0
2489
2
0
1130523453
4
0
2490
2
0
1130524477
4
0
2491
2
0
1130525501
4
0
2492
2
0
1130526525
4
0
2493
2
0
1130508349
4
0
2494
2
0
1130509373
4
0
2495
2
0
1130510397
4
0
2496
2
0
1130578237
4
0
2497
2
0
1130579261
4
0
2498
2
0
1130580285
4
0
2499
2
0
1130581309
4
0
2500
2
0
1130582333
4
0
2501
2
0
1130583357
4
0
2502
2
0
1130584381
4
0
2503
2
0
1130586941
4
0
2504
2
0
1130587965
4
0
2505
2
0
1130588989
4
0
2506
2
0
1130590013
4
0
2507
2
0
1130591037
4
0
2508
2
0
1130592061
4
0
2509
2
0
1130573885
4
0
2510
2
0
1130574909
4
0
2511
2
0
1130575933
4
0
2512
2
0
1130643773
4
0
2513
2
0
1130644797
4
0
2514
2
0
1130645821
4
0
2515
2
0
1130646845
4
0
2516
2
0
1130647869
4
0
2517
2
0
1130648893
4
0
2518
2
0
1130649917
4
0
2519
2
0
1130652477
4
0
2520
2
0
1130653501
4
0
2521
2
0
1130654525
4
0
2522
2
0
1130655549
4
0
2523
2
0
1130656573
4
0
2524
2
0
1130657597
4
0
2525
2
0
1130639421
4
0
2526
2
0
1130640445
4
0
2527
2
0
1130641469
4
0
2528
2
0
1130709309
4
0
2529
2
0
1130710333
4
0
2530
2
0
1130711357
4
0
2531
2
0
1130712381
4
0
2532
2
0
1130713405
4
0
2533
2
0
1130714429
4
0
2534
2
0
1130715453
4
0
2535
2
0
1130718013
4
0
2536
2
0
1130719037
4
0
2537
2
0
1130720061
4
0
2538
2
0
1130721085
4
0
2539
2
0
1130722109
4
0
2540
2
0
1130723133
4
0
2541
2
0
1130704957
4
0
2542
2
0
1130705981
4
0
2543
2
0
1130707005
4
0
2544
2
0
1130774845
4
0
2545
2
0
1130775869
4
0
2546
2
0
1130776893
4
0
2547
2
0
1130777917
4
0
2548
2
0
1130778941
4
0
2549
2
0
1130779965
4
0
2550
2
0
1130780989
4
0
2551
2
0
1130783549
4
0
2552
2
0
1130784573
4
0
2553
2
0
1130785597
4
0
2554
2
0
1130786621
4
0
2555
2
0
1130787645
4
0
2556
2
0
1130788669
4
0
2557
2
0
1130770493
4
0
2558
2
0
1130771517
4
0
2559
2
0
1130772541
4
0
2560
2
0
1130840381
4
0
2561
2
0
1130841405
4
0
2562
2
0
1130842429
4
0
2563
2
0
1130843453
4
0
2564
2
0
1130844477
4
0
2565
2
0
1130845501
4
0
2566
2
0
1130846525
4
0
2567
2
0
1130849085
4
0
2568
2
0
1130850109
4
0
2569
2
0
1130851133
4
0
2570
2
0
1130852157
4
0
2571
2
0
1130853181
4
0
2572
2
0
1130854205
4
0
2573
2
0
1130836029
4
0
2574
2
0
1130837053
4
0
2575
2
0
1130838077
4
0
2576
2
0
1130905917
4
0
2577
2
0
1130906941
4
0
2578
2
0
1130907965
4
0
2579
2
0
1130908989
4
0
2580
2
0
1130910013
4
0
2581
2
0
1130911037
4
0
2582
2
0
1130912061
4
0
2583
2
0
1130914621
4
0
2584
2
0
1130915645
4
0
2585
2
0
1130916669
4
0
2586
2
0
1130917693
4
0
2587
2
0
1130918717
4
0
2588
2
0
1130919741
4
0
2589
2
0
1130901565
4
0
2590
2
0
1130902589
4
0
2591
2
0
1130903613
4
0
2592
2
0
1130971453
4
0
2593
2
0
1130972477
4
0
2594
2
0
1130973501
4
0
2595
2
0
1130974525
4
0
2596
2
0
1130975549
4
0
2597
2
0
1130976573
4
0
2598
2
0
1130977597
4
0
2599
2
0
1130980157
4
0
2600
2
0
1130981181
4
0
2601
2
0
1130982205
4
0
2602
2
0
1130983229
4
0
2603
2
0
1130984253
4
0
2604
2
0
1130985277
4
0
2605
2
0
1130967101
4
0
2606
2
0
1130968125
4
0
2607
2
0
1130969149
4
0
2608
2
0
1131036989
4
0
2609
2
0
1131038013
4
0
2610
2
0
1131039037
4
0
2611
2
0
1131040061
4
0
2612
2
0
1131041085
4
0
2613
2
0
1131042109
4
0
2614
2
0
1131043133
4
0
2615
2
0
1131045693
4
0
2616
2
0
1131046717
4
0
2617
2
0
1131047741
4
0
2618
2
0
1131048765
4
0
2619
2
0
1131049789
4
0
2620
2
0
1131050813
4
0
2621
2
0
1131032637
4
0
2622
2
0
1131033661
4
0
2623
2
0
1131034685
4
0
2624
2
0
1131102525
4
0
2625
2
0
1131103549
4
0
2626
2
0
1131104573
4
0
2627
2
0
1131105597
4
0
2628
2
0
1131106621
4
0
2629
2
0
1131107645
4
0
2630
2
0
1131108669
4
0
2631
2
0
1131111229
4
0
2632
2
0
1131112253
4
0
2633
2
0
1131113277
4
0
2634
2
0
1131114301
4
0
2635
2
0
1131115325
4
0
2636
2
0
1131116349
4
0
2637
2
0
1131098173
4
0
2638
2
0
1131099197
4
0
2639
2
0
1131100221
4
0
2640
2
0
1131168061
4
0
2641
2
0
1131169085
4
0
2642
2
0
1131170109
4
0
2643
2
0
1131171133
4
0
2644
2
0
1131172157
4
0
2645
2
0
1131173181
4
0
2646
2
0
1131174205
4
0
2647
2
0
1131176765
4
0
2648
2
0
1131177789
4
0
2649
2
0
1131178813
4
0
2650
2
0
1131179837
4
0
2651
2
0
1131180861
4
0
2652
2
0
1131181885
4
0
2653
2
0
1131163709
4
0
2654
2
0
1131164733
4
0
2655
2
0
1131165757
4
0
2656
2
0
1131233597
4
0
2657
2
0
1131234621
4
0
2658
2
0
1131235645
4
0
2659
2
0
1131236669
4
0
2660
2
0
1131237693
4
0
2661
2
0
1131238717
4
0
2662
2
0
1131239741
4
0
2663
2
0
1131242301
4
0
2664
2
0
1131243325
4
0
2665
2
0
1131244349
4
0
2666
2
0
1131245373
4
0
2667
2
0
1131246397
4
0
2668
2
0
1131247421
4
0
2669
2
0
1131229245
4
0
2670
2
0
1131230269
4
0
2671
2
0
1131231293
4
0
2672
2
0
1131299133
4
0
2673
2
0
1131300157
4
0
2674
2
0
1131301181
4
0
2675
2
0
1131302205
4
0
2676
2
0
1131303229
4
0
2677
2
0
1131304253
4
0
2678
2
0
1131305277
4
0
2679
2
0
1131307837
4
0
2680
2
0
1131308861
4
0
2681
2
0
1131309885
4
0
2682
2
0
1131310909
4
0
2683
2
0
1131311933
4
0
2684
2
0
1131312957
4
0
2685
2
0
1131294781
4
0
2686
2
0
1131295805
4
0
2687
2
0
1131296829
4
0
2688
2
0
1131364669
4
0
2689
2
0
1131365693
4
0
2690
2
0
1131366717
4
0
2691
2
0
1131367741
4
0
2692
2
0
1131368765
4
0
2693
2
0
1131369789
4
0
2694
2
0
1131370813
4
0
2695
2
0
1131373373
4
0
2696
2
0
1131374397
4
0
2697
2
0
1131375421
4
0
2698
2
0
1131376445
4
0
2699
2
0
1131377469
4
0
2700
2
0
1131378493
4
0
2701
2
0
1131360317
4
0
2702
2
0
1131361341
4
0
2703
2
0
1131362365
4
0
2704
2
0
1131430205
4
0
2705
2
0
1131431229
4
0
2706
2
0
1131432253
4
0
2707
2
0
1131433277
4
0
2708
2
0
1131434301
4
0
2709
2
0
1131435325
4
0
2710
2
0
1131436349
4
0
2711
2
0
1131438909
4
0
2712
2
0
1131439933
4
0
2713
2
0
1131440957
4
0
2714
2
0
1131441981
4
0
2715
2
0
1131443005
4
0
2716
2
0
1131444029
4
0
2717
2
0
1131425853
4
0
2718
2
0
1131426877
4
0
2719
2
0
1131427901
4
0
2720
2
0
1131495741
4
0
2721
2
0
1131496765
4
0
2722
2
0
1131497789
4
0
2723
2
0
1131498813
4
0
2724
2
0
1131499837
4
0
2725
2
0
1131500861
4
0
2726
2
0
1131501885
4
0
2727
2
0
1131504445
4
0
2728
2
0
1131505469
4
0
2729
2
0
1131506493
4
0
2730
2
0
1131507517
4
0
2731
2
0
1131508541
4
0
2732
2
0
1131509565
4
0
2733
2
0
1131491389
4
0
2734
2
0
1131492413
4
0
2735
2
0
1131493437
4
0
2736
2
0
1131561277
4
0
2737
2
0
1131562301
4
0
2738
2
0
1131563325
4
0
2739
2
0
1131564349
4
0
2740
2
0
1131565373
4
0
2741
2
0
1131566397
4
0
2742
2
0
1131567421
4
0
2743
2
0
1131569981
4
0
2744
2
0
1131571005
4
0
2745
2
0
1131572029
4
0
2746
2
0
1131573053
4
0
2747
2
0
1131574077
4
0
2748
2
0
1131575101
4
0
2749
2
0
1131556925
4
0
2750
2
0
1131557949
4
0
2751
2
0
1131558973
4
0
2752
2
0
1131626813
4
0
2753
2
0
1131627837
4
0
2754
2
0
1131628861
4
0
2755
2
0
1131629885
4
0
2756
2
0
1131630909
4
0
2757
2
0
1131631933
4
0
2758
2
0
1131632957
4
0
2759
2
0
1131635517
4
0
2760
2
0
1131636541
4
0
2761
2
0
1131637565
4
0
2762
2
0
1131638589
4
0
2763
2
0
1131639613
4
0
2764
2
0
1131640637
4
0
2765
2
0
1131622461
4
0
2766
2
0
1131623485
4
0
2767
2
0
1131624509
4
0
2768
2
0
1131692349
4
0
2769
2
0
1131693373
4
0
2770
2
0
1131694397
4
0
2771
2
0
1131695421
4
0
2772
2
0
1131696445
4
0
2773
2
0
1131697469
4
0
2774
2
0
1131698493
4
0
2775
2
0
1131701053
4
0
2776
2
0
1131702077
4
0
2777
2
0
1131703101
4
0
2778
2
0
1131704125
4
0
2779
2
0
1131705149
4
0
2780
2
0
1131706173
4
0
2781
2
0
1131687997
4
0
2782
2
0
1131689021
4
0
2783
2
0
1131690045
4
0
2784
2
0
1131757885
4
0
2785
2
0
1131758909
4
0
2786
2
0
1131759933
4
0
2787
2
0
1131760957
4
0
2788
2
0
1131761981
4
0
2789
2
0
1131763005
4
0
2790
2
0
1131764029
4
0
2791
2
0
1131766589
4
0
2792
2
0
1131767613
4
0
2793
2
0
1131768637
4
0
2794
2
0
1131769661
4
0
2795
2
0
1131770685
4
0
2796
2
0
1131771709
4
0
2797
2
0
1131753533
4
0
2798
2
0
1131754557
4
0
2799
2
0
1131755581
4
0
2800
2
0
1131823421
4
0
2801
2
0
1131824445
4
0
2802
2
0
1131825469
4
0
2803
2
0
1131826493
4
0
2804
2
0
1131827517
4
0
2805
2
0
1131828541
4
0
2806
2
0
1131829565
4
0
2807
2
0
1131832125
4
0
2808
2
0
1131833149
4
0
2809
2
0
1131834173
4
0
2810
2
0
1131835197
4
0
2811
2
0
1131836221
4
0
2812
2
0
1131837245
4
0
2813
2
0
1131819069
4
0
2814
2
0
1131820093
4
0
2815
2
0
1131821117
4
0
2816
2
0
1131888957
4
0
2817
2
0
1131889981
4
0
2818
2
0
1131891005
4
0
2819
2
0
1131892029
4
0
2820
2
0
1131893053
4
0
2821
2
0
1131894077
4
0
2822
2
0
1131895101
4
0
2823
2
0
1131897661
4
0
2824
2
0
1131898685
4
0
2825
2
0
1131899709
4
0
2826
2
0
1131900733
4
0
2827
2
0
1131901757
4
0
2828
2
0
1131902781
4
0
2829
2
0
1131884605
4
0
2830
2
0
1131885629
4
0
2831
2
0
1131886653
4
0
2832
2
0
1131954493
4
0
2833
2
0
1131955517
4
0
2834
2
0
1131956541
4
0
2835
2
0
1131957565
4
0
2836
2
0
1131958589
4
0
2837
2
0
1131959613
4
0
2838
2
0
1131960637
4
0
2839
2
0
1131963197
4
0
2840
2
0
1131964221
4
0
2841
2
0
1131965245
4
0
2842
2
0
1131966269
4
0
2843
2
0
1131967293
4
0
2844
2
0
1131968317
4
0
2845
2
0
1131950141
4
0
2846
2
0
1131951165
4
0
2847
2
0
1131952189
4
0
2848
2
0
1132020029
4
0
2849
2
0
1132021053
4
0
2850
2
0
1132022077
4
0
2851
2
0
1132023101
4
0
2852
2
0
1132024125
4
0
2853
2
0
1132025149
4
0
2854
2
0
1132026173
4
0
2855
2
0
1132028733
4
0
2856
2
0
1132029757
4
0
2857
2
0
1132030781
4
0
2858
2
0
1132031805
4
0
2859
2
0
1132032829
4
0
2860
2
0
1132033853
4
0
2861
2
0
1132015677
4
0
2862
2
0
1132016701
4
0
2863
2
0
1132017725
4
0
2864
2
0
1132085565
4
0
2865
2
0
1132086589
4
0
2866
2
0
1132087613
4
0
2867
2
0
1132088637
4
0
2868
2
0
1132089661
4
0
2869
2
0
1132090685
4
0
2870
2
0
1132091709
4
0
2871
2
0
1132094269
4
0
2872
2
0
1132095293
4
0
2873
2
0
1132096317
4
0
2874
2
0
1132097341
4
0
2875
2
0
1132098365
4
0
2876
2
0
1132099389
4
0
2877
2
0
1132081213
4
0
2878
2
0
1132082237
4
0
2879
2
0
1132083261
4
0
2880
2
0
1127235901
4
0
2881
2
0
1127236925
4
0
2882
2
0
1127237949
4
0
2883
2
0
1127238973
4
0
2884
2
0
1127239997
4
0
2885
2
0
1127241021
4
0
2886
2
0
1127242045
4
0
2887
2
0
1127244605
4
0
2888
2
0
1127245629
4
0
2889
2
0
1127246653
4
0
2890
2
0
1127247677
4
0
2891
2
0
1127248701
4
0
2892
2
0
1127249725
4
0
2893
2
0
1127231549
4
0
2894
2
0
1127232573
4
0
2895
2
0
1127233597
4
0
2896
2
0
1127301437
4
0
2897
2
0
1127302461
4
0
2898
2
0
1127303485
4
0
2899
2
0
1127304509
4
0
2900
2
0
1127305533
4
0
2901
2
0
1127306557
4
0
2902
2
0
1127307581
4
0
2903
2
0
1127310141
4
0
2904
2
0
1127311165
4
0
2905
2
0
1127312189
4
0
2906
2
0
1127313213
4
0
2907
2
0
1127314237
4
0
2908
2
0
1127315261
4
0
2909
2
0
1127297085
4
0
2910
2
0
1127298109
4
0
2911
2
0
1127299133
4
0
2912
2
0
1127366973
4
0
2913
2
0
1127367997
4
0
2914
2
0
1127369021
4
0
2915
2
0
1127370045
4
0
2916
2
0
1127371069
4
0
2917
2
0
1127372093
4
0
2918
2
0
1127373117
4
0
2919
2
0
1127375677
4
0
2920
2
0
1127376701
4
0
2921
2
0
1127377725
4
0
2922
2
0
1127378749
4
0
2923
2
0
1127379773
4
0
2924
2
0
1127380797
4
0
2925
2
0
1127362621
4
0
2926
2
0
1127363645
4
0
2927
2
0
1127364669
4
0
2928
2
0
1127432509
4
0
2929
2
0
1127433533
4
0
2930
2
0
1127434557
4
0
2931
2
0
1127435581
4
0
2932
2
0
1127436605
4
0
2933
2
0
1127437629
4
0
2934
2
0
1127438653
4
0
2935
2
0
1127441213
4
0
2936
2
0
1127442237
4
0
2937
2
0
1127443261
4
0
2938
2
0
1127444285
4
0
2939
2
0
1127445309
4
0
2940
2
0
1127446333
4
0
2941
2
0
1127428157
4
0
2942
2
0
1127429181
4
0
2943
2
0
1127430205
4
0
2944
2
0
1127498045
4
0
2945
2
0
1127499069
4
0
2946
2
0
1127500093
4
0
2947
2
0
1127501117
4
0
2948
2
0
1127502141
4
0
2949
2
0
1127503165
4
0
2950
2
0
1127504189
4
0
2951
2
0
1127506749
4
0
2952
2
0
1127507773
4
0
2953
2
0
1127508797
4
0
2954
2
0
1127509821
4
0
2955
2
0
1127510845
4
0
2956
2
0
1127511869
4
0
2957
2
0
1127493693
4
0
2958
2
0
1127494717
4
0
2959
2
0
1127495741
4
0
2960
2
0
1127563581
4
0
2961
2
0
1127564605
4
0
2962
2
0
1127565629
4
0
2963
2
0
1127566653
4
0
2964
2
0
1127567677
4
0
2965
2
0
1127568701
4
0
2966
2
0
1127569725
4
0
2967
2
0
1127572285
4
0
2968
2
0
1127573309
4
0
2969
2
0
1127574333
4
0
2970
2
0
1127575357
4
0
2971
2
0
1127576381
4
0
2972
2
0
1127577405
4
0
2973
2
0
1127559229
4
0
2974
2
0
1127560253
4
0
2975
2
0
1127561277
4
0
2976
2
0
1127629117
4
0
2977
2
0
1127630141
4
0
2978
2
0
1127631165
4
0
2979
2
0
1127632189
4
0
2980
2
0
1127633213
4
0
2981
2
0
1127634237
4
0
2982
2
0
1127635261
4
0
2983
2
0
1127637821
4
0
2984
2
0
1127638845
4
0
2985
2
0
1127639869
4
0
2986
2
0
1127640893
4
0
2987
2
0
1127641917
4
0
2988
2
0
1127642941
4
0
2989
2
0
1127624765
4
0
2990
2
0
1127625789
4
0
2991
2
0
1127626813
4
0
2992
2
0
1127694653
4
0
2993
2
0
1127695677
4
0
2994
2
0
1127696701
4
0
2995
2
0
1127697725
4
0
2996
2
0
1127698749
4
0
2997
2
0
1127699773
4
0
2998
2
0
1127700797
4
0
2999
2
0
1127703357
4
0
3000
2
0
1127704381
4
0
3001
2
0
1127705405
4
0
3002
2
0
1127706429
4
0
3003
2
0
1127707453
4
0
3004
2
0
1127708477
4
0
3005
2
0
1127690301
4
0
3006
2
0
1127691325
4
0
3007
2
0
1127692349
4
0
3008
2
0
1127760189
4
0
3009
2
0
1127761213
4
0
3010
2
0
1127762237
4
0
3011
2
0
1127763261
4
0
3012
2
0
1127764285
4
0
3013
2
0
1127765309
4
0
3014
2
0
1127766333
4
0
3015
2
0
1127768893
4
0
3016
2
0
1127769917
4
0
3017
2
0
1127770941
4
0
3018
2
0
1127771965
4
0
3019
2
0
1127772989
4
0
3020
2
0
1127774013
4
0
3021
2
0
1127755837
4
0
3022
2
0
1127756861
4
0
3023
2
0
1127757885
4
0
3024
2
0
1127825725
4
0
3025
2
0
1127826749
4
0
3026
2
0
1127827773
4
0
3027
2
0
1127828797
4
0
3028
2
0
1127829821
4
0
3029
2
0
1127830845
4
0
3030
2
0
1127831869
4
0
3031
2
0
1127834429
4
0
3032
2
0
1127835453
4
0
3033
2
0
1127836477
4
0
3034
2
0
1127837501
4
0
3035
2
0
1127838525
4
0
3036
2
0
1127839549
4
0
3037
2
0
1127821373
4
0
3038
2
0
1127822397
4
0
3039
2
0
1127823421
4
0
3040
2
0
1126908221
4
0
3041
2
0
1126909245
4
0
3042
2
0
1126910269
4
0
3043
2
0
1126911293
4
0
3044
2
0
1126912317
4
0
3045
2
0
1126913341
4
0
3046
2
0
1126914365
4
0
3047
2
0
1126916925
4
0
3048
2
0
1126917949
4
0
3049
2
0
1126918973
4
0
3050
2
0
1126919997
4
0
3051
2
0
1126921021
4
0
3052
2
0
1126922045
4
0
3053
2
0
1126903869
4
0
3054
2
0
1126904893
4
0
3055
2
0
1126905917
4
0
3056
2
0
1127170365
4
0
3057
2
0
1127171389
4
0
3058
2
0
1127172413
4
0
3059
2
0
1127173437
4
0
3060
2
0
1127174461
4
0
3061
2
0
1127175485
4
0
3062
2
0
1127176509
4
0
3063
2
0
1127179069
4
0
3064
2
0
1127180093
4
0
3065
2
0
1127181117
4
0
3066
2
0
1127182141
4
0
3067
2
0
1127183165
4
0
3068
2
0
1127184189
4
0
3069
2
0
1127166013
4
0
3070
2
0
1127167037
4
0
3071
2
0
1127168061
4
