1024
0
13312
2
0
1312899389
4
0
13313
2
0
1312900413
4
0
13314
2
0
1312901437
4
0
13315
2
0
1312902461
4
0
13316
2
0
1312903485
4
0
13317
2
0
1312904509
4
0
13318
2
0
1312905533
4
0
13319
2
0
1312908093
4
0
13320
2
0
1312909117
4
0
13321
2
0
1312910141
4
0
13322
2
0
1312911165
4
0
13323
2
0
1312912189
4
0
13324
2
0
1312913213
4
0
13325
2
0
1312895037
4
0
13326
2
0
1312896061
4
0
13327
2
0
1312897085
4
0
13328
2
0
1312964925
4
0
13329
2
0
1312965949
4
0
13330
2
0
1312966973
4
0
13331
2
0
1312967997
4
0
13332
2
0
1312969021
4
0
13333
2
0
1312970045
4
0
13334
2
0
1312971069
4
0
13335
2
0
1312973629
4
0
13336
2
0
1312974653
4
0
13337
2
0
1312975677
4
0
13338
2
0
1312976701
4
0
13339
2
0
1312977725
4
0
13340
2
0
1312978749
4
0
13341
2
0
1312960573
4
0
13342
2
0
1312961597
4
0
13343
2
0
1312962621
4
0
13344
2
0
1313030461
4
0
13345
2
0
1313031485
4
0
13346
2
0
1313032509
4
0
13347
2
0
1313033533
4
0
13348
2
0
1313034557
4
0
13349
2
0
1313035581
4
0
13350
2
0
1313036605
4
0
13351
2
0
1313039165
4
0
13352
2
0
1313040189
4
0
13353
2
0
1313041213
4
0
13354
2
0
1313042237
4
0
13355
2
0
1313043261
4
0
13356
2
0
1313044285
4
0
13357
2
0
1313026109
4
0
13358
2
0
1313027133
4
0
13359
2
0
1313028157
4
0
13360
2
0
1313095997
4
0
13361
2
0
1313097021
4
0
13362
2
0
1313098045
4
0
13363
2
0
1313099069
4
0
13364
2
0
1313100093
4
0
13365
2
0
1313101117
4
0
13366
2
0
1313102141
4
0
13367
2
0
1313104701
4
0
13368
2
0
1313105725
4
0
13369
2
0
1313106749
4
0
13370
2
0
1313107773
4
0
13371
2
0
1313108797
4
0
13372
2
0
1313109821
4
0
13373
2
0
1313091645
4
0
13374
2
0
1313092669
4
0
13375
2
0
1313093693
4
0
13376
2
0
1313161533
4
0
13377
2
0
1313162557
4
0
13378
2
0
1313163581
4
0
13379
2
0
1313164605
4
0
13380
2
0
1313165629
4
0
13381
2
0
1313166653
4
0
13382
2
0
1313167677
4
0
13383
2
0
1313170237
4
0
13384
2
0
1313171261
4
0
13385
2
0
1313172285
4
0
13386
2
0
1313173309
4
0
13387
2
0
1313174333
4
0
13388
2
0
1313175357
4
0
13389
2
0
1313157181
4
0
13390
2
0
1313158205
4
0
13391
2
0
1313159229
4
0
13392
2
0
1313227069
4
0
13393
2
0
1313228093
4
0
13394
2
0
1313229117
4
0
13395
2
0
1313230141
4
0
13396
2
0
1313231165
4
0
13397
2
0
1313232189
4
0
13398
2
0
1313233213
4
0
13399
2
0
1313235773
4
0
13400
2
0
1313236797
4
0
13401
2
0
1313237821
4
0
13402
2
0
1313238845
4
0
13403
2
0
1313239869
4
0
13404
2
0
1313240893
4
0
13405
2
0
1313222717
4
0
13406
2
0
1313223741
4
0
13407
2
0
1313224765
4
0
13408
2
0
1313292605
4
0
13409
2
0
1313293629
4
0
13410
2
0
1313294653
4
0
13411
2
0
1313295677
4
0
13412
2
0
1313296701
4
0
13413
2
0
1313297725
4
0
13414
2
0
1313298749
4
0
13415
2
0
1313301309
4
0
13416
2
0
1313302333
4
0
13417
2
0
1313303357
4
0
13418
2
0
1313304381
4
0
13419
2
0
1313305405
4
0
13420
2
0
1313306429
4
0
13421
2
0
1313288253
4
0
13422
2
0
1313289277
4
0
13423
2
0
1313290301
4
0
13424
2
0
1313358141
4
0
13425
2
0
1313359165
4
0
13426
2
0
1313360189
4
0
13427
2
0
1313361213
4
0
13428
2
0
1313362237
4
0
13429
2
0
1313363261
4
0
13430
2
0
1313364285
4
0
13431
2
0
1313366845
4
0
13432
2
0
1313367869
4
0
13433
2
0
1313368893
4
0
13434
2
0
1313369917
4
0
13435
2
0
1313370941
4
0
13436
2
0
1313371965
4
0
13437
2
0
1313353789
4
0
13438
2
0
1313354813
4
0
13439
2
0
1313355837
4
0
13440
2
0
1313423677
4
0
13441
2
0
1313424701
4
0
13442
2
0
1313425725
4
0
13443
2
0
1313426749
4
0
13444
2
0
1313427773
4
0
13445
2
0
1313428797
4
0
13446
2
0
1313429821
4
0
13447
2
0
1313432381
4
0
13448
2
0
1313433405
4
0
13449
2
0
1313434429
4
0
13450
2
0
1313435453
4
0
13451
2
0
1313436477
4
0
13452
2
0
1313437501
4
0
13453
2
0
1313419325
4
0
13454
2
0
1313420349
4
0
13455
2
0
1313421373
4
0
13456
2
0
1313489213
4
0
13457
2
0
1313490237
4
0
13458
2
0
1313491261
4
0
13459
2
0
1313492285
4
0
13460
2
0
1313493309
4
0
13461
2
0
1313494333
4
0
13462
2
0
1313495357
4
0
13463
2
0
1313497917
4
0
13464
2
0
1313498941
4
0
13465
2
0
1313499965
4
0
13466
2
0
1313500989
4
0
13467
2
0
1313502013
4
0
13468
2
0
1313503037
4
0
13469
2
0
1313484861
4
0
13470
2
0
1313485885
4
0
13471
2
0
1313486909
4
0
13472
2
0
1313554749
4
0
13473
2
0
1313555773
4
0
13474
2
0
1313556797
4
0
13475
2
0
1313557821
4
0
13476
2
0
1313558845
4
0
13477
2
0
1313559869
4
0
13478
2
0
1313560893
4
0
13479
2
0
1313563453
4
0
13480
2
0
1313564477
4
0
13481
2
0
1313565501
4
0
13482
2
0
1313566525
4
0
13483
2
0
1313567549
4
0
13484
2
0
1313568573
4
0
13485
2
0
1313550397
4
0
13486
2
0
1313551421
4
0
13487
2
0
1313552445
4
0
13488
2
0
1313620285
4
0
13489
2
0
1313621309
4
0
13490
2
0
1313622333
4
0
13491
2
0
1313623357
4
0
13492
2
0
1313624381
4
0
13493
2
0
1313625405
4
0
13494
2
0
1313626429
4
0
13495
2
0
1313628989
4
0
13496
2
0
1313630013
4
0
13497
2
0
1313631037
4
0
13498
2
0
1313632061
4
0
13499
2
0
1313633085
4
0
13500
2
0
1313634109
4
0
13501
2
0
1313615933
4
0
13502
2
0
1313616957
4
0
13503
2
0
1313617981
4
0
13504
2
0
1313685821
4
0
13505
2
0
1313686845
4
0
13506
2
0
1313687869
4
0
13507
2
0
1313688893
4
0
13508
2
0
1313689917
4
0
13509
2
0
1313690941
4
0
13510
2
0
1313691965
4
0
13511
2
0
1313694525
4
0
13512
2
0
1313695549
4
0
13513
2
0
1313696573
4
0
13514
2
0
1313697597
4
0
13515
2
0
1313698621
4
0
13516
2
0
1313699645
4
0
13517
2
0
1313681469
4
0
13518
2
0
1313682493
4
0
13519
2
0
1313683517
4
0
13520
2
0
1313751357
4
0
13521
2
0
1313752381
4
0
13522
2
0
1313753405
4
0
13523
2
0
1313754429
4
0
13524
2
0
1313755453
4
0
13525
2
0
1313756477
4
0
13526
2
0
1313757501
4
0
13527
2
0
1313760061
4
0
13528
2
0
1313761085
4
0
13529
2
0
1313762109
4
0
13530
2
0
1313763133
4
0
13531
2
0
1313764157
4
0
13532
2
0
1313765181
4
0
13533
2
0
1313747005
4
0
13534
2
0
1313748029
4
0
13535
2
0
1313749053
4
0
13536
2
0
1313816893
4
0
13537
2
0
1313817917
4
0
13538
2
0
1313818941
4
0
13539
2
0
1313819965
4
0
13540
2
0
1313820989
4
0
13541
2
0
1313822013
4
0
13542
2
0
1313823037
4
0
13543
2
0
1313825597
4
0
13544
2
0
1313826621
4
0
13545
2
0
1313827645
4
0
13546
2
0
1313828669
4
0
13547
2
0
1313829693
4
0
13548
2
0
1313830717
4
0
13549
2
0
1313812541
4
0
13550
2
0
1313813565
4
0
13551
2
0
1313814589
4
0
13552
2
0
1313882429
4
0
13553
2
0
1313883453
4
0
13554
2
0
1313884477
4
0
13555
2
0
1313885501
4
0
13556
2
0
1313886525
4
0
13557
2
0
1313887549
4
0
13558
2
0
1313888573
4
0
13559
2
0
1313891133
4
0
13560
2
0
1313892157
4
0
13561
2
0
1313893181
4
0
13562
2
0
1313894205
4
0
13563
2
0
1313895229
4
0
13564
2
0
1313896253
4
0
13565
2
0
1313878077
4
0
13566
2
0
1313879101
4
0
13567
2
0
1313880125
4
0
13568
2
0
1313947965
4
0
13569
2
0
1313948989
4
0
13570
2
0
1313950013
4
0
13571
2
0
1313951037
4
0
13572
2
0
1313952061
4
0
13573
2
0
1313953085
4
0
13574
2
0
1313954109
4
0
13575
2
0
1313956669
4
0
13576
2
0
1313957693
4
0
13577
2
0
1313958717
4
0
13578
2
0
1313959741
4
0
13579
2
0
1313960765
4
0
13580
2
0
1313961789
4
0
13581
2
0
1313943613
4
0
13582
2
0
1313944637
4
0
13583
2
0
1313945661
4
0
13584
2
0
1314013501
4
0
13585
2
0
1314014525
4
0
13586
2
0
1314015549
4
0
13587
2
0
1314016573
4
0
13588
2
0
1314017597
4
0
13589
2
0
1314018621
4
0
13590
2
0
1314019645
4
0
13591
2
0
1314022205
4
0
13592
2
0
1314023229
4
0
13593
2
0
1314024253
4
0
13594
2
0
1314025277
4
0
13595
2
0
1314026301
4
0
13596
2
0
1314027325
4
0
13597
2
0
1314009149
4
0
13598
2
0
1314010173
4
0
13599
2
0
1314011197
4
0
13600
2
0
1314079037
4
0
13601
2
0
1314080061
4
0
13602
2
0
1314081085
4
0
13603
2
0
1314082109
4
0
13604
2
0
1314083133
4
0
13605
2
0
1314084157
4
0
13606
2
0
1314085181
4
0
13607
2
0
1314087741
4
0
13608
2
0
1314088765
4
0
13609
2
0
1314089789
4
0
13610
2
0
1314090813
4
0
13611
2
0
1314091837
4
0
13612
2
0
1314092861
4
0
13613
2
0
1314074685
4
0
13614
2
0
1314075709
4
0
13615
2
0
1314076733
4
0
13616
2
0
1314144573
4
0
13617
2
0
1314145597
4
0
13618
2
0
1314146621
4
0
13619
2
0
1314147645
4
0
13620
2
0
1314148669
4
0
13621
2
0
1314149693
4
0
13622
2
0
1314150717
4
0
13623
2
0
1314153277
4
0
13624
2
0
1314154301
4
0
13625
2
0
1314155325
4
0
13626
2
0
1314156349
4
0
13627
2
0
1314157373
4
0
13628
2
0
1314158397
4
0
13629
2
0
1314140221
4
0
13630
2
0
1314141245
4
0
13631
2
0
1314142269
4
0
13632
2
0
1314210109
4
0
13633
2
0
1314211133
4
0
13634
2
0
1314212157
4
0
13635
2
0
1314213181
4
0
13636
2
0
1314214205
4
0
13637
2
0
1314215229
4
0
13638
2
0
1314216253
4
0
13639
2
0
1314218813
4
0
13640
2
0
1314219837
4
0
13641
2
0
1314220861
4
0
13642
2
0
1314221885
4
0
13643
2
0
1314222909
4
0
13644
2
0
1314223933
4
0
13645
2
0
1314205757
4
0
13646
2
0
1314206781
4
0
13647
2
0
1314207805
4
0
13648
2
0
1314275645
4
0
13649
2
0
1314276669
4
0
13650
2
0
1314277693
4
0
13651
2
0
1314278717
4
0
13652
2
0
1314279741
4
0
13653
2
0
1314280765
4
0
13654
2
0
1314281789
4
0
13655
2
0
1314284349
4
0
13656
2
0
1314285373
4
0
13657
2
0
1314286397
4
0
13658
2
0
1314287421
4
0
13659
2
0
1314288445
4
0
13660
2
0
1314289469
4
0
13661
2
0
1314271293
4
0
13662
2
0
1314272317
4
0
13663
2
0
1314273341
4
0
13664
2
0
1314341181
4
0
13665
2
0
1314342205
4
0
13666
2
0
1314343229
4
0
13667
2
0
1314344253
4
0
13668
2
0
1314345277
4
0
13669
2
0
1314346301
4
0
13670
2
0
1314347325
4
0
13671
2
0
1314349885
4
0
13672
2
0
1314350909
4
0
13673
2
0
1314351933
4
0
13674
2
0
1314352957
4
0
13675
2
0
1314353981
4
0
13676
2
0
1314355005
4
0
13677
2
0
1314336829
4
0
13678
2
0
1314337853
4
0
13679
2
0
1314338877
4
0
13680
2
0
1314406717
4
0
13681
2
0
1314407741
4
0
13682
2
0
1314408765
4
0
13683
2
0
1314409789
4
0
13684
2
0
1314410813
4
0
13685
2
0
1314411837
4
0
13686
2
0
1314412861
4
0
13687
2
0
1314415421
4
0
13688
2
0
1314416445
4
0
13689
2
0
1314417469
4
0
13690
2
0
1314418493
4
0
13691
2
0
1314419517
4
0
13692
2
0
1314420541
4
0
13693
2
0
1314402365
4
0
13694
2
0
1314403389
4
0
13695
2
0
1314404413
4
0
13696
2
0
1314472253
4
0
13697
2
0
1314473277
4
0
13698
2
0
1314474301
4
0
13699
2
0
1314475325
4
0
13700
2
0
1314476349
4
0
13701
2
0
1314477373
4
0
13702
2
0
1314478397
4
0
13703
2
0
1314480957
4
0
13704
2
0
1314481981
4
0
13705
2
0
1314483005
4
0
13706
2
0
1314484029
4
0
13707
2
0
1314485053
4
0
13708
2
0
1314486077
4
0
13709
2
0
1314467901
4
0
13710
2
0
1314468925
4
0
13711
2
0
1314469949
4
0
13712
2
0
1314537789
4
0
13713
2
0
1314538813
4
0
13714
2
0
1314539837
4
0
13715
2
0
1314540861
4
0
13716
2
0
1314541885
4
0
13717
2
0
1314542909
4
0
13718
2
0
1314543933
4
0
13719
2
0
1314546493
4
0
13720
2
0
1314547517
4
0
13721
2
0
1314548541
4
0
13722
2
0
1314549565
4
0
13723
2
0
1314550589
4
0
13724
2
0
1314551613
4
0
13725
2
0
1314533437
4
0
13726
2
0
1314534461
4
0
13727
2
0
1314535485
4
0
13728
2
0
1314996541
4
0
13729
2
0
1314997565
4
0
13730
2
0
1314998589
4
0
13731
2
0
1314999613
4
0
13732
2
0
1315000637
4
0
13733
2
0
1315001661
4
0
13734
2
0
1315002685
4
0
13735
2
0
1315005245
4
0
13736
2
0
1315006269
4
0
13737
2
0
1315007293
4
0
13738
2
0
1315008317
4
0
13739
2
0
1315009341
4
0
13740
2
0
1315010365
4
0
13741
2
0
1314992189
4
0
13742
2
0
1314993213
4
0
13743
2
0
1314994237
4
0
13744
2
0
1315062077
4
0
13745
2
0
1315063101
4
0
13746
2
0
1315064125
4
0
13747
2
0
1315065149
4
0
13748
2
0
1315066173
4
0
13749
2
0
1315067197
4
0
13750
2
0
1315068221
4
0
13751
2
0
1315070781
4
0
13752
2
0
1315071805
4
0
13753
2
0
1315072829
4
0
13754
2
0
1315073853
4
0
13755
2
0
1315074877
4
0
13756
2
0
1315075901
4
0
13757
2
0
1315057725
4
0
13758
2
0
1315058749
4
0
13759
2
0
1315059773
4
0
13760
2
0
1315127613
4
0
13761
2
0
1315128637
4
0
13762
2
0
1315129661
4
0
13763
2
0
1315130685
4
0
13764
2
0
1315131709
4
0
13765
2
0
1315132733
4
0
13766
2
0
1315133757
4
0
13767
2
0
1315136317
4
0
13768
2
0
1315137341
4
0
13769
2
0
1315138365
4
0
13770
2
0
1315139389
4
0
13771
2
0
1315140413
4
0
13772
2
0
1315141437
4
0
13773
2
0
1315123261
4
0
13774
2
0
1315124285
4
0
13775
2
0
1315125309
4
0
13776
2
0
1315193149
4
0
13777
2
0
1315194173
4
0
13778
2
0
1315195197
4
0
13779
2
0
1315196221
4
0
13780
2
0
1315197245
4
0
13781
2
0
1315198269
4
0
13782
2
0
1315199293
4
0
13783
2
0
1315201853
4
0
13784
2
0
1315202877
4
0
13785
2
0
1315203901
4
0
13786
2
0
1315204925
4
0
13787
2
0
1315205949
4
0
13788
2
0
1315206973
4
0
13789
2
0
1315188797
4
0
13790
2
0
1315189821
4
0
13791
2
0
1315190845
4
0
13792
2
0
1315258685
4
0
13793
2
0
1315259709
4
0
13794
2
0
1315260733
4
0
13795
2
0
1315261757
4
0
13796
2
0
1315262781
4
0
13797
2
0
1315263805
4
0
13798
2
0
1315264829
4
0
13799
2
0
1315267389
4
0
13800
2
0
1315268413
4
0
13801
2
0
1315269437
4
0
13802
2
0
1315270461
4
0
13803
2
0
1315271485
4
0
13804
2
0
1315272509
4
0
13805
2
0
1315254333
4
0
13806
2
0
1315255357
4
0
13807
2
0
1315256381
4
0
13808
2
0
1315324221
4
0
13809
2
0
1315325245
4
0
13810
2
0
1315326269
4
0
13811
2
0
1315327293
4
0
13812
2
0
1315328317
4
0
13813
2
0
1315329341
4
0
13814
2
0
1315330365
4
0
13815
2
0
1315332925
4
0
13816
2
0
1315333949
4
0
13817
2
0
1315334973
4
0
13818
2
0
1315335997
4
0
13819
2
0
1315337021
4
0
13820
2
0
1315338045
4
0
13821
2
0
1315319869
4
0
13822
2
0
1315320893
4
0
13823
2
0
1315321917
4
0
13824
2
0
1315389757
4
0
13825
2
0
1315390781
4
0
13826
2
0
1315391805
4
0
13827
2
0
1315392829
4
0
13828
2
0
1315393853
4
0
13829
2
0
1315394877
4
0
13830
2
0
1315395901
4
0
13831
2
0
1315398461
4
0
13832
2
0
1315399485
4
0
13833
2
0
1315400509
4
0
13834
2
0
1315401533
4
0
13835
2
0
1315402557
4
0
13836
2
0
1315403581
4
0
13837
2
0
1315385405
4
0
13838
2
0
1315386429
4
0
13839
2
0
1315387453
4
0
13840
2
0
1315455293
4
0
13841
2
0
1315456317
4
0
13842
2
0
1315457341
4
0
13843
2
0
1315458365
4
0
13844
2
0
1315459389
4
0
13845
2
0
1315460413
4
0
13846
2
0
1315461437
4
0
13847
2
0
1315463997
4
0
13848
2
0
1315465021
4
0
13849
2
0
1315466045
4
0
13850
2
0
1315467069
4
0
13851
2
0
1315468093
4
0
13852
2
0
1315469117
4
0
13853
2
0
1315450941
4
0
13854
2
0
1315451965
4
0
13855
2
0
1315452989
4
0
13856
2
0
1315520829
4
0
13857
2
0
1315521853
4
0
13858
2
0
1315522877
4
0
13859
2
0
1315523901
4
0
13860
2
0
1315524925
4
0
13861
2
0
1315525949
4
0
13862
2
0
1315526973
4
0
13863
2
0
1315529533
4
0
13864
2
0
1315530557
4
0
13865
2
0
1315531581
4
0
13866
2
0
1315532605
4
0
13867
2
0
1315533629
4
0
13868
2
0
1315534653
4
0
13869
2
0
1315516477
4
0
13870
2
0
1315517501
4
0
13871
2
0
1315518525
4
0
13872
2
0
1315586365
4
0
13873
2
0
1315587389
4
0
13874
2
0
1315588413
4
0
13875
2
0
1315589437
4
0
13876
2
0
1315590461
4
0
13877
2
0
1315591485
4
0
13878
2
0
1315592509
4
0
13879
2
0
1315595069
4
0
13880
2
0
1315596093
4
0
13881
2
0
1315597117
4
0
13882
2
0
1315598141
4
0
13883
2
0
1315599165
4
0
13884
2
0
1315600189
4
0
13885
2
0
1315582013
4
0
13886
2
0
1315583037
4
0
13887
2
0
1315584061
4
0
13888
2
0
1315651901
4
0
13889
2
0
1315652925
4
0
13890
2
0
1315653949
4
0
13891
2
0
1315654973
4
0
13892
2
0
1315655997
4
0
13893
2
0
1315657021
4
0
13894
2
0
1315658045
4
0
13895
2
0
1315660605
4
0
13896
2
0
1315661629
4
0
13897
2
0
1315662653
4
0
13898
2
0
1315663677
4
0
13899
2
0
1315664701
4
0
13900
2
0
1315665725
4
0
13901
2
0
1315647549
4
0
13902
2
0
1315648573
4
0
13903
2
0
1315649597
4
0
13904
2
0
1315717437
4
0
13905
2
0
1315718461
4
0
13906
2
0
1315719485
4
0
13907
2
0
1315720509
4
0
13908
2
0
1315721533
4
0
13909
2
0
1315722557
4
0
13910
2
0
1315723581
4
0
13911
2
0
1315726141
4
0
13912
2
0
1315727165
4
0
13913
2
0
1315728189
4
0
13914
2
0
1315729213
4
0
13915
2
0
1315730237
4
0
13916
2
0
1315731261
4
0
13917
2
0
1315713085
4
0
13918
2
0
1315714109
4
0
13919
2
0
1315715133
4
0
13920
2
0
1315782973
4
0
13921
2
0
1315783997
4
0
13922
2
0
1315785021
4
0
13923
2
0
1315786045
4
0
13924
2
0
1315787069
4
0
13925
2
0
1315788093
4
0
13926
2
0
1315789117
4
0
13927
2
0
1315791677
4
0
13928
2
0
1315792701
4
0
13929
2
0
1315793725
4
0
13930
2
0
1315794749
4
0
13931
2
0
1315795773
4
0
13932
2
0
1315796797
4
0
13933
2
0
1315778621
4
0
13934
2
0
1315779645
4
0
13935
2
0
1315780669
4
0
13936
2
0
1315848509
4
0
13937
2
0
1315849533
4
0
13938
2
0
1315850557
4
0
13939
2
0
1315851581
4
0
13940
2
0
1315852605
4
0
13941
2
0
1315853629
4
0
13942
2
0
1315854653
4
0
13943
2
0
1315857213
4
0
13944
2
0
1315858237
4
0
13945
2
0
1315859261
4
0
13946
2
0
1315860285
4
0
13947
2
0
1315861309
4
0
13948
2
0
1315862333
4
0
13949
2
0
1315844157
4
0
13950
2
0
1315845181
4
0
13951
2
0
1315846205
4
0
13952
2
0
1315914045
4
0
13953
2
0
1315915069
4
0
13954
2
0
1315916093
4
0
13955
2
0
1315917117
4
0
13956
2
0
1315918141
4
0
13957
2
0
1315919165
4
0
13958
2
0
1315920189
4
0
13959
2
0
1315922749
4
0
13960
2
0
1315923773
4
0
13961
2
0
1315924797
4
0
13962
2
0
1315925821
4
0
13963
2
0
1315926845
4
0
13964
2
0
1315927869
4
0
13965
2
0
1315909693
4
0
13966
2
0
1315910717
4
0
13967
2
0
1315911741
4
0
13968
2
0
1315979581
4
0
13969
2
0
1315980605
4
0
13970
2
0
1315981629
4
0
13971
2
0
1315982653
4
0
13972
2
0
1315983677
4
0
13973
2
0
1315984701
4
0
13974
2
0
1315985725
4
0
13975
2
0
1315988285
4
0
13976
2
0
1315989309
4
0
13977
2
0
1315990333
4
0
13978
2
0
1315991357
4
0
13979
2
0
1315992381
4
0
13980
2
0
1315993405
4
0
13981
2
0
1315975229
4
0
13982
2
0
1315976253
4
0
13983
2
0
1315977277
4
0
13984
2
0
1316045117
4
0
13985
2
0
1316046141
4
0
13986
2
0
1316047165
4
0
13987
2
0
1316048189
4
0
13988
2
0
1316049213
4
0
13989
2
0
1316050237
4
0
13990
2
0
1316051261
4
0
13991
2
0
1316053821
4
0
13992
2
0
1316054845
4
0
13993
2
0
1316055869
4
0
13994
2
0
1316056893
4
0
13995
2
0
1316057917
4
0
13996
2
0
1316058941
4
0
13997
2
0
1316040765
4
0
13998
2
0
1316041789
4
0
13999
2
0
1316042813
4
0
14000
2
0
1316110653
4
0
14001
2
0
1316111677
4
0
14002
2
0
1316112701
4
0
14003
2
0
1316113725
4
0
14004
2
0
1316114749
4
0
14005
2
0
1316115773
4
0
14006
2
0
1316116797
4
0
14007
2
0
1316119357
4
0
14008
2
0
1316120381
4
0
14009
2
0
1316121405
4
0
14010
2
0
1316122429
4
0
14011
2
0
1316123453
4
0
14012
2
0
1316124477
4
0
14013
2
0
1316106301
4
0
14014
2
0
1316107325
4
0
14015
2
0
1316108349
4
0
14016
2
0
1316176189
4
0
14017
2
0
1316177213
4
0
14018
2
0
1316178237
4
0
14019
2
0
1316179261
4
0
14020
2
0
1316180285
4
0
14021
2
0
1316181309
4
0
14022
2
0
1316182333
4
0
14023
2
0
1316184893
4
0
14024
2
0
1316185917
4
0
14025
2
0
1316186941
4
0
14026
2
0
1316187965
4
0
14027
2
0
1316188989
4
0
14028
2
0
1316190013
4
0
14029
2
0
1316171837
4
0
14030
2
0
1316172861
4
0
14031
2
0
1316173885
4
0
14032
2
0
1316241725
4
0
14033
2
0
1316242749
4
0
14034
2
0
1316243773
4
0
14035
2
0
1316244797
4
0
14036
2
0
1316245821
4
0
14037
2
0
1316246845
4
0
14038
2
0
1316247869
4
0
14039
2
0
1316250429
4
0
14040
2
0
1316251453
4
0
14041
2
0
1316252477
4
0
14042
2
0
1316253501
4
0
14043
2
0
1316254525
4
0
14044
2
0
1316255549
4
0
14045
2
0
1316237373
4
0
14046
2
0
1316238397
4
0
14047
2
0
1316239421
4
0
14048
2
0
1316307261
4
0
14049
2
0
1316308285
4
0
14050
2
0
1316309309
4
0
14051
2
0
1316310333
4
0
14052
2
0
1316311357
4
0
14053
2
0
1316312381
4
0
14054
2
0
1316313405
4
0
14055
2
0
1316315965
4
0
14056
2
0
1316316989
4
0
14057
2
0
1316318013
4
0
14058
2
0
1316319037
4
0
14059
2
0
1316320061
4
0
14060
2
0
1316321085
4
0
14061
2
0
1316302909
4
0
14062
2
0
1316303933
4
0
14063
2
0
1316304957
4
0
14064
2
0
1316372797
4
0
14065
2
0
1316373821
4
0
14066
2
0
1316374845
4
0
14067
2
0
1316375869
4
0
14068
2
0
1316376893
4
0
14069
2
0
1316377917
4
0
14070
2
0
1316378941
4
0
14071
2
0
1316381501
4
0
14072
2
0
1316382525
4
0
14073
2
0
1316383549
4
0
14074
2
0
1316384573
4
0
14075
2
0
1316385597
4
0
14076
2
0
1316386621
4
0
14077
2
0
1316368445
4
0
14078
2
0
1316369469
4
0
14079
2
0
1316370493
4
0
14080
2
0
1316438333
4
0
14081
2
0
1316439357
4
0
14082
2
0
1316440381
4
0
14083
2
0
1316441405
4
0
14084
2
0
1316442429
4
0
14085
2
0
1316443453
4
0
14086
2
0
1316444477
4
0
14087
2
0
1316447037
4
0
14088
2
0
1316448061
4
0
14089
2
0
1316449085
4
0
14090
2
0
1316450109
4
0
14091
2
0
1316451133
4
0
14092
2
0
1316452157
4
0
14093
2
0
1316433981
4
0
14094
2
0
1316435005
4
0
14095
2
0
1316436029
4
0
14096
2
0
1316503869
4
0
14097
2
0
1316504893
4
0
14098
2
0
1316505917
4
0
14099
2
0
1316506941
4
0
14100
2
0
1316507965
4
0
14101
2
0
1316508989
4
0
14102
2
0
1316510013
4
0
14103
2
0
1316512573
4
0
14104
2
0
1316513597
4
0
14105
2
0
1316514621
4
0
14106
2
0
1316515645
4
0
14107
2
0
1316516669
4
0
14108
2
0
1316517693
4
0
14109
2
0
1316499517
4
0
14110
2
0
1316500541
4
0
14111
2
0
1316501565
4
0
14112
2
0
1316569405
4
0
14113
2
0
1316570429
4
0
14114
2
0
1316571453
4
0
14115
2
0
1316572477
4
0
14116
2
0
1316573501
4
0
14117
2
0
1316574525
4
0
14118
2
0
1316575549
4
0
14119
2
0
1316578109
4
0
14120
2
0
1316579133
4
0
14121
2
0
1316580157
4
0
14122
2
0
1316581181
4
0
14123
2
0
1316582205
4
0
14124
2
0
1316583229
4
0
14125
2
0
1316565053
4
0
14126
2
0
1316566077
4
0
14127
2
0
1316567101
4
0
14128
2
0
1316634941
4
0
14129
2
0
1316635965
4
0
14130
2
0
1316636989
4
0
14131
2
0
1316638013
4
0
14132
2
0
1316639037
4
0
14133
2
0
1316640061
4
0
14134
2
0
1316641085
4
0
14135
2
0
1316643645
4
0
14136
2
0
1316644669
4
0
14137
2
0
1316645693
4
0
14138
2
0
1316646717
4
0
14139
2
0
1316647741
4
0
14140
2
0
1316648765
4
0
14141
2
0
1316630589
4
0
14142
2
0
1316631613
4
0
14143
2
0
1316632637
4
0
14144
2
0
1311785277
4
0
14145
2
0
1311786301
4
0
14146
2
0
1311787325
4
0
14147
2
0
1311788349
4
0
14148
2
0
1311789373
4
0
14149
2
0
1311790397
4
0
14150
2
0
1311791421
4
0
14151
2
0
1311793981
4
0
14152
2
0
1311795005
4
0
14153
2
0
1311796029
4
0
14154
2
0
1311797053
4
0
14155
2
0
1311798077
4
0
14156
2
0
1311799101
4
0
14157
2
0
1311780925
4
0
14158
2
0
1311781949
4
0
14159
2
0
1311782973
4
0
14160
2
0
1311850813
4
0
14161
2
0
1311851837
4
0
14162
2
0
1311852861
4
0
14163
2
0
1311853885
4
0
14164
2
0
1311854909
4
0
14165
2
0
1311855933
4
0
14166
2
0
1311856957
4
0
14167
2
0
1311859517
4
0
14168
2
0
1311860541
4
0
14169
2
0
1311861565
4
0
14170
2
0
1311862589
4
0
14171
2
0
1311863613
4
0
14172
2
0
1311864637
4
0
14173
2
0
1311846461
4
0
14174
2
0
1311847485
4
0
14175
2
0
1311848509
4
0
14176
2
0
1311916349
4
0
14177
2
0
1311917373
4
0
14178
2
0
1311918397
4
0
14179
2
0
1311919421
4
0
14180
2
0
1311920445
4
0
14181
2
0
1311921469
4
0
14182
2
0
1311922493
4
0
14183
2
0
1311925053
4
0
14184
2
0
1311926077
4
0
14185
2
0
1311927101
4
0
14186
2
0
1311928125
4
0
14187
2
0
1311929149
4
0
14188
2
0
1311930173
4
0
14189
2
0
1311911997
4
0
14190
2
0
1311913021
4
0
14191
2
0
1311914045
4
0
14192
2
0
1311981885
4
0
14193
2
0
1311982909
4
0
14194
2
0
1311983933
4
0
14195
2
0
1311984957
4
0
14196
2
0
1311985981
4
0
14197
2
0
1311987005
4
0
14198
2
0
1311988029
4
0
14199
2
0
1311990589
4
0
14200
2
0
1311991613
4
0
14201
2
0
1311992637
4
0
14202
2
0
1311993661
4
0
14203
2
0
1311994685
4
0
14204
2
0
1311995709
4
0
14205
2
0
1311977533
4
0
14206
2
0
1311978557
4
0
14207
2
0
1311979581
4
0
14208
2
0
1312047421
4
0
14209
2
0
1312048445
4
0
14210
2
0
1312049469
4
0
14211
2
0
1312050493
4
0
14212
2
0
1312051517
4
0
14213
2
0
1312052541
4
0
14214
2
0
1312053565
4
0
14215
2
0
1312056125
4
0
14216
2
0
1312057149
4
0
14217
2
0
1312058173
4
0
14218
2
0
1312059197
4
0
14219
2
0
1312060221
4
0
14220
2
0
1312061245
4
0
14221
2
0
1312043069
4
0
14222
2
0
1312044093
4
0
14223
2
0
1312045117
4
0
14224
2
0
1312112957
4
0
14225
2
0
1312113981
4
0
14226
2
0
1312115005
4
0
14227
2
0
1312116029
4
0
14228
2
0
1312117053
4
0
14229
2
0
1312118077
4
0
14230
2
0
1312119101
4
0
14231
2
0
1312121661
4
0
14232
2
0
1312122685
4
0
14233
2
0
1312123709
4
0
14234
2
0
1312124733
4
0
14235
2
0
1312125757
4
0
14236
2
0
1312126781
4
0
14237
2
0
1312108605
4
0
14238
2
0
1312109629
4
0
14239
2
0
1312110653
4
0
14240
2
0
1312178493
4
0
14241
2
0
1312179517
4
0
14242
2
0
1312180541
4
0
14243
2
0
1312181565
4
0
14244
2
0
1312182589
4
0
14245
2
0
1312183613
4
0
14246
2
0
1312184637
4
0
14247
2
0
1312187197
4
0
14248
2
0
1312188221
4
0
14249
2
0
1312189245
4
0
14250
2
0
1312190269
4
0
14251
2
0
1312191293
4
0
14252
2
0
1312192317
4
0
14253
2
0
1312174141
4
0
14254
2
0
1312175165
4
0
14255
2
0
1312176189
4
0
14256
2
0
1312244029
4
0
14257
2
0
1312245053
4
0
14258
2
0
1312246077
4
0
14259
2
0
1312247101
4
0
14260
2
0
1312248125
4
0
14261
2
0
1312249149
4
0
14262
2
0
1312250173
4
0
14263
2
0
1312252733
4
0
14264
2
0
1312253757
4
0
14265
2
0
1312254781
4
0
14266
2
0
1312255805
4
0
14267
2
0
1312256829
4
0
14268
2
0
1312257853
4
0
14269
2
0
1312239677
4
0
14270
2
0
1312240701
4
0
14271
2
0
1312241725
4
0
14272
2
0
1312309565
4
0
14273
2
0
1312310589
4
0
14274
2
0
1312311613
4
0
14275
2
0
1312312637
4
0
14276
2
0
1312313661
4
0
14277
2
0
1312314685
4
0
14278
2
0
1312315709
4
0
14279
2
0
1312318269
4
0
14280
2
0
1312319293
4
0
14281
2
0
1312320317
4
0
14282
2
0
1312321341
4
0
14283
2
0
1312322365
4
0
14284
2
0
1312323389
4
0
14285
2
0
1312305213
4
0
14286
2
0
1312306237
4
0
14287
2
0
1312307261
4
0
14288
2
0
1312375101
4
0
14289
2
0
1312376125
4
0
14290
2
0
1312377149
4
0
14291
2
0
1312378173
4
0
14292
2
0
1312379197
4
0
14293
2
0
1312380221
4
0
14294
2
0
1312381245
4
0
14295
2
0
1312383805
4
0
14296
2
0
1312384829
4
0
14297
2
0
1312385853
4
0
14298
2
0
1312386877
4
0
14299
2
0
1312387901
4
0
14300
2
0
1312388925
4
0
14301
2
0
1312370749
4
0
14302
2
0
1312371773
4
0
14303
2
0
1312372797
4
0
14304
2
0
1311457597
4
0
14305
2
0
1311458621
4
0
14306
2
0
1311459645
4
0
14307
2
0
1311460669
4
0
14308
2
0
1311461693
4
0
14309
2
0
1311462717
4
0
14310
2
0
1311463741
4
0
14311
2
0
1311466301
4
0
14312
2
0
1311467325
4
0
14313
2
0
1311468349
4
0
14314
2
0
1311469373
4
0
14315
2
0
1311470397
4
0
14316
2
0
1311471421
4
0
14317
2
0
1311453245
4
0
14318
2
0
1311454269
4
0
14319
2
0
1311455293
4
0
14320
2
0
1311719741
4
0
14321
2
0
1311720765
4
0
14322
2
0
1311721789
4
0
14323
2
0
1311722813
4
0
14324
2
0
1311723837
4
0
14325
2
0
1311724861
4
0
14326
2
0
1311725885
4
0
14327
2
0
1311728445
4
0
14328
2
0
1311729469
4
0
14329
2
0
1311730493
4
0
14330
2
0
1311731517
4
0
14331
2
0
1311732541
4
0
14332
2
0
1311733565
4
0
14333
2
0
1311715389
4
0
14334
2
0
1311716413
4
0
14335
2
0
1311717437
4
