1024
0
29696
2
0
1681998141
4
0
29697
2
0
1681999165
4
0
29698
2
0
1682000189
4
0
29699
2
0
1682001213
4
0
29700
2
0
1682002237
4
0
29701
2
0
1682003261
4
0
29702
2
0
1682004285
4
0
29703
2
0
1682006845
4
0
29704
2
0
1682007869
4
0
29705
2
0
1682008893
4
0
29706
2
0
1682009917
4
0
29707
2
0
1682010941
4
0
29708
2
0
1682011965
4
0
29709
2
0
1681993789
4
0
29710
2
0
1681994813
4
0
29711
2
0
1681995837
4
0
29712
2
0
1682063677
4
0
29713
2
0
1682064701
4
0
29714
2
0
1682065725
4
0
29715
2
0
1682066749
4
0
29716
2
0
1682067773
4
0
29717
2
0
1682068797
4
0
29718
2
0
1682069821
4
0
29719
2
0
1682072381
4
0
29720
2
0
1682073405
4
0
29721
2
0
1682074429
4
0
29722
2
0
1682075453
4
0
29723
2
0
1682076477
4
0
29724
2
0
1682077501
4
0
29725
2
0
1682059325
4
0
29726
2
0
1682060349
4
0
29727
2
0
1682061373
4
0
29728
2
0
1682129213
4
0
29729
2
0
1682130237
4
0
29730
2
0
1682131261
4
0
29731
2
0
1682132285
4
0
29732
2
0
1682133309
4
0
29733
2
0
1682134333
4
0
29734
2
0
1682135357
4
0
29735
2
0
1682137917
4
0
29736
2
0
1682138941
4
0
29737
2
0
1682139965
4
0
29738
2
0
1682140989
4
0
29739
2
0
1682142013
4
0
29740
2
0
1682143037
4
0
29741
2
0
1682124861
4
0
29742
2
0
1682125885
4
0
29743
2
0
1682126909
4
0
29744
2
0
1682194749
4
0
29745
2
0
1682195773
4
0
29746
2
0
1682196797
4
0
29747
2
0
1682197821
4
0
29748
2
0
1682198845
4
0
29749
2
0
1682199869
4
0
29750
2
0
1682200893
4
0
29751
2
0
1682203453
4
0
29752
2
0
1682204477
4
0
29753
2
0
1682205501
4
0
29754
2
0
1682206525
4
0
29755
2
0
1682207549
4
0
29756
2
0
1682208573
4
0
29757
2
0
1682190397
4
0
29758
2
0
1682191421
4
0
29759
2
0
1682192445
4
0
29760
2
0
1682260285
4
0
29761
2
0
1682261309
4
0
29762
2
0
1682262333
4
0
29763
2
0
1682263357
4
0
29764
2
0
1682264381
4
0
29765
2
0
1682265405
4
0
29766
2
0
1682266429
4
0
29767
2
0
1682268989
4
0
29768
2
0
1682270013
4
0
29769
2
0
1682271037
4
0
29770
2
0
1682272061
4
0
29771
2
0
1682273085
4
0
29772
2
0
1682274109
4
0
29773
2
0
1682255933
4
0
29774
2
0
1682256957
4
0
29775
2
0
1682257981
4
0
29776
2
0
1682325821
4
0
29777
2
0
1682326845
4
0
29778
2
0
1682327869
4
0
29779
2
0
1682328893
4
0
29780
2
0
1682329917
4
0
29781
2
0
1682330941
4
0
29782
2
0
1682331965
4
0
29783
2
0
1682334525
4
0
29784
2
0
1682335549
4
0
29785
2
0
1682336573
4
0
29786
2
0
1682337597
4
0
29787
2
0
1682338621
4
0
29788
2
0
1682339645
4
0
29789
2
0
1682321469
4
0
29790
2
0
1682322493
4
0
29791
2
0
1682323517
4
0
29792
2
0
1682391357
4
0
29793
2
0
1682392381
4
0
29794
2
0
1682393405
4
0
29795
2
0
1682394429
4
0
29796
2
0
1682395453
4
0
29797
2
0
1682396477
4
0
29798
2
0
1682397501
4
0
29799
2
0
1682400061
4
0
29800
2
0
1682401085
4
0
29801
2
0
1682402109
4
0
29802
2
0
1682403133
4
0
29803
2
0
1682404157
4
0
29804
2
0
1682405181
4
0
29805
2
0
1682387005
4
0
29806
2
0
1682388029
4
0
29807
2
0
1682389053
4
0
29808
2
0
1682456893
4
0
29809
2
0
1682457917
4
0
29810
2
0
1682458941
4
0
29811
2
0
1682459965
4
0
29812
2
0
1682460989
4
0
29813
2
0
1682462013
4
0
29814
2
0
1682463037
4
0
29815
2
0
1682465597
4
0
29816
2
0
1682466621
4
0
29817
2
0
1682467645
4
0
29818
2
0
1682468669
4
0
29819
2
0
1682469693
4
0
29820
2
0
1682470717
4
0
29821
2
0
1682452541
4
0
29822
2
0
1682453565
4
0
29823
2
0
1682454589
4
0
29824
2
0
1682522429
4
0
29825
2
0
1682523453
4
0
29826
2
0
1682524477
4
0
29827
2
0
1682525501
4
0
29828
2
0
1682526525
4
0
29829
2
0
1682527549
4
0
29830
2
0
1682528573
4
0
29831
2
0
1682531133
4
0
29832
2
0
1682532157
4
0
29833
2
0
1682533181
4
0
29834
2
0
1682534205
4
0
29835
2
0
1682535229
4
0
29836
2
0
1682536253
4
0
29837
2
0
1682518077
4
0
29838
2
0
1682519101
4
0
29839
2
0
1682520125
4
0
29840
2
0
1682587965
4
0
29841
2
0
1682588989
4
0
29842
2
0
1682590013
4
0
29843
2
0
1682591037
4
0
29844
2
0
1682592061
4
0
29845
2
0
1682593085
4
0
29846
2
0
1682594109
4
0
29847
2
0
1682596669
4
0
29848
2
0
1682597693
4
0
29849
2
0
1682598717
4
0
29850
2
0
1682599741
4
0
29851
2
0
1682600765
4
0
29852
2
0
1682601789
4
0
29853
2
0
1682583613
4
0
29854
2
0
1682584637
4
0
29855
2
0
1682585661
4
0
29856
2
0
1682653501
4
0
29857
2
0
1682654525
4
0
29858
2
0
1682655549
4
0
29859
2
0
1682656573
4
0
29860
2
0
1682657597
4
0
29861
2
0
1682658621
4
0
29862
2
0
1682659645
4
0
29863
2
0
1682662205
4
0
29864
2
0
1682663229
4
0
29865
2
0
1682664253
4
0
29866
2
0
1682665277
4
0
29867
2
0
1682666301
4
0
29868
2
0
1682667325
4
0
29869
2
0
1682649149
4
0
29870
2
0
1682650173
4
0
29871
2
0
1682651197
4
0
29872
2
0
1682719037
4
0
29873
2
0
1682720061
4
0
29874
2
0
1682721085
4
0
29875
2
0
1682722109
4
0
29876
2
0
1682723133
4
0
29877
2
0
1682724157
4
0
29878
2
0
1682725181
4
0
29879
2
0
1682727741
4
0
29880
2
0
1682728765
4
0
29881
2
0
1682729789
4
0
29882
2
0
1682730813
4
0
29883
2
0
1682731837
4
0
29884
2
0
1682732861
4
0
29885
2
0
1682714685
4
0
29886
2
0
1682715709
4
0
29887
2
0
1682716733
4
0
29888
2
0
1682784573
4
0
29889
2
0
1682785597
4
0
29890
2
0
1682786621
4
0
29891
2
0
1682787645
4
0
29892
2
0
1682788669
4
0
29893
2
0
1682789693
4
0
29894
2
0
1682790717
4
0
29895
2
0
1682793277
4
0
29896
2
0
1682794301
4
0
29897
2
0
1682795325
4
0
29898
2
0
1682796349
4
0
29899
2
0
1682797373
4
0
29900
2
0
1682798397
4
0
29901
2
0
1682780221
4
0
29902
2
0
1682781245
4
0
29903
2
0
1682782269
4
0
29904
2
0
1682850109
4
0
29905
2
0
1682851133
4
0
29906
2
0
1682852157
4
0
29907
2
0
1682853181
4
0
29908
2
0
1682854205
4
0
29909
2
0
1682855229
4
0
29910
2
0
1682856253
4
0
29911
2
0
1682858813
4
0
29912
2
0
1682859837
4
0
29913
2
0
1682860861
4
0
29914
2
0
1682861885
4
0
29915
2
0
1682862909
4
0
29916
2
0
1682863933
4
0
29917
2
0
1682845757
4
0
29918
2
0
1682846781
4
0
29919
2
0
1682847805
4
0
29920
2
0
1682915645
4
0
29921
2
0
1682916669
4
0
29922
2
0
1682917693
4
0
29923
2
0
1682918717
4
0
29924
2
0
1682919741
4
0
29925
2
0
1682920765
4
0
29926
2
0
1682921789
4
0
29927
2
0
1682924349
4
0
29928
2
0
1682925373
4
0
29929
2
0
1682926397
4
0
29930
2
0
1682927421
4
0
29931
2
0
1682928445
4
0
29932
2
0
1682929469
4
0
29933
2
0
1682911293
4
0
29934
2
0
1682912317
4
0
29935
2
0
1682913341
4
0
29936
2
0
1682981181
4
0
29937
2
0
1682982205
4
0
29938
2
0
1682983229
4
0
29939
2
0
1682984253
4
0
29940
2
0
1682985277
4
0
29941
2
0
1682986301
4
0
29942
2
0
1682987325
4
0
29943
2
0
1682989885
4
0
29944
2
0
1682990909
4
0
29945
2
0
1682991933
4
0
29946
2
0
1682992957
4
0
29947
2
0
1682993981
4
0
29948
2
0
1682995005
4
0
29949
2
0
1682976829
4
0
29950
2
0
1682977853
4
0
29951
2
0
1682978877
4
0
29952
2
0
1683046717
4
0
29953
2
0
1683047741
4
0
29954
2
0
1683048765
4
0
29955
2
0
1683049789
4
0
29956
2
0
1683050813
4
0
29957
2
0
1683051837
4
0
29958
2
0
1683052861
4
0
29959
2
0
1683055421
4
0
29960
2
0
1683056445
4
0
29961
2
0
1683057469
4
0
29962
2
0
1683058493
4
0
29963
2
0
1683059517
4
0
29964
2
0
1683060541
4
0
29965
2
0
1683042365
4
0
29966
2
0
1683043389
4
0
29967
2
0
1683044413
4
0
29968
2
0
1683112253
4
0
29969
2
0
1683113277
4
0
29970
2
0
1683114301
4
0
29971
2
0
1683115325
4
0
29972
2
0
1683116349
4
0
29973
2
0
1683117373
4
0
29974
2
0
1683118397
4
0
29975
2
0
1683120957
4
0
29976
2
0
1683121981
4
0
29977
2
0
1683123005
4
0
29978
2
0
1683124029
4
0
29979
2
0
1683125053
4
0
29980
2
0
1683126077
4
0
29981
2
0
1683107901
4
0
29982
2
0
1683108925
4
0
29983
2
0
1683109949
4
0
29984
2
0
1683177789
4
0
29985
2
0
1683178813
4
0
29986
2
0
1683179837
4
0
29987
2
0
1683180861
4
0
29988
2
0
1683181885
4
0
29989
2
0
1683182909
4
0
29990
2
0
1683183933
4
0
29991
2
0
1683186493
4
0
29992
2
0
1683187517
4
0
29993
2
0
1683188541
4
0
29994
2
0
1683189565
4
0
29995
2
0
1683190589
4
0
29996
2
0
1683191613
4
0
29997
2
0
1683173437
4
0
29998
2
0
1683174461
4
0
29999
2
0
1683175485
4
0
30000
2
0
1683243325
4
0
30001
2
0
1683244349
4
0
30002
2
0
1683245373
4
0
30003
2
0
1683246397
4
0
30004
2
0
1683247421
4
0
30005
2
0
1683248445
4
0
30006
2
0
1683249469
4
0
30007
2
0
1683252029
4
0
30008
2
0
1683253053
4
0
30009
2
0
1683254077
4
0
30010
2
0
1683255101
4
0
30011
2
0
1683256125
4
0
30012
2
0
1683257149
4
0
30013
2
0
1683238973
4
0
30014
2
0
1683239997
4
0
30015
2
0
1683241021
4
0
30016
2
0
1683308861
4
0
30017
2
0
1683309885
4
0
30018
2
0
1683310909
4
0
30019
2
0
1683311933
4
0
30020
2
0
1683312957
4
0
30021
2
0
1683313981
4
0
30022
2
0
1683315005
4
0
30023
2
0
1683317565
4
0
30024
2
0
1683318589
4
0
30025
2
0
1683319613
4
0
30026
2
0
1683320637
4
0
30027
2
0
1683321661
4
0
30028
2
0
1683322685
4
0
30029
2
0
1683304509
4
0
30030
2
0
1683305533
4
0
30031
2
0
1683306557
4
0
30032
2
0
1683374397
4
0
30033
2
0
1683375421
4
0
30034
2
0
1683376445
4
0
30035
2
0
1683377469
4
0
30036
2
0
1683378493
4
0
30037
2
0
1683379517
4
0
30038
2
0
1683380541
4
0
30039
2
0
1683383101
4
0
30040
2
0
1683384125
4
0
30041
2
0
1683385149
4
0
30042
2
0
1683386173
4
0
30043
2
0
1683387197
4
0
30044
2
0
1683388221
4
0
30045
2
0
1683370045
4
0
30046
2
0
1683371069
4
0
30047
2
0
1683372093
4
0
30048
2
0
1683439933
4
0
30049
2
0
1683440957
4
0
30050
2
0
1683441981
4
0
30051
2
0
1683443005
4
0
30052
2
0
1683444029
4
0
30053
2
0
1683445053
4
0
30054
2
0
1683446077
4
0
30055
2
0
1683448637
4
0
30056
2
0
1683449661
4
0
30057
2
0
1683450685
4
0
30058
2
0
1683451709
4
0
30059
2
0
1683452733
4
0
30060
2
0
1683453757
4
0
30061
2
0
1683435581
4
0
30062
2
0
1683436605
4
0
30063
2
0
1683437629
4
0
30064
2
0
1683505469
4
0
30065
2
0
1683506493
4
0
30066
2
0
1683507517
4
0
30067
2
0
1683508541
4
0
30068
2
0
1683509565
4
0
30069
2
0
1683510589
4
0
30070
2
0
1683511613
4
0
30071
2
0
1683514173
4
0
30072
2
0
1683515197
4
0
30073
2
0
1683516221
4
0
30074
2
0
1683517245
4
0
30075
2
0
1683518269
4
0
30076
2
0
1683519293
4
0
30077
2
0
1683501117
4
0
30078
2
0
1683502141
4
0
30079
2
0
1683503165
4
0
30080
2
0
1683571005
4
0
30081
2
0
1683572029
4
0
30082
2
0
1683573053
4
0
30083
2
0
1683574077
4
0
30084
2
0
1683575101
4
0
30085
2
0
1683576125
4
0
30086
2
0
1683577149
4
0
30087
2
0
1683579709
4
0
30088
2
0
1683580733
4
0
30089
2
0
1683581757
4
0
30090
2
0
1683582781
4
0
30091
2
0
1683583805
4
0
30092
2
0
1683584829
4
0
30093
2
0
1683566653
4
0
30094
2
0
1683567677
4
0
30095
2
0
1683568701
4
0
30096
2
0
1683636541
4
0
30097
2
0
1683637565
4
0
30098
2
0
1683638589
4
0
30099
2
0
1683639613
4
0
30100
2
0
1683640637
4
0
30101
2
0
1683641661
4
0
30102
2
0
1683642685
4
0
30103
2
0
1683645245
4
0
30104
2
0
1683646269
4
0
30105
2
0
1683647293
4
0
30106
2
0
1683648317
4
0
30107
2
0
1683649341
4
0
30108
2
0
1683650365
4
0
30109
2
0
1683632189
4
0
30110
2
0
1683633213
4
0
30111
2
0
1683634237
4
0
30112
2
0
1684095293
4
0
30113
2
0
1684096317
4
0
30114
2
0
1684097341
4
0
30115
2
0
1684098365
4
0
30116
2
0
1684099389
4
0
30117
2
0
1684100413
4
0
30118
2
0
1684101437
4
0
30119
2
0
1684103997
4
0
30120
2
0
1684105021
4
0
30121
2
0
1684106045
4
0
30122
2
0
1684107069
4
0
30123
2
0
1684108093
4
0
30124
2
0
1684109117
4
0
30125
2
0
1684090941
4
0
30126
2
0
1684091965
4
0
30127
2
0
1684092989
4
0
30128
2
0
1684160829
4
0
30129
2
0
1684161853
4
0
30130
2
0
1684162877
4
0
30131
2
0
1684163901
4
0
30132
2
0
1684164925
4
0
30133
2
0
1684165949
4
0
30134
2
0
1684166973
4
0
30135
2
0
1684169533
4
0
30136
2
0
1684170557
4
0
30137
2
0
1684171581
4
0
30138
2
0
1684172605
4
0
30139
2
0
1684173629
4
0
30140
2
0
1684174653
4
0
30141
2
0
1684156477
4
0
30142
2
0
1684157501
4
0
30143
2
0
1684158525
4
0
30144
2
0
1684226365
4
0
30145
2
0
1684227389
4
0
30146
2
0
1684228413
4
0
30147
2
0
1684229437
4
0
30148
2
0
1684230461
4
0
30149
2
0
1684231485
4
0
30150
2
0
1684232509
4
0
30151
2
0
1684235069
4
0
30152
2
0
1684236093
4
0
30153
2
0
1684237117
4
0
30154
2
0
1684238141
4
0
30155
2
0
1684239165
4
0
30156
2
0
1684240189
4
0
30157
2
0
1684222013
4
0
30158
2
0
1684223037
4
0
30159
2
0
1684224061
4
0
30160
2
0
1684291901
4
0
30161
2
0
1684292925
4
0
30162
2
0
1684293949
4
0
30163
2
0
1684294973
4
0
30164
2
0
1684295997
4
0
30165
2
0
1684297021
4
0
30166
2
0
1684298045
4
0
30167
2
0
1684300605
4
0
30168
2
0
1684301629
4
0
30169
2
0
1684302653
4
0
30170
2
0
1684303677
4
0
30171
2
0
1684304701
4
0
30172
2
0
1684305725
4
0
30173
2
0
1684287549
4
0
30174
2
0
1684288573
4
0
30175
2
0
1684289597
4
0
30176
2
0
1684357437
4
0
30177
2
0
1684358461
4
0
30178
2
0
1684359485
4
0
30179
2
0
1684360509
4
0
30180
2
0
1684361533
4
0
30181
2
0
1684362557
4
0
30182
2
0
1684363581
4
0
30183
2
0
1684366141
4
0
30184
2
0
1684367165
4
0
30185
2
0
1684368189
4
0
30186
2
0
1684369213
4
0
30187
2
0
1684370237
4
0
30188
2
0
1684371261
4
0
30189
2
0
1684353085
4
0
30190
2
0
1684354109
4
0
30191
2
0
1684355133
4
0
30192
2
0
1684422973
4
0
30193
2
0
1684423997
4
0
30194
2
0
1684425021
4
0
30195
2
0
1684426045
4
0
30196
2
0
1684427069
4
0
30197
2
0
1684428093
4
0
30198
2
0
1684429117
4
0
30199
2
0
1684431677
4
0
30200
2
0
1684432701
4
0
30201
2
0
1684433725
4
0
30202
2
0
1684434749
4
0
30203
2
0
1684435773
4
0
30204
2
0
1684436797
4
0
30205
2
0
1684418621
4
0
30206
2
0
1684419645
4
0
30207
2
0
1684420669
4
0
30208
2
0
1684488509
4
0
30209
2
0
1684489533
4
0
30210
2
0
1684490557
4
0
30211
2
0
1684491581
4
0
30212
2
0
1684492605
4
0
30213
2
0
1684493629
4
0
30214
2
0
1684494653
4
0
30215
2
0
1684497213
4
0
30216
2
0
1684498237
4
0
30217
2
0
1684499261
4
0
30218
2
0
1684500285
4
0
30219
2
0
1684501309
4
0
30220
2
0
1684502333
4
0
30221
2
0
1684484157
4
0
30222
2
0
1684485181
4
0
30223
2
0
1684486205
4
0
30224
2
0
1684554045
4
0
30225
2
0
1684555069
4
0
30226
2
0
1684556093
4
0
30227
2
0
1684557117
4
0
30228
2
0
1684558141
4
0
30229
2
0
1684559165
4
0
30230
2
0
1684560189
4
0
30231
2
0
1684562749
4
0
30232
2
0
1684563773
4
0
30233
2
0
1684564797
4
0
30234
2
0
1684565821
4
0
30235
2
0
1684566845
4
0
30236
2
0
1684567869
4
0
30237
2
0
1684549693
4
0
30238
2
0
1684550717
4
0
30239
2
0
1684551741
4
0
30240
2
0
1684619581
4
0
30241
2
0
1684620605
4
0
30242
2
0
1684621629
4
0
30243
2
0
1684622653
4
0
30244
2
0
1684623677
4
0
30245
2
0
1684624701
4
0
30246
2
0
1684625725
4
0
30247
2
0
1684628285
4
0
30248
2
0
1684629309
4
0
30249
2
0
1684630333
4
0
30250
2
0
1684631357
4
0
30251
2
0
1684632381
4
0
30252
2
0
1684633405
4
0
30253
2
0
1684615229
4
0
30254
2
0
1684616253
4
0
30255
2
0
1684617277
4
0
30256
2
0
1684685117
4
0
30257
2
0
1684686141
4
0
30258
2
0
1684687165
4
0
30259
2
0
1684688189
4
0
30260
2
0
1684689213
4
0
30261
2
0
1684690237
4
0
30262
2
0
1684691261
4
0
30263
2
0
1684693821
4
0
30264
2
0
1684694845
4
0
30265
2
0
1684695869
4
0
30266
2
0
1684696893
4
0
30267
2
0
1684697917
4
0
30268
2
0
1684698941
4
0
30269
2
0
1684680765
4
0
30270
2
0
1684681789
4
0
30271
2
0
1684682813
4
0
30272
2
0
1684750653
4
0
30273
2
0
1684751677
4
0
30274
2
0
1684752701
4
0
30275
2
0
1684753725
4
0
30276
2
0
1684754749
4
0
30277
2
0
1684755773
4
0
30278
2
0
1684756797
4
0
30279
2
0
1684759357
4
0
30280
2
0
1684760381
4
0
30281
2
0
1684761405
4
0
30282
2
0
1684762429
4
0
30283
2
0
1684763453
4
0
30284
2
0
1684764477
4
0
30285
2
0
1684746301
4
0
30286
2
0
1684747325
4
0
30287
2
0
1684748349
4
0
30288
2
0
1684816189
4
0
30289
2
0
1684817213
4
0
30290
2
0
1684818237
4
0
30291
2
0
1684819261
4
0
30292
2
0
1684820285
4
0
30293
2
0
1684821309
4
0
30294
2
0
1684822333
4
0
30295
2
0
1684824893
4
0
30296
2
0
1684825917
4
0
30297
2
0
1684826941
4
0
30298
2
0
1684827965
4
0
30299
2
0
1684828989
4
0
30300
2
0
1684830013
4
0
30301
2
0
1684811837
4
0
30302
2
0
1684812861
4
0
30303
2
0
1684813885
4
0
30304
2
0
1684881725
4
0
30305
2
0
1684882749
4
0
30306
2
0
1684883773
4
0
30307
2
0
1684884797
4
0
30308
2
0
1684885821
4
0
30309
2
0
1684886845
4
0
30310
2
0
1684887869
4
0
30311
2
0
1684890429
4
0
30312
2
0
1684891453
4
0
30313
2
0
1684892477
4
0
30314
2
0
1684893501
4
0
30315
2
0
1684894525
4
0
30316
2
0
1684895549
4
0
30317
2
0
1684877373
4
0
30318
2
0
1684878397
4
0
30319
2
0
1684879421
4
0
30320
2
0
1684947261
4
0
30321
2
0
1684948285
4
0
30322
2
0
1684949309
4
0
30323
2
0
1684950333
4
0
30324
2
0
1684951357
4
0
30325
2
0
1684952381
4
0
30326
2
0
1684953405
4
0
30327
2
0
1684955965
4
0
30328
2
0
1684956989
4
0
30329
2
0
1684958013
4
0
30330
2
0
1684959037
4
0
30331
2
0
1684960061
4
0
30332
2
0
1684961085
4
0
30333
2
0
1684942909
4
0
30334
2
0
1684943933
4
0
30335
2
0
1684944957
4
0
30336
2
0
1685012797
4
0
30337
2
0
1685013821
4
0
30338
2
0
1685014845
4
0
30339
2
0
1685015869
4
0
30340
2
0
1685016893
4
0
30341
2
0
1685017917
4
0
30342
2
0
1685018941
4
0
30343
2
0
1685021501
4
0
30344
2
0
1685022525
4
0
30345
2
0
1685023549
4
0
30346
2
0
1685024573
4
0
30347
2
0
1685025597
4
0
30348
2
0
1685026621
4
0
30349
2
0
1685008445
4
0
30350
2
0
1685009469
4
0
30351
2
0
1685010493
4
0
30352
2
0
1685078333
4
0
30353
2
0
1685079357
4
0
30354
2
0
1685080381
4
0
30355
2
0
1685081405
4
0
30356
2
0
1685082429
4
0
30357
2
0
1685083453
4
0
30358
2
0
1685084477
4
0
30359
2
0
1685087037
4
0
30360
2
0
1685088061
4
0
30361
2
0
1685089085
4
0
30362
2
0
1685090109
4
0
30363
2
0
1685091133
4
0
30364
2
0
1685092157
4
0
30365
2
0
1685073981
4
0
30366
2
0
1685075005
4
0
30367
2
0
1685076029
4
0
30368
2
0
1685143869
4
0
30369
2
0
1685144893
4
0
30370
2
0
1685145917
4
0
30371
2
0
1685146941
4
0
30372
2
0
1685147965
4
0
30373
2
0
1685148989
4
0
30374
2
0
1685150013
4
0
30375
2
0
1685152573
4
0
30376
2
0
1685153597
4
0
30377
2
0
1685154621
4
0
30378
2
0
1685155645
4
0
30379
2
0
1685156669
4
0
30380
2
0
1685157693
4
0
30381
2
0
1685139517
4
0
30382
2
0
1685140541
4
0
30383
2
0
1685141565
4
0
30384
2
0
1685209405
4
0
30385
2
0
1685210429
4
0
30386
2
0
1685211453
4
0
30387
2
0
1685212477
4
0
30388
2
0
1685213501
4
0
30389
2
0
1685214525
4
0
30390
2
0
1685215549
4
0
30391
2
0
1685218109
4
0
30392
2
0
1685219133
4
0
30393
2
0
1685220157
4
0
30394
2
0
1685221181
4
0
30395
2
0
1685222205
4
0
30396
2
0
1685223229
4
0
30397
2
0
1685205053
4
0
30398
2
0
1685206077
4
0
30399
2
0
1685207101
4
0
30400
2
0
1685274941
4
0
30401
2
0
1685275965
4
0
30402
2
0
1685276989
4
0
30403
2
0
1685278013
4
0
30404
2
0
1685279037
4
0
30405
2
0
1685280061
4
0
30406
2
0
1685281085
4
0
30407
2
0
1685283645
4
0
30408
2
0
1685284669
4
0
30409
2
0
1685285693
4
0
30410
2
0
1685286717
4
0
30411
2
0
1685287741
4
0
30412
2
0
1685288765
4
0
30413
2
0
1685270589
4
0
30414
2
0
1685271613
4
0
30415
2
0
1685272637
4
0
30416
2
0
1685340477
4
0
30417
2
0
1685341501
4
0
30418
2
0
1685342525
4
0
30419
2
0
1685343549
4
0
30420
2
0
1685344573
4
0
30421
2
0
1685345597
4
0
30422
2
0
1685346621
4
0
30423
2
0
1685349181
4
0
30424
2
0
1685350205
4
0
30425
2
0
1685351229
4
0
30426
2
0
1685352253
4
0
30427
2
0
1685353277
4
0
30428
2
0
1685354301
4
0
30429
2
0
1685336125
4
0
30430
2
0
1685337149
4
0
30431
2
0
1685338173
4
0
30432
2
0
1685406013
4
0
30433
2
0
1685407037
4
0
30434
2
0
1685408061
4
0
30435
2
0
1685409085
4
0
30436
2
0
1685410109
4
0
30437
2
0
1685411133
4
0
30438
2
0
1685412157
4
0
30439
2
0
1685414717
4
0
30440
2
0
1685415741
4
0
30441
2
0
1685416765
4
0
30442
2
0
1685417789
4
0
30443
2
0
1685418813
4
0
30444
2
0
1685419837
4
0
30445
2
0
1685401661
4
0
30446
2
0
1685402685
4
0
30447
2
0
1685403709
4
0
30448
2
0
1685471549
4
0
30449
2
0
1685472573
4
0
30450
2
0
1685473597
4
0
30451
2
0
1685474621
4
0
30452
2
0
1685475645
4
0
30453
2
0
1685476669
4
0
30454
2
0
1685477693
4
0
30455
2
0
1685480253
4
0
30456
2
0
1685481277
4
0
30457
2
0
1685482301
4
0
30458
2
0
1685483325
4
0
30459
2
0
1685484349
4
0
30460
2
0
1685485373
4
0
30461
2
0
1685467197
4
0
30462
2
0
1685468221
4
0
30463
2
0
1685469245
4
0
30464
2
0
1685537085
4
0
30465
2
0
1685538109
4
0
30466
2
0
1685539133
4
0
30467
2
0
1685540157
4
0
30468
2
0
1685541181
4
0
30469
2
0
1685542205
4
0
30470
2
0
1685543229
4
0
30471
2
0
1685545789
4
0
30472
2
0
1685546813
4
0
30473
2
0
1685547837
4
0
30474
2
0
1685548861
4
0
30475
2
0
1685549885
4
0
30476
2
0
1685550909
4
0
30477
2
0
1685532733
4
0
30478
2
0
1685533757
4
0
30479
2
0
1685534781
4
0
30480
2
0
1685602621
4
0
30481
2
0
1685603645
4
0
30482
2
0
1685604669
4
0
30483
2
0
1685605693
4
0
30484
2
0
1685606717
4
0
30485
2
0
1685607741
4
0
30486
2
0
1685608765
4
0
30487
2
0
1685611325
4
0
30488
2
0
1685612349
4
0
30489
2
0
1685613373
4
0
30490
2
0
1685614397
4
0
30491
2
0
1685615421
4
0
30492
2
0
1685616445
4
0
30493
2
0
1685598269
4
0
30494
2
0
1685599293
4
0
30495
2
0
1685600317
4
0
30496
2
0
1685668157
4
0
30497
2
0
1685669181
4
0
30498
2
0
1685670205
4
0
30499
2
0
1685671229
4
0
30500
2
0
1685672253
4
0
30501
2
0
1685673277
4
0
30502
2
0
1685674301
4
0
30503
2
0
1685676861
4
0
30504
2
0
1685677885
4
0
30505
2
0
1685678909
4
0
30506
2
0
1685679933
4
0
30507
2
0
1685680957
4
0
30508
2
0
1685681981
4
0
30509
2
0
1685663805
4
0
30510
2
0
1685664829
4
0
30511
2
0
1685665853
4
0
30512
2
0
1685733693
4
0
30513
2
0
1685734717
4
0
30514
2
0
1685735741
4
0
30515
2
0
1685736765
4
0
30516
2
0
1685737789
4
0
30517
2
0
1685738813
4
0
30518
2
0
1685739837
4
0
30519
2
0
1685742397
4
0
30520
2
0
1685743421
4
0
30521
2
0
1685744445
4
0
30522
2
0
1685745469
4
0
30523
2
0
1685746493
4
0
30524
2
0
1685747517
4
0
30525
2
0
1685729341
4
0
30526
2
0
1685730365
4
0
30527
2
0
1685731389
4
0
30528
2
0
1680884029
4
0
30529
2
0
1680885053
4
0
30530
2
0
1680886077
4
0
30531
2
0
1680887101
4
0
30532
2
0
1680888125
4
0
30533
2
0
1680889149
4
0
30534
2
0
1680890173
4
0
30535
2
0
1680892733
4
0
30536
2
0
1680893757
4
0
30537
2
0
1680894781
4
0
30538
2
0
1680895805
4
0
30539
2
0
1680896829
4
0
30540
2
0
1680897853
4
0
30541
2
0
1680879677
4
0
30542
2
0
1680880701
4
0
30543
2
0
1680881725
4
0
30544
2
0
1680949565
4
0
30545
2
0
1680950589
4
0
30546
2
0
1680951613
4
0
30547
2
0
1680952637
4
0
30548
2
0
1680953661
4
0
30549
2
0
1680954685
4
0
30550
2
0
1680955709
4
0
30551
2
0
1680958269
4
0
30552
2
0
1680959293
4
0
30553
2
0
1680960317
4
0
30554
2
0
1680961341
4
0
30555
2
0
1680962365
4
0
30556
2
0
1680963389
4
0
30557
2
0
1680945213
4
0
30558
2
0
1680946237
4
0
30559
2
0
1680947261
4
0
30560
2
0
1681015101
4
0
30561
2
0
1681016125
4
0
30562
2
0
1681017149
4
0
30563
2
0
1681018173
4
0
30564
2
0
1681019197
4
0
30565
2
0
1681020221
4
0
30566
2
0
1681021245
4
0
30567
2
0
1681023805
4
0
30568
2
0
1681024829
4
0
30569
2
0
1681025853
4
0
30570
2
0
1681026877
4
0
30571
2
0
1681027901
4
0
30572
2
0
1681028925
4
0
30573
2
0
1681010749
4
0
30574
2
0
1681011773
4
0
30575
2
0
1681012797
4
0
30576
2
0
1681080637
4
0
30577
2
0
1681081661
4
0
30578
2
0
1681082685
4
0
30579
2
0
1681083709
4
0
30580
2
0
1681084733
4
0
30581
2
0
1681085757
4
0
30582
2
0
1681086781
4
0
30583
2
0
1681089341
4
0
30584
2
0
1681090365
4
0
30585
2
0
1681091389
4
0
30586
2
0
1681092413
4
0
30587
2
0
1681093437
4
0
30588
2
0
1681094461
4
0
30589
2
0
1681076285
4
0
30590
2
0
1681077309
4
0
30591
2
0
1681078333
4
0
30592
2
0
1681146173
4
0
30593
2
0
1681147197
4
0
30594
2
0
1681148221
4
0
30595
2
0
1681149245
4
0
30596
2
0
1681150269
4
0
30597
2
0
1681151293
4
0
30598
2
0
1681152317
4
0
30599
2
0
1681154877
4
0
30600
2
0
1681155901
4
0
30601
2
0
1681156925
4
0
30602
2
0
1681157949
4
0
30603
2
0
1681158973
4
0
30604
2
0
1681159997
4
0
30605
2
0
1681141821
4
0
30606
2
0
1681142845
4
0
30607
2
0
1681143869
4
0
30608
2
0
1681211709
4
0
30609
2
0
1681212733
4
0
30610
2
0
1681213757
4
0
30611
2
0
1681214781
4
0
30612
2
0
1681215805
4
0
30613
2
0
1681216829
4
0
30614
2
0
1681217853
4
0
30615
2
0
1681220413
4
0
30616
2
0
1681221437
4
0
30617
2
0
1681222461
4
0
30618
2
0
1681223485
4
0
30619
2
0
1681224509
4
0
30620
2
0
1681225533
4
0
30621
2
0
1681207357
4
0
30622
2
0
1681208381
4
0
30623
2
0
1681209405
4
0
30624
2
0
1681277245
4
0
30625
2
0
1681278269
4
0
30626
2
0
1681279293
4
0
30627
2
0
1681280317
4
0
30628
2
0
1681281341
4
0
30629
2
0
1681282365
4
0
30630
2
0
1681283389
4
0
30631
2
0
1681285949
4
0
30632
2
0
1681286973
4
0
30633
2
0
1681287997
4
0
30634
2
0
1681289021
4
0
30635
2
0
1681290045
4
0
30636
2
0
1681291069
4
0
30637
2
0
1681272893
4
0
30638
2
0
1681273917
4
0
30639
2
0
1681274941
4
0
30640
2
0
1681342781
4
0
30641
2
0
1681343805
4
0
30642
2
0
1681344829
4
0
30643
2
0
1681345853
4
0
30644
2
0
1681346877
4
0
30645
2
0
1681347901
4
0
30646
2
0
1681348925
4
0
30647
2
0
1681351485
4
0
30648
2
0
1681352509
4
0
30649
2
0
1681353533
4
0
30650
2
0
1681354557
4
0
30651
2
0
1681355581
4
0
30652
2
0
1681356605
4
0
30653
2
0
1681338429
4
0
30654
2
0
1681339453
4
0
30655
2
0
1681340477
4
0
30656
2
0
1681408317
4
0
30657
2
0
1681409341
4
0
30658
2
0
1681410365
4
0
30659
2
0
1681411389
4
0
30660
2
0
1681412413
4
0
30661
2
0
1681413437
4
0
30662
2
0
1681414461
4
0
30663
2
0
1681417021
4
0
30664
2
0
1681418045
4
0
30665
2
0
1681419069
4
0
30666
2
0
1681420093
4
0
30667
2
0
1681421117
4
0
30668
2
0
1681422141
4
0
30669
2
0
1681403965
4
0
30670
2
0
1681404989
4
0
30671
2
0
1681406013
4
0
30672
2
0
1681473853
4
0
30673
2
0
1681474877
4
0
30674
2
0
1681475901
4
0
30675
2
0
1681476925
4
0
30676
2
0
1681477949
4
0
30677
2
0
1681478973
4
0
30678
2
0
1681479997
4
0
30679
2
0
1681482557
4
0
30680
2
0
1681483581
4
0
30681
2
0
1681484605
4
0
30682
2
0
1681485629
4
0
30683
2
0
1681486653
4
0
30684
2
0
1681487677
4
0
30685
2
0
1681469501
4
0
30686
2
0
1681470525
4
0
30687
2
0
1681471549
4
0
30688
2
0
1680556349
4
0
30689
2
0
1680557373
4
0
30690
2
0
1680558397
4
0
30691
2
0
1680559421
4
0
30692
2
0
1680560445
4
0
30693
2
0
1680561469
4
0
30694
2
0
1680562493
4
0
30695
2
0
1680565053
4
0
30696
2
0
1680566077
4
0
30697
2
0
1680567101
4
0
30698
2
0
1680568125
4
0
30699
2
0
1680569149
4
0
30700
2
0
1680570173
4
0
30701
2
0
1680551997
4
0
30702
2
0
1680553021
4
0
30703
2
0
1680554045
4
0
30704
2
0
1680818493
4
0
30705
2
0
1680819517
4
0
30706
2
0
1680820541
4
0
30707
2
0
1680821565
4
0
30708
2
0
1680822589
4
0
30709
2
0
1680823613
4
0
30710
2
0
1680824637
4
0
30711
2
0
1680827197
4
0
30712
2
0
1680828221
4
0
30713
2
0
1680829245
4
0
30714
2
0
1680830269
4
0
30715
2
0
1680831293
4
0
30716
2
0
1680832317
4
0
30717
2
0
1680814141
4
0
30718
2
0
1680815165
4
0
30719
2
0
1680816189
4
