1024
0
39936
2
0
1849770301
4
0
39937
2
0
1849771325
4
0
39938
2
0
1849772349
4
0
39939
2
0
1849773373
4
0
39940
2
0
1849774397
4
0
39941
2
0
1849775421
4
0
39942
2
0
1849776445
4
0
39943
2
0
1849779005
4
0
39944
2
0
1849780029
4
0
39945
2
0
1849781053
4
0
39946
2
0
1849782077
4
0
39947
2
0
1849783101
4
0
39948
2
0
1849784125
4
0
39949
2
0
1849765949
4
0
39950
2
0
1849766973
4
0
39951
2
0
1849767997
4
0
39952
2
0
1849835837
4
0
39953
2
0
1849836861
4
0
39954
2
0
1849837885
4
0
39955
2
0
1849838909
4
0
39956
2
0
1849839933
4
0
39957
2
0
1849840957
4
0
39958
2
0
1849841981
4
0
39959
2
0
1849844541
4
0
39960
2
0
1849845565
4
0
39961
2
0
1849846589
4
0
39962
2
0
1849847613
4
0
39963
2
0
1849848637
4
0
39964
2
0
1849849661
4
0
39965
2
0
1849831485
4
0
39966
2
0
1849832509
4
0
39967
2
0
1849833533
4
0
39968
2
0
1849901373
4
0
39969
2
0
1849902397
4
0
39970
2
0
1849903421
4
0
39971
2
0
1849904445
4
0
39972
2
0
1849905469
4
0
39973
2
0
1849906493
4
0
39974
2
0
1849907517
4
0
39975
2
0
1849910077
4
0
39976
2
0
1849911101
4
0
39977
2
0
1849912125
4
0
39978
2
0
1849913149
4
0
39979
2
0
1849914173
4
0
39980
2
0
1849915197
4
0
39981
2
0
1849897021
4
0
39982
2
0
1849898045
4
0
39983
2
0
1849899069
4
0
39984
2
0
1849966909
4
0
39985
2
0
1849967933
4
0
39986
2
0
1849968957
4
0
39987
2
0
1849969981
4
0
39988
2
0
1849971005
4
0
39989
2
0
1849972029
4
0
39990
2
0
1849973053
4
0
39991
2
0
1849975613
4
0
39992
2
0
1849976637
4
0
39993
2
0
1849977661
4
0
39994
2
0
1849978685
4
0
39995
2
0
1849979709
4
0
39996
2
0
1849980733
4
0
39997
2
0
1849962557
4
0
39998
2
0
1849963581
4
0
39999
2
0
1849964605
4
0
40000
2
0
1850032445
4
0
40001
2
0
1850033469
4
0
40002
2
0
1850034493
4
0
40003
2
0
1850035517
4
0
40004
2
0
1850036541
4
0
40005
2
0
1850037565
4
0
40006
2
0
1850038589
4
0
40007
2
0
1850041149
4
0
40008
2
0
1850042173
4
0
40009
2
0
1850043197
4
0
40010
2
0
1850044221
4
0
40011
2
0
1850045245
4
0
40012
2
0
1850046269
4
0
40013
2
0
1850028093
4
0
40014
2
0
1850029117
4
0
40015
2
0
1850030141
4
0
40016
2
0
1850097981
4
0
40017
2
0
1850099005
4
0
40018
2
0
1850100029
4
0
40019
2
0
1850101053
4
0
40020
2
0
1850102077
4
0
40021
2
0
1850103101
4
0
40022
2
0
1850104125
4
0
40023
2
0
1850106685
4
0
40024
2
0
1850107709
4
0
40025
2
0
1850108733
4
0
40026
2
0
1850109757
4
0
40027
2
0
1850110781
4
0
40028
2
0
1850111805
4
0
40029
2
0
1850093629
4
0
40030
2
0
1850094653
4
0
40031
2
0
1850095677
4
0
40032
2
0
1850163517
4
0
40033
2
0
1850164541
4
0
40034
2
0
1850165565
4
0
40035
2
0
1850166589
4
0
40036
2
0
1850167613
4
0
40037
2
0
1850168637
4
0
40038
2
0
1850169661
4
0
40039
2
0
1850172221
4
0
40040
2
0
1850173245
4
0
40041
2
0
1850174269
4
0
40042
2
0
1850175293
4
0
40043
2
0
1850176317
4
0
40044
2
0
1850177341
4
0
40045
2
0
1850159165
4
0
40046
2
0
1850160189
4
0
40047
2
0
1850161213
4
0
40048
2
0
1850229053
4
0
40049
2
0
1850230077
4
0
40050
2
0
1850231101
4
0
40051
2
0
1850232125
4
0
40052
2
0
1850233149
4
0
40053
2
0
1850234173
4
0
40054
2
0
1850235197
4
0
40055
2
0
1850237757
4
0
40056
2
0
1850238781
4
0
40057
2
0
1850239805
4
0
40058
2
0
1850240829
4
0
40059
2
0
1850241853
4
0
40060
2
0
1850242877
4
0
40061
2
0
1850224701
4
0
40062
2
0
1850225725
4
0
40063
2
0
1850226749
4
0
40064
2
0
1850294589
4
0
40065
2
0
1850295613
4
0
40066
2
0
1850296637
4
0
40067
2
0
1850297661
4
0
40068
2
0
1850298685
4
0
40069
2
0
1850299709
4
0
40070
2
0
1850300733
4
0
40071
2
0
1850303293
4
0
40072
2
0
1850304317
4
0
40073
2
0
1850305341
4
0
40074
2
0
1850306365
4
0
40075
2
0
1850307389
4
0
40076
2
0
1850308413
4
0
40077
2
0
1850290237
4
0
40078
2
0
1850291261
4
0
40079
2
0
1850292285
4
0
40080
2
0
1850360125
4
0
40081
2
0
1850361149
4
0
40082
2
0
1850362173
4
0
40083
2
0
1850363197
4
0
40084
2
0
1850364221
4
0
40085
2
0
1850365245
4
0
40086
2
0
1850366269
4
0
40087
2
0
1850368829
4
0
40088
2
0
1850369853
4
0
40089
2
0
1850370877
4
0
40090
2
0
1850371901
4
0
40091
2
0
1850372925
4
0
40092
2
0
1850373949
4
0
40093
2
0
1850355773
4
0
40094
2
0
1850356797
4
0
40095
2
0
1850357821
4
0
40096
2
0
1850425661
4
0
40097
2
0
1850426685
4
0
40098
2
0
1850427709
4
0
40099
2
0
1850428733
4
0
40100
2
0
1850429757
4
0
40101
2
0
1850430781
4
0
40102
2
0
1850431805
4
0
40103
2
0
1850434365
4
0
40104
2
0
1850435389
4
0
40105
2
0
1850436413
4
0
40106
2
0
1850437437
4
0
40107
2
0
1850438461
4
0
40108
2
0
1850439485
4
0
40109
2
0
1850421309
4
0
40110
2
0
1850422333
4
0
40111
2
0
1850423357
4
0
40112
2
0
1850491197
4
0
40113
2
0
1850492221
4
0
40114
2
0
1850493245
4
0
40115
2
0
1850494269
4
0
40116
2
0
1850495293
4
0
40117
2
0
1850496317
4
0
40118
2
0
1850497341
4
0
40119
2
0
1850499901
4
0
40120
2
0
1850500925
4
0
40121
2
0
1850501949
4
0
40122
2
0
1850502973
4
0
40123
2
0
1850503997
4
0
40124
2
0
1850505021
4
0
40125
2
0
1850486845
4
0
40126
2
0
1850487869
4
0
40127
2
0
1850488893
4
0
40128
2
0
1850556733
4
0
40129
2
0
1850557757
4
0
40130
2
0
1850558781
4
0
40131
2
0
1850559805
4
0
40132
2
0
1850560829
4
0
40133
2
0
1850561853
4
0
40134
2
0
1850562877
4
0
40135
2
0
1850565437
4
0
40136
2
0
1850566461
4
0
40137
2
0
1850567485
4
0
40138
2
0
1850568509
4
0
40139
2
0
1850569533
4
0
40140
2
0
1850570557
4
0
40141
2
0
1850552381
4
0
40142
2
0
1850553405
4
0
40143
2
0
1850554429
4
0
40144
2
0
1850622269
4
0
40145
2
0
1850623293
4
0
40146
2
0
1850624317
4
0
40147
2
0
1850625341
4
0
40148
2
0
1850626365
4
0
40149
2
0
1850627389
4
0
40150
2
0
1850628413
4
0
40151
2
0
1850630973
4
0
40152
2
0
1850631997
4
0
40153
2
0
1850633021
4
0
40154
2
0
1850634045
4
0
40155
2
0
1850635069
4
0
40156
2
0
1850636093
4
0
40157
2
0
1850617917
4
0
40158
2
0
1850618941
4
0
40159
2
0
1850619965
4
0
40160
2
0
1850687805
4
0
40161
2
0
1850688829
4
0
40162
2
0
1850689853
4
0
40163
2
0
1850690877
4
0
40164
2
0
1850691901
4
0
40165
2
0
1850692925
4
0
40166
2
0
1850693949
4
0
40167
2
0
1850696509
4
0
40168
2
0
1850697533
4
0
40169
2
0
1850698557
4
0
40170
2
0
1850699581
4
0
40171
2
0
1850700605
4
0
40172
2
0
1850701629
4
0
40173
2
0
1850683453
4
0
40174
2
0
1850684477
4
0
40175
2
0
1850685501
4
0
40176
2
0
1850753341
4
0
40177
2
0
1850754365
4
0
40178
2
0
1850755389
4
0
40179
2
0
1850756413
4
0
40180
2
0
1850757437
4
0
40181
2
0
1850758461
4
0
40182
2
0
1850759485
4
0
40183
2
0
1850762045
4
0
40184
2
0
1850763069
4
0
40185
2
0
1850764093
4
0
40186
2
0
1850765117
4
0
40187
2
0
1850766141
4
0
40188
2
0
1850767165
4
0
40189
2
0
1850748989
4
0
40190
2
0
1850750013
4
0
40191
2
0
1850751037
4
0
40192
2
0
1850818877
4
0
40193
2
0
1850819901
4
0
40194
2
0
1850820925
4
0
40195
2
0
1850821949
4
0
40196
2
0
1850822973
4
0
40197
2
0
1850823997
4
0
40198
2
0
1850825021
4
0
40199
2
0
1850827581
4
0
40200
2
0
1850828605
4
0
40201
2
0
1850829629
4
0
40202
2
0
1850830653
4
0
40203
2
0
1850831677
4
0
40204
2
0
1850832701
4
0
40205
2
0
1850814525
4
0
40206
2
0
1850815549
4
0
40207
2
0
1850816573
4
0
40208
2
0
1850884413
4
0
40209
2
0
1850885437
4
0
40210
2
0
1850886461
4
0
40211
2
0
1850887485
4
0
40212
2
0
1850888509
4
0
40213
2
0
1850889533
4
0
40214
2
0
1850890557
4
0
40215
2
0
1850893117
4
0
40216
2
0
1850894141
4
0
40217
2
0
1850895165
4
0
40218
2
0
1850896189
4
0
40219
2
0
1850897213
4
0
40220
2
0
1850898237
4
0
40221
2
0
1850880061
4
0
40222
2
0
1850881085
4
0
40223
2
0
1850882109
4
0
40224
2
0
1850949949
4
0
40225
2
0
1850950973
4
0
40226
2
0
1850951997
4
0
40227
2
0
1850953021
4
0
40228
2
0
1850954045
4
0
40229
2
0
1850955069
4
0
40230
2
0
1850956093
4
0
40231
2
0
1850958653
4
0
40232
2
0
1850959677
4
0
40233
2
0
1850960701
4
0
40234
2
0
1850961725
4
0
40235
2
0
1850962749
4
0
40236
2
0
1850963773
4
0
40237
2
0
1850945597
4
0
40238
2
0
1850946621
4
0
40239
2
0
1850947645
4
0
40240
2
0
1851015485
4
0
40241
2
0
1851016509
4
0
40242
2
0
1851017533
4
0
40243
2
0
1851018557
4
0
40244
2
0
1851019581
4
0
40245
2
0
1851020605
4
0
40246
2
0
1851021629
4
0
40247
2
0
1851024189
4
0
40248
2
0
1851025213
4
0
40249
2
0
1851026237
4
0
40250
2
0
1851027261
4
0
40251
2
0
1851028285
4
0
40252
2
0
1851029309
4
0
40253
2
0
1851011133
4
0
40254
2
0
1851012157
4
0
40255
2
0
1851013181
4
0
40256
2
0
1851081021
4
0
40257
2
0
1851082045
4
0
40258
2
0
1851083069
4
0
40259
2
0
1851084093
4
0
40260
2
0
1851085117
4
0
40261
2
0
1851086141
4
0
40262
2
0
1851087165
4
0
40263
2
0
1851089725
4
0
40264
2
0
1851090749
4
0
40265
2
0
1851091773
4
0
40266
2
0
1851092797
4
0
40267
2
0
1851093821
4
0
40268
2
0
1851094845
4
0
40269
2
0
1851076669
4
0
40270
2
0
1851077693
4
0
40271
2
0
1851078717
4
0
40272
2
0
1851146557
4
0
40273
2
0
1851147581
4
0
40274
2
0
1851148605
4
0
40275
2
0
1851149629
4
0
40276
2
0
1851150653
4
0
40277
2
0
1851151677
4
0
40278
2
0
1851152701
4
0
40279
2
0
1851155261
4
0
40280
2
0
1851156285
4
0
40281
2
0
1851157309
4
0
40282
2
0
1851158333
4
0
40283
2
0
1851159357
4
0
40284
2
0
1851160381
4
0
40285
2
0
1851142205
4
0
40286
2
0
1851143229
4
0
40287
2
0
1851144253
4
0
40288
2
0
1851212093
4
0
40289
2
0
1851213117
4
0
40290
2
0
1851214141
4
0
40291
2
0
1851215165
4
0
40292
2
0
1851216189
4
0
40293
2
0
1851217213
4
0
40294
2
0
1851218237
4
0
40295
2
0
1851220797
4
0
40296
2
0
1851221821
4
0
40297
2
0
1851222845
4
0
40298
2
0
1851223869
4
0
40299
2
0
1851224893
4
0
40300
2
0
1851225917
4
0
40301
2
0
1851207741
4
0
40302
2
0
1851208765
4
0
40303
2
0
1851209789
4
0
40304
2
0
1851277629
4
0
40305
2
0
1851278653
4
0
40306
2
0
1851279677
4
0
40307
2
0
1851280701
4
0
40308
2
0
1851281725
4
0
40309
2
0
1851282749
4
0
40310
2
0
1851283773
4
0
40311
2
0
1851286333
4
0
40312
2
0
1851287357
4
0
40313
2
0
1851288381
4
0
40314
2
0
1851289405
4
0
40315
2
0
1851290429
4
0
40316
2
0
1851291453
4
0
40317
2
0
1851273277
4
0
40318
2
0
1851274301
4
0
40319
2
0
1851275325
4
0
40320
2
0
1851343165
4
0
40321
2
0
1851344189
4
0
40322
2
0
1851345213
4
0
40323
2
0
1851346237
4
0
40324
2
0
1851347261
4
0
40325
2
0
1851348285
4
0
40326
2
0
1851349309
4
0
40327
2
0
1851351869
4
0
40328
2
0
1851352893
4
0
40329
2
0
1851353917
4
0
40330
2
0
1851354941
4
0
40331
2
0
1851355965
4
0
40332
2
0
1851356989
4
0
40333
2
0
1851338813
4
0
40334
2
0
1851339837
4
0
40335
2
0
1851340861
4
0
40336
2
0
1851408701
4
0
40337
2
0
1851409725
4
0
40338
2
0
1851410749
4
0
40339
2
0
1851411773
4
0
40340
2
0
1851412797
4
0
40341
2
0
1851413821
4
0
40342
2
0
1851414845
4
0
40343
2
0
1851417405
4
0
40344
2
0
1851418429
4
0
40345
2
0
1851419453
4
0
40346
2
0
1851420477
4
0
40347
2
0
1851421501
4
0
40348
2
0
1851422525
4
0
40349
2
0
1851404349
4
0
40350
2
0
1851405373
4
0
40351
2
0
1851406397
4
0
40352
2
0
1851867453
4
0
40353
2
0
1851868477
4
0
40354
2
0
1851869501
4
0
40355
2
0
1851870525
4
0
40356
2
0
1851871549
4
0
40357
2
0
1851872573
4
0
40358
2
0
1851873597
4
0
40359
2
0
1851876157
4
0
40360
2
0
1851877181
4
0
40361
2
0
1851878205
4
0
40362
2
0
1851879229
4
0
40363
2
0
1851880253
4
0
40364
2
0
1851881277
4
0
40365
2
0
1851863101
4
0
40366
2
0
1851864125
4
0
40367
2
0
1851865149
4
0
40368
2
0
1851932989
4
0
40369
2
0
1851934013
4
0
40370
2
0
1851935037
4
0
40371
2
0
1851936061
4
0
40372
2
0
1851937085
4
0
40373
2
0
1851938109
4
0
40374
2
0
1851939133
4
0
40375
2
0
1851941693
4
0
40376
2
0
1851942717
4
0
40377
2
0
1851943741
4
0
40378
2
0
1851944765
4
0
40379
2
0
1851945789
4
0
40380
2
0
1851946813
4
0
40381
2
0
1851928637
4
0
40382
2
0
1851929661
4
0
40383
2
0
1851930685
4
0
40384
2
0
1851998525
4
0
40385
2
0
1851999549
4
0
40386
2
0
1852000573
4
0
40387
2
0
1852001597
4
0
40388
2
0
1852002621
4
0
40389
2
0
1852003645
4
0
40390
2
0
1852004669
4
0
40391
2
0
1852007229
4
0
40392
2
0
1852008253
4
0
40393
2
0
1852009277
4
0
40394
2
0
1852010301
4
0
40395
2
0
1852011325
4
0
40396
2
0
1852012349
4
0
40397
2
0
1851994173
4
0
40398
2
0
1851995197
4
0
40399
2
0
1851996221
4
0
40400
2
0
1852064061
4
0
40401
2
0
1852065085
4
0
40402
2
0
1852066109
4
0
40403
2
0
1852067133
4
0
40404
2
0
1852068157
4
0
40405
2
0
1852069181
4
0
40406
2
0
1852070205
4
0
40407
2
0
1852072765
4
0
40408
2
0
1852073789
4
0
40409
2
0
1852074813
4
0
40410
2
0
1852075837
4
0
40411
2
0
1852076861
4
0
40412
2
0
1852077885
4
0
40413
2
0
1852059709
4
0
40414
2
0
1852060733
4
0
40415
2
0
1852061757
4
0
40416
2
0
1852129597
4
0
40417
2
0
1852130621
4
0
40418
2
0
1852131645
4
0
40419
2
0
1852132669
4
0
40420
2
0
1852133693
4
0
40421
2
0
1852134717
4
0
40422
2
0
1852135741
4
0
40423
2
0
1852138301
4
0
40424
2
0
1852139325
4
0
40425
2
0
1852140349
4
0
40426
2
0
1852141373
4
0
40427
2
0
1852142397
4
0
40428
2
0
1852143421
4
0
40429
2
0
1852125245
4
0
40430
2
0
1852126269
4
0
40431
2
0
1852127293
4
0
40432
2
0
1852195133
4
0
40433
2
0
1852196157
4
0
40434
2
0
1852197181
4
0
40435
2
0
1852198205
4
0
40436
2
0
1852199229
4
0
40437
2
0
1852200253
4
0
40438
2
0
1852201277
4
0
40439
2
0
1852203837
4
0
40440
2
0
1852204861
4
0
40441
2
0
1852205885
4
0
40442
2
0
1852206909
4
0
40443
2
0
1852207933
4
0
40444
2
0
1852208957
4
0
40445
2
0
1852190781
4
0
40446
2
0
1852191805
4
0
40447
2
0
1852192829
4
0
40448
2
0
1852260669
4
0
40449
2
0
1852261693
4
0
40450
2
0
1852262717
4
0
40451
2
0
1852263741
4
0
40452
2
0
1852264765
4
0
40453
2
0
1852265789
4
0
40454
2
0
1852266813
4
0
40455
2
0
1852269373
4
0
40456
2
0
1852270397
4
0
40457
2
0
1852271421
4
0
40458
2
0
1852272445
4
0
40459
2
0
1852273469
4
0
40460
2
0
1852274493
4
0
40461
2
0
1852256317
4
0
40462
2
0
1852257341
4
0
40463
2
0
1852258365
4
0
40464
2
0
1852326205
4
0
40465
2
0
1852327229
4
0
40466
2
0
1852328253
4
0
40467
2
0
1852329277
4
0
40468
2
0
1852330301
4
0
40469
2
0
1852331325
4
0
40470
2
0
1852332349
4
0
40471
2
0
1852334909
4
0
40472
2
0
1852335933
4
0
40473
2
0
1852336957
4
0
40474
2
0
1852337981
4
0
40475
2
0
1852339005
4
0
40476
2
0
1852340029
4
0
40477
2
0
1852321853
4
0
40478
2
0
1852322877
4
0
40479
2
0
1852323901
4
0
40480
2
0
1852391741
4
0
40481
2
0
1852392765
4
0
40482
2
0
1852393789
4
0
40483
2
0
1852394813
4
0
40484
2
0
1852395837
4
0
40485
2
0
1852396861
4
0
40486
2
0
1852397885
4
0
40487
2
0
1852400445
4
0
40488
2
0
1852401469
4
0
40489
2
0
1852402493
4
0
40490
2
0
1852403517
4
0
40491
2
0
1852404541
4
0
40492
2
0
1852405565
4
0
40493
2
0
1852387389
4
0
40494
2
0
1852388413
4
0
40495
2
0
1852389437
4
0
40496
2
0
1852457277
4
0
40497
2
0
1852458301
4
0
40498
2
0
1852459325
4
0
40499
2
0
1852460349
4
0
40500
2
0
1852461373
4
0
40501
2
0
1852462397
4
0
40502
2
0
1852463421
4
0
40503
2
0
1852465981
4
0
40504
2
0
1852467005
4
0
40505
2
0
1852468029
4
0
40506
2
0
1852469053
4
0
40507
2
0
1852470077
4
0
40508
2
0
1852471101
4
0
40509
2
0
1852452925
4
0
40510
2
0
1852453949
4
0
40511
2
0
1852454973
4
0
40512
2
0
1852522813
4
0
40513
2
0
1852523837
4
0
40514
2
0
1852524861
4
0
40515
2
0
1852525885
4
0
40516
2
0
1852526909
4
0
40517
2
0
1852527933
4
0
40518
2
0
1852528957
4
0
40519
2
0
1852531517
4
0
40520
2
0
1852532541
4
0
40521
2
0
1852533565
4
0
40522
2
0
1852534589
4
0
40523
2
0
1852535613
4
0
40524
2
0
1852536637
4
0
40525
2
0
1852518461
4
0
40526
2
0
1852519485
4
0
40527
2
0
1852520509
4
0
40528
2
0
1852588349
4
0
40529
2
0
1852589373
4
0
40530
2
0
1852590397
4
0
40531
2
0
1852591421
4
0
40532
2
0
1852592445
4
0
40533
2
0
1852593469
4
0
40534
2
0
1852594493
4
0
40535
2
0
1852597053
4
0
40536
2
0
1852598077
4
0
40537
2
0
1852599101
4
0
40538
2
0
1852600125
4
0
40539
2
0
1852601149
4
0
40540
2
0
1852602173
4
0
40541
2
0
1852583997
4
0
40542
2
0
1852585021
4
0
40543
2
0
1852586045
4
0
40544
2
0
1852653885
4
0
40545
2
0
1852654909
4
0
40546
2
0
1852655933
4
0
40547
2
0
1852656957
4
0
40548
2
0
1852657981
4
0
40549
2
0
1852659005
4
0
40550
2
0
1852660029
4
0
40551
2
0
1852662589
4
0
40552
2
0
1852663613
4
0
40553
2
0
1852664637
4
0
40554
2
0
1852665661
4
0
40555
2
0
1852666685
4
0
40556
2
0
1852667709
4
0
40557
2
0
1852649533
4
0
40558
2
0
1852650557
4
0
40559
2
0
1852651581
4
0
40560
2
0
1852719421
4
0
40561
2
0
1852720445
4
0
40562
2
0
1852721469
4
0
40563
2
0
1852722493
4
0
40564
2
0
1852723517
4
0
40565
2
0
1852724541
4
0
40566
2
0
1852725565
4
0
40567
2
0
1852728125
4
0
40568
2
0
1852729149
4
0
40569
2
0
1852730173
4
0
40570
2
0
1852731197
4
0
40571
2
0
1852732221
4
0
40572
2
0
1852733245
4
0
40573
2
0
1852715069
4
0
40574
2
0
1852716093
4
0
40575
2
0
1852717117
4
0
40576
2
0
1852784957
4
0
40577
2
0
1852785981
4
0
40578
2
0
1852787005
4
0
40579
2
0
1852788029
4
0
40580
2
0
1852789053
4
0
40581
2
0
1852790077
4
0
40582
2
0
1852791101
4
0
40583
2
0
1852793661
4
0
40584
2
0
1852794685
4
0
40585
2
0
1852795709
4
0
40586
2
0
1852796733
4
0
40587
2
0
1852797757
4
0
40588
2
0
1852798781
4
0
40589
2
0
1852780605
4
0
40590
2
0
1852781629
4
0
40591
2
0
1852782653
4
0
40592
2
0
1852850493
4
0
40593
2
0
1852851517
4
0
40594
2
0
1852852541
4
0
40595
2
0
1852853565
4
0
40596
2
0
1852854589
4
0
40597
2
0
1852855613
4
0
40598
2
0
1852856637
4
0
40599
2
0
1852859197
4
0
40600
2
0
1852860221
4
0
40601
2
0
1852861245
4
0
40602
2
0
1852862269
4
0
40603
2
0
1852863293
4
0
40604
2
0
1852864317
4
0
40605
2
0
1852846141
4
0
40606
2
0
1852847165
4
0
40607
2
0
1852848189
4
0
40608
2
0
1852916029
4
0
40609
2
0
1852917053
4
0
40610
2
0
1852918077
4
0
40611
2
0
1852919101
4
0
40612
2
0
1852920125
4
0
40613
2
0
1852921149
4
0
40614
2
0
1852922173
4
0
40615
2
0
1852924733
4
0
40616
2
0
1852925757
4
0
40617
2
0
1852926781
4
0
40618
2
0
1852927805
4
0
40619
2
0
1852928829
4
0
40620
2
0
1852929853
4
0
40621
2
0
1852911677
4
0
40622
2
0
1852912701
4
0
40623
2
0
1852913725
4
0
40624
2
0
1852981565
4
0
40625
2
0
1852982589
4
0
40626
2
0
1852983613
4
0
40627
2
0
1852984637
4
0
40628
2
0
1852985661
4
0
40629
2
0
1852986685
4
0
40630
2
0
1852987709
4
0
40631
2
0
1852990269
4
0
40632
2
0
1852991293
4
0
40633
2
0
1852992317
4
0
40634
2
0
1852993341
4
0
40635
2
0
1852994365
4
0
40636
2
0
1852995389
4
0
40637
2
0
1852977213
4
0
40638
2
0
1852978237
4
0
40639
2
0
1852979261
4
0
40640
2
0
1853047101
4
0
40641
2
0
1853048125
4
0
40642
2
0
1853049149
4
0
40643
2
0
1853050173
4
0
40644
2
0
1853051197
4
0
40645
2
0
1853052221
4
0
40646
2
0
1853053245
4
0
40647
2
0
1853055805
4
0
40648
2
0
1853056829
4
0
40649
2
0
1853057853
4
0
40650
2
0
1853058877
4
0
40651
2
0
1853059901
4
0
40652
2
0
1853060925
4
0
40653
2
0
1853042749
4
0
40654
2
0
1853043773
4
0
40655
2
0
1853044797
4
0
40656
2
0
1853112637
4
0
40657
2
0
1853113661
4
0
40658
2
0
1853114685
4
0
40659
2
0
1853115709
4
0
40660
2
0
1853116733
4
0
40661
2
0
1853117757
4
0
40662
2
0
1853118781
4
0
40663
2
0
1853121341
4
0
40664
2
0
1853122365
4
0
40665
2
0
1853123389
4
0
40666
2
0
1853124413
4
0
40667
2
0
1853125437
4
0
40668
2
0
1853126461
4
0
40669
2
0
1853108285
4
0
40670
2
0
1853109309
4
0
40671
2
0
1853110333
4
0
40672
2
0
1853178173
4
0
40673
2
0
1853179197
4
0
40674
2
0
1853180221
4
0
40675
2
0
1853181245
4
0
40676
2
0
1853182269
4
0
40677
2
0
1853183293
4
0
40678
2
0
1853184317
4
0
40679
2
0
1853186877
4
0
40680
2
0
1853187901
4
0
40681
2
0
1853188925
4
0
40682
2
0
1853189949
4
0
40683
2
0
1853190973
4
0
40684
2
0
1853191997
4
0
40685
2
0
1853173821
4
0
40686
2
0
1853174845
4
0
40687
2
0
1853175869
4
0
40688
2
0
1853243709
4
0
40689
2
0
1853244733
4
0
40690
2
0
1853245757
4
0
40691
2
0
1853246781
4
0
40692
2
0
1853247805
4
0
40693
2
0
1853248829
4
0
40694
2
0
1853249853
4
0
40695
2
0
1853252413
4
0
40696
2
0
1853253437
4
0
40697
2
0
1853254461
4
0
40698
2
0
1853255485
4
0
40699
2
0
1853256509
4
0
40700
2
0
1853257533
4
0
40701
2
0
1853239357
4
0
40702
2
0
1853240381
4
0
40703
2
0
1853241405
4
0
40704
2
0
1853309245
4
0
40705
2
0
1853310269
4
0
40706
2
0
1853311293
4
0
40707
2
0
1853312317
4
0
40708
2
0
1853313341
4
0
40709
2
0
1853314365
4
0
40710
2
0
1853315389
4
0
40711
2
0
1853317949
4
0
40712
2
0
1853318973
4
0
40713
2
0
1853319997
4
0
40714
2
0
1853321021
4
0
40715
2
0
1853322045
4
0
40716
2
0
1853323069
4
0
40717
2
0
1853304893
4
0
40718
2
0
1853305917
4
0
40719
2
0
1853306941
4
0
40720
2
0
1853374781
4
0
40721
2
0
1853375805
4
0
40722
2
0
1853376829
4
0
40723
2
0
1853377853
4
0
40724
2
0
1853378877
4
0
40725
2
0
1853379901
4
0
40726
2
0
1853380925
4
0
40727
2
0
1853383485
4
0
40728
2
0
1853384509
4
0
40729
2
0
1853385533
4
0
40730
2
0
1853386557
4
0
40731
2
0
1853387581
4
0
40732
2
0
1853388605
4
0
40733
2
0
1853370429
4
0
40734
2
0
1853371453
4
0
40735
2
0
1853372477
4
0
40736
2
0
1853440317
4
0
40737
2
0
1853441341
4
0
40738
2
0
1853442365
4
0
40739
2
0
1853443389
4
0
40740
2
0
1853444413
4
0
40741
2
0
1853445437
4
0
40742
2
0
1853446461
4
0
40743
2
0
1853449021
4
0
40744
2
0
1853450045
4
0
40745
2
0
1853451069
4
0
40746
2
0
1853452093
4
0
40747
2
0
1853453117
4
0
40748
2
0
1853454141
4
0
40749
2
0
1853435965
4
0
40750
2
0
1853436989
4
0
40751
2
0
1853438013
4
0
40752
2
0
1853505853
4
0
40753
2
0
1853506877
4
0
40754
2
0
1853507901
4
0
40755
2
0
1853508925
4
0
40756
2
0
1853509949
4
0
40757
2
0
1853510973
4
0
40758
2
0
1853511997
4
0
40759
2
0
1853514557
4
0
40760
2
0
1853515581
4
0
40761
2
0
1853516605
4
0
40762
2
0
1853517629
4
0
40763
2
0
1853518653
4
0
40764
2
0
1853519677
4
0
40765
2
0
1853501501
4
0
40766
2
0
1853502525
4
0
40767
2
0
1853503549
4
0
40768
2
0
1848656189
4
0
40769
2
0
1848657213
4
0
40770
2
0
1848658237
4
0
40771
2
0
1848659261
4
0
40772
2
0
1848660285
4
0
40773
2
0
1848661309
4
0
40774
2
0
1848662333
4
0
40775
2
0
1848664893
4
0
40776
2
0
1848665917
4
0
40777
2
0
1848666941
4
0
40778
2
0
1848667965
4
0
40779
2
0
1848668989
4
0
40780
2
0
1848670013
4
0
40781
2
0
1848651837
4
0
40782
2
0
1848652861
4
0
40783
2
0
1848653885
4
0
40784
2
0
1848721725
4
0
40785
2
0
1848722749
4
0
40786
2
0
1848723773
4
0
40787
2
0
1848724797
4
0
40788
2
0
1848725821
4
0
40789
2
0
1848726845
4
0
40790
2
0
1848727869
4
0
40791
2
0
1848730429
4
0
40792
2
0
1848731453
4
0
40793
2
0
1848732477
4
0
40794
2
0
1848733501
4
0
40795
2
0
1848734525
4
0
40796
2
0
1848735549
4
0
40797
2
0
1848717373
4
0
40798
2
0
1848718397
4
0
40799
2
0
1848719421
4
0
40800
2
0
1848787261
4
0
40801
2
0
1848788285
4
0
40802
2
0
1848789309
4
0
40803
2
0
1848790333
4
0
40804
2
0
1848791357
4
0
40805
2
0
1848792381
4
0
40806
2
0
1848793405
4
0
40807
2
0
1848795965
4
0
40808
2
0
1848796989
4
0
40809
2
0
1848798013
4
0
40810
2
0
1848799037
4
0
40811
2
0
1848800061
4
0
40812
2
0
1848801085
4
0
40813
2
0
1848782909
4
0
40814
2
0
1848783933
4
0
40815
2
0
1848784957
4
0
40816
2
0
1848852797
4
0
40817
2
0
1848853821
4
0
40818
2
0
1848854845
4
0
40819
2
0
1848855869
4
0
40820
2
0
1848856893
4
0
40821
2
0
1848857917
4
0
40822
2
0
1848858941
4
0
40823
2
0
1848861501
4
0
40824
2
0
1848862525
4
0
40825
2
0
1848863549
4
0
40826
2
0
1848864573
4
0
40827
2
0
1848865597
4
0
40828
2
0
1848866621
4
0
40829
2
0
1848848445
4
0
40830
2
0
1848849469
4
0
40831
2
0
1848850493
4
0
40832
2
0
1848918333
4
0
40833
2
0
1848919357
4
0
40834
2
0
1848920381
4
0
40835
2
0
1848921405
4
0
40836
2
0
1848922429
4
0
40837
2
0
1848923453
4
0
40838
2
0
1848924477
4
0
40839
2
0
1848927037
4
0
40840
2
0
1848928061
4
0
40841
2
0
1848929085
4
0
40842
2
0
1848930109
4
0
40843
2
0
1848931133
4
0
40844
2
0
1848932157
4
0
40845
2
0
1848913981
4
0
40846
2
0
1848915005
4
0
40847
2
0
1848916029
4
0
40848
2
0
1848983869
4
0
40849
2
0
1848984893
4
0
40850
2
0
1848985917
4
0
40851
2
0
1848986941
4
0
40852
2
0
1848987965
4
0
40853
2
0
1848988989
4
0
40854
2
0
1848990013
4
0
40855
2
0
1848992573
4
0
40856
2
0
1848993597
4
0
40857
2
0
1848994621
4
0
40858
2
0
1848995645
4
0
40859
2
0
1848996669
4
0
40860
2
0
1848997693
4
0
40861
2
0
1848979517
4
0
40862
2
0
1848980541
4
0
40863
2
0
1848981565
4
0
40864
2
0
1849049405
4
0
40865
2
0
1849050429
4
0
40866
2
0
1849051453
4
0
40867
2
0
1849052477
4
0
40868
2
0
1849053501
4
0
40869
2
0
1849054525
4
0
40870
2
0
1849055549
4
0
40871
2
0
1849058109
4
0
40872
2
0
1849059133
4
0
40873
2
0
1849060157
4
0
40874
2
0
1849061181
4
0
40875
2
0
1849062205
4
0
40876
2
0
1849063229
4
0
40877
2
0
1849045053
4
0
40878
2
0
1849046077
4
0
40879
2
0
1849047101
4
0
40880
2
0
1849114941
4
0
40881
2
0
1849115965
4
0
40882
2
0
1849116989
4
0
40883
2
0
1849118013
4
0
40884
2
0
1849119037
4
0
40885
2
0
1849120061
4
0
40886
2
0
1849121085
4
0
40887
2
0
1849123645
4
0
40888
2
0
1849124669
4
0
40889
2
0
1849125693
4
0
40890
2
0
1849126717
4
0
40891
2
0
1849127741
4
0
40892
2
0
1849128765
4
0
40893
2
0
1849110589
4
0
40894
2
0
1849111613
4
0
40895
2
0
1849112637
4
0
40896
2
0
1849180477
4
0
40897
2
0
1849181501
4
0
40898
2
0
1849182525
4
0
40899
2
0
1849183549
4
0
40900
2
0
1849184573
4
0
40901
2
0
1849185597
4
0
40902
2
0
1849186621
4
0
40903
2
0
1849189181
4
0
40904
2
0
1849190205
4
0
40905
2
0
1849191229
4
0
40906
2
0
1849192253
4
0
40907
2
0
1849193277
4
0
40908
2
0
1849194301
4
0
40909
2
0
1849176125
4
0
40910
2
0
1849177149
4
0
40911
2
0
1849178173
4
0
40912
2
0
1849246013
4
0
40913
2
0
1849247037
4
0
40914
2
0
1849248061
4
0
40915
2
0
1849249085
4
0
40916
2
0
1849250109
4
0
40917
2
0
1849251133
4
0
40918
2
0
1849252157
4
0
40919
2
0
1849254717
4
0
40920
2
0
1849255741
4
0
40921
2
0
1849256765
4
0
40922
2
0
1849257789
4
0
40923
2
0
1849258813
4
0
40924
2
0
1849259837
4
0
40925
2
0
1849241661
4
0
40926
2
0
1849242685
4
0
40927
2
0
1849243709
4
0
40928
2
0
1848328509
4
0
40929
2
0
1848329533
4
0
40930
2
0
1848330557
4
0
40931
2
0
1848331581
4
0
40932
2
0
1848332605
4
0
40933
2
0
1848333629
4
0
40934
2
0
1848334653
4
0
40935
2
0
1848337213
4
0
40936
2
0
1848338237
4
0
40937
2
0
1848339261
4
0
40938
2
0
1848340285
4
0
40939
2
0
1848341309
4
0
40940
2
0
1848342333
4
0
40941
2
0
1848324157
4
0
40942
2
0
1848325181
4
0
40943
2
0
1848326205
4
0
40944
2
0
1848590653
4
0
40945
2
0
1848591677
4
0
40946
2
0
1848592701
4
0
40947
2
0
1848593725
4
0
40948
2
0
1848594749
4
0
40949
2
0
1848595773
4
0
40950
2
0
1848596797
4
0
40951
2
0
1848599357
4
0
40952
2
0
1848600381
4
0
40953
2
0
1848601405
4
0
40954
2
0
1848602429
4
0
40955
2
0
1848603453
4
0
40956
2
0
1848604477
4
0
40957
2
0
1848586301
4
0
40958
2
0
1848587325
4
0
40959
2
0
1848588349
4
