1024
0
56320
2
0
859914557
4
0
56321
2
0
859915581
4
0
56322
2
0
859916605
4
0
56323
2
0
859917629
4
0
56324
2
0
859918653
4
0
56325
2
0
859919677
4
0
56326
2
0
859920701
4
0
56327
2
0
859923261
4
0
56328
2
0
859924285
4
0
56329
2
0
859925309
4
0
56330
2
0
859926333
4
0
56331
2
0
859927357
4
0
56332
2
0
859928381
4
0
56333
2
0
859910205
4
0
56334
2
0
859911229
4
0
56335
2
0
859912253
4
0
56336
2
0
859980093
4
0
56337
2
0
859981117
4
0
56338
2
0
859982141
4
0
56339
2
0
859983165
4
0
56340
2
0
859984189
4
0
56341
2
0
859985213
4
0
56342
2
0
859986237
4
0
56343
2
0
859988797
4
0
56344
2
0
859989821
4
0
56345
2
0
859990845
4
0
56346
2
0
859991869
4
0
56347
2
0
859992893
4
0
56348
2
0
859993917
4
0
56349
2
0
859975741
4
0
56350
2
0
859976765
4
0
56351
2
0
859977789
4
0
56352
2
0
860045629
4
0
56353
2
0
860046653
4
0
56354
2
0
860047677
4
0
56355
2
0
860048701
4
0
56356
2
0
860049725
4
0
56357
2
0
860050749
4
0
56358
2
0
860051773
4
0
56359
2
0
860054333
4
0
56360
2
0
860055357
4
0
56361
2
0
860056381
4
0
56362
2
0
860057405
4
0
56363
2
0
860058429
4
0
56364
2
0
860059453
4
0
56365
2
0
860041277
4
0
56366
2
0
860042301
4
0
56367
2
0
860043325
4
0
56368
2
0
860111165
4
0
56369
2
0
860112189
4
0
56370
2
0
860113213
4
0
56371
2
0
860114237
4
0
56372
2
0
860115261
4
0
56373
2
0
860116285
4
0
56374
2
0
860117309
4
0
56375
2
0
860119869
4
0
56376
2
0
860120893
4
0
56377
2
0
860121917
4
0
56378
2
0
860122941
4
0
56379
2
0
860123965
4
0
56380
2
0
860124989
4
0
56381
2
0
860106813
4
0
56382
2
0
860107837
4
0
56383
2
0
860108861
4
0
56384
2
0
860176701
4
0
56385
2
0
860177725
4
0
56386
2
0
860178749
4
0
56387
2
0
860179773
4
0
56388
2
0
860180797
4
0
56389
2
0
860181821
4
0
56390
2
0
860182845
4
0
56391
2
0
860185405
4
0
56392
2
0
860186429
4
0
56393
2
0
860187453
4
0
56394
2
0
860188477
4
0
56395
2
0
860189501
4
0
56396
2
0
860190525
4
0
56397
2
0
860172349
4
0
56398
2
0
860173373
4
0
56399
2
0
860174397
4
0
56400
2
0
860242237
4
0
56401
2
0
860243261
4
0
56402
2
0
860244285
4
0
56403
2
0
860245309
4
0
56404
2
0
860246333
4
0
56405
2
0
860247357
4
0
56406
2
0
860248381
4
0
56407
2
0
860250941
4
0
56408
2
0
860251965
4
0
56409
2
0
860252989
4
0
56410
2
0
860254013
4
0
56411
2
0
860255037
4
0
56412
2
0
860256061
4
0
56413
2
0
860237885
4
0
56414
2
0
860238909
4
0
56415
2
0
860239933
4
0
56416
2
0
860307773
4
0
56417
2
0
860308797
4
0
56418
2
0
860309821
4
0
56419
2
0
860310845
4
0
56420
2
0
860311869
4
0
56421
2
0
860312893
4
0
56422
2
0
860313917
4
0
56423
2
0
860316477
4
0
56424
2
0
860317501
4
0
56425
2
0
860318525
4
0
56426
2
0
860319549
4
0
56427
2
0
860320573
4
0
56428
2
0
860321597
4
0
56429
2
0
860303421
4
0
56430
2
0
860304445
4
0
56431
2
0
860305469
4
0
56432
2
0
860373309
4
0
56433
2
0
860374333
4
0
56434
2
0
860375357
4
0
56435
2
0
860376381
4
0
56436
2
0
860377405
4
0
56437
2
0
860378429
4
0
56438
2
0
860379453
4
0
56439
2
0
860382013
4
0
56440
2
0
860383037
4
0
56441
2
0
860384061
4
0
56442
2
0
860385085
4
0
56443
2
0
860386109
4
0
56444
2
0
860387133
4
0
56445
2
0
860368957
4
0
56446
2
0
860369981
4
0
56447
2
0
860371005
4
0
56448
2
0
860438845
4
0
56449
2
0
860439869
4
0
56450
2
0
860440893
4
0
56451
2
0
860441917
4
0
56452
2
0
860442941
4
0
56453
2
0
860443965
4
0
56454
2
0
860444989
4
0
56455
2
0
860447549
4
0
56456
2
0
860448573
4
0
56457
2
0
860449597
4
0
56458
2
0
860450621
4
0
56459
2
0
860451645
4
0
56460
2
0
860452669
4
0
56461
2
0
860434493
4
0
56462
2
0
860435517
4
0
56463
2
0
860436541
4
0
56464
2
0
860504381
4
0
56465
2
0
860505405
4
0
56466
2
0
860506429
4
0
56467
2
0
860507453
4
0
56468
2
0
860508477
4
0
56469
2
0
860509501
4
0
56470
2
0
860510525
4
0
56471
2
0
860513085
4
0
56472
2
0
860514109
4
0
56473
2
0
860515133
4
0
56474
2
0
860516157
4
0
56475
2
0
860517181
4
0
56476
2
0
860518205
4
0
56477
2
0
860500029
4
0
56478
2
0
860501053
4
0
56479
2
0
860502077
4
0
56480
2
0
860569917
4
0
56481
2
0
860570941
4
0
56482
2
0
860571965
4
0
56483
2
0
860572989
4
0
56484
2
0
860574013
4
0
56485
2
0
860575037
4
0
56486
2
0
860576061
4
0
56487
2
0
860578621
4
0
56488
2
0
860579645
4
0
56489
2
0
860580669
4
0
56490
2
0
860581693
4
0
56491
2
0
860582717
4
0
56492
2
0
860583741
4
0
56493
2
0
860565565
4
0
56494
2
0
860566589
4
0
56495
2
0
860567613
4
0
56496
2
0
860635453
4
0
56497
2
0
860636477
4
0
56498
2
0
860637501
4
0
56499
2
0
860638525
4
0
56500
2
0
860639549
4
0
56501
2
0
860640573
4
0
56502
2
0
860641597
4
0
56503
2
0
860644157
4
0
56504
2
0
860645181
4
0
56505
2
0
860646205
4
0
56506
2
0
860647229
4
0
56507
2
0
860648253
4
0
56508
2
0
860649277
4
0
56509
2
0
860631101
4
0
56510
2
0
860632125
4
0
56511
2
0
860633149
4
0
56512
2
0
860700989
4
0
56513
2
0
860702013
4
0
56514
2
0
860703037
4
0
56515
2
0
860704061
4
0
56516
2
0
860705085
4
0
56517
2
0
860706109
4
0
56518
2
0
860707133
4
0
56519
2
0
860709693
4
0
56520
2
0
860710717
4
0
56521
2
0
860711741
4
0
56522
2
0
860712765
4
0
56523
2
0
860713789
4
0
56524
2
0
860714813
4
0
56525
2
0
860696637
4
0
56526
2
0
860697661
4
0
56527
2
0
860698685
4
0
56528
2
0
860766525
4
0
56529
2
0
860767549
4
0
56530
2
0
860768573
4
0
56531
2
0
860769597
4
0
56532
2
0
860770621
4
0
56533
2
0
860771645
4
0
56534
2
0
860772669
4
0
56535
2
0
860775229
4
0
56536
2
0
860776253
4
0
56537
2
0
860777277
4
0
56538
2
0
860778301
4
0
56539
2
0
860779325
4
0
56540
2
0
860780349
4
0
56541
2
0
860762173
4
0
56542
2
0
860763197
4
0
56543
2
0
860764221
4
0
56544
2
0
860832061
4
0
56545
2
0
860833085
4
0
56546
2
0
860834109
4
0
56547
2
0
860835133
4
0
56548
2
0
860836157
4
0
56549
2
0
860837181
4
0
56550
2
0
860838205
4
0
56551
2
0
860840765
4
0
56552
2
0
860841789
4
0
56553
2
0
860842813
4
0
56554
2
0
860843837
4
0
56555
2
0
860844861
4
0
56556
2
0
860845885
4
0
56557
2
0
860827709
4
0
56558
2
0
860828733
4
0
56559
2
0
860829757
4
0
56560
2
0
860897597
4
0
56561
2
0
860898621
4
0
56562
2
0
860899645
4
0
56563
2
0
860900669
4
0
56564
2
0
860901693
4
0
56565
2
0
860902717
4
0
56566
2
0
860903741
4
0
56567
2
0
860906301
4
0
56568
2
0
860907325
4
0
56569
2
0
860908349
4
0
56570
2
0
860909373
4
0
56571
2
0
860910397
4
0
56572
2
0
860911421
4
0
56573
2
0
860893245
4
0
56574
2
0
860894269
4
0
56575
2
0
860895293
4
0
56576
2
0
860963133
4
0
56577
2
0
860964157
4
0
56578
2
0
860965181
4
0
56579
2
0
860966205
4
0
56580
2
0
860967229
4
0
56581
2
0
860968253
4
0
56582
2
0
860969277
4
0
56583
2
0
860971837
4
0
56584
2
0
860972861
4
0
56585
2
0
860973885
4
0
56586
2
0
860974909
4
0
56587
2
0
860975933
4
0
56588
2
0
860976957
4
0
56589
2
0
860958781
4
0
56590
2
0
860959805
4
0
56591
2
0
860960829
4
0
56592
2
0
861028669
4
0
56593
2
0
861029693
4
0
56594
2
0
861030717
4
0
56595
2
0
861031741
4
0
56596
2
0
861032765
4
0
56597
2
0
861033789
4
0
56598
2
0
861034813
4
0
56599
2
0
861037373
4
0
56600
2
0
861038397
4
0
56601
2
0
861039421
4
0
56602
2
0
861040445
4
0
56603
2
0
861041469
4
0
56604
2
0
861042493
4
0
56605
2
0
861024317
4
0
56606
2
0
861025341
4
0
56607
2
0
861026365
4
0
56608
2
0
861094205
4
0
56609
2
0
861095229
4
0
56610
2
0
861096253
4
0
56611
2
0
861097277
4
0
56612
2
0
861098301
4
0
56613
2
0
861099325
4
0
56614
2
0
861100349
4
0
56615
2
0
861102909
4
0
56616
2
0
861103933
4
0
56617
2
0
861104957
4
0
56618
2
0
861105981
4
0
56619
2
0
861107005
4
0
56620
2
0
861108029
4
0
56621
2
0
861089853
4
0
56622
2
0
861090877
4
0
56623
2
0
861091901
4
0
56624
2
0
861159741
4
0
56625
2
0
861160765
4
0
56626
2
0
861161789
4
0
56627
2
0
861162813
4
0
56628
2
0
861163837
4
0
56629
2
0
861164861
4
0
56630
2
0
861165885
4
0
56631
2
0
861168445
4
0
56632
2
0
861169469
4
0
56633
2
0
861170493
4
0
56634
2
0
861171517
4
0
56635
2
0
861172541
4
0
56636
2
0
861173565
4
0
56637
2
0
861155389
4
0
56638
2
0
861156413
4
0
56639
2
0
861157437
4
0
56640
2
0
861225277
4
0
56641
2
0
861226301
4
0
56642
2
0
861227325
4
0
56643
2
0
861228349
4
0
56644
2
0
861229373
4
0
56645
2
0
861230397
4
0
56646
2
0
861231421
4
0
56647
2
0
861233981
4
0
56648
2
0
861235005
4
0
56649
2
0
861236029
4
0
56650
2
0
861237053
4
0
56651
2
0
861238077
4
0
56652
2
0
861239101
4
0
56653
2
0
861220925
4
0
56654
2
0
861221949
4
0
56655
2
0
861222973
4
0
56656
2
0
861290813
4
0
56657
2
0
861291837
4
0
56658
2
0
861292861
4
0
56659
2
0
861293885
4
0
56660
2
0
861294909
4
0
56661
2
0
861295933
4
0
56662
2
0
861296957
4
0
56663
2
0
861299517
4
0
56664
2
0
861300541
4
0
56665
2
0
861301565
4
0
56666
2
0
861302589
4
0
56667
2
0
861303613
4
0
56668
2
0
861304637
4
0
56669
2
0
861286461
4
0
56670
2
0
861287485
4
0
56671
2
0
861288509
4
0
56672
2
0
861356349
4
0
56673
2
0
861357373
4
0
56674
2
0
861358397
4
0
56675
2
0
861359421
4
0
56676
2
0
861360445
4
0
56677
2
0
861361469
4
0
56678
2
0
861362493
4
0
56679
2
0
861365053
4
0
56680
2
0
861366077
4
0
56681
2
0
861367101
4
0
56682
2
0
861368125
4
0
56683
2
0
861369149
4
0
56684
2
0
861370173
4
0
56685
2
0
861351997
4
0
56686
2
0
861353021
4
0
56687
2
0
861354045
4
0
56688
2
0
861421885
4
0
56689
2
0
861422909
4
0
56690
2
0
861423933
4
0
56691
2
0
861424957
4
0
56692
2
0
861425981
4
0
56693
2
0
861427005
4
0
56694
2
0
861428029
4
0
56695
2
0
861430589
4
0
56696
2
0
861431613
4
0
56697
2
0
861432637
4
0
56698
2
0
861433661
4
0
56699
2
0
861434685
4
0
56700
2
0
861435709
4
0
56701
2
0
861417533
4
0
56702
2
0
861418557
4
0
56703
2
0
861419581
4
0
56704
2
0
861487421
4
0
56705
2
0
861488445
4
0
56706
2
0
861489469
4
0
56707
2
0
861490493
4
0
56708
2
0
861491517
4
0
56709
2
0
861492541
4
0
56710
2
0
861493565
4
0
56711
2
0
861496125
4
0
56712
2
0
861497149
4
0
56713
2
0
861498173
4
0
56714
2
0
861499197
4
0
56715
2
0
861500221
4
0
56716
2
0
861501245
4
0
56717
2
0
861483069
4
0
56718
2
0
861484093
4
0
56719
2
0
861485117
4
0
56720
2
0
861552957
4
0
56721
2
0
861553981
4
0
56722
2
0
861555005
4
0
56723
2
0
861556029
4
0
56724
2
0
861557053
4
0
56725
2
0
861558077
4
0
56726
2
0
861559101
4
0
56727
2
0
861561661
4
0
56728
2
0
861562685
4
0
56729
2
0
861563709
4
0
56730
2
0
861564733
4
0
56731
2
0
861565757
4
0
56732
2
0
861566781
4
0
56733
2
0
861548605
4
0
56734
2
0
861549629
4
0
56735
2
0
861550653
4
0
56736
2
0
862011709
4
0
56737
2
0
862012733
4
0
56738
2
0
862013757
4
0
56739
2
0
862014781
4
0
56740
2
0
862015805
4
0
56741
2
0
862016829
4
0
56742
2
0
862017853
4
0
56743
2
0
862020413
4
0
56744
2
0
862021437
4
0
56745
2
0
862022461
4
0
56746
2
0
862023485
4
0
56747
2
0
862024509
4
0
56748
2
0
862025533
4
0
56749
2
0
862007357
4
0
56750
2
0
862008381
4
0
56751
2
0
862009405
4
0
56752
2
0
862077245
4
0
56753
2
0
862078269
4
0
56754
2
0
862079293
4
0
56755
2
0
862080317
4
0
56756
2
0
862081341
4
0
56757
2
0
862082365
4
0
56758
2
0
862083389
4
0
56759
2
0
862085949
4
0
56760
2
0
862086973
4
0
56761
2
0
862087997
4
0
56762
2
0
862089021
4
0
56763
2
0
862090045
4
0
56764
2
0
862091069
4
0
56765
2
0
862072893
4
0
56766
2
0
862073917
4
0
56767
2
0
862074941
4
0
56768
2
0
862142781
4
0
56769
2
0
862143805
4
0
56770
2
0
862144829
4
0
56771
2
0
862145853
4
0
56772
2
0
862146877
4
0
56773
2
0
862147901
4
0
56774
2
0
862148925
4
0
56775
2
0
862151485
4
0
56776
2
0
862152509
4
0
56777
2
0
862153533
4
0
56778
2
0
862154557
4
0
56779
2
0
862155581
4
0
56780
2
0
862156605
4
0
56781
2
0
862138429
4
0
56782
2
0
862139453
4
0
56783
2
0
862140477
4
0
56784
2
0
862208317
4
0
56785
2
0
862209341
4
0
56786
2
0
862210365
4
0
56787
2
0
862211389
4
0
56788
2
0
862212413
4
0
56789
2
0
862213437
4
0
56790
2
0
862214461
4
0
56791
2
0
862217021
4
0
56792
2
0
862218045
4
0
56793
2
0
862219069
4
0
56794
2
0
862220093
4
0
56795
2
0
862221117
4
0
56796
2
0
862222141
4
0
56797
2
0
862203965
4
0
56798
2
0
862204989
4
0
56799
2
0
862206013
4
0
56800
2
0
862273853
4
0
56801
2
0
862274877
4
0
56802
2
0
862275901
4
0
56803
2
0
862276925
4
0
56804
2
0
862277949
4
0
56805
2
0
862278973
4
0
56806
2
0
862279997
4
0
56807
2
0
862282557
4
0
56808
2
0
862283581
4
0
56809
2
0
862284605
4
0
56810
2
0
862285629
4
0
56811
2
0
862286653
4
0
56812
2
0
862287677
4
0
56813
2
0
862269501
4
0
56814
2
0
862270525
4
0
56815
2
0
862271549
4
0
56816
2
0
862339389
4
0
56817
2
0
862340413
4
0
56818
2
0
862341437
4
0
56819
2
0
862342461
4
0
56820
2
0
862343485
4
0
56821
2
0
862344509
4
0
56822
2
0
862345533
4
0
56823
2
0
862348093
4
0
56824
2
0
862349117
4
0
56825
2
0
862350141
4
0
56826
2
0
862351165
4
0
56827
2
0
862352189
4
0
56828
2
0
862353213
4
0
56829
2
0
862335037
4
0
56830
2
0
862336061
4
0
56831
2
0
862337085
4
0
56832
2
0
862404925
4
0
56833
2
0
862405949
4
0
56834
2
0
862406973
4
0
56835
2
0
862407997
4
0
56836
2
0
862409021
4
0
56837
2
0
862410045
4
0
56838
2
0
862411069
4
0
56839
2
0
862413629
4
0
56840
2
0
862414653
4
0
56841
2
0
862415677
4
0
56842
2
0
862416701
4
0
56843
2
0
862417725
4
0
56844
2
0
862418749
4
0
56845
2
0
862400573
4
0
56846
2
0
862401597
4
0
56847
2
0
862402621
4
0
56848
2
0
862470461
4
0
56849
2
0
862471485
4
0
56850
2
0
862472509
4
0
56851
2
0
862473533
4
0
56852
2
0
862474557
4
0
56853
2
0
862475581
4
0
56854
2
0
862476605
4
0
56855
2
0
862479165
4
0
56856
2
0
862480189
4
0
56857
2
0
862481213
4
0
56858
2
0
862482237
4
0
56859
2
0
862483261
4
0
56860
2
0
862484285
4
0
56861
2
0
862466109
4
0
56862
2
0
862467133
4
0
56863
2
0
862468157
4
0
56864
2
0
862535997
4
0
56865
2
0
862537021
4
0
56866
2
0
862538045
4
0
56867
2
0
862539069
4
0
56868
2
0
862540093
4
0
56869
2
0
862541117
4
0
56870
2
0
862542141
4
0
56871
2
0
862544701
4
0
56872
2
0
862545725
4
0
56873
2
0
862546749
4
0
56874
2
0
862547773
4
0
56875
2
0
862548797
4
0
56876
2
0
862549821
4
0
56877
2
0
862531645
4
0
56878
2
0
862532669
4
0
56879
2
0
862533693
4
0
56880
2
0
862601533
4
0
56881
2
0
862602557
4
0
56882
2
0
862603581
4
0
56883
2
0
862604605
4
0
56884
2
0
862605629
4
0
56885
2
0
862606653
4
0
56886
2
0
862607677
4
0
56887
2
0
862610237
4
0
56888
2
0
862611261
4
0
56889
2
0
862612285
4
0
56890
2
0
862613309
4
0
56891
2
0
862614333
4
0
56892
2
0
862615357
4
0
56893
2
0
862597181
4
0
56894
2
0
862598205
4
0
56895
2
0
862599229
4
0
56896
2
0
862667069
4
0
56897
2
0
862668093
4
0
56898
2
0
862669117
4
0
56899
2
0
862670141
4
0
56900
2
0
862671165
4
0
56901
2
0
862672189
4
0
56902
2
0
862673213
4
0
56903
2
0
862675773
4
0
56904
2
0
862676797
4
0
56905
2
0
862677821
4
0
56906
2
0
862678845
4
0
56907
2
0
862679869
4
0
56908
2
0
862680893
4
0
56909
2
0
862662717
4
0
56910
2
0
862663741
4
0
56911
2
0
862664765
4
0
56912
2
0
862732605
4
0
56913
2
0
862733629
4
0
56914
2
0
862734653
4
0
56915
2
0
862735677
4
0
56916
2
0
862736701
4
0
56917
2
0
862737725
4
0
56918
2
0
862738749
4
0
56919
2
0
862741309
4
0
56920
2
0
862742333
4
0
56921
2
0
862743357
4
0
56922
2
0
862744381
4
0
56923
2
0
862745405
4
0
56924
2
0
862746429
4
0
56925
2
0
862728253
4
0
56926
2
0
862729277
4
0
56927
2
0
862730301
4
0
56928
2
0
862798141
4
0
56929
2
0
862799165
4
0
56930
2
0
862800189
4
0
56931
2
0
862801213
4
0
56932
2
0
862802237
4
0
56933
2
0
862803261
4
0
56934
2
0
862804285
4
0
56935
2
0
862806845
4
0
56936
2
0
862807869
4
0
56937
2
0
862808893
4
0
56938
2
0
862809917
4
0
56939
2
0
862810941
4
0
56940
2
0
862811965
4
0
56941
2
0
862793789
4
0
56942
2
0
862794813
4
0
56943
2
0
862795837
4
0
56944
2
0
862863677
4
0
56945
2
0
862864701
4
0
56946
2
0
862865725
4
0
56947
2
0
862866749
4
0
56948
2
0
862867773
4
0
56949
2
0
862868797
4
0
56950
2
0
862869821
4
0
56951
2
0
862872381
4
0
56952
2
0
862873405
4
0
56953
2
0
862874429
4
0
56954
2
0
862875453
4
0
56955
2
0
862876477
4
0
56956
2
0
862877501
4
0
56957
2
0
862859325
4
0
56958
2
0
862860349
4
0
56959
2
0
862861373
4
0
56960
2
0
862929213
4
0
56961
2
0
862930237
4
0
56962
2
0
862931261
4
0
56963
2
0
862932285
4
0
56964
2
0
862933309
4
0
56965
2
0
862934333
4
0
56966
2
0
862935357
4
0
56967
2
0
862937917
4
0
56968
2
0
862938941
4
0
56969
2
0
862939965
4
0
56970
2
0
862940989
4
0
56971
2
0
862942013
4
0
56972
2
0
862943037
4
0
56973
2
0
862924861
4
0
56974
2
0
862925885
4
0
56975
2
0
862926909
4
0
56976
2
0
862994749
4
0
56977
2
0
862995773
4
0
56978
2
0
862996797
4
0
56979
2
0
862997821
4
0
56980
2
0
862998845
4
0
56981
2
0
862999869
4
0
56982
2
0
863000893
4
0
56983
2
0
863003453
4
0
56984
2
0
863004477
4
0
56985
2
0
863005501
4
0
56986
2
0
863006525
4
0
56987
2
0
863007549
4
0
56988
2
0
863008573
4
0
56989
2
0
862990397
4
0
56990
2
0
862991421
4
0
56991
2
0
862992445
4
0
56992
2
0
863060285
4
0
56993
2
0
863061309
4
0
56994
2
0
863062333
4
0
56995
2
0
863063357
4
0
56996
2
0
863064381
4
0
56997
2
0
863065405
4
0
56998
2
0
863066429
4
0
56999
2
0
863068989
4
0
57000
2
0
863070013
4
0
57001
2
0
863071037
4
0
57002
2
0
863072061
4
0
57003
2
0
863073085
4
0
57004
2
0
863074109
4
0
57005
2
0
863055933
4
0
57006
2
0
863056957
4
0
57007
2
0
863057981
4
0
57008
2
0
863125821
4
0
57009
2
0
863126845
4
0
57010
2
0
863127869
4
0
57011
2
0
863128893
4
0
57012
2
0
863129917
4
0
57013
2
0
863130941
4
0
57014
2
0
863131965
4
0
57015
2
0
863134525
4
0
57016
2
0
863135549
4
0
57017
2
0
863136573
4
0
57018
2
0
863137597
4
0
57019
2
0
863138621
4
0
57020
2
0
863139645
4
0
57021
2
0
863121469
4
0
57022
2
0
863122493
4
0
57023
2
0
863123517
4
0
57024
2
0
863191357
4
0
57025
2
0
863192381
4
0
57026
2
0
863193405
4
0
57027
2
0
863194429
4
0
57028
2
0
863195453
4
0
57029
2
0
863196477
4
0
57030
2
0
863197501
4
0
57031
2
0
863200061
4
0
57032
2
0
863201085
4
0
57033
2
0
863202109
4
0
57034
2
0
863203133
4
0
57035
2
0
863204157
4
0
57036
2
0
863205181
4
0
57037
2
0
863187005
4
0
57038
2
0
863188029
4
0
57039
2
0
863189053
4
0
57040
2
0
863256893
4
0
57041
2
0
863257917
4
0
57042
2
0
863258941
4
0
57043
2
0
863259965
4
0
57044
2
0
863260989
4
0
57045
2
0
863262013
4
0
57046
2
0
863263037
4
0
57047
2
0
863265597
4
0
57048
2
0
863266621
4
0
57049
2
0
863267645
4
0
57050
2
0
863268669
4
0
57051
2
0
863269693
4
0
57052
2
0
863270717
4
0
57053
2
0
863252541
4
0
57054
2
0
863253565
4
0
57055
2
0
863254589
4
0
57056
2
0
863322429
4
0
57057
2
0
863323453
4
0
57058
2
0
863324477
4
0
57059
2
0
863325501
4
0
57060
2
0
863326525
4
0
57061
2
0
863327549
4
0
57062
2
0
863328573
4
0
57063
2
0
863331133
4
0
57064
2
0
863332157
4
0
57065
2
0
863333181
4
0
57066
2
0
863334205
4
0
57067
2
0
863335229
4
0
57068
2
0
863336253
4
0
57069
2
0
863318077
4
0
57070
2
0
863319101
4
0
57071
2
0
863320125
4
0
57072
2
0
863387965
4
0
57073
2
0
863388989
4
0
57074
2
0
863390013
4
0
57075
2
0
863391037
4
0
57076
2
0
863392061
4
0
57077
2
0
863393085
4
0
57078
2
0
863394109
4
0
57079
2
0
863396669
4
0
57080
2
0
863397693
4
0
57081
2
0
863398717
4
0
57082
2
0
863399741
4
0
57083
2
0
863400765
4
0
57084
2
0
863401789
4
0
57085
2
0
863383613
4
0
57086
2
0
863384637
4
0
57087
2
0
863385661
4
0
57088
2
0
863453501
4
0
57089
2
0
863454525
4
0
57090
2
0
863455549
4
0
57091
2
0
863456573
4
0
57092
2
0
863457597
4
0
57093
2
0
863458621
4
0
57094
2
0
863459645
4
0
57095
2
0
863462205
4
0
57096
2
0
863463229
4
0
57097
2
0
863464253
4
0
57098
2
0
863465277
4
0
57099
2
0
863466301
4
0
57100
2
0
863467325
4
0
57101
2
0
863449149
4
0
57102
2
0
863450173
4
0
57103
2
0
863451197
4
0
57104
2
0
863519037
4
0
57105
2
0
863520061
4
0
57106
2
0
863521085
4
0
57107
2
0
863522109
4
0
57108
2
0
863523133
4
0
57109
2
0
863524157
4
0
57110
2
0
863525181
4
0
57111
2
0
863527741
4
0
57112
2
0
863528765
4
0
57113
2
0
863529789
4
0
57114
2
0
863530813
4
0
57115
2
0
863531837
4
0
57116
2
0
863532861
4
0
57117
2
0
863514685
4
0
57118
2
0
863515709
4
0
57119
2
0
863516733
4
0
57120
2
0
863584573
4
0
57121
2
0
863585597
4
0
57122
2
0
863586621
4
0
57123
2
0
863587645
4
0
57124
2
0
863588669
4
0
57125
2
0
863589693
4
0
57126
2
0
863590717
4
0
57127
2
0
863593277
4
0
57128
2
0
863594301
4
0
57129
2
0
863595325
4
0
57130
2
0
863596349
4
0
57131
2
0
863597373
4
0
57132
2
0
863598397
4
0
57133
2
0
863580221
4
0
57134
2
0
863581245
4
0
57135
2
0
863582269
4
0
57136
2
0
863650109
4
0
57137
2
0
863651133
4
0
57138
2
0
863652157
4
0
57139
2
0
863653181
4
0
57140
2
0
863654205
4
0
57141
2
0
863655229
4
0
57142
2
0
863656253
4
0
57143
2
0
863658813
4
0
57144
2
0
863659837
4
0
57145
2
0
863660861
4
0
57146
2
0
863661885
4
0
57147
2
0
863662909
4
0
57148
2
0
863663933
4
0
57149
2
0
863645757
4
0
57150
2
0
863646781
4
0
57151
2
0
863647805
4
0
57152
2
0
858800445
4
0
57153
2
0
858801469
4
0
57154
2
0
858802493
4
0
57155
2
0
858803517
4
0
57156
2
0
858804541
4
0
57157
2
0
858805565
4
0
57158
2
0
858806589
4
0
57159
2
0
858809149
4
0
57160
2
0
858810173
4
0
57161
2
0
858811197
4
0
57162
2
0
858812221
4
0
57163
2
0
858813245
4
0
57164
2
0
858814269
4
0
57165
2
0
858796093
4
0
57166
2
0
858797117
4
0
57167
2
0
858798141
4
0
57168
2
0
858865981
4
0
57169
2
0
858867005
4
0
57170
2
0
858868029
4
0
57171
2
0
858869053
4
0
57172
2
0
858870077
4
0
57173
2
0
858871101
4
0
57174
2
0
858872125
4
0
57175
2
0
858874685
4
0
57176
2
0
858875709
4
0
57177
2
0
858876733
4
0
57178
2
0
858877757
4
0
57179
2
0
858878781
4
0
57180
2
0
858879805
4
0
57181
2
0
858861629
4
0
57182
2
0
858862653
4
0
57183
2
0
858863677
4
0
57184
2
0
858931517
4
0
57185
2
0
858932541
4
0
57186
2
0
858933565
4
0
57187
2
0
858934589
4
0
57188
2
0
858935613
4
0
57189
2
0
858936637
4
0
57190
2
0
858937661
4
0
57191
2
0
858940221
4
0
57192
2
0
858941245
4
0
57193
2
0
858942269
4
0
57194
2
0
858943293
4
0
57195
2
0
858944317
4
0
57196
2
0
858945341
4
0
57197
2
0
858927165
4
0
57198
2
0
858928189
4
0
57199
2
0
858929213
4
0
57200
2
0
858997053
4
0
57201
2
0
858998077
4
0
57202
2
0
858999101
4
0
57203
2
0
859000125
4
0
57204
2
0
859001149
4
0
57205
2
0
859002173
4
0
57206
2
0
859003197
4
0
57207
2
0
859005757
4
0
57208
2
0
859006781
4
0
57209
2
0
859007805
4
0
57210
2
0
859008829
4
0
57211
2
0
859009853
4
0
57212
2
0
859010877
4
0
57213
2
0
858992701
4
0
57214
2
0
858993725
4
0
57215
2
0
858994749
4
0
57216
2
0
859062589
4
0
57217
2
0
859063613
4
0
57218
2
0
859064637
4
0
57219
2
0
859065661
4
0
57220
2
0
859066685
4
0
57221
2
0
859067709
4
0
57222
2
0
859068733
4
0
57223
2
0
859071293
4
0
57224
2
0
859072317
4
0
57225
2
0
859073341
4
0
57226
2
0
859074365
4
0
57227
2
0
859075389
4
0
57228
2
0
859076413
4
0
57229
2
0
859058237
4
0
57230
2
0
859059261
4
0
57231
2
0
859060285
4
0
57232
2
0
859128125
4
0
57233
2
0
859129149
4
0
57234
2
0
859130173
4
0
57235
2
0
859131197
4
0
57236
2
0
859132221
4
0
57237
2
0
859133245
4
0
57238
2
0
859134269
4
0
57239
2
0
859136829
4
0
57240
2
0
859137853
4
0
57241
2
0
859138877
4
0
57242
2
0
859139901
4
0
57243
2
0
859140925
4
0
57244
2
0
859141949
4
0
57245
2
0
859123773
4
0
57246
2
0
859124797
4
0
57247
2
0
859125821
4
0
57248
2
0
859193661
4
0
57249
2
0
859194685
4
0
57250
2
0
859195709
4
0
57251
2
0
859196733
4
0
57252
2
0
859197757
4
0
57253
2
0
859198781
4
0
57254
2
0
859199805
4
0
57255
2
0
859202365
4
0
57256
2
0
859203389
4
0
57257
2
0
859204413
4
0
57258
2
0
859205437
4
0
57259
2
0
859206461
4
0
57260
2
0
859207485
4
0
57261
2
0
859189309
4
0
57262
2
0
859190333
4
0
57263
2
0
859191357
4
0
57264
2
0
859259197
4
0
57265
2
0
859260221
4
0
57266
2
0
859261245
4
0
57267
2
0
859262269
4
0
57268
2
0
859263293
4
0
57269
2
0
859264317
4
0
57270
2
0
859265341
4
0
57271
2
0
859267901
4
0
57272
2
0
859268925
4
0
57273
2
0
859269949
4
0
57274
2
0
859270973
4
0
57275
2
0
859271997
4
0
57276
2
0
859273021
4
0
57277
2
0
859254845
4
0
57278
2
0
859255869
4
0
57279
2
0
859256893
4
0
57280
2
0
859324733
4
0
57281
2
0
859325757
4
0
57282
2
0
859326781
4
0
57283
2
0
859327805
4
0
57284
2
0
859328829
4
0
57285
2
0
859329853
4
0
57286
2
0
859330877
4
0
57287
2
0
859333437
4
0
57288
2
0
859334461
4
0
57289
2
0
859335485
4
0
57290
2
0
859336509
4
0
57291
2
0
859337533
4
0
57292
2
0
859338557
4
0
57293
2
0
859320381
4
0
57294
2
0
859321405
4
0
57295
2
0
859322429
4
0
57296
2
0
859390269
4
0
57297
2
0
859391293
4
0
57298
2
0
859392317
4
0
57299
2
0
859393341
4
0
57300
2
0
859394365
4
0
57301
2
0
859395389
4
0
57302
2
0
859396413
4
0
57303
2
0
859398973
4
0
57304
2
0
859399997
4
0
57305
2
0
859401021
4
0
57306
2
0
859402045
4
0
57307
2
0
859403069
4
0
57308
2
0
859404093
4
0
57309
2
0
859385917
4
0
57310
2
0
859386941
4
0
57311
2
0
859387965
4
0
57312
2
0
858472765
4
0
57313
2
0
858473789
4
0
57314
2
0
858474813
4
0
57315
2
0
858475837
4
0
57316
2
0
858476861
4
0
57317
2
0
858477885
4
0
57318
2
0
858478909
4
0
57319
2
0
858481469
4
0
57320
2
0
858482493
4
0
57321
2
0
858483517
4
0
57322
2
0
858484541
4
0
57323
2
0
858485565
4
0
57324
2
0
858486589
4
0
57325
2
0
858468413
4
0
57326
2
0
858469437
4
0
57327
2
0
858470461
4
0
57328
2
0
858734909
4
0
57329
2
0
858735933
4
0
57330
2
0
858736957
4
0
57331
2
0
858737981
4
0
57332
2
0
858739005
4
0
57333
2
0
858740029
4
0
57334
2
0
858741053
4
0
57335
2
0
858743613
4
0
57336
2
0
858744637
4
0
57337
2
0
858745661
4
0
57338
2
0
858746685
4
0
57339
2
0
858747709
4
0
57340
2
0
858748733
4
0
57341
2
0
858730557
4
0
57342
2
0
858731581
4
0
57343
2
0
858732605
4
