1024
0
6144
2
0
1195458877
4
0
6145
2
0
1195459901
4
0
6146
2
0
1195460925
4
0
6147
2
0
1195461949
4
0
6148
2
0
1195462973
4
0
6149
2
0
1195463997
4
0
6150
2
0
1195465021
4
0
6151
2
0
1195467581
4
0
6152
2
0
1195468605
4
0
6153
2
0
1195469629
4
0
6154
2
0
1195470653
4
0
6155
2
0
1195471677
4
0
6156
2
0
1195472701
4
0
6157
2
0
1195454525
4
0
6158
2
0
1195455549
4
0
6159
2
0
1195456573
4
0
6160
2
0
1195524413
4
0
6161
2
0
1195525437
4
0
6162
2
0
1195526461
4
0
6163
2
0
1195527485
4
0
6164
2
0
1195528509
4
0
6165
2
0
1195529533
4
0
6166
2
0
1195530557
4
0
6167
2
0
1195533117
4
0
6168
2
0
1195534141
4
0
6169
2
0
1195535165
4
0
6170
2
0
1195536189
4
0
6171
2
0
1195537213
4
0
6172
2
0
1195538237
4
0
6173
2
0
1195520061
4
0
6174
2
0
1195521085
4
0
6175
2
0
1195522109
4
0
6176
2
0
1195589949
4
0
6177
2
0
1195590973
4
0
6178
2
0
1195591997
4
0
6179
2
0
1195593021
4
0
6180
2
0
1195594045
4
0
6181
2
0
1195595069
4
0
6182
2
0
1195596093
4
0
6183
2
0
1195598653
4
0
6184
2
0
1195599677
4
0
6185
2
0
1195600701
4
0
6186
2
0
1195601725
4
0
6187
2
0
1195602749
4
0
6188
2
0
1195603773
4
0
6189
2
0
1195585597
4
0
6190
2
0
1195586621
4
0
6191
2
0
1195587645
4
0
6192
2
0
1195655485
4
0
6193
2
0
1195656509
4
0
6194
2
0
1195657533
4
0
6195
2
0
1195658557
4
0
6196
2
0
1195659581
4
0
6197
2
0
1195660605
4
0
6198
2
0
1195661629
4
0
6199
2
0
1195664189
4
0
6200
2
0
1195665213
4
0
6201
2
0
1195666237
4
0
6202
2
0
1195667261
4
0
6203
2
0
1195668285
4
0
6204
2
0
1195669309
4
0
6205
2
0
1195651133
4
0
6206
2
0
1195652157
4
0
6207
2
0
1195653181
4
0
6208
2
0
1195721021
4
0
6209
2
0
1195722045
4
0
6210
2
0
1195723069
4
0
6211
2
0
1195724093
4
0
6212
2
0
1195725117
4
0
6213
2
0
1195726141
4
0
6214
2
0
1195727165
4
0
6215
2
0
1195729725
4
0
6216
2
0
1195730749
4
0
6217
2
0
1195731773
4
0
6218
2
0
1195732797
4
0
6219
2
0
1195733821
4
0
6220
2
0
1195734845
4
0
6221
2
0
1195716669
4
0
6222
2
0
1195717693
4
0
6223
2
0
1195718717
4
0
6224
2
0
1195786557
4
0
6225
2
0
1195787581
4
0
6226
2
0
1195788605
4
0
6227
2
0
1195789629
4
0
6228
2
0
1195790653
4
0
6229
2
0
1195791677
4
0
6230
2
0
1195792701
4
0
6231
2
0
1195795261
4
0
6232
2
0
1195796285
4
0
6233
2
0
1195797309
4
0
6234
2
0
1195798333
4
0
6235
2
0
1195799357
4
0
6236
2
0
1195800381
4
0
6237
2
0
1195782205
4
0
6238
2
0
1195783229
4
0
6239
2
0
1195784253
4
0
6240
2
0
1195852093
4
0
6241
2
0
1195853117
4
0
6242
2
0
1195854141
4
0
6243
2
0
1195855165
4
0
6244
2
0
1195856189
4
0
6245
2
0
1195857213
4
0
6246
2
0
1195858237
4
0
6247
2
0
1195860797
4
0
6248
2
0
1195861821
4
0
6249
2
0
1195862845
4
0
6250
2
0
1195863869
4
0
6251
2
0
1195864893
4
0
6252
2
0
1195865917
4
0
6253
2
0
1195847741
4
0
6254
2
0
1195848765
4
0
6255
2
0
1195849789
4
0
6256
2
0
1195917629
4
0
6257
2
0
1195918653
4
0
6258
2
0
1195919677
4
0
6259
2
0
1195920701
4
0
6260
2
0
1195921725
4
0
6261
2
0
1195922749
4
0
6262
2
0
1195923773
4
0
6263
2
0
1195926333
4
0
6264
2
0
1195927357
4
0
6265
2
0
1195928381
4
0
6266
2
0
1195929405
4
0
6267
2
0
1195930429
4
0
6268
2
0
1195931453
4
0
6269
2
0
1195913277
4
0
6270
2
0
1195914301
4
0
6271
2
0
1195915325
4
0
6272
2
0
1195983165
4
0
6273
2
0
1195984189
4
0
6274
2
0
1195985213
4
0
6275
2
0
1195986237
4
0
6276
2
0
1195987261
4
0
6277
2
0
1195988285
4
0
6278
2
0
1195989309
4
0
6279
2
0
1195991869
4
0
6280
2
0
1195992893
4
0
6281
2
0
1195993917
4
0
6282
2
0
1195994941
4
0
6283
2
0
1195995965
4
0
6284
2
0
1195996989
4
0
6285
2
0
1195978813
4
0
6286
2
0
1195979837
4
0
6287
2
0
1195980861
4
0
6288
2
0
1196048701
4
0
6289
2
0
1196049725
4
0
6290
2
0
1196050749
4
0
6291
2
0
1196051773
4
0
6292
2
0
1196052797
4
0
6293
2
0
1196053821
4
0
6294
2
0
1196054845
4
0
6295
2
0
1196057405
4
0
6296
2
0
1196058429
4
0
6297
2
0
1196059453
4
0
6298
2
0
1196060477
4
0
6299
2
0
1196061501
4
0
6300
2
0
1196062525
4
0
6301
2
0
1196044349
4
0
6302
2
0
1196045373
4
0
6303
2
0
1196046397
4
0
6304
2
0
1196114237
4
0
6305
2
0
1196115261
4
0
6306
2
0
1196116285
4
0
6307
2
0
1196117309
4
0
6308
2
0
1196118333
4
0
6309
2
0
1196119357
4
0
6310
2
0
1196120381
4
0
6311
2
0
1196122941
4
0
6312
2
0
1196123965
4
0
6313
2
0
1196124989
4
0
6314
2
0
1196126013
4
0
6315
2
0
1196127037
4
0
6316
2
0
1196128061
4
0
6317
2
0
1196109885
4
0
6318
2
0
1196110909
4
0
6319
2
0
1196111933
4
0
6320
2
0
1196179773
4
0
6321
2
0
1196180797
4
0
6322
2
0
1196181821
4
0
6323
2
0
1196182845
4
0
6324
2
0
1196183869
4
0
6325
2
0
1196184893
4
0
6326
2
0
1196185917
4
0
6327
2
0
1196188477
4
0
6328
2
0
1196189501
4
0
6329
2
0
1196190525
4
0
6330
2
0
1196191549
4
0
6331
2
0
1196192573
4
0
6332
2
0
1196193597
4
0
6333
2
0
1196175421
4
0
6334
2
0
1196176445
4
0
6335
2
0
1196177469
4
0
6336
2
0
1196245309
4
0
6337
2
0
1196246333
4
0
6338
2
0
1196247357
4
0
6339
2
0
1196248381
4
0
6340
2
0
1196249405
4
0
6341
2
0
1196250429
4
0
6342
2
0
1196251453
4
0
6343
2
0
1196254013
4
0
6344
2
0
1196255037
4
0
6345
2
0
1196256061
4
0
6346
2
0
1196257085
4
0
6347
2
0
1196258109
4
0
6348
2
0
1196259133
4
0
6349
2
0
1196240957
4
0
6350
2
0
1196241981
4
0
6351
2
0
1196243005
4
0
6352
2
0
1196310845
4
0
6353
2
0
1196311869
4
0
6354
2
0
1196312893
4
0
6355
2
0
1196313917
4
0
6356
2
0
1196314941
4
0
6357
2
0
1196315965
4
0
6358
2
0
1196316989
4
0
6359
2
0
1196319549
4
0
6360
2
0
1196320573
4
0
6361
2
0
1196321597
4
0
6362
2
0
1196322621
4
0
6363
2
0
1196323645
4
0
6364
2
0
1196324669
4
0
6365
2
0
1196306493
4
0
6366
2
0
1196307517
4
0
6367
2
0
1196308541
4
0
6368
2
0
1196376381
4
0
6369
2
0
1196377405
4
0
6370
2
0
1196378429
4
0
6371
2
0
1196379453
4
0
6372
2
0
1196380477
4
0
6373
2
0
1196381501
4
0
6374
2
0
1196382525
4
0
6375
2
0
1196385085
4
0
6376
2
0
1196386109
4
0
6377
2
0
1196387133
4
0
6378
2
0
1196388157
4
0
6379
2
0
1196389181
4
0
6380
2
0
1196390205
4
0
6381
2
0
1196372029
4
0
6382
2
0
1196373053
4
0
6383
2
0
1196374077
4
0
6384
2
0
1196441917
4
0
6385
2
0
1196442941
4
0
6386
2
0
1196443965
4
0
6387
2
0
1196444989
4
0
6388
2
0
1196446013
4
0
6389
2
0
1196447037
4
0
6390
2
0
1196448061
4
0
6391
2
0
1196450621
4
0
6392
2
0
1196451645
4
0
6393
2
0
1196452669
4
0
6394
2
0
1196453693
4
0
6395
2
0
1196454717
4
0
6396
2
0
1196455741
4
0
6397
2
0
1196437565
4
0
6398
2
0
1196438589
4
0
6399
2
0
1196439613
4
0
6400
2
0
1196507453
4
0
6401
2
0
1196508477
4
0
6402
2
0
1196509501
4
0
6403
2
0
1196510525
4
0
6404
2
0
1196511549
4
0
6405
2
0
1196512573
4
0
6406
2
0
1196513597
4
0
6407
2
0
1196516157
4
0
6408
2
0
1196517181
4
0
6409
2
0
1196518205
4
0
6410
2
0
1196519229
4
0
6411
2
0
1196520253
4
0
6412
2
0
1196521277
4
0
6413
2
0
1196503101
4
0
6414
2
0
1196504125
4
0
6415
2
0
1196505149
4
0
6416
2
0
1196572989
4
0
6417
2
0
1196574013
4
0
6418
2
0
1196575037
4
0
6419
2
0
1196576061
4
0
6420
2
0
1196577085
4
0
6421
2
0
1196578109
4
0
6422
2
0
1196579133
4
0
6423
2
0
1196581693
4
0
6424
2
0
1196582717
4
0
6425
2
0
1196583741
4
0
6426
2
0
1196584765
4
0
6427
2
0
1196585789
4
0
6428
2
0
1196586813
4
0
6429
2
0
1196568637
4
0
6430
2
0
1196569661
4
0
6431
2
0
1196570685
4
0
6432
2
0
1196638525
4
0
6433
2
0
1196639549
4
0
6434
2
0
1196640573
4
0
6435
2
0
1196641597
4
0
6436
2
0
1196642621
4
0
6437
2
0
1196643645
4
0
6438
2
0
1196644669
4
0
6439
2
0
1196647229
4
0
6440
2
0
1196648253
4
0
6441
2
0
1196649277
4
0
6442
2
0
1196650301
4
0
6443
2
0
1196651325
4
0
6444
2
0
1196652349
4
0
6445
2
0
1196634173
4
0
6446
2
0
1196635197
4
0
6447
2
0
1196636221
4
0
6448
2
0
1196704061
4
0
6449
2
0
1196705085
4
0
6450
2
0
1196706109
4
0
6451
2
0
1196707133
4
0
6452
2
0
1196708157
4
0
6453
2
0
1196709181
4
0
6454
2
0
1196710205
4
0
6455
2
0
1196712765
4
0
6456
2
0
1196713789
4
0
6457
2
0
1196714813
4
0
6458
2
0
1196715837
4
0
6459
2
0
1196716861
4
0
6460
2
0
1196717885
4
0
6461
2
0
1196699709
4
0
6462
2
0
1196700733
4
0
6463
2
0
1196701757
4
0
6464
2
0
1196769597
4
0
6465
2
0
1196770621
4
0
6466
2
0
1196771645
4
0
6467
2
0
1196772669
4
0
6468
2
0
1196773693
4
0
6469
2
0
1196774717
4
0
6470
2
0
1196775741
4
0
6471
2
0
1196778301
4
0
6472
2
0
1196779325
4
0
6473
2
0
1196780349
4
0
6474
2
0
1196781373
4
0
6475
2
0
1196782397
4
0
6476
2
0
1196783421
4
0
6477
2
0
1196765245
4
0
6478
2
0
1196766269
4
0
6479
2
0
1196767293
4
0
6480
2
0
1196835133
4
0
6481
2
0
1196836157
4
0
6482
2
0
1196837181
4
0
6483
2
0
1196838205
4
0
6484
2
0
1196839229
4
0
6485
2
0
1196840253
4
0
6486
2
0
1196841277
4
0
6487
2
0
1196843837
4
0
6488
2
0
1196844861
4
0
6489
2
0
1196845885
4
0
6490
2
0
1196846909
4
0
6491
2
0
1196847933
4
0
6492
2
0
1196848957
4
0
6493
2
0
1196830781
4
0
6494
2
0
1196831805
4
0
6495
2
0
1196832829
4
0
6496
2
0
1196900669
4
0
6497
2
0
1196901693
4
0
6498
2
0
1196902717
4
0
6499
2
0
1196903741
4
0
6500
2
0
1196904765
4
0
6501
2
0
1196905789
4
0
6502
2
0
1196906813
4
0
6503
2
0
1196909373
4
0
6504
2
0
1196910397
4
0
6505
2
0
1196911421
4
0
6506
2
0
1196912445
4
0
6507
2
0
1196913469
4
0
6508
2
0
1196914493
4
0
6509
2
0
1196896317
4
0
6510
2
0
1196897341
4
0
6511
2
0
1196898365
4
0
6512
2
0
1196966205
4
0
6513
2
0
1196967229
4
0
6514
2
0
1196968253
4
0
6515
2
0
1196969277
4
0
6516
2
0
1196970301
4
0
6517
2
0
1196971325
4
0
6518
2
0
1196972349
4
0
6519
2
0
1196974909
4
0
6520
2
0
1196975933
4
0
6521
2
0
1196976957
4
0
6522
2
0
1196977981
4
0
6523
2
0
1196979005
4
0
6524
2
0
1196980029
4
0
6525
2
0
1196961853
4
0
6526
2
0
1196962877
4
0
6527
2
0
1196963901
4
0
6528
2
0
1197031741
4
0
6529
2
0
1197032765
4
0
6530
2
0
1197033789
4
0
6531
2
0
1197034813
4
0
6532
2
0
1197035837
4
0
6533
2
0
1197036861
4
0
6534
2
0
1197037885
4
0
6535
2
0
1197040445
4
0
6536
2
0
1197041469
4
0
6537
2
0
1197042493
4
0
6538
2
0
1197043517
4
0
6539
2
0
1197044541
4
0
6540
2
0
1197045565
4
0
6541
2
0
1197027389
4
0
6542
2
0
1197028413
4
0
6543
2
0
1197029437
4
0
6544
2
0
1197097277
4
0
6545
2
0
1197098301
4
0
6546
2
0
1197099325
4
0
6547
2
0
1197100349
4
0
6548
2
0
1197101373
4
0
6549
2
0
1197102397
4
0
6550
2
0
1197103421
4
0
6551
2
0
1197105981
4
0
6552
2
0
1197107005
4
0
6553
2
0
1197108029
4
0
6554
2
0
1197109053
4
0
6555
2
0
1197110077
4
0
6556
2
0
1197111101
4
0
6557
2
0
1197092925
4
0
6558
2
0
1197093949
4
0
6559
2
0
1197094973
4
0
6560
2
0
1197556029
4
0
6561
2
0
1197557053
4
0
6562
2
0
1197558077
4
0
6563
2
0
1197559101
4
0
6564
2
0
1197560125
4
0
6565
2
0
1197561149
4
0
6566
2
0
1197562173
4
0
6567
2
0
1197564733
4
0
6568
2
0
1197565757
4
0
6569
2
0
1197566781
4
0
6570
2
0
1197567805
4
0
6571
2
0
1197568829
4
0
6572
2
0
1197569853
4
0
6573
2
0
1197551677
4
0
6574
2
0
1197552701
4
0
6575
2
0
1197553725
4
0
6576
2
0
1197621565
4
0
6577
2
0
1197622589
4
0
6578
2
0
1197623613
4
0
6579
2
0
1197624637
4
0
6580
2
0
1197625661
4
0
6581
2
0
1197626685
4
0
6582
2
0
1197627709
4
0
6583
2
0
1197630269
4
0
6584
2
0
1197631293
4
0
6585
2
0
1197632317
4
0
6586
2
0
1197633341
4
0
6587
2
0
1197634365
4
0
6588
2
0
1197635389
4
0
6589
2
0
1197617213
4
0
6590
2
0
1197618237
4
0
6591
2
0
1197619261
4
0
6592
2
0
1197687101
4
0
6593
2
0
1197688125
4
0
6594
2
0
1197689149
4
0
6595
2
0
1197690173
4
0
6596
2
0
1197691197
4
0
6597
2
0
1197692221
4
0
6598
2
0
1197693245
4
0
6599
2
0
1197695805
4
0
6600
2
0
1197696829
4
0
6601
2
0
1197697853
4
0
6602
2
0
1197698877
4
0
6603
2
0
1197699901
4
0
6604
2
0
1197700925
4
0
6605
2
0
1197682749
4
0
6606
2
0
1197683773
4
0
6607
2
0
1197684797
4
0
6608
2
0
1197752637
4
0
6609
2
0
1197753661
4
0
6610
2
0
1197754685
4
0
6611
2
0
1197755709
4
0
6612
2
0
1197756733
4
0
6613
2
0
1197757757
4
0
6614
2
0
1197758781
4
0
6615
2
0
1197761341
4
0
6616
2
0
1197762365
4
0
6617
2
0
1197763389
4
0
6618
2
0
1197764413
4
0
6619
2
0
1197765437
4
0
6620
2
0
1197766461
4
0
6621
2
0
1197748285
4
0
6622
2
0
1197749309
4
0
6623
2
0
1197750333
4
0
6624
2
0
1197818173
4
0
6625
2
0
1197819197
4
0
6626
2
0
1197820221
4
0
6627
2
0
1197821245
4
0
6628
2
0
1197822269
4
0
6629
2
0
1197823293
4
0
6630
2
0
1197824317
4
0
6631
2
0
1197826877
4
0
6632
2
0
1197827901
4
0
6633
2
0
1197828925
4
0
6634
2
0
1197829949
4
0
6635
2
0
1197830973
4
0
6636
2
0
1197831997
4
0
6637
2
0
1197813821
4
0
6638
2
0
1197814845
4
0
6639
2
0
1197815869
4
0
6640
2
0
1197883709
4
0
6641
2
0
1197884733
4
0
6642
2
0
1197885757
4
0
6643
2
0
1197886781
4
0
6644
2
0
1197887805
4
0
6645
2
0
1197888829
4
0
6646
2
0
1197889853
4
0
6647
2
0
1197892413
4
0
6648
2
0
1197893437
4
0
6649
2
0
1197894461
4
0
6650
2
0
1197895485
4
0
6651
2
0
1197896509
4
0
6652
2
0
1197897533
4
0
6653
2
0
1197879357
4
0
6654
2
0
1197880381
4
0
6655
2
0
1197881405
4
0
6656
2
0
1197949245
4
0
6657
2
0
1197950269
4
0
6658
2
0
1197951293
4
0
6659
2
0
1197952317
4
0
6660
2
0
1197953341
4
0
6661
2
0
1197954365
4
0
6662
2
0
1197955389
4
0
6663
2
0
1197957949
4
0
6664
2
0
1197958973
4
0
6665
2
0
1197959997
4
0
6666
2
0
1197961021
4
0
6667
2
0
1197962045
4
0
6668
2
0
1197963069
4
0
6669
2
0
1197944893
4
0
6670
2
0
1197945917
4
0
6671
2
0
1197946941
4
0
6672
2
0
1198014781
4
0
6673
2
0
1198015805
4
0
6674
2
0
1198016829
4
0
6675
2
0
1198017853
4
0
6676
2
0
1198018877
4
0
6677
2
0
1198019901
4
0
6678
2
0
1198020925
4
0
6679
2
0
1198023485
4
0
6680
2
0
1198024509
4
0
6681
2
0
1198025533
4
0
6682
2
0
1198026557
4
0
6683
2
0
1198027581
4
0
6684
2
0
1198028605
4
0
6685
2
0
1198010429
4
0
6686
2
0
1198011453
4
0
6687
2
0
1198012477
4
0
6688
2
0
1198080317
4
0
6689
2
0
1198081341
4
0
6690
2
0
1198082365
4
0
6691
2
0
1198083389
4
0
6692
2
0
1198084413
4
0
6693
2
0
1198085437
4
0
6694
2
0
1198086461
4
0
6695
2
0
1198089021
4
0
6696
2
0
1198090045
4
0
6697
2
0
1198091069
4
0
6698
2
0
1198092093
4
0
6699
2
0
1198093117
4
0
6700
2
0
1198094141
4
0
6701
2
0
1198075965
4
0
6702
2
0
1198076989
4
0
6703
2
0
1198078013
4
0
6704
2
0
1198145853
4
0
6705
2
0
1198146877
4
0
6706
2
0
1198147901
4
0
6707
2
0
1198148925
4
0
6708
2
0
1198149949
4
0
6709
2
0
1198150973
4
0
6710
2
0
1198151997
4
0
6711
2
0
1198154557
4
0
6712
2
0
1198155581
4
0
6713
2
0
1198156605
4
0
6714
2
0
1198157629
4
0
6715
2
0
1198158653
4
0
6716
2
0
1198159677
4
0
6717
2
0
1198141501
4
0
6718
2
0
1198142525
4
0
6719
2
0
1198143549
4
0
6720
2
0
1198211389
4
0
6721
2
0
1198212413
4
0
6722
2
0
1198213437
4
0
6723
2
0
1198214461
4
0
6724
2
0
1198215485
4
0
6725
2
0
1198216509
4
0
6726
2
0
1198217533
4
0
6727
2
0
1198220093
4
0
6728
2
0
1198221117
4
0
6729
2
0
1198222141
4
0
6730
2
0
1198223165
4
0
6731
2
0
1198224189
4
0
6732
2
0
1198225213
4
0
6733
2
0
1198207037
4
0
6734
2
0
1198208061
4
0
6735
2
0
1198209085
4
0
6736
2
0
1198276925
4
0
6737
2
0
1198277949
4
0
6738
2
0
1198278973
4
0
6739
2
0
1198279997
4
0
6740
2
0
1198281021
4
0
6741
2
0
1198282045
4
0
6742
2
0
1198283069
4
0
6743
2
0
1198285629
4
0
6744
2
0
1198286653
4
0
6745
2
0
1198287677
4
0
6746
2
0
1198288701
4
0
6747
2
0
1198289725
4
0
6748
2
0
1198290749
4
0
6749
2
0
1198272573
4
0
6750
2
0
1198273597
4
0
6751
2
0
1198274621
4
0
6752
2
0
1198342461
4
0
6753
2
0
1198343485
4
0
6754
2
0
1198344509
4
0
6755
2
0
1198345533
4
0
6756
2
0
1198346557
4
0
6757
2
0
1198347581
4
0
6758
2
0
1198348605
4
0
6759
2
0
1198351165
4
0
6760
2
0
1198352189
4
0
6761
2
0
1198353213
4
0
6762
2
0
1198354237
4
0
6763
2
0
1198355261
4
0
6764
2
0
1198356285
4
0
6765
2
0
1198338109
4
0
6766
2
0
1198339133
4
0
6767
2
0
1198340157
4
0
6768
2
0
1198407997
4
0
6769
2
0
1198409021
4
0
6770
2
0
1198410045
4
0
6771
2
0
1198411069
4
0
6772
2
0
1198412093
4
0
6773
2
0
1198413117
4
0
6774
2
0
1198414141
4
0
6775
2
0
1198416701
4
0
6776
2
0
1198417725
4
0
6777
2
0
1198418749
4
0
6778
2
0
1198419773
4
0
6779
2
0
1198420797
4
0
6780
2
0
1198421821
4
0
6781
2
0
1198403645
4
0
6782
2
0
1198404669
4
0
6783
2
0
1198405693
4
0
6784
2
0
1198473533
4
0
6785
2
0
1198474557
4
0
6786
2
0
1198475581
4
0
6787
2
0
1198476605
4
0
6788
2
0
1198477629
4
0
6789
2
0
1198478653
4
0
6790
2
0
1198479677
4
0
6791
2
0
1198482237
4
0
6792
2
0
1198483261
4
0
6793
2
0
1198484285
4
0
6794
2
0
1198485309
4
0
6795
2
0
1198486333
4
0
6796
2
0
1198487357
4
0
6797
2
0
1198469181
4
0
6798
2
0
1198470205
4
0
6799
2
0
1198471229
4
0
6800
2
0
1198539069
4
0
6801
2
0
1198540093
4
0
6802
2
0
1198541117
4
0
6803
2
0
1198542141
4
0
6804
2
0
1198543165
4
0
6805
2
0
1198544189
4
0
6806
2
0
1198545213
4
0
6807
2
0
1198547773
4
0
6808
2
0
1198548797
4
0
6809
2
0
1198549821
4
0
6810
2
0
1198550845
4
0
6811
2
0
1198551869
4
0
6812
2
0
1198552893
4
0
6813
2
0
1198534717
4
0
6814
2
0
1198535741
4
0
6815
2
0
1198536765
4
0
6816
2
0
1198604605
4
0
6817
2
0
1198605629
4
0
6818
2
0
1198606653
4
0
6819
2
0
1198607677
4
0
6820
2
0
1198608701
4
0
6821
2
0
1198609725
4
0
6822
2
0
1198610749
4
0
6823
2
0
1198613309
4
0
6824
2
0
1198614333
4
0
6825
2
0
1198615357
4
0
6826
2
0
1198616381
4
0
6827
2
0
1198617405
4
0
6828
2
0
1198618429
4
0
6829
2
0
1198600253
4
0
6830
2
0
1198601277
4
0
6831
2
0
1198602301
4
0
6832
2
0
1198670141
4
0
6833
2
0
1198671165
4
0
6834
2
0
1198672189
4
0
6835
2
0
1198673213
4
0
6836
2
0
1198674237
4
0
6837
2
0
1198675261
4
0
6838
2
0
1198676285
4
0
6839
2
0
1198678845
4
0
6840
2
0
1198679869
4
0
6841
2
0
1198680893
4
0
6842
2
0
1198681917
4
0
6843
2
0
1198682941
4
0
6844
2
0
1198683965
4
0
6845
2
0
1198665789
4
0
6846
2
0
1198666813
4
0
6847
2
0
1198667837
4
0
6848
2
0
1198735677
4
0
6849
2
0
1198736701
4
0
6850
2
0
1198737725
4
0
6851
2
0
1198738749
4
0
6852
2
0
1198739773
4
0
6853
2
0
1198740797
4
0
6854
2
0
1198741821
4
0
6855
2
0
1198744381
4
0
6856
2
0
1198745405
4
0
6857
2
0
1198746429
4
0
6858
2
0
1198747453
4
0
6859
2
0
1198748477
4
0
6860
2
0
1198749501
4
0
6861
2
0
1198731325
4
0
6862
2
0
1198732349
4
0
6863
2
0
1198733373
4
0
6864
2
0
1198801213
4
0
6865
2
0
1198802237
4
0
6866
2
0
1198803261
4
0
6867
2
0
1198804285
4
0
6868
2
0
1198805309
4
0
6869
2
0
1198806333
4
0
6870
2
0
1198807357
4
0
6871
2
0
1198809917
4
0
6872
2
0
1198810941
4
0
6873
2
0
1198811965
4
0
6874
2
0
1198812989
4
0
6875
2
0
1198814013
4
0
6876
2
0
1198815037
4
0
6877
2
0
1198796861
4
0
6878
2
0
1198797885
4
0
6879
2
0
1198798909
4
0
6880
2
0
1198866749
4
0
6881
2
0
1198867773
4
0
6882
2
0
1198868797
4
0
6883
2
0
1198869821
4
0
6884
2
0
1198870845
4
0
6885
2
0
1198871869
4
0
6886
2
0
1198872893
4
0
6887
2
0
1198875453
4
0
6888
2
0
1198876477
4
0
6889
2
0
1198877501
4
0
6890
2
0
1198878525
4
0
6891
2
0
1198879549
4
0
6892
2
0
1198880573
4
0
6893
2
0
1198862397
4
0
6894
2
0
1198863421
4
0
6895
2
0
1198864445
4
0
6896
2
0
1198932285
4
0
6897
2
0
1198933309
4
0
6898
2
0
1198934333
4
0
6899
2
0
1198935357
4
0
6900
2
0
1198936381
4
0
6901
2
0
1198937405
4
0
6902
2
0
1198938429
4
0
6903
2
0
1198940989
4
0
6904
2
0
1198942013
4
0
6905
2
0
1198943037
4
0
6906
2
0
1198944061
4
0
6907
2
0
1198945085
4
0
6908
2
0
1198946109
4
0
6909
2
0
1198927933
4
0
6910
2
0
1198928957
4
0
6911
2
0
1198929981
4
0
6912
2
0
1198997821
4
0
6913
2
0
1198998845
4
0
6914
2
0
1198999869
4
0
6915
2
0
1199000893
4
0
6916
2
0
1199001917
4
0
6917
2
0
1199002941
4
0
6918
2
0
1199003965
4
0
6919
2
0
1199006525
4
0
6920
2
0
1199007549
4
0
6921
2
0
1199008573
4
0
6922
2
0
1199009597
4
0
6923
2
0
1199010621
4
0
6924
2
0
1199011645
4
0
6925
2
0
1198993469
4
0
6926
2
0
1198994493
4
0
6927
2
0
1198995517
4
0
6928
2
0
1199063357
4
0
6929
2
0
1199064381
4
0
6930
2
0
1199065405
4
0
6931
2
0
1199066429
4
0
6932
2
0
1199067453
4
0
6933
2
0
1199068477
4
0
6934
2
0
1199069501
4
0
6935
2
0
1199072061
4
0
6936
2
0
1199073085
4
0
6937
2
0
1199074109
4
0
6938
2
0
1199075133
4
0
6939
2
0
1199076157
4
0
6940
2
0
1199077181
4
0
6941
2
0
1199059005
4
0
6942
2
0
1199060029
4
0
6943
2
0
1199061053
4
0
6944
2
0
1199128893
4
0
6945
2
0
1199129917
4
0
6946
2
0
1199130941
4
0
6947
2
0
1199131965
4
0
6948
2
0
1199132989
4
0
6949
2
0
1199134013
4
0
6950
2
0
1199135037
4
0
6951
2
0
1199137597
4
0
6952
2
0
1199138621
4
0
6953
2
0
1199139645
4
0
6954
2
0
1199140669
4
0
6955
2
0
1199141693
4
0
6956
2
0
1199142717
4
0
6957
2
0
1199124541
4
0
6958
2
0
1199125565
4
0
6959
2
0
1199126589
4
0
6960
2
0
1199194429
4
0
6961
2
0
1199195453
4
0
6962
2
0
1199196477
4
0
6963
2
0
1199197501
4
0
6964
2
0
1199198525
4
0
6965
2
0
1199199549
4
0
6966
2
0
1199200573
4
0
6967
2
0
1199203133
4
0
6968
2
0
1199204157
4
0
6969
2
0
1199205181
4
0
6970
2
0
1199206205
4
0
6971
2
0
1199207229
4
0
6972
2
0
1199208253
4
0
6973
2
0
1199190077
4
0
6974
2
0
1199191101
4
0
6975
2
0
1199192125
4
0
6976
2
0
1194344765
4
0
6977
2
0
1194345789
4
0
6978
2
0
1194346813
4
0
6979
2
0
1194347837
4
0
6980
2
0
1194348861
4
0
6981
2
0
1194349885
4
0
6982
2
0
1194350909
4
0
6983
2
0
1194353469
4
0
6984
2
0
1194354493
4
0
6985
2
0
1194355517
4
0
6986
2
0
1194356541
4
0
6987
2
0
1194357565
4
0
6988
2
0
1194358589
4
0
6989
2
0
1194340413
4
0
6990
2
0
1194341437
4
0
6991
2
0
1194342461
4
0
6992
2
0
1194410301
4
0
6993
2
0
1194411325
4
0
6994
2
0
1194412349
4
0
6995
2
0
1194413373
4
0
6996
2
0
1194414397
4
0
6997
2
0
1194415421
4
0
6998
2
0
1194416445
4
0
6999
2
0
1194419005
4
0
7000
2
0
1194420029
4
0
7001
2
0
1194421053
4
0
7002
2
0
1194422077
4
0
7003
2
0
1194423101
4
0
7004
2
0
1194424125
4
0
7005
2
0
1194405949
4
0
7006
2
0
1194406973
4
0
7007
2
0
1194407997
4
0
7008
2
0
1194475837
4
0
7009
2
0
1194476861
4
0
7010
2
0
1194477885
4
0
7011
2
0
1194478909
4
0
7012
2
0
1194479933
4
0
7013
2
0
1194480957
4
0
7014
2
0
1194481981
4
0
7015
2
0
1194484541
4
0
7016
2
0
1194485565
4
0
7017
2
0
1194486589
4
0
7018
2
0
1194487613
4
0
7019
2
0
1194488637
4
0
7020
2
0
1194489661
4
0
7021
2
0
1194471485
4
0
7022
2
0
1194472509
4
0
7023
2
0
1194473533
4
0
7024
2
0
1194541373
4
0
7025
2
0
1194542397
4
0
7026
2
0
1194543421
4
0
7027
2
0
1194544445
4
0
7028
2
0
1194545469
4
0
7029
2
0
1194546493
4
0
7030
2
0
1194547517
4
0
7031
2
0
1194550077
4
0
7032
2
0
1194551101
4
0
7033
2
0
1194552125
4
0
7034
2
0
1194553149
4
0
7035
2
0
1194554173
4
0
7036
2
0
1194555197
4
0
7037
2
0
1194537021
4
0
7038
2
0
1194538045
4
0
7039
2
0
1194539069
4
0
7040
2
0
1194606909
4
0
7041
2
0
1194607933
4
0
7042
2
0
1194608957
4
0
7043
2
0
1194609981
4
0
7044
2
0
1194611005
4
0
7045
2
0
1194612029
4
0
7046
2
0
1194613053
4
0
7047
2
0
1194615613
4
0
7048
2
0
1194616637
4
0
7049
2
0
1194617661
4
0
7050
2
0
1194618685
4
0
7051
2
0
1194619709
4
0
7052
2
0
1194620733
4
0
7053
2
0
1194602557
4
0
7054
2
0
1194603581
4
0
7055
2
0
1194604605
4
0
7056
2
0
1194672445
4
0
7057
2
0
1194673469
4
0
7058
2
0
1194674493
4
0
7059
2
0
1194675517
4
0
7060
2
0
1194676541
4
0
7061
2
0
1194677565
4
0
7062
2
0
1194678589
4
0
7063
2
0
1194681149
4
0
7064
2
0
1194682173
4
0
7065
2
0
1194683197
4
0
7066
2
0
1194684221
4
0
7067
2
0
1194685245
4
0
7068
2
0
1194686269
4
0
7069
2
0
1194668093
4
0
7070
2
0
1194669117
4
0
7071
2
0
1194670141
4
0
7072
2
0
1194737981
4
0
7073
2
0
1194739005
4
0
7074
2
0
1194740029
4
0
7075
2
0
1194741053
4
0
7076
2
0
1194742077
4
0
7077
2
0
1194743101
4
0
7078
2
0
1194744125
4
0
7079
2
0
1194746685
4
0
7080
2
0
1194747709
4
0
7081
2
0
1194748733
4
0
7082
2
0
1194749757
4
0
7083
2
0
1194750781
4
0
7084
2
0
1194751805
4
0
7085
2
0
1194733629
4
0
7086
2
0
1194734653
4
0
7087
2
0
1194735677
4
0
7088
2
0
1194803517
4
0
7089
2
0
1194804541
4
0
7090
2
0
1194805565
4
0
7091
2
0
1194806589
4
0
7092
2
0
1194807613
4
0
7093
2
0
1194808637
4
0
7094
2
0
1194809661
4
0
7095
2
0
1194812221
4
0
7096
2
0
1194813245
4
0
7097
2
0
1194814269
4
0
7098
2
0
1194815293
4
0
7099
2
0
1194816317
4
0
7100
2
0
1194817341
4
0
7101
2
0
1194799165
4
0
7102
2
0
1194800189
4
0
7103
2
0
1194801213
4
0
7104
2
0
1194869053
4
0
7105
2
0
1194870077
4
0
7106
2
0
1194871101
4
0
7107
2
0
1194872125
4
0
7108
2
0
1194873149
4
0
7109
2
0
1194874173
4
0
7110
2
0
1194875197
4
0
7111
2
0
1194877757
4
0
7112
2
0
1194878781
4
0
7113
2
0
1194879805
4
0
7114
2
0
1194880829
4
0
7115
2
0
1194881853
4
0
7116
2
0
1194882877
4
0
7117
2
0
1194864701
4
0
7118
2
0
1194865725
4
0
7119
2
0
1194866749
4
0
7120
2
0
1194934589
4
0
7121
2
0
1194935613
4
0
7122
2
0
1194936637
4
0
7123
2
0
1194937661
4
0
7124
2
0
1194938685
4
0
7125
2
0
1194939709
4
0
7126
2
0
1194940733
4
0
7127
2
0
1194943293
4
0
7128
2
0
1194944317
4
0
7129
2
0
1194945341
4
0
7130
2
0
1194946365
4
0
7131
2
0
1194947389
4
0
7132
2
0
1194948413
4
0
7133
2
0
1194930237
4
0
7134
2
0
1194931261
4
0
7135
2
0
1194932285
4
0
7136
2
0
1194017085
4
0
7137
2
0
1194018109
4
0
7138
2
0
1194019133
4
0
7139
2
0
1194020157
4
0
7140
2
0
1194021181
4
0
7141
2
0
1194022205
4
0
7142
2
0
1194023229
4
0
7143
2
0
1194025789
4
0
7144
2
0
1194026813
4
0
7145
2
0
1194027837
4
0
7146
2
0
1194028861
4
0
7147
2
0
1194029885
4
0
7148
2
0
1194030909
4
0
7149
2
0
1194012733
4
0
7150
2
0
1194013757
4
0
7151
2
0
1194014781
4
0
7152
2
0
1194279229
4
0
7153
2
0
1194280253
4
0
7154
2
0
1194281277
4
0
7155
2
0
1194282301
4
0
7156
2
0
1194283325
4
0
7157
2
0
1194284349
4
0
7158
2
0
1194285373
4
0
7159
2
0
1194287933
4
0
7160
2
0
1194288957
4
0
7161
2
0
1194289981
4
0
7162
2
0
1194291005
4
0
7163
2
0
1194292029
4
0
7164
2
0
1194293053
4
0
7165
2
0
1194274877
4
0
7166
2
0
1194275901
4
0
7167
2
0
1194276925
4
