1024
0
53248
2
0
809582909
4
0
53249
2
0
809583933
4
0
53250
2
0
809584957
4
0
53251
2
0
809585981
4
0
53252
2
0
809587005
4
0
53253
2
0
809588029
4
0
53254
2
0
809589053
4
0
53255
2
0
809591613
4
0
53256
2
0
809592637
4
0
53257
2
0
809593661
4
0
53258
2
0
809594685
4
0
53259
2
0
809595709
4
0
53260
2
0
809596733
4
0
53261
2
0
809578557
4
0
53262
2
0
809579581
4
0
53263
2
0
809580605
4
0
53264
2
0
809648445
4
0
53265
2
0
809649469
4
0
53266
2
0
809650493
4
0
53267
2
0
809651517
4
0
53268
2
0
809652541
4
0
53269
2
0
809653565
4
0
53270
2
0
809654589
4
0
53271
2
0
809657149
4
0
53272
2
0
809658173
4
0
53273
2
0
809659197
4
0
53274
2
0
809660221
4
0
53275
2
0
809661245
4
0
53276
2
0
809662269
4
0
53277
2
0
809644093
4
0
53278
2
0
809645117
4
0
53279
2
0
809646141
4
0
53280
2
0
809713981
4
0
53281
2
0
809715005
4
0
53282
2
0
809716029
4
0
53283
2
0
809717053
4
0
53284
2
0
809718077
4
0
53285
2
0
809719101
4
0
53286
2
0
809720125
4
0
53287
2
0
809722685
4
0
53288
2
0
809723709
4
0
53289
2
0
809724733
4
0
53290
2
0
809725757
4
0
53291
2
0
809726781
4
0
53292
2
0
809727805
4
0
53293
2
0
809709629
4
0
53294
2
0
809710653
4
0
53295
2
0
809711677
4
0
53296
2
0
809779517
4
0
53297
2
0
809780541
4
0
53298
2
0
809781565
4
0
53299
2
0
809782589
4
0
53300
2
0
809783613
4
0
53301
2
0
809784637
4
0
53302
2
0
809785661
4
0
53303
2
0
809788221
4
0
53304
2
0
809789245
4
0
53305
2
0
809790269
4
0
53306
2
0
809791293
4
0
53307
2
0
809792317
4
0
53308
2
0
809793341
4
0
53309
2
0
809775165
4
0
53310
2
0
809776189
4
0
53311
2
0
809777213
4
0
53312
2
0
809845053
4
0
53313
2
0
809846077
4
0
53314
2
0
809847101
4
0
53315
2
0
809848125
4
0
53316
2
0
809849149
4
0
53317
2
0
809850173
4
0
53318
2
0
809851197
4
0
53319
2
0
809853757
4
0
53320
2
0
809854781
4
0
53321
2
0
809855805
4
0
53322
2
0
809856829
4
0
53323
2
0
809857853
4
0
53324
2
0
809858877
4
0
53325
2
0
809840701
4
0
53326
2
0
809841725
4
0
53327
2
0
809842749
4
0
53328
2
0
809910589
4
0
53329
2
0
809911613
4
0
53330
2
0
809912637
4
0
53331
2
0
809913661
4
0
53332
2
0
809914685
4
0
53333
2
0
809915709
4
0
53334
2
0
809916733
4
0
53335
2
0
809919293
4
0
53336
2
0
809920317
4
0
53337
2
0
809921341
4
0
53338
2
0
809922365
4
0
53339
2
0
809923389
4
0
53340
2
0
809924413
4
0
53341
2
0
809906237
4
0
53342
2
0
809907261
4
0
53343
2
0
809908285
4
0
53344
2
0
809976125
4
0
53345
2
0
809977149
4
0
53346
2
0
809978173
4
0
53347
2
0
809979197
4
0
53348
2
0
809980221
4
0
53349
2
0
809981245
4
0
53350
2
0
809982269
4
0
53351
2
0
809984829
4
0
53352
2
0
809985853
4
0
53353
2
0
809986877
4
0
53354
2
0
809987901
4
0
53355
2
0
809988925
4
0
53356
2
0
809989949
4
0
53357
2
0
809971773
4
0
53358
2
0
809972797
4
0
53359
2
0
809973821
4
0
53360
2
0
810041661
4
0
53361
2
0
810042685
4
0
53362
2
0
810043709
4
0
53363
2
0
810044733
4
0
53364
2
0
810045757
4
0
53365
2
0
810046781
4
0
53366
2
0
810047805
4
0
53367
2
0
810050365
4
0
53368
2
0
810051389
4
0
53369
2
0
810052413
4
0
53370
2
0
810053437
4
0
53371
2
0
810054461
4
0
53372
2
0
810055485
4
0
53373
2
0
810037309
4
0
53374
2
0
810038333
4
0
53375
2
0
810039357
4
0
53376
2
0
810107197
4
0
53377
2
0
810108221
4
0
53378
2
0
810109245
4
0
53379
2
0
810110269
4
0
53380
2
0
810111293
4
0
53381
2
0
810112317
4
0
53382
2
0
810113341
4
0
53383
2
0
810115901
4
0
53384
2
0
810116925
4
0
53385
2
0
810117949
4
0
53386
2
0
810118973
4
0
53387
2
0
810119997
4
0
53388
2
0
810121021
4
0
53389
2
0
810102845
4
0
53390
2
0
810103869
4
0
53391
2
0
810104893
4
0
53392
2
0
810172733
4
0
53393
2
0
810173757
4
0
53394
2
0
810174781
4
0
53395
2
0
810175805
4
0
53396
2
0
810176829
4
0
53397
2
0
810177853
4
0
53398
2
0
810178877
4
0
53399
2
0
810181437
4
0
53400
2
0
810182461
4
0
53401
2
0
810183485
4
0
53402
2
0
810184509
4
0
53403
2
0
810185533
4
0
53404
2
0
810186557
4
0
53405
2
0
810168381
4
0
53406
2
0
810169405
4
0
53407
2
0
810170429
4
0
53408
2
0
810238269
4
0
53409
2
0
810239293
4
0
53410
2
0
810240317
4
0
53411
2
0
810241341
4
0
53412
2
0
810242365
4
0
53413
2
0
810243389
4
0
53414
2
0
810244413
4
0
53415
2
0
810246973
4
0
53416
2
0
810247997
4
0
53417
2
0
810249021
4
0
53418
2
0
810250045
4
0
53419
2
0
810251069
4
0
53420
2
0
810252093
4
0
53421
2
0
810233917
4
0
53422
2
0
810234941
4
0
53423
2
0
810235965
4
0
53424
2
0
810303805
4
0
53425
2
0
810304829
4
0
53426
2
0
810305853
4
0
53427
2
0
810306877
4
0
53428
2
0
810307901
4
0
53429
2
0
810308925
4
0
53430
2
0
810309949
4
0
53431
2
0
810312509
4
0
53432
2
0
810313533
4
0
53433
2
0
810314557
4
0
53434
2
0
810315581
4
0
53435
2
0
810316605
4
0
53436
2
0
810317629
4
0
53437
2
0
810299453
4
0
53438
2
0
810300477
4
0
53439
2
0
810301501
4
0
53440
2
0
810369341
4
0
53441
2
0
810370365
4
0
53442
2
0
810371389
4
0
53443
2
0
810372413
4
0
53444
2
0
810373437
4
0
53445
2
0
810374461
4
0
53446
2
0
810375485
4
0
53447
2
0
810378045
4
0
53448
2
0
810379069
4
0
53449
2
0
810380093
4
0
53450
2
0
810381117
4
0
53451
2
0
810382141
4
0
53452
2
0
810383165
4
0
53453
2
0
810364989
4
0
53454
2
0
810366013
4
0
53455
2
0
810367037
4
0
53456
2
0
810434877
4
0
53457
2
0
810435901
4
0
53458
2
0
810436925
4
0
53459
2
0
810437949
4
0
53460
2
0
810438973
4
0
53461
2
0
810439997
4
0
53462
2
0
810441021
4
0
53463
2
0
810443581
4
0
53464
2
0
810444605
4
0
53465
2
0
810445629
4
0
53466
2
0
810446653
4
0
53467
2
0
810447677
4
0
53468
2
0
810448701
4
0
53469
2
0
810430525
4
0
53470
2
0
810431549
4
0
53471
2
0
810432573
4
0
53472
2
0
810500413
4
0
53473
2
0
810501437
4
0
53474
2
0
810502461
4
0
53475
2
0
810503485
4
0
53476
2
0
810504509
4
0
53477
2
0
810505533
4
0
53478
2
0
810506557
4
0
53479
2
0
810509117
4
0
53480
2
0
810510141
4
0
53481
2
0
810511165
4
0
53482
2
0
810512189
4
0
53483
2
0
810513213
4
0
53484
2
0
810514237
4
0
53485
2
0
810496061
4
0
53486
2
0
810497085
4
0
53487
2
0
810498109
4
0
53488
2
0
810565949
4
0
53489
2
0
810566973
4
0
53490
2
0
810567997
4
0
53491
2
0
810569021
4
0
53492
2
0
810570045
4
0
53493
2
0
810571069
4
0
53494
2
0
810572093
4
0
53495
2
0
810574653
4
0
53496
2
0
810575677
4
0
53497
2
0
810576701
4
0
53498
2
0
810577725
4
0
53499
2
0
810578749
4
0
53500
2
0
810579773
4
0
53501
2
0
810561597
4
0
53502
2
0
810562621
4
0
53503
2
0
810563645
4
0
53504
2
0
810631485
4
0
53505
2
0
810632509
4
0
53506
2
0
810633533
4
0
53507
2
0
810634557
4
0
53508
2
0
810635581
4
0
53509
2
0
810636605
4
0
53510
2
0
810637629
4
0
53511
2
0
810640189
4
0
53512
2
0
810641213
4
0
53513
2
0
810642237
4
0
53514
2
0
810643261
4
0
53515
2
0
810644285
4
0
53516
2
0
810645309
4
0
53517
2
0
810627133
4
0
53518
2
0
810628157
4
0
53519
2
0
810629181
4
0
53520
2
0
810697021
4
0
53521
2
0
810698045
4
0
53522
2
0
810699069
4
0
53523
2
0
810700093
4
0
53524
2
0
810701117
4
0
53525
2
0
810702141
4
0
53526
2
0
810703165
4
0
53527
2
0
810705725
4
0
53528
2
0
810706749
4
0
53529
2
0
810707773
4
0
53530
2
0
810708797
4
0
53531
2
0
810709821
4
0
53532
2
0
810710845
4
0
53533
2
0
810692669
4
0
53534
2
0
810693693
4
0
53535
2
0
810694717
4
0
53536
2
0
810762557
4
0
53537
2
0
810763581
4
0
53538
2
0
810764605
4
0
53539
2
0
810765629
4
0
53540
2
0
810766653
4
0
53541
2
0
810767677
4
0
53542
2
0
810768701
4
0
53543
2
0
810771261
4
0
53544
2
0
810772285
4
0
53545
2
0
810773309
4
0
53546
2
0
810774333
4
0
53547
2
0
810775357
4
0
53548
2
0
810776381
4
0
53549
2
0
810758205
4
0
53550
2
0
810759229
4
0
53551
2
0
810760253
4
0
53552
2
0
810828093
4
0
53553
2
0
810829117
4
0
53554
2
0
810830141
4
0
53555
2
0
810831165
4
0
53556
2
0
810832189
4
0
53557
2
0
810833213
4
0
53558
2
0
810834237
4
0
53559
2
0
810836797
4
0
53560
2
0
810837821
4
0
53561
2
0
810838845
4
0
53562
2
0
810839869
4
0
53563
2
0
810840893
4
0
53564
2
0
810841917
4
0
53565
2
0
810823741
4
0
53566
2
0
810824765
4
0
53567
2
0
810825789
4
0
53568
2
0
810893629
4
0
53569
2
0
810894653
4
0
53570
2
0
810895677
4
0
53571
2
0
810896701
4
0
53572
2
0
810897725
4
0
53573
2
0
810898749
4
0
53574
2
0
810899773
4
0
53575
2
0
810902333
4
0
53576
2
0
810903357
4
0
53577
2
0
810904381
4
0
53578
2
0
810905405
4
0
53579
2
0
810906429
4
0
53580
2
0
810907453
4
0
53581
2
0
810889277
4
0
53582
2
0
810890301
4
0
53583
2
0
810891325
4
0
53584
2
0
810959165
4
0
53585
2
0
810960189
4
0
53586
2
0
810961213
4
0
53587
2
0
810962237
4
0
53588
2
0
810963261
4
0
53589
2
0
810964285
4
0
53590
2
0
810965309
4
0
53591
2
0
810967869
4
0
53592
2
0
810968893
4
0
53593
2
0
810969917
4
0
53594
2
0
810970941
4
0
53595
2
0
810971965
4
0
53596
2
0
810972989
4
0
53597
2
0
810954813
4
0
53598
2
0
810955837
4
0
53599
2
0
810956861
4
0
53600
2
0
811024701
4
0
53601
2
0
811025725
4
0
53602
2
0
811026749
4
0
53603
2
0
811027773
4
0
53604
2
0
811028797
4
0
53605
2
0
811029821
4
0
53606
2
0
811030845
4
0
53607
2
0
811033405
4
0
53608
2
0
811034429
4
0
53609
2
0
811035453
4
0
53610
2
0
811036477
4
0
53611
2
0
811037501
4
0
53612
2
0
811038525
4
0
53613
2
0
811020349
4
0
53614
2
0
811021373
4
0
53615
2
0
811022397
4
0
53616
2
0
811090237
4
0
53617
2
0
811091261
4
0
53618
2
0
811092285
4
0
53619
2
0
811093309
4
0
53620
2
0
811094333
4
0
53621
2
0
811095357
4
0
53622
2
0
811096381
4
0
53623
2
0
811098941
4
0
53624
2
0
811099965
4
0
53625
2
0
811100989
4
0
53626
2
0
811102013
4
0
53627
2
0
811103037
4
0
53628
2
0
811104061
4
0
53629
2
0
811085885
4
0
53630
2
0
811086909
4
0
53631
2
0
811087933
4
0
53632
2
0
811155773
4
0
53633
2
0
811156797
4
0
53634
2
0
811157821
4
0
53635
2
0
811158845
4
0
53636
2
0
811159869
4
0
53637
2
0
811160893
4
0
53638
2
0
811161917
4
0
53639
2
0
811164477
4
0
53640
2
0
811165501
4
0
53641
2
0
811166525
4
0
53642
2
0
811167549
4
0
53643
2
0
811168573
4
0
53644
2
0
811169597
4
0
53645
2
0
811151421
4
0
53646
2
0
811152445
4
0
53647
2
0
811153469
4
0
53648
2
0
811221309
4
0
53649
2
0
811222333
4
0
53650
2
0
811223357
4
0
53651
2
0
811224381
4
0
53652
2
0
811225405
4
0
53653
2
0
811226429
4
0
53654
2
0
811227453
4
0
53655
2
0
811230013
4
0
53656
2
0
811231037
4
0
53657
2
0
811232061
4
0
53658
2
0
811233085
4
0
53659
2
0
811234109
4
0
53660
2
0
811235133
4
0
53661
2
0
811216957
4
0
53662
2
0
811217981
4
0
53663
2
0
811219005
4
0
53664
2
0
811680061
4
0
53665
2
0
811681085
4
0
53666
2
0
811682109
4
0
53667
2
0
811683133
4
0
53668
2
0
811684157
4
0
53669
2
0
811685181
4
0
53670
2
0
811686205
4
0
53671
2
0
811688765
4
0
53672
2
0
811689789
4
0
53673
2
0
811690813
4
0
53674
2
0
811691837
4
0
53675
2
0
811692861
4
0
53676
2
0
811693885
4
0
53677
2
0
811675709
4
0
53678
2
0
811676733
4
0
53679
2
0
811677757
4
0
53680
2
0
811745597
4
0
53681
2
0
811746621
4
0
53682
2
0
811747645
4
0
53683
2
0
811748669
4
0
53684
2
0
811749693
4
0
53685
2
0
811750717
4
0
53686
2
0
811751741
4
0
53687
2
0
811754301
4
0
53688
2
0
811755325
4
0
53689
2
0
811756349
4
0
53690
2
0
811757373
4
0
53691
2
0
811758397
4
0
53692
2
0
811759421
4
0
53693
2
0
811741245
4
0
53694
2
0
811742269
4
0
53695
2
0
811743293
4
0
53696
2
0
811811133
4
0
53697
2
0
811812157
4
0
53698
2
0
811813181
4
0
53699
2
0
811814205
4
0
53700
2
0
811815229
4
0
53701
2
0
811816253
4
0
53702
2
0
811817277
4
0
53703
2
0
811819837
4
0
53704
2
0
811820861
4
0
53705
2
0
811821885
4
0
53706
2
0
811822909
4
0
53707
2
0
811823933
4
0
53708
2
0
811824957
4
0
53709
2
0
811806781
4
0
53710
2
0
811807805
4
0
53711
2
0
811808829
4
0
53712
2
0
811876669
4
0
53713
2
0
811877693
4
0
53714
2
0
811878717
4
0
53715
2
0
811879741
4
0
53716
2
0
811880765
4
0
53717
2
0
811881789
4
0
53718
2
0
811882813
4
0
53719
2
0
811885373
4
0
53720
2
0
811886397
4
0
53721
2
0
811887421
4
0
53722
2
0
811888445
4
0
53723
2
0
811889469
4
0
53724
2
0
811890493
4
0
53725
2
0
811872317
4
0
53726
2
0
811873341
4
0
53727
2
0
811874365
4
0
53728
2
0
811942205
4
0
53729
2
0
811943229
4
0
53730
2
0
811944253
4
0
53731
2
0
811945277
4
0
53732
2
0
811946301
4
0
53733
2
0
811947325
4
0
53734
2
0
811948349
4
0
53735
2
0
811950909
4
0
53736
2
0
811951933
4
0
53737
2
0
811952957
4
0
53738
2
0
811953981
4
0
53739
2
0
811955005
4
0
53740
2
0
811956029
4
0
53741
2
0
811937853
4
0
53742
2
0
811938877
4
0
53743
2
0
811939901
4
0
53744
2
0
812007741
4
0
53745
2
0
812008765
4
0
53746
2
0
812009789
4
0
53747
2
0
812010813
4
0
53748
2
0
812011837
4
0
53749
2
0
812012861
4
0
53750
2
0
812013885
4
0
53751
2
0
812016445
4
0
53752
2
0
812017469
4
0
53753
2
0
812018493
4
0
53754
2
0
812019517
4
0
53755
2
0
812020541
4
0
53756
2
0
812021565
4
0
53757
2
0
812003389
4
0
53758
2
0
812004413
4
0
53759
2
0
812005437
4
0
53760
2
0
812073277
4
0
53761
2
0
812074301
4
0
53762
2
0
812075325
4
0
53763
2
0
812076349
4
0
53764
2
0
812077373
4
0
53765
2
0
812078397
4
0
53766
2
0
812079421
4
0
53767
2
0
812081981
4
0
53768
2
0
812083005
4
0
53769
2
0
812084029
4
0
53770
2
0
812085053
4
0
53771
2
0
812086077
4
0
53772
2
0
812087101
4
0
53773
2
0
812068925
4
0
53774
2
0
812069949
4
0
53775
2
0
812070973
4
0
53776
2
0
812138813
4
0
53777
2
0
812139837
4
0
53778
2
0
812140861
4
0
53779
2
0
812141885
4
0
53780
2
0
812142909
4
0
53781
2
0
812143933
4
0
53782
2
0
812144957
4
0
53783
2
0
812147517
4
0
53784
2
0
812148541
4
0
53785
2
0
812149565
4
0
53786
2
0
812150589
4
0
53787
2
0
812151613
4
0
53788
2
0
812152637
4
0
53789
2
0
812134461
4
0
53790
2
0
812135485
4
0
53791
2
0
812136509
4
0
53792
2
0
812204349
4
0
53793
2
0
812205373
4
0
53794
2
0
812206397
4
0
53795
2
0
812207421
4
0
53796
2
0
812208445
4
0
53797
2
0
812209469
4
0
53798
2
0
812210493
4
0
53799
2
0
812213053
4
0
53800
2
0
812214077
4
0
53801
2
0
812215101
4
0
53802
2
0
812216125
4
0
53803
2
0
812217149
4
0
53804
2
0
812218173
4
0
53805
2
0
812199997
4
0
53806
2
0
812201021
4
0
53807
2
0
812202045
4
0
53808
2
0
812269885
4
0
53809
2
0
812270909
4
0
53810
2
0
812271933
4
0
53811
2
0
812272957
4
0
53812
2
0
812273981
4
0
53813
2
0
812275005
4
0
53814
2
0
812276029
4
0
53815
2
0
812278589
4
0
53816
2
0
812279613
4
0
53817
2
0
812280637
4
0
53818
2
0
812281661
4
0
53819
2
0
812282685
4
0
53820
2
0
812283709
4
0
53821
2
0
812265533
4
0
53822
2
0
812266557
4
0
53823
2
0
812267581
4
0
53824
2
0
812335421
4
0
53825
2
0
812336445
4
0
53826
2
0
812337469
4
0
53827
2
0
812338493
4
0
53828
2
0
812339517
4
0
53829
2
0
812340541
4
0
53830
2
0
812341565
4
0
53831
2
0
812344125
4
0
53832
2
0
812345149
4
0
53833
2
0
812346173
4
0
53834
2
0
812347197
4
0
53835
2
0
812348221
4
0
53836
2
0
812349245
4
0
53837
2
0
812331069
4
0
53838
2
0
812332093
4
0
53839
2
0
812333117
4
0
53840
2
0
812400957
4
0
53841
2
0
812401981
4
0
53842
2
0
812403005
4
0
53843
2
0
812404029
4
0
53844
2
0
812405053
4
0
53845
2
0
812406077
4
0
53846
2
0
812407101
4
0
53847
2
0
812409661
4
0
53848
2
0
812410685
4
0
53849
2
0
812411709
4
0
53850
2
0
812412733
4
0
53851
2
0
812413757
4
0
53852
2
0
812414781
4
0
53853
2
0
812396605
4
0
53854
2
0
812397629
4
0
53855
2
0
812398653
4
0
53856
2
0
812466493
4
0
53857
2
0
812467517
4
0
53858
2
0
812468541
4
0
53859
2
0
812469565
4
0
53860
2
0
812470589
4
0
53861
2
0
812471613
4
0
53862
2
0
812472637
4
0
53863
2
0
812475197
4
0
53864
2
0
812476221
4
0
53865
2
0
812477245
4
0
53866
2
0
812478269
4
0
53867
2
0
812479293
4
0
53868
2
0
812480317
4
0
53869
2
0
812462141
4
0
53870
2
0
812463165
4
0
53871
2
0
812464189
4
0
53872
2
0
812532029
4
0
53873
2
0
812533053
4
0
53874
2
0
812534077
4
0
53875
2
0
812535101
4
0
53876
2
0
812536125
4
0
53877
2
0
812537149
4
0
53878
2
0
812538173
4
0
53879
2
0
812540733
4
0
53880
2
0
812541757
4
0
53881
2
0
812542781
4
0
53882
2
0
812543805
4
0
53883
2
0
812544829
4
0
53884
2
0
812545853
4
0
53885
2
0
812527677
4
0
53886
2
0
812528701
4
0
53887
2
0
812529725
4
0
53888
2
0
812597565
4
0
53889
2
0
812598589
4
0
53890
2
0
812599613
4
0
53891
2
0
812600637
4
0
53892
2
0
812601661
4
0
53893
2
0
812602685
4
0
53894
2
0
812603709
4
0
53895
2
0
812606269
4
0
53896
2
0
812607293
4
0
53897
2
0
812608317
4
0
53898
2
0
812609341
4
0
53899
2
0
812610365
4
0
53900
2
0
812611389
4
0
53901
2
0
812593213
4
0
53902
2
0
812594237
4
0
53903
2
0
812595261
4
0
53904
2
0
812663101
4
0
53905
2
0
812664125
4
0
53906
2
0
812665149
4
0
53907
2
0
812666173
4
0
53908
2
0
812667197
4
0
53909
2
0
812668221
4
0
53910
2
0
812669245
4
0
53911
2
0
812671805
4
0
53912
2
0
812672829
4
0
53913
2
0
812673853
4
0
53914
2
0
812674877
4
0
53915
2
0
812675901
4
0
53916
2
0
812676925
4
0
53917
2
0
812658749
4
0
53918
2
0
812659773
4
0
53919
2
0
812660797
4
0
53920
2
0
812728637
4
0
53921
2
0
812729661
4
0
53922
2
0
812730685
4
0
53923
2
0
812731709
4
0
53924
2
0
812732733
4
0
53925
2
0
812733757
4
0
53926
2
0
812734781
4
0
53927
2
0
812737341
4
0
53928
2
0
812738365
4
0
53929
2
0
812739389
4
0
53930
2
0
812740413
4
0
53931
2
0
812741437
4
0
53932
2
0
812742461
4
0
53933
2
0
812724285
4
0
53934
2
0
812725309
4
0
53935
2
0
812726333
4
0
53936
2
0
812794173
4
0
53937
2
0
812795197
4
0
53938
2
0
812796221
4
0
53939
2
0
812797245
4
0
53940
2
0
812798269
4
0
53941
2
0
812799293
4
0
53942
2
0
812800317
4
0
53943
2
0
812802877
4
0
53944
2
0
812803901
4
0
53945
2
0
812804925
4
0
53946
2
0
812805949
4
0
53947
2
0
812806973
4
0
53948
2
0
812807997
4
0
53949
2
0
812789821
4
0
53950
2
0
812790845
4
0
53951
2
0
812791869
4
0
53952
2
0
812859709
4
0
53953
2
0
812860733
4
0
53954
2
0
812861757
4
0
53955
2
0
812862781
4
0
53956
2
0
812863805
4
0
53957
2
0
812864829
4
0
53958
2
0
812865853
4
0
53959
2
0
812868413
4
0
53960
2
0
812869437
4
0
53961
2
0
812870461
4
0
53962
2
0
812871485
4
0
53963
2
0
812872509
4
0
53964
2
0
812873533
4
0
53965
2
0
812855357
4
0
53966
2
0
812856381
4
0
53967
2
0
812857405
4
0
53968
2
0
812925245
4
0
53969
2
0
812926269
4
0
53970
2
0
812927293
4
0
53971
2
0
812928317
4
0
53972
2
0
812929341
4
0
53973
2
0
812930365
4
0
53974
2
0
812931389
4
0
53975
2
0
812933949
4
0
53976
2
0
812934973
4
0
53977
2
0
812935997
4
0
53978
2
0
812937021
4
0
53979
2
0
812938045
4
0
53980
2
0
812939069
4
0
53981
2
0
812920893
4
0
53982
2
0
812921917
4
0
53983
2
0
812922941
4
0
53984
2
0
812990781
4
0
53985
2
0
812991805
4
0
53986
2
0
812992829
4
0
53987
2
0
812993853
4
0
53988
2
0
812994877
4
0
53989
2
0
812995901
4
0
53990
2
0
812996925
4
0
53991
2
0
812999485
4
0
53992
2
0
813000509
4
0
53993
2
0
813001533
4
0
53994
2
0
813002557
4
0
53995
2
0
813003581
4
0
53996
2
0
813004605
4
0
53997
2
0
812986429
4
0
53998
2
0
812987453
4
0
53999
2
0
812988477
4
0
54000
2
0
813056317
4
0
54001
2
0
813057341
4
0
54002
2
0
813058365
4
0
54003
2
0
813059389
4
0
54004
2
0
813060413
4
0
54005
2
0
813061437
4
0
54006
2
0
813062461
4
0
54007
2
0
813065021
4
0
54008
2
0
813066045
4
0
54009
2
0
813067069
4
0
54010
2
0
813068093
4
0
54011
2
0
813069117
4
0
54012
2
0
813070141
4
0
54013
2
0
813051965
4
0
54014
2
0
813052989
4
0
54015
2
0
813054013
4
0
54016
2
0
813121853
4
0
54017
2
0
813122877
4
0
54018
2
0
813123901
4
0
54019
2
0
813124925
4
0
54020
2
0
813125949
4
0
54021
2
0
813126973
4
0
54022
2
0
813127997
4
0
54023
2
0
813130557
4
0
54024
2
0
813131581
4
0
54025
2
0
813132605
4
0
54026
2
0
813133629
4
0
54027
2
0
813134653
4
0
54028
2
0
813135677
4
0
54029
2
0
813117501
4
0
54030
2
0
813118525
4
0
54031
2
0
813119549
4
0
54032
2
0
813187389
4
0
54033
2
0
813188413
4
0
54034
2
0
813189437
4
0
54035
2
0
813190461
4
0
54036
2
0
813191485
4
0
54037
2
0
813192509
4
0
54038
2
0
813193533
4
0
54039
2
0
813196093
4
0
54040
2
0
813197117
4
0
54041
2
0
813198141
4
0
54042
2
0
813199165
4
0
54043
2
0
813200189
4
0
54044
2
0
813201213
4
0
54045
2
0
813183037
4
0
54046
2
0
813184061
4
0
54047
2
0
813185085
4
0
54048
2
0
813252925
4
0
54049
2
0
813253949
4
0
54050
2
0
813254973
4
0
54051
2
0
813255997
4
0
54052
2
0
813257021
4
0
54053
2
0
813258045
4
0
54054
2
0
813259069
4
0
54055
2
0
813261629
4
0
54056
2
0
813262653
4
0
54057
2
0
813263677
4
0
54058
2
0
813264701
4
0
54059
2
0
813265725
4
0
54060
2
0
813266749
4
0
54061
2
0
813248573
4
0
54062
2
0
813249597
4
0
54063
2
0
813250621
4
0
54064
2
0
813318461
4
0
54065
2
0
813319485
4
0
54066
2
0
813320509
4
0
54067
2
0
813321533
4
0
54068
2
0
813322557
4
0
54069
2
0
813323581
4
0
54070
2
0
813324605
4
0
54071
2
0
813327165
4
0
54072
2
0
813328189
4
0
54073
2
0
813329213
4
0
54074
2
0
813330237
4
0
54075
2
0
813331261
4
0
54076
2
0
813332285
4
0
54077
2
0
813314109
4
0
54078
2
0
813315133
4
0
54079
2
0
813316157
4
0
54080
2
0
808468797
4
0
54081
2
0
808469821
4
0
54082
2
0
808470845
4
0
54083
2
0
808471869
4
0
54084
2
0
808472893
4
0
54085
2
0
808473917
4
0
54086
2
0
808474941
4
0
54087
2
0
808477501
4
0
54088
2
0
808478525
4
0
54089
2
0
808479549
4
0
54090
2
0
808480573
4
0
54091
2
0
808481597
4
0
54092
2
0
808482621
4
0
54093
2
0
808464445
4
0
54094
2
0
808465469
4
0
54095
2
0
808466493
4
0
54096
2
0
808534333
4
0
54097
2
0
808535357
4
0
54098
2
0
808536381
4
0
54099
2
0
808537405
4
0
54100
2
0
808538429
4
0
54101
2
0
808539453
4
0
54102
2
0
808540477
4
0
54103
2
0
808543037
4
0
54104
2
0
808544061
4
0
54105
2
0
808545085
4
0
54106
2
0
808546109
4
0
54107
2
0
808547133
4
0
54108
2
0
808548157
4
0
54109
2
0
808529981
4
0
54110
2
0
808531005
4
0
54111
2
0
808532029
4
0
54112
2
0
808599869
4
0
54113
2
0
808600893
4
0
54114
2
0
808601917
4
0
54115
2
0
808602941
4
0
54116
2
0
808603965
4
0
54117
2
0
808604989
4
0
54118
2
0
808606013
4
0
54119
2
0
808608573
4
0
54120
2
0
808609597
4
0
54121
2
0
808610621
4
0
54122
2
0
808611645
4
0
54123
2
0
808612669
4
0
54124
2
0
808613693
4
0
54125
2
0
808595517
4
0
54126
2
0
808596541
4
0
54127
2
0
808597565
4
0
54128
2
0
808665405
4
0
54129
2
0
808666429
4
0
54130
2
0
808667453
4
0
54131
2
0
808668477
4
0
54132
2
0
808669501
4
0
54133
2
0
808670525
4
0
54134
2
0
808671549
4
0
54135
2
0
808674109
4
0
54136
2
0
808675133
4
0
54137
2
0
808676157
4
0
54138
2
0
808677181
4
0
54139
2
0
808678205
4
0
54140
2
0
808679229
4
0
54141
2
0
808661053
4
0
54142
2
0
808662077
4
0
54143
2
0
808663101
4
0
54144
2
0
808730941
4
0
54145
2
0
808731965
4
0
54146
2
0
808732989
4
0
54147
2
0
808734013
4
0
54148
2
0
808735037
4
0
54149
2
0
808736061
4
0
54150
2
0
808737085
4
0
54151
2
0
808739645
4
0
54152
2
0
808740669
4
0
54153
2
0
808741693
4
0
54154
2
0
808742717
4
0
54155
2
0
808743741
4
0
54156
2
0
808744765
4
0
54157
2
0
808726589
4
0
54158
2
0
808727613
4
0
54159
2
0
808728637
4
0
54160
2
0
808796477
4
0
54161
2
0
808797501
4
0
54162
2
0
808798525
4
0
54163
2
0
808799549
4
0
54164
2
0
808800573
4
0
54165
2
0
808801597
4
0
54166
2
0
808802621
4
0
54167
2
0
808805181
4
0
54168
2
0
808806205
4
0
54169
2
0
808807229
4
0
54170
2
0
808808253
4
0
54171
2
0
808809277
4
0
54172
2
0
808810301
4
0
54173
2
0
808792125
4
0
54174
2
0
808793149
4
0
54175
2
0
808794173
4
0
54176
2
0
808862013
4
0
54177
2
0
808863037
4
0
54178
2
0
808864061
4
0
54179
2
0
808865085
4
0
54180
2
0
808866109
4
0
54181
2
0
808867133
4
0
54182
2
0
808868157
4
0
54183
2
0
808870717
4
0
54184
2
0
808871741
4
0
54185
2
0
808872765
4
0
54186
2
0
808873789
4
0
54187
2
0
808874813
4
0
54188
2
0
808875837
4
0
54189
2
0
808857661
4
0
54190
2
0
808858685
4
0
54191
2
0
808859709
4
0
54192
2
0
808927549
4
0
54193
2
0
808928573
4
0
54194
2
0
808929597
4
0
54195
2
0
808930621
4
0
54196
2
0
808931645
4
0
54197
2
0
808932669
4
0
54198
2
0
808933693
4
0
54199
2
0
808936253
4
0
54200
2
0
808937277
4
0
54201
2
0
808938301
4
0
54202
2
0
808939325
4
0
54203
2
0
808940349
4
0
54204
2
0
808941373
4
0
54205
2
0
808923197
4
0
54206
2
0
808924221
4
0
54207
2
0
808925245
4
0
54208
2
0
808993085
4
0
54209
2
0
808994109
4
0
54210
2
0
808995133
4
0
54211
2
0
808996157
4
0
54212
2
0
808997181
4
0
54213
2
0
808998205
4
0
54214
2
0
808999229
4
0
54215
2
0
809001789
4
0
54216
2
0
809002813
4
0
54217
2
0
809003837
4
0
54218
2
0
809004861
4
0
54219
2
0
809005885
4
0
54220
2
0
809006909
4
0
54221
2
0
808988733
4
0
54222
2
0
808989757
4
0
54223
2
0
808990781
4
0
54224
2
0
809058621
4
0
54225
2
0
809059645
4
0
54226
2
0
809060669
4
0
54227
2
0
809061693
4
0
54228
2
0
809062717
4
0
54229
2
0
809063741
4
0
54230
2
0
809064765
4
0
54231
2
0
809067325
4
0
54232
2
0
809068349
4
0
54233
2
0
809069373
4
0
54234
2
0
809070397
4
0
54235
2
0
809071421
4
0
54236
2
0
809072445
4
0
54237
2
0
809054269
4
0
54238
2
0
809055293
4
0
54239
2
0
809056317
4
0
54240
2
0
808141117
4
0
54241
2
0
808142141
4
0
54242
2
0
808143165
4
0
54243
2
0
808144189
4
0
54244
2
0
808145213
4
0
54245
2
0
808146237
4
0
54246
2
0
808147261
4
0
54247
2
0
808149821
4
0
54248
2
0
808150845
4
0
54249
2
0
808151869
4
0
54250
2
0
808152893
4
0
54251
2
0
808153917
4
0
54252
2
0
808154941
4
0
54253
2
0
808136765
4
0
54254
2
0
808137789
4
0
54255
2
0
808138813
4
0
54256
2
0
808403261
4
0
54257
2
0
808404285
4
0
54258
2
0
808405309
4
0
54259
2
0
808406333
4
0
54260
2
0
808407357
4
0
54261
2
0
808408381
4
0
54262
2
0
808409405
4
0
54263
2
0
808411965
4
0
54264
2
0
808412989
4
0
54265
2
0
808414013
4
0
54266
2
0
808415037
4
0
54267
2
0
808416061
4
0
54268
2
0
808417085
4
0
54269
2
0
808398909
4
0
54270
2
0
808399933
4
0
54271
2
0
808400957
4
