1024
0
18432
2
0
1396785469
4
0
18433
2
0
1396786493
4
0
18434
2
0
1396787517
4
0
18435
2
0
1396788541
4
0
18436
2
0
1396789565
4
0
18437
2
0
1396790589
4
0
18438
2
0
1396791613
4
0
18439
2
0
1396794173
4
0
18440
2
0
1396795197
4
0
18441
2
0
1396796221
4
0
18442
2
0
1396797245
4
0
18443
2
0
1396798269
4
0
18444
2
0
1396799293
4
0
18445
2
0
1396781117
4
0
18446
2
0
1396782141
4
0
18447
2
0
1396783165
4
0
18448
2
0
1396851005
4
0
18449
2
0
1396852029
4
0
18450
2
0
1396853053
4
0
18451
2
0
1396854077
4
0
18452
2
0
1396855101
4
0
18453
2
0
1396856125
4
0
18454
2
0
1396857149
4
0
18455
2
0
1396859709
4
0
18456
2
0
1396860733
4
0
18457
2
0
1396861757
4
0
18458
2
0
1396862781
4
0
18459
2
0
1396863805
4
0
18460
2
0
1396864829
4
0
18461
2
0
1396846653
4
0
18462
2
0
1396847677
4
0
18463
2
0
1396848701
4
0
18464
2
0
1396916541
4
0
18465
2
0
1396917565
4
0
18466
2
0
1396918589
4
0
18467
2
0
1396919613
4
0
18468
2
0
1396920637
4
0
18469
2
0
1396921661
4
0
18470
2
0
1396922685
4
0
18471
2
0
1396925245
4
0
18472
2
0
1396926269
4
0
18473
2
0
1396927293
4
0
18474
2
0
1396928317
4
0
18475
2
0
1396929341
4
0
18476
2
0
1396930365
4
0
18477
2
0
1396912189
4
0
18478
2
0
1396913213
4
0
18479
2
0
1396914237
4
0
18480
2
0
1396982077
4
0
18481
2
0
1396983101
4
0
18482
2
0
1396984125
4
0
18483
2
0
1396985149
4
0
18484
2
0
1396986173
4
0
18485
2
0
1396987197
4
0
18486
2
0
1396988221
4
0
18487
2
0
1396990781
4
0
18488
2
0
1396991805
4
0
18489
2
0
1396992829
4
0
18490
2
0
1396993853
4
0
18491
2
0
1396994877
4
0
18492
2
0
1396995901
4
0
18493
2
0
1396977725
4
0
18494
2
0
1396978749
4
0
18495
2
0
1396979773
4
0
18496
2
0
1397047613
4
0
18497
2
0
1397048637
4
0
18498
2
0
1397049661
4
0
18499
2
0
1397050685
4
0
18500
2
0
1397051709
4
0
18501
2
0
1397052733
4
0
18502
2
0
1397053757
4
0
18503
2
0
1397056317
4
0
18504
2
0
1397057341
4
0
18505
2
0
1397058365
4
0
18506
2
0
1397059389
4
0
18507
2
0
1397060413
4
0
18508
2
0
1397061437
4
0
18509
2
0
1397043261
4
0
18510
2
0
1397044285
4
0
18511
2
0
1397045309
4
0
18512
2
0
1397113149
4
0
18513
2
0
1397114173
4
0
18514
2
0
1397115197
4
0
18515
2
0
1397116221
4
0
18516
2
0
1397117245
4
0
18517
2
0
1397118269
4
0
18518
2
0
1397119293
4
0
18519
2
0
1397121853
4
0
18520
2
0
1397122877
4
0
18521
2
0
1397123901
4
0
18522
2
0
1397124925
4
0
18523
2
0
1397125949
4
0
18524
2
0
1397126973
4
0
18525
2
0
1397108797
4
0
18526
2
0
1397109821
4
0
18527
2
0
1397110845
4
0
18528
2
0
1397178685
4
0
18529
2
0
1397179709
4
0
18530
2
0
1397180733
4
0
18531
2
0
1397181757
4
0
18532
2
0
1397182781
4
0
18533
2
0
1397183805
4
0
18534
2
0
1397184829
4
0
18535
2
0
1397187389
4
0
18536
2
0
1397188413
4
0
18537
2
0
1397189437
4
0
18538
2
0
1397190461
4
0
18539
2
0
1397191485
4
0
18540
2
0
1397192509
4
0
18541
2
0
1397174333
4
0
18542
2
0
1397175357
4
0
18543
2
0
1397176381
4
0
18544
2
0
1397244221
4
0
18545
2
0
1397245245
4
0
18546
2
0
1397246269
4
0
18547
2
0
1397247293
4
0
18548
2
0
1397248317
4
0
18549
2
0
1397249341
4
0
18550
2
0
1397250365
4
0
18551
2
0
1397252925
4
0
18552
2
0
1397253949
4
0
18553
2
0
1397254973
4
0
18554
2
0
1397255997
4
0
18555
2
0
1397257021
4
0
18556
2
0
1397258045
4
0
18557
2
0
1397239869
4
0
18558
2
0
1397240893
4
0
18559
2
0
1397241917
4
0
18560
2
0
1397309757
4
0
18561
2
0
1397310781
4
0
18562
2
0
1397311805
4
0
18563
2
0
1397312829
4
0
18564
2
0
1397313853
4
0
18565
2
0
1397314877
4
0
18566
2
0
1397315901
4
0
18567
2
0
1397318461
4
0
18568
2
0
1397319485
4
0
18569
2
0
1397320509
4
0
18570
2
0
1397321533
4
0
18571
2
0
1397322557
4
0
18572
2
0
1397323581
4
0
18573
2
0
1397305405
4
0
18574
2
0
1397306429
4
0
18575
2
0
1397307453
4
0
18576
2
0
1397375293
4
0
18577
2
0
1397376317
4
0
18578
2
0
1397377341
4
0
18579
2
0
1397378365
4
0
18580
2
0
1397379389
4
0
18581
2
0
1397380413
4
0
18582
2
0
1397381437
4
0
18583
2
0
1397383997
4
0
18584
2
0
1397385021
4
0
18585
2
0
1397386045
4
0
18586
2
0
1397387069
4
0
18587
2
0
1397388093
4
0
18588
2
0
1397389117
4
0
18589
2
0
1397370941
4
0
18590
2
0
1397371965
4
0
18591
2
0
1397372989
4
0
18592
2
0
1397440829
4
0
18593
2
0
1397441853
4
0
18594
2
0
1397442877
4
0
18595
2
0
1397443901
4
0
18596
2
0
1397444925
4
0
18597
2
0
1397445949
4
0
18598
2
0
1397446973
4
0
18599
2
0
1397449533
4
0
18600
2
0
1397450557
4
0
18601
2
0
1397451581
4
0
18602
2
0
1397452605
4
0
18603
2
0
1397453629
4
0
18604
2
0
1397454653
4
0
18605
2
0
1397436477
4
0
18606
2
0
1397437501
4
0
18607
2
0
1397438525
4
0
18608
2
0
1397506365
4
0
18609
2
0
1397507389
4
0
18610
2
0
1397508413
4
0
18611
2
0
1397509437
4
0
18612
2
0
1397510461
4
0
18613
2
0
1397511485
4
0
18614
2
0
1397512509
4
0
18615
2
0
1397515069
4
0
18616
2
0
1397516093
4
0
18617
2
0
1397517117
4
0
18618
2
0
1397518141
4
0
18619
2
0
1397519165
4
0
18620
2
0
1397520189
4
0
18621
2
0
1397502013
4
0
18622
2
0
1397503037
4
0
18623
2
0
1397504061
4
0
18624
2
0
1397571901
4
0
18625
2
0
1397572925
4
0
18626
2
0
1397573949
4
0
18627
2
0
1397574973
4
0
18628
2
0
1397575997
4
0
18629
2
0
1397577021
4
0
18630
2
0
1397578045
4
0
18631
2
0
1397580605
4
0
18632
2
0
1397581629
4
0
18633
2
0
1397582653
4
0
18634
2
0
1397583677
4
0
18635
2
0
1397584701
4
0
18636
2
0
1397585725
4
0
18637
2
0
1397567549
4
0
18638
2
0
1397568573
4
0
18639
2
0
1397569597
4
0
18640
2
0
1397637437
4
0
18641
2
0
1397638461
4
0
18642
2
0
1397639485
4
0
18643
2
0
1397640509
4
0
18644
2
0
1397641533
4
0
18645
2
0
1397642557
4
0
18646
2
0
1397643581
4
0
18647
2
0
1397646141
4
0
18648
2
0
1397647165
4
0
18649
2
0
1397648189
4
0
18650
2
0
1397649213
4
0
18651
2
0
1397650237
4
0
18652
2
0
1397651261
4
0
18653
2
0
1397633085
4
0
18654
2
0
1397634109
4
0
18655
2
0
1397635133
4
0
18656
2
0
1397702973
4
0
18657
2
0
1397703997
4
0
18658
2
0
1397705021
4
0
18659
2
0
1397706045
4
0
18660
2
0
1397707069
4
0
18661
2
0
1397708093
4
0
18662
2
0
1397709117
4
0
18663
2
0
1397711677
4
0
18664
2
0
1397712701
4
0
18665
2
0
1397713725
4
0
18666
2
0
1397714749
4
0
18667
2
0
1397715773
4
0
18668
2
0
1397716797
4
0
18669
2
0
1397698621
4
0
18670
2
0
1397699645
4
0
18671
2
0
1397700669
4
0
18672
2
0
1397768509
4
0
18673
2
0
1397769533
4
0
18674
2
0
1397770557
4
0
18675
2
0
1397771581
4
0
18676
2
0
1397772605
4
0
18677
2
0
1397773629
4
0
18678
2
0
1397774653
4
0
18679
2
0
1397777213
4
0
18680
2
0
1397778237
4
0
18681
2
0
1397779261
4
0
18682
2
0
1397780285
4
0
18683
2
0
1397781309
4
0
18684
2
0
1397782333
4
0
18685
2
0
1397764157
4
0
18686
2
0
1397765181
4
0
18687
2
0
1397766205
4
0
18688
2
0
1397834045
4
0
18689
2
0
1397835069
4
0
18690
2
0
1397836093
4
0
18691
2
0
1397837117
4
0
18692
2
0
1397838141
4
0
18693
2
0
1397839165
4
0
18694
2
0
1397840189
4
0
18695
2
0
1397842749
4
0
18696
2
0
1397843773
4
0
18697
2
0
1397844797
4
0
18698
2
0
1397845821
4
0
18699
2
0
1397846845
4
0
18700
2
0
1397847869
4
0
18701
2
0
1397829693
4
0
18702
2
0
1397830717
4
0
18703
2
0
1397831741
4
0
18704
2
0
1397899581
4
0
18705
2
0
1397900605
4
0
18706
2
0
1397901629
4
0
18707
2
0
1397902653
4
0
18708
2
0
1397903677
4
0
18709
2
0
1397904701
4
0
18710
2
0
1397905725
4
0
18711
2
0
1397908285
4
0
18712
2
0
1397909309
4
0
18713
2
0
1397910333
4
0
18714
2
0
1397911357
4
0
18715
2
0
1397912381
4
0
18716
2
0
1397913405
4
0
18717
2
0
1397895229
4
0
18718
2
0
1397896253
4
0
18719
2
0
1397897277
4
0
18720
2
0
1397965117
4
0
18721
2
0
1397966141
4
0
18722
2
0
1397967165
4
0
18723
2
0
1397968189
4
0
18724
2
0
1397969213
4
0
18725
2
0
1397970237
4
0
18726
2
0
1397971261
4
0
18727
2
0
1397973821
4
0
18728
2
0
1397974845
4
0
18729
2
0
1397975869
4
0
18730
2
0
1397976893
4
0
18731
2
0
1397977917
4
0
18732
2
0
1397978941
4
0
18733
2
0
1397960765
4
0
18734
2
0
1397961789
4
0
18735
2
0
1397962813
4
0
18736
2
0
1398030653
4
0
18737
2
0
1398031677
4
0
18738
2
0
1398032701
4
0
18739
2
0
1398033725
4
0
18740
2
0
1398034749
4
0
18741
2
0
1398035773
4
0
18742
2
0
1398036797
4
0
18743
2
0
1398039357
4
0
18744
2
0
1398040381
4
0
18745
2
0
1398041405
4
0
18746
2
0
1398042429
4
0
18747
2
0
1398043453
4
0
18748
2
0
1398044477
4
0
18749
2
0
1398026301
4
0
18750
2
0
1398027325
4
0
18751
2
0
1398028349
4
0
18752
2
0
1398096189
4
0
18753
2
0
1398097213
4
0
18754
2
0
1398098237
4
0
18755
2
0
1398099261
4
0
18756
2
0
1398100285
4
0
18757
2
0
1398101309
4
0
18758
2
0
1398102333
4
0
18759
2
0
1398104893
4
0
18760
2
0
1398105917
4
0
18761
2
0
1398106941
4
0
18762
2
0
1398107965
4
0
18763
2
0
1398108989
4
0
18764
2
0
1398110013
4
0
18765
2
0
1398091837
4
0
18766
2
0
1398092861
4
0
18767
2
0
1398093885
4
0
18768
2
0
1398161725
4
0
18769
2
0
1398162749
4
0
18770
2
0
1398163773
4
0
18771
2
0
1398164797
4
0
18772
2
0
1398165821
4
0
18773
2
0
1398166845
4
0
18774
2
0
1398167869
4
0
18775
2
0
1398170429
4
0
18776
2
0
1398171453
4
0
18777
2
0
1398172477
4
0
18778
2
0
1398173501
4
0
18779
2
0
1398174525
4
0
18780
2
0
1398175549
4
0
18781
2
0
1398157373
4
0
18782
2
0
1398158397
4
0
18783
2
0
1398159421
4
0
18784
2
0
1398227261
4
0
18785
2
0
1398228285
4
0
18786
2
0
1398229309
4
0
18787
2
0
1398230333
4
0
18788
2
0
1398231357
4
0
18789
2
0
1398232381
4
0
18790
2
0
1398233405
4
0
18791
2
0
1398235965
4
0
18792
2
0
1398236989
4
0
18793
2
0
1398238013
4
0
18794
2
0
1398239037
4
0
18795
2
0
1398240061
4
0
18796
2
0
1398241085
4
0
18797
2
0
1398222909
4
0
18798
2
0
1398223933
4
0
18799
2
0
1398224957
4
0
18800
2
0
1398292797
4
0
18801
2
0
1398293821
4
0
18802
2
0
1398294845
4
0
18803
2
0
1398295869
4
0
18804
2
0
1398296893
4
0
18805
2
0
1398297917
4
0
18806
2
0
1398298941
4
0
18807
2
0
1398301501
4
0
18808
2
0
1398302525
4
0
18809
2
0
1398303549
4
0
18810
2
0
1398304573
4
0
18811
2
0
1398305597
4
0
18812
2
0
1398306621
4
0
18813
2
0
1398288445
4
0
18814
2
0
1398289469
4
0
18815
2
0
1398290493
4
0
18816
2
0
1398358333
4
0
18817
2
0
1398359357
4
0
18818
2
0
1398360381
4
0
18819
2
0
1398361405
4
0
18820
2
0
1398362429
4
0
18821
2
0
1398363453
4
0
18822
2
0
1398364477
4
0
18823
2
0
1398367037
4
0
18824
2
0
1398368061
4
0
18825
2
0
1398369085
4
0
18826
2
0
1398370109
4
0
18827
2
0
1398371133
4
0
18828
2
0
1398372157
4
0
18829
2
0
1398353981
4
0
18830
2
0
1398355005
4
0
18831
2
0
1398356029
4
0
18832
2
0
1398423869
4
0
18833
2
0
1398424893
4
0
18834
2
0
1398425917
4
0
18835
2
0
1398426941
4
0
18836
2
0
1398427965
4
0
18837
2
0
1398428989
4
0
18838
2
0
1398430013
4
0
18839
2
0
1398432573
4
0
18840
2
0
1398433597
4
0
18841
2
0
1398434621
4
0
18842
2
0
1398435645
4
0
18843
2
0
1398436669
4
0
18844
2
0
1398437693
4
0
18845
2
0
1398419517
4
0
18846
2
0
1398420541
4
0
18847
2
0
1398421565
4
0
18848
2
0
1398882621
4
0
18849
2
0
1398883645
4
0
18850
2
0
1398884669
4
0
18851
2
0
1398885693
4
0
18852
2
0
1398886717
4
0
18853
2
0
1398887741
4
0
18854
2
0
1398888765
4
0
18855
2
0
1398891325
4
0
18856
2
0
1398892349
4
0
18857
2
0
1398893373
4
0
18858
2
0
1398894397
4
0
18859
2
0
1398895421
4
0
18860
2
0
1398896445
4
0
18861
2
0
1398878269
4
0
18862
2
0
1398879293
4
0
18863
2
0
1398880317
4
0
18864
2
0
1398948157
4
0
18865
2
0
1398949181
4
0
18866
2
0
1398950205
4
0
18867
2
0
1398951229
4
0
18868
2
0
1398952253
4
0
18869
2
0
1398953277
4
0
18870
2
0
1398954301
4
0
18871
2
0
1398956861
4
0
18872
2
0
1398957885
4
0
18873
2
0
1398958909
4
0
18874
2
0
1398959933
4
0
18875
2
0
1398960957
4
0
18876
2
0
1398961981
4
0
18877
2
0
1398943805
4
0
18878
2
0
1398944829
4
0
18879
2
0
1398945853
4
0
18880
2
0
1399013693
4
0
18881
2
0
1399014717
4
0
18882
2
0
1399015741
4
0
18883
2
0
1399016765
4
0
18884
2
0
1399017789
4
0
18885
2
0
1399018813
4
0
18886
2
0
1399019837
4
0
18887
2
0
1399022397
4
0
18888
2
0
1399023421
4
0
18889
2
0
1399024445
4
0
18890
2
0
1399025469
4
0
18891
2
0
1399026493
4
0
18892
2
0
1399027517
4
0
18893
2
0
1399009341
4
0
18894
2
0
1399010365
4
0
18895
2
0
1399011389
4
0
18896
2
0
1399079229
4
0
18897
2
0
1399080253
4
0
18898
2
0
1399081277
4
0
18899
2
0
1399082301
4
0
18900
2
0
1399083325
4
0
18901
2
0
1399084349
4
0
18902
2
0
1399085373
4
0
18903
2
0
1399087933
4
0
18904
2
0
1399088957
4
0
18905
2
0
1399089981
4
0
18906
2
0
1399091005
4
0
18907
2
0
1399092029
4
0
18908
2
0
1399093053
4
0
18909
2
0
1399074877
4
0
18910
2
0
1399075901
4
0
18911
2
0
1399076925
4
0
18912
2
0
1399144765
4
0
18913
2
0
1399145789
4
0
18914
2
0
1399146813
4
0
18915
2
0
1399147837
4
0
18916
2
0
1399148861
4
0
18917
2
0
1399149885
4
0
18918
2
0
1399150909
4
0
18919
2
0
1399153469
4
0
18920
2
0
1399154493
4
0
18921
2
0
1399155517
4
0
18922
2
0
1399156541
4
0
18923
2
0
1399157565
4
0
18924
2
0
1399158589
4
0
18925
2
0
1399140413
4
0
18926
2
0
1399141437
4
0
18927
2
0
1399142461
4
0
18928
2
0
1399210301
4
0
18929
2
0
1399211325
4
0
18930
2
0
1399212349
4
0
18931
2
0
1399213373
4
0
18932
2
0
1399214397
4
0
18933
2
0
1399215421
4
0
18934
2
0
1399216445
4
0
18935
2
0
1399219005
4
0
18936
2
0
1399220029
4
0
18937
2
0
1399221053
4
0
18938
2
0
1399222077
4
0
18939
2
0
1399223101
4
0
18940
2
0
1399224125
4
0
18941
2
0
1399205949
4
0
18942
2
0
1399206973
4
0
18943
2
0
1399207997
4
0
18944
2
0
1399275837
4
0
18945
2
0
1399276861
4
0
18946
2
0
1399277885
4
0
18947
2
0
1399278909
4
0
18948
2
0
1399279933
4
0
18949
2
0
1399280957
4
0
18950
2
0
1399281981
4
0
18951
2
0
1399284541
4
0
18952
2
0
1399285565
4
0
18953
2
0
1399286589
4
0
18954
2
0
1399287613
4
0
18955
2
0
1399288637
4
0
18956
2
0
1399289661
4
0
18957
2
0
1399271485
4
0
18958
2
0
1399272509
4
0
18959
2
0
1399273533
4
0
18960
2
0
1399341373
4
0
18961
2
0
1399342397
4
0
18962
2
0
1399343421
4
0
18963
2
0
1399344445
4
0
18964
2
0
1399345469
4
0
18965
2
0
1399346493
4
0
18966
2
0
1399347517
4
0
18967
2
0
1399350077
4
0
18968
2
0
1399351101
4
0
18969
2
0
1399352125
4
0
18970
2
0
1399353149
4
0
18971
2
0
1399354173
4
0
18972
2
0
1399355197
4
0
18973
2
0
1399337021
4
0
18974
2
0
1399338045
4
0
18975
2
0
1399339069
4
0
18976
2
0
1399406909
4
0
18977
2
0
1399407933
4
0
18978
2
0
1399408957
4
0
18979
2
0
1399409981
4
0
18980
2
0
1399411005
4
0
18981
2
0
1399412029
4
0
18982
2
0
1399413053
4
0
18983
2
0
1399415613
4
0
18984
2
0
1399416637
4
0
18985
2
0
1399417661
4
0
18986
2
0
1399418685
4
0
18987
2
0
1399419709
4
0
18988
2
0
1399420733
4
0
18989
2
0
1399402557
4
0
18990
2
0
1399403581
4
0
18991
2
0
1399404605
4
0
18992
2
0
1399472445
4
0
18993
2
0
1399473469
4
0
18994
2
0
1399474493
4
0
18995
2
0
1399475517
4
0
18996
2
0
1399476541
4
0
18997
2
0
1399477565
4
0
18998
2
0
1399478589
4
0
18999
2
0
1399481149
4
0
19000
2
0
1399482173
4
0
19001
2
0
1399483197
4
0
19002
2
0
1399484221
4
0
19003
2
0
1399485245
4
0
19004
2
0
1399486269
4
0
19005
2
0
1399468093
4
0
19006
2
0
1399469117
4
0
19007
2
0
1399470141
4
0
19008
2
0
1399537981
4
0
19009
2
0
1399539005
4
0
19010
2
0
1399540029
4
0
19011
2
0
1399541053
4
0
19012
2
0
1399542077
4
0
19013
2
0
1399543101
4
0
19014
2
0
1399544125
4
0
19015
2
0
1399546685
4
0
19016
2
0
1399547709
4
0
19017
2
0
1399548733
4
0
19018
2
0
1399549757
4
0
19019
2
0
1399550781
4
0
19020
2
0
1399551805
4
0
19021
2
0
1399533629
4
0
19022
2
0
1399534653
4
0
19023
2
0
1399535677
4
0
19024
2
0
1399603517
4
0
19025
2
0
1399604541
4
0
19026
2
0
1399605565
4
0
19027
2
0
1399606589
4
0
19028
2
0
1399607613
4
0
19029
2
0
1399608637
4
0
19030
2
0
1399609661
4
0
19031
2
0
1399612221
4
0
19032
2
0
1399613245
4
0
19033
2
0
1399614269
4
0
19034
2
0
1399615293
4
0
19035
2
0
1399616317
4
0
19036
2
0
1399617341
4
0
19037
2
0
1399599165
4
0
19038
2
0
1399600189
4
0
19039
2
0
1399601213
4
0
19040
2
0
1399669053
4
0
19041
2
0
1399670077
4
0
19042
2
0
1399671101
4
0
19043
2
0
1399672125
4
0
19044
2
0
1399673149
4
0
19045
2
0
1399674173
4
0
19046
2
0
1399675197
4
0
19047
2
0
1399677757
4
0
19048
2
0
1399678781
4
0
19049
2
0
1399679805
4
0
19050
2
0
1399680829
4
0
19051
2
0
1399681853
4
0
19052
2
0
1399682877
4
0
19053
2
0
1399664701
4
0
19054
2
0
1399665725
4
0
19055
2
0
1399666749
4
0
19056
2
0
1399734589
4
0
19057
2
0
1399735613
4
0
19058
2
0
1399736637
4
0
19059
2
0
1399737661
4
0
19060
2
0
1399738685
4
0
19061
2
0
1399739709
4
0
19062
2
0
1399740733
4
0
19063
2
0
1399743293
4
0
19064
2
0
1399744317
4
0
19065
2
0
1399745341
4
0
19066
2
0
1399746365
4
0
19067
2
0
1399747389
4
0
19068
2
0
1399748413
4
0
19069
2
0
1399730237
4
0
19070
2
0
1399731261
4
0
19071
2
0
1399732285
4
0
19072
2
0
1399800125
4
0
19073
2
0
1399801149
4
0
19074
2
0
1399802173
4
0
19075
2
0
1399803197
4
0
19076
2
0
1399804221
4
0
19077
2
0
1399805245
4
0
19078
2
0
1399806269
4
0
19079
2
0
1399808829
4
0
19080
2
0
1399809853
4
0
19081
2
0
1399810877
4
0
19082
2
0
1399811901
4
0
19083
2
0
1399812925
4
0
19084
2
0
1399813949
4
0
19085
2
0
1399795773
4
0
19086
2
0
1399796797
4
0
19087
2
0
1399797821
4
0
19088
2
0
1399865661
4
0
19089
2
0
1399866685
4
0
19090
2
0
1399867709
4
0
19091
2
0
1399868733
4
0
19092
2
0
1399869757
4
0
19093
2
0
1399870781
4
0
19094
2
0
1399871805
4
0
19095
2
0
1399874365
4
0
19096
2
0
1399875389
4
0
19097
2
0
1399876413
4
0
19098
2
0
1399877437
4
0
19099
2
0
1399878461
4
0
19100
2
0
1399879485
4
0
19101
2
0
1399861309
4
0
19102
2
0
1399862333
4
0
19103
2
0
1399863357
4
0
19104
2
0
1399931197
4
0
19105
2
0
1399932221
4
0
19106
2
0
1399933245
4
0
19107
2
0
1399934269
4
0
19108
2
0
1399935293
4
0
19109
2
0
1399936317
4
0
19110
2
0
1399937341
4
0
19111
2
0
1399939901
4
0
19112
2
0
1399940925
4
0
19113
2
0
1399941949
4
0
19114
2
0
1399942973
4
0
19115
2
0
1399943997
4
0
19116
2
0
1399945021
4
0
19117
2
0
1399926845
4
0
19118
2
0
1399927869
4
0
19119
2
0
1399928893
4
0
19120
2
0
1399996733
4
0
19121
2
0
1399997757
4
0
19122
2
0
1399998781
4
0
19123
2
0
1399999805
4
0
19124
2
0
1400000829
4
0
19125
2
0
1400001853
4
0
19126
2
0
1400002877
4
0
19127
2
0
1400005437
4
0
19128
2
0
1400006461
4
0
19129
2
0
1400007485
4
0
19130
2
0
1400008509
4
0
19131
2
0
1400009533
4
0
19132
2
0
1400010557
4
0
19133
2
0
1399992381
4
0
19134
2
0
1399993405
4
0
19135
2
0
1399994429
4
0
19136
2
0
1400062269
4
0
19137
2
0
1400063293
4
0
19138
2
0
1400064317
4
0
19139
2
0
1400065341
4
0
19140
2
0
1400066365
4
0
19141
2
0
1400067389
4
0
19142
2
0
1400068413
4
0
19143
2
0
1400070973
4
0
19144
2
0
1400071997
4
0
19145
2
0
1400073021
4
0
19146
2
0
1400074045
4
0
19147
2
0
1400075069
4
0
19148
2
0
1400076093
4
0
19149
2
0
1400057917
4
0
19150
2
0
1400058941
4
0
19151
2
0
1400059965
4
0
19152
2
0
1400127805
4
0
19153
2
0
1400128829
4
0
19154
2
0
1400129853
4
0
19155
2
0
1400130877
4
0
19156
2
0
1400131901
4
0
19157
2
0
1400132925
4
0
19158
2
0
1400133949
4
0
19159
2
0
1400136509
4
0
19160
2
0
1400137533
4
0
19161
2
0
1400138557
4
0
19162
2
0
1400139581
4
0
19163
2
0
1400140605
4
0
19164
2
0
1400141629
4
0
19165
2
0
1400123453
4
0
19166
2
0
1400124477
4
0
19167
2
0
1400125501
4
0
19168
2
0
1400193341
4
0
19169
2
0
1400194365
4
0
19170
2
0
1400195389
4
0
19171
2
0
1400196413
4
0
19172
2
0
1400197437
4
0
19173
2
0
1400198461
4
0
19174
2
0
1400199485
4
0
19175
2
0
1400202045
4
0
19176
2
0
1400203069
4
0
19177
2
0
1400204093
4
0
19178
2
0
1400205117
4
0
19179
2
0
1400206141
4
0
19180
2
0
1400207165
4
0
19181
2
0
1400188989
4
0
19182
2
0
1400190013
4
0
19183
2
0
1400191037
4
0
19184
2
0
1400258877
4
0
19185
2
0
1400259901
4
0
19186
2
0
1400260925
4
0
19187
2
0
1400261949
4
0
19188
2
0
1400262973
4
0
19189
2
0
1400263997
4
0
19190
2
0
1400265021
4
0
19191
2
0
1400267581
4
0
19192
2
0
1400268605
4
0
19193
2
0
1400269629
4
0
19194
2
0
1400270653
4
0
19195
2
0
1400271677
4
0
19196
2
0
1400272701
4
0
19197
2
0
1400254525
4
0
19198
2
0
1400255549
4
0
19199
2
0
1400256573
4
0
19200
2
0
1400324413
4
0
19201
2
0
1400325437
4
0
19202
2
0
1400326461
4
0
19203
2
0
1400327485
4
0
19204
2
0
1400328509
4
0
19205
2
0
1400329533
4
0
19206
2
0
1400330557
4
0
19207
2
0
1400333117
4
0
19208
2
0
1400334141
4
0
19209
2
0
1400335165
4
0
19210
2
0
1400336189
4
0
19211
2
0
1400337213
4
0
19212
2
0
1400338237
4
0
19213
2
0
1400320061
4
0
19214
2
0
1400321085
4
0
19215
2
0
1400322109
4
0
19216
2
0
1400389949
4
0
19217
2
0
1400390973
4
0
19218
2
0
1400391997
4
0
19219
2
0
1400393021
4
0
19220
2
0
1400394045
4
0
19221
2
0
1400395069
4
0
19222
2
0
1400396093
4
0
19223
2
0
1400398653
4
0
19224
2
0
1400399677
4
0
19225
2
0
1400400701
4
0
19226
2
0
1400401725
4
0
19227
2
0
1400402749
4
0
19228
2
0
1400403773
4
0
19229
2
0
1400385597
4
0
19230
2
0
1400386621
4
0
19231
2
0
1400387645
4
0
19232
2
0
1400455485
4
0
19233
2
0
1400456509
4
0
19234
2
0
1400457533
4
0
19235
2
0
1400458557
4
0
19236
2
0
1400459581
4
0
19237
2
0
1400460605
4
0
19238
2
0
1400461629
4
0
19239
2
0
1400464189
4
0
19240
2
0
1400465213
4
0
19241
2
0
1400466237
4
0
19242
2
0
1400467261
4
0
19243
2
0
1400468285
4
0
19244
2
0
1400469309
4
0
19245
2
0
1400451133
4
0
19246
2
0
1400452157
4
0
19247
2
0
1400453181
4
0
19248
2
0
1400521021
4
0
19249
2
0
1400522045
4
0
19250
2
0
1400523069
4
0
19251
2
0
1400524093
4
0
19252
2
0
1400525117
4
0
19253
2
0
1400526141
4
0
19254
2
0
1400527165
4
0
19255
2
0
1400529725
4
0
19256
2
0
1400530749
4
0
19257
2
0
1400531773
4
0
19258
2
0
1400532797
4
0
19259
2
0
1400533821
4
0
19260
2
0
1400534845
4
0
19261
2
0
1400516669
4
0
19262
2
0
1400517693
4
0
19263
2
0
1400518717
4
0
19264
2
0
1395671357
4
0
19265
2
0
1395672381
4
0
19266
2
0
1395673405
4
0
19267
2
0
1395674429
4
0
19268
2
0
1395675453
4
0
19269
2
0
1395676477
4
0
19270
2
0
1395677501
4
0
19271
2
0
1395680061
4
0
19272
2
0
1395681085
4
0
19273
2
0
1395682109
4
0
19274
2
0
1395683133
4
0
19275
2
0
1395684157
4
0
19276
2
0
1395685181
4
0
19277
2
0
1395667005
4
0
19278
2
0
1395668029
4
0
19279
2
0
1395669053
4
0
19280
2
0
1395736893
4
0
19281
2
0
1395737917
4
0
19282
2
0
1395738941
4
0
19283
2
0
1395739965
4
0
19284
2
0
1395740989
4
0
19285
2
0
1395742013
4
0
19286
2
0
1395743037
4
0
19287
2
0
1395745597
4
0
19288
2
0
1395746621
4
0
19289
2
0
1395747645
4
0
19290
2
0
1395748669
4
0
19291
2
0
1395749693
4
0
19292
2
0
1395750717
4
0
19293
2
0
1395732541
4
0
19294
2
0
1395733565
4
0
19295
2
0
1395734589
4
0
19296
2
0
1395802429
4
0
19297
2
0
1395803453
4
0
19298
2
0
1395804477
4
0
19299
2
0
1395805501
4
0
19300
2
0
1395806525
4
0
19301
2
0
1395807549
4
0
19302
2
0
1395808573
4
0
19303
2
0
1395811133
4
0
19304
2
0
1395812157
4
0
19305
2
0
1395813181
4
0
19306
2
0
1395814205
4
0
19307
2
0
1395815229
4
0
19308
2
0
1395816253
4
0
19309
2
0
1395798077
4
0
19310
2
0
1395799101
4
0
19311
2
0
1395800125
4
0
19312
2
0
1395867965
4
0
19313
2
0
1395868989
4
0
19314
2
0
1395870013
4
0
19315
2
0
1395871037
4
0
19316
2
0
1395872061
4
0
19317
2
0
1395873085
4
0
19318
2
0
1395874109
4
0
19319
2
0
1395876669
4
0
19320
2
0
1395877693
4
0
19321
2
0
1395878717
4
0
19322
2
0
1395879741
4
0
19323
2
0
1395880765
4
0
19324
2
0
1395881789
4
0
19325
2
0
1395863613
4
0
19326
2
0
1395864637
4
0
19327
2
0
1395865661
4
0
19328
2
0
1395933501
4
0
19329
2
0
1395934525
4
0
19330
2
0
1395935549
4
0
19331
2
0
1395936573
4
0
19332
2
0
1395937597
4
0
19333
2
0
1395938621
4
0
19334
2
0
1395939645
4
0
19335
2
0
1395942205
4
0
19336
2
0
1395943229
4
0
19337
2
0
1395944253
4
0
19338
2
0
1395945277
4
0
19339
2
0
1395946301
4
0
19340
2
0
1395947325
4
0
19341
2
0
1395929149
4
0
19342
2
0
1395930173
4
0
19343
2
0
1395931197
4
0
19344
2
0
1395999037
4
0
19345
2
0
1396000061
4
0
19346
2
0
1396001085
4
0
19347
2
0
1396002109
4
0
19348
2
0
1396003133
4
0
19349
2
0
1396004157
4
0
19350
2
0
1396005181
4
0
19351
2
0
1396007741
4
0
19352
2
0
1396008765
4
0
19353
2
0
1396009789
4
0
19354
2
0
1396010813
4
0
19355
2
0
1396011837
4
0
19356
2
0
1396012861
4
0
19357
2
0
1395994685
4
0
19358
2
0
1395995709
4
0
19359
2
0
1395996733
4
0
19360
2
0
1396064573
4
0
19361
2
0
1396065597
4
0
19362
2
0
1396066621
4
0
19363
2
0
1396067645
4
0
19364
2
0
1396068669
4
0
19365
2
0
1396069693
4
0
19366
2
0
1396070717
4
0
19367
2
0
1396073277
4
0
19368
2
0
1396074301
4
0
19369
2
0
1396075325
4
0
19370
2
0
1396076349
4
0
19371
2
0
1396077373
4
0
19372
2
0
1396078397
4
0
19373
2
0
1396060221
4
0
19374
2
0
1396061245
4
0
19375
2
0
1396062269
4
0
19376
2
0
1396130109
4
0
19377
2
0
1396131133
4
0
19378
2
0
1396132157
4
0
19379
2
0
1396133181
4
0
19380
2
0
1396134205
4
0
19381
2
0
1396135229
4
0
19382
2
0
1396136253
4
0
19383
2
0
1396138813
4
0
19384
2
0
1396139837
4
0
19385
2
0
1396140861
4
0
19386
2
0
1396141885
4
0
19387
2
0
1396142909
4
0
19388
2
0
1396143933
4
0
19389
2
0
1396125757
4
0
19390
2
0
1396126781
4
0
19391
2
0
1396127805
4
0
19392
2
0
1396195645
4
0
19393
2
0
1396196669
4
0
19394
2
0
1396197693
4
0
19395
2
0
1396198717
4
0
19396
2
0
1396199741
4
0
19397
2
0
1396200765
4
0
19398
2
0
1396201789
4
0
19399
2
0
1396204349
4
0
19400
2
0
1396205373
4
0
19401
2
0
1396206397
4
0
19402
2
0
1396207421
4
0
19403
2
0
1396208445
4
0
19404
2
0
1396209469
4
0
19405
2
0
1396191293
4
0
19406
2
0
1396192317
4
0
19407
2
0
1396193341
4
0
19408
2
0
1396261181
4
0
19409
2
0
1396262205
4
0
19410
2
0
1396263229
4
0
19411
2
0
1396264253
4
0
19412
2
0
1396265277
4
0
19413
2
0
1396266301
4
0
19414
2
0
1396267325
4
0
19415
2
0
1396269885
4
0
19416
2
0
1396270909
4
0
19417
2
0
1396271933
4
0
19418
2
0
1396272957
4
0
19419
2
0
1396273981
4
0
19420
2
0
1396275005
4
0
19421
2
0
1396256829
4
0
19422
2
0
1396257853
4
0
19423
2
0
1396258877
4
0
19424
2
0
1395343677
4
0
19425
2
0
1395344701
4
0
19426
2
0
1395345725
4
0
19427
2
0
1395346749
4
0
19428
2
0
1395347773
4
0
19429
2
0
1395348797
4
0
19430
2
0
1395349821
4
0
19431
2
0
1395352381
4
0
19432
2
0
1395353405
4
0
19433
2
0
1395354429
4
0
19434
2
0
1395355453
4
0
19435
2
0
1395356477
4
0
19436
2
0
1395357501
4
0
19437
2
0
1395339325
4
0
19438
2
0
1395340349
4
0
19439
2
0
1395341373
4
0
19440
2
0
1395605821
4
0
19441
2
0
1395606845
4
0
19442
2
0
1395607869
4
0
19443
2
0
1395608893
4
0
19444
2
0
1395609917
4
0
19445
2
0
1395610941
4
0
19446
2
0
1395611965
4
0
19447
2
0
1395614525
4
0
19448
2
0
1395615549
4
0
19449
2
0
1395616573
4
0
19450
2
0
1395617597
4
0
19451
2
0
1395618621
4
0
19452
2
0
1395619645
4
0
19453
2
0
1395601469
4
0
19454
2
0
1395602493
4
0
19455
2
0
1395603517
4
