1024
0
64512
2
0
792805693
4
0
64513
2
0
792806717
4
0
64514
2
0
792807741
4
0
64515
2
0
792808765
4
0
64516
2
0
792809789
4
0
64517
2
0
792810813
4
0
64518
2
0
792811837
4
0
64519
2
0
792814397
4
0
64520
2
0
792815421
4
0
64521
2
0
792816445
4
0
64522
2
0
792817469
4
0
64523
2
0
792818493
4
0
64524
2
0
792819517
4
0
64525
2
0
792801341
4
0
64526
2
0
792802365
4
0
64527
2
0
792803389
4
0
64528
2
0
792871229
4
0
64529
2
0
792872253
4
0
64530
2
0
792873277
4
0
64531
2
0
792874301
4
0
64532
2
0
792875325
4
0
64533
2
0
792876349
4
0
64534
2
0
792877373
4
0
64535
2
0
792879933
4
0
64536
2
0
792880957
4
0
64537
2
0
792881981
4
0
64538
2
0
792883005
4
0
64539
2
0
792884029
4
0
64540
2
0
792885053
4
0
64541
2
0
792866877
4
0
64542
2
0
792867901
4
0
64543
2
0
792868925
4
0
64544
2
0
792936765
4
0
64545
2
0
792937789
4
0
64546
2
0
792938813
4
0
64547
2
0
792939837
4
0
64548
2
0
792940861
4
0
64549
2
0
792941885
4
0
64550
2
0
792942909
4
0
64551
2
0
792945469
4
0
64552
2
0
792946493
4
0
64553
2
0
792947517
4
0
64554
2
0
792948541
4
0
64555
2
0
792949565
4
0
64556
2
0
792950589
4
0
64557
2
0
792932413
4
0
64558
2
0
792933437
4
0
64559
2
0
792934461
4
0
64560
2
0
793002301
4
0
64561
2
0
793003325
4
0
64562
2
0
793004349
4
0
64563
2
0
793005373
4
0
64564
2
0
793006397
4
0
64565
2
0
793007421
4
0
64566
2
0
793008445
4
0
64567
2
0
793011005
4
0
64568
2
0
793012029
4
0
64569
2
0
793013053
4
0
64570
2
0
793014077
4
0
64571
2
0
793015101
4
0
64572
2
0
793016125
4
0
64573
2
0
792997949
4
0
64574
2
0
792998973
4
0
64575
2
0
792999997
4
0
64576
2
0
793067837
4
0
64577
2
0
793068861
4
0
64578
2
0
793069885
4
0
64579
2
0
793070909
4
0
64580
2
0
793071933
4
0
64581
2
0
793072957
4
0
64582
2
0
793073981
4
0
64583
2
0
793076541
4
0
64584
2
0
793077565
4
0
64585
2
0
793078589
4
0
64586
2
0
793079613
4
0
64587
2
0
793080637
4
0
64588
2
0
793081661
4
0
64589
2
0
793063485
4
0
64590
2
0
793064509
4
0
64591
2
0
793065533
4
0
64592
2
0
793133373
4
0
64593
2
0
793134397
4
0
64594
2
0
793135421
4
0
64595
2
0
793136445
4
0
64596
2
0
793137469
4
0
64597
2
0
793138493
4
0
64598
2
0
793139517
4
0
64599
2
0
793142077
4
0
64600
2
0
793143101
4
0
64601
2
0
793144125
4
0
64602
2
0
793145149
4
0
64603
2
0
793146173
4
0
64604
2
0
793147197
4
0
64605
2
0
793129021
4
0
64606
2
0
793130045
4
0
64607
2
0
793131069
4
0
64608
2
0
793198909
4
0
64609
2
0
793199933
4
0
64610
2
0
793200957
4
0
64611
2
0
793201981
4
0
64612
2
0
793203005
4
0
64613
2
0
793204029
4
0
64614
2
0
793205053
4
0
64615
2
0
793207613
4
0
64616
2
0
793208637
4
0
64617
2
0
793209661
4
0
64618
2
0
793210685
4
0
64619
2
0
793211709
4
0
64620
2
0
793212733
4
0
64621
2
0
793194557
4
0
64622
2
0
793195581
4
0
64623
2
0
793196605
4
0
64624
2
0
793264445
4
0
64625
2
0
793265469
4
0
64626
2
0
793266493
4
0
64627
2
0
793267517
4
0
64628
2
0
793268541
4
0
64629
2
0
793269565
4
0
64630
2
0
793270589
4
0
64631
2
0
793273149
4
0
64632
2
0
793274173
4
0
64633
2
0
793275197
4
0
64634
2
0
793276221
4
0
64635
2
0
793277245
4
0
64636
2
0
793278269
4
0
64637
2
0
793260093
4
0
64638
2
0
793261117
4
0
64639
2
0
793262141
4
0
64640
2
0
793329981
4
0
64641
2
0
793331005
4
0
64642
2
0
793332029
4
0
64643
2
0
793333053
4
0
64644
2
0
793334077
4
0
64645
2
0
793335101
4
0
64646
2
0
793336125
4
0
64647
2
0
793338685
4
0
64648
2
0
793339709
4
0
64649
2
0
793340733
4
0
64650
2
0
793341757
4
0
64651
2
0
793342781
4
0
64652
2
0
793343805
4
0
64653
2
0
793325629
4
0
64654
2
0
793326653
4
0
64655
2
0
793327677
4
0
64656
2
0
793395517
4
0
64657
2
0
793396541
4
0
64658
2
0
793397565
4
0
64659
2
0
793398589
4
0
64660
2
0
793399613
4
0
64661
2
0
793400637
4
0
64662
2
0
793401661
4
0
64663
2
0
793404221
4
0
64664
2
0
793405245
4
0
64665
2
0
793406269
4
0
64666
2
0
793407293
4
0
64667
2
0
793408317
4
0
64668
2
0
793409341
4
0
64669
2
0
793391165
4
0
64670
2
0
793392189
4
0
64671
2
0
793393213
4
0
64672
2
0
793461053
4
0
64673
2
0
793462077
4
0
64674
2
0
793463101
4
0
64675
2
0
793464125
4
0
64676
2
0
793465149
4
0
64677
2
0
793466173
4
0
64678
2
0
793467197
4
0
64679
2
0
793469757
4
0
64680
2
0
793470781
4
0
64681
2
0
793471805
4
0
64682
2
0
793472829
4
0
64683
2
0
793473853
4
0
64684
2
0
793474877
4
0
64685
2
0
793456701
4
0
64686
2
0
793457725
4
0
64687
2
0
793458749
4
0
64688
2
0
793526589
4
0
64689
2
0
793527613
4
0
64690
2
0
793528637
4
0
64691
2
0
793529661
4
0
64692
2
0
793530685
4
0
64693
2
0
793531709
4
0
64694
2
0
793532733
4
0
64695
2
0
793535293
4
0
64696
2
0
793536317
4
0
64697
2
0
793537341
4
0
64698
2
0
793538365
4
0
64699
2
0
793539389
4
0
64700
2
0
793540413
4
0
64701
2
0
793522237
4
0
64702
2
0
793523261
4
0
64703
2
0
793524285
4
0
64704
2
0
793592125
4
0
64705
2
0
793593149
4
0
64706
2
0
793594173
4
0
64707
2
0
793595197
4
0
64708
2
0
793596221
4
0
64709
2
0
793597245
4
0
64710
2
0
793598269
4
0
64711
2
0
793600829
4
0
64712
2
0
793601853
4
0
64713
2
0
793602877
4
0
64714
2
0
793603901
4
0
64715
2
0
793604925
4
0
64716
2
0
793605949
4
0
64717
2
0
793587773
4
0
64718
2
0
793588797
4
0
64719
2
0
793589821
4
0
64720
2
0
793657661
4
0
64721
2
0
793658685
4
0
64722
2
0
793659709
4
0
64723
2
0
793660733
4
0
64724
2
0
793661757
4
0
64725
2
0
793662781
4
0
64726
2
0
793663805
4
0
64727
2
0
793666365
4
0
64728
2
0
793667389
4
0
64729
2
0
793668413
4
0
64730
2
0
793669437
4
0
64731
2
0
793670461
4
0
64732
2
0
793671485
4
0
64733
2
0
793653309
4
0
64734
2
0
793654333
4
0
64735
2
0
793655357
4
0
64736
2
0
793723197
4
0
64737
2
0
793724221
4
0
64738
2
0
793725245
4
0
64739
2
0
793726269
4
0
64740
2
0
793727293
4
0
64741
2
0
793728317
4
0
64742
2
0
793729341
4
0
64743
2
0
793731901
4
0
64744
2
0
793732925
4
0
64745
2
0
793733949
4
0
64746
2
0
793734973
4
0
64747
2
0
793735997
4
0
64748
2
0
793737021
4
0
64749
2
0
793718845
4
0
64750
2
0
793719869
4
0
64751
2
0
793720893
4
0
64752
2
0
793788733
4
0
64753
2
0
793789757
4
0
64754
2
0
793790781
4
0
64755
2
0
793791805
4
0
64756
2
0
793792829
4
0
64757
2
0
793793853
4
0
64758
2
0
793794877
4
0
64759
2
0
793797437
4
0
64760
2
0
793798461
4
0
64761
2
0
793799485
4
0
64762
2
0
793800509
4
0
64763
2
0
793801533
4
0
64764
2
0
793802557
4
0
64765
2
0
793784381
4
0
64766
2
0
793785405
4
0
64767
2
0
793786429
4
0
64768
2
0
793854269
4
0
64769
2
0
793855293
4
0
64770
2
0
793856317
4
0
64771
2
0
793857341
4
0
64772
2
0
793858365
4
0
64773
2
0
793859389
4
0
64774
2
0
793860413
4
0
64775
2
0
793862973
4
0
64776
2
0
793863997
4
0
64777
2
0
793865021
4
0
64778
2
0
793866045
4
0
64779
2
0
793867069
4
0
64780
2
0
793868093
4
0
64781
2
0
793849917
4
0
64782
2
0
793850941
4
0
64783
2
0
793851965
4
0
64784
2
0
793919805
4
0
64785
2
0
793920829
4
0
64786
2
0
793921853
4
0
64787
2
0
793922877
4
0
64788
2
0
793923901
4
0
64789
2
0
793924925
4
0
64790
2
0
793925949
4
0
64791
2
0
793928509
4
0
64792
2
0
793929533
4
0
64793
2
0
793930557
4
0
64794
2
0
793931581
4
0
64795
2
0
793932605
4
0
64796
2
0
793933629
4
0
64797
2
0
793915453
4
0
64798
2
0
793916477
4
0
64799
2
0
793917501
4
0
64800
2
0
793985341
4
0
64801
2
0
793986365
4
0
64802
2
0
793987389
4
0
64803
2
0
793988413
4
0
64804
2
0
793989437
4
0
64805
2
0
793990461
4
0
64806
2
0
793991485
4
0
64807
2
0
793994045
4
0
64808
2
0
793995069
4
0
64809
2
0
793996093
4
0
64810
2
0
793997117
4
0
64811
2
0
793998141
4
0
64812
2
0
793999165
4
0
64813
2
0
793980989
4
0
64814
2
0
793982013
4
0
64815
2
0
793983037
4
0
64816
2
0
794050877
4
0
64817
2
0
794051901
4
0
64818
2
0
794052925
4
0
64819
2
0
794053949
4
0
64820
2
0
794054973
4
0
64821
2
0
794055997
4
0
64822
2
0
794057021
4
0
64823
2
0
794059581
4
0
64824
2
0
794060605
4
0
64825
2
0
794061629
4
0
64826
2
0
794062653
4
0
64827
2
0
794063677
4
0
64828
2
0
794064701
4
0
64829
2
0
794046525
4
0
64830
2
0
794047549
4
0
64831
2
0
794048573
4
0
64832
2
0
794116413
4
0
64833
2
0
794117437
4
0
64834
2
0
794118461
4
0
64835
2
0
794119485
4
0
64836
2
0
794120509
4
0
64837
2
0
794121533
4
0
64838
2
0
794122557
4
0
64839
2
0
794125117
4
0
64840
2
0
794126141
4
0
64841
2
0
794127165
4
0
64842
2
0
794128189
4
0
64843
2
0
794129213
4
0
64844
2
0
794130237
4
0
64845
2
0
794112061
4
0
64846
2
0
794113085
4
0
64847
2
0
794114109
4
0
64848
2
0
794181949
4
0
64849
2
0
794182973
4
0
64850
2
0
794183997
4
0
64851
2
0
794185021
4
0
64852
2
0
794186045
4
0
64853
2
0
794187069
4
0
64854
2
0
794188093
4
0
64855
2
0
794190653
4
0
64856
2
0
794191677
4
0
64857
2
0
794192701
4
0
64858
2
0
794193725
4
0
64859
2
0
794194749
4
0
64860
2
0
794195773
4
0
64861
2
0
794177597
4
0
64862
2
0
794178621
4
0
64863
2
0
794179645
4
0
64864
2
0
794247485
4
0
64865
2
0
794248509
4
0
64866
2
0
794249533
4
0
64867
2
0
794250557
4
0
64868
2
0
794251581
4
0
64869
2
0
794252605
4
0
64870
2
0
794253629
4
0
64871
2
0
794256189
4
0
64872
2
0
794257213
4
0
64873
2
0
794258237
4
0
64874
2
0
794259261
4
0
64875
2
0
794260285
4
0
64876
2
0
794261309
4
0
64877
2
0
794243133
4
0
64878
2
0
794244157
4
0
64879
2
0
794245181
4
0
64880
2
0
794313021
4
0
64881
2
0
794314045
4
0
64882
2
0
794315069
4
0
64883
2
0
794316093
4
0
64884
2
0
794317117
4
0
64885
2
0
794318141
4
0
64886
2
0
794319165
4
0
64887
2
0
794321725
4
0
64888
2
0
794322749
4
0
64889
2
0
794323773
4
0
64890
2
0
794324797
4
0
64891
2
0
794325821
4
0
64892
2
0
794326845
4
0
64893
2
0
794308669
4
0
64894
2
0
794309693
4
0
64895
2
0
794310717
4
0
64896
2
0
794378557
4
0
64897
2
0
794379581
4
0
64898
2
0
794380605
4
0
64899
2
0
794381629
4
0
64900
2
0
794382653
4
0
64901
2
0
794383677
4
0
64902
2
0
794384701
4
0
64903
2
0
794387261
4
0
64904
2
0
794388285
4
0
64905
2
0
794389309
4
0
64906
2
0
794390333
4
0
64907
2
0
794391357
4
0
64908
2
0
794392381
4
0
64909
2
0
794374205
4
0
64910
2
0
794375229
4
0
64911
2
0
794376253
4
0
64912
2
0
794444093
4
0
64913
2
0
794445117
4
0
64914
2
0
794446141
4
0
64915
2
0
794447165
4
0
64916
2
0
794448189
4
0
64917
2
0
794449213
4
0
64918
2
0
794450237
4
0
64919
2
0
794452797
4
0
64920
2
0
794453821
4
0
64921
2
0
794454845
4
0
64922
2
0
794455869
4
0
64923
2
0
794456893
4
0
64924
2
0
794457917
4
0
64925
2
0
794439741
4
0
64926
2
0
794440765
4
0
64927
2
0
794441789
4
0
64928
2
0
794902845
4
0
64929
2
0
794903869
4
0
64930
2
0
794904893
4
0
64931
2
0
794905917
4
0
64932
2
0
794906941
4
0
64933
2
0
794907965
4
0
64934
2
0
794908989
4
0
64935
2
0
794911549
4
0
64936
2
0
794912573
4
0
64937
2
0
794913597
4
0
64938
2
0
794914621
4
0
64939
2
0
794915645
4
0
64940
2
0
794916669
4
0
64941
2
0
794898493
4
0
64942
2
0
794899517
4
0
64943
2
0
794900541
4
0
64944
2
0
794968381
4
0
64945
2
0
794969405
4
0
64946
2
0
794970429
4
0
64947
2
0
794971453
4
0
64948
2
0
794972477
4
0
64949
2
0
794973501
4
0
64950
2
0
794974525
4
0
64951
2
0
794977085
4
0
64952
2
0
794978109
4
0
64953
2
0
794979133
4
0
64954
2
0
794980157
4
0
64955
2
0
794981181
4
0
64956
2
0
794982205
4
0
64957
2
0
794964029
4
0
64958
2
0
794965053
4
0
64959
2
0
794966077
4
0
64960
2
0
795033917
4
0
64961
2
0
795034941
4
0
64962
2
0
795035965
4
0
64963
2
0
795036989
4
0
64964
2
0
795038013
4
0
64965
2
0
795039037
4
0
64966
2
0
795040061
4
0
64967
2
0
795042621
4
0
64968
2
0
795043645
4
0
64969
2
0
795044669
4
0
64970
2
0
795045693
4
0
64971
2
0
795046717
4
0
64972
2
0
795047741
4
0
64973
2
0
795029565
4
0
64974
2
0
795030589
4
0
64975
2
0
795031613
4
0
64976
2
0
795099453
4
0
64977
2
0
795100477
4
0
64978
2
0
795101501
4
0
64979
2
0
795102525
4
0
64980
2
0
795103549
4
0
64981
2
0
795104573
4
0
64982
2
0
795105597
4
0
64983
2
0
795108157
4
0
64984
2
0
795109181
4
0
64985
2
0
795110205
4
0
64986
2
0
795111229
4
0
64987
2
0
795112253
4
0
64988
2
0
795113277
4
0
64989
2
0
795095101
4
0
64990
2
0
795096125
4
0
64991
2
0
795097149
4
0
64992
2
0
795164989
4
0
64993
2
0
795166013
4
0
64994
2
0
795167037
4
0
64995
2
0
795168061
4
0
64996
2
0
795169085
4
0
64997
2
0
795170109
4
0
64998
2
0
795171133
4
0
64999
2
0
795173693
4
0
65000
2
0
795174717
4
0
65001
2
0
795175741
4
0
65002
2
0
795176765
4
0
65003
2
0
795177789
4
0
65004
2
0
795178813
4
0
65005
2
0
795160637
4
0
65006
2
0
795161661
4
0
65007
2
0
795162685
4
0
65008
2
0
795230525
4
0
65009
2
0
795231549
4
0
65010
2
0
795232573
4
0
65011
2
0
795233597
4
0
65012
2
0
795234621
4
0
65013
2
0
795235645
4
0
65014
2
0
795236669
4
0
65015
2
0
795239229
4
0
65016
2
0
795240253
4
0
65017
2
0
795241277
4
0
65018
2
0
795242301
4
0
65019
2
0
795243325
4
0
65020
2
0
795244349
4
0
65021
2
0
795226173
4
0
65022
2
0
795227197
4
0
65023
2
0
795228221
4
0
65024
2
0
795296061
4
0
65025
2
0
795297085
4
0
65026
2
0
795298109
4
0
65027
2
0
795299133
4
0
65028
2
0
795300157
4
0
65029
2
0
795301181
4
0
65030
2
0
795302205
4
0
65031
2
0
795304765
4
0
65032
2
0
795305789
4
0
65033
2
0
795306813
4
0
65034
2
0
795307837
4
0
65035
2
0
795308861
4
0
65036
2
0
795309885
4
0
65037
2
0
795291709
4
0
65038
2
0
795292733
4
0
65039
2
0
795293757
4
0
65040
2
0
795361597
4
0
65041
2
0
795362621
4
0
65042
2
0
795363645
4
0
65043
2
0
795364669
4
0
65044
2
0
795365693
4
0
65045
2
0
795366717
4
0
65046
2
0
795367741
4
0
65047
2
0
795370301
4
0
65048
2
0
795371325
4
0
65049
2
0
795372349
4
0
65050
2
0
795373373
4
0
65051
2
0
795374397
4
0
65052
2
0
795375421
4
0
65053
2
0
795357245
4
0
65054
2
0
795358269
4
0
65055
2
0
795359293
4
0
65056
2
0
795427133
4
0
65057
2
0
795428157
4
0
65058
2
0
795429181
4
0
65059
2
0
795430205
4
0
65060
2
0
795431229
4
0
65061
2
0
795432253
4
0
65062
2
0
795433277
4
0
65063
2
0
795435837
4
0
65064
2
0
795436861
4
0
65065
2
0
795437885
4
0
65066
2
0
795438909
4
0
65067
2
0
795439933
4
0
65068
2
0
795440957
4
0
65069
2
0
795422781
4
0
65070
2
0
795423805
4
0
65071
2
0
795424829
4
0
65072
2
0
795492669
4
0
65073
2
0
795493693
4
0
65074
2
0
795494717
4
0
65075
2
0
795495741
4
0
65076
2
0
795496765
4
0
65077
2
0
795497789
4
0
65078
2
0
795498813
4
0
65079
2
0
795501373
4
0
65080
2
0
795502397
4
0
65081
2
0
795503421
4
0
65082
2
0
795504445
4
0
65083
2
0
795505469
4
0
65084
2
0
795506493
4
0
65085
2
0
795488317
4
0
65086
2
0
795489341
4
0
65087
2
0
795490365
4
0
65088
2
0
795558205
4
0
65089
2
0
795559229
4
0
65090
2
0
795560253
4
0
65091
2
0
795561277
4
0
65092
2
0
795562301
4
0
65093
2
0
795563325
4
0
65094
2
0
795564349
4
0
65095
2
0
795566909
4
0
65096
2
0
795567933
4
0
65097
2
0
795568957
4
0
65098
2
0
795569981
4
0
65099
2
0
795571005
4
0
65100
2
0
795572029
4
0
65101
2
0
795553853
4
0
65102
2
0
795554877
4
0
65103
2
0
795555901
4
0
65104
2
0
795623741
4
0
65105
2
0
795624765
4
0
65106
2
0
795625789
4
0
65107
2
0
795626813
4
0
65108
2
0
795627837
4
0
65109
2
0
795628861
4
0
65110
2
0
795629885
4
0
65111
2
0
795632445
4
0
65112
2
0
795633469
4
0
65113
2
0
795634493
4
0
65114
2
0
795635517
4
0
65115
2
0
795636541
4
0
65116
2
0
795637565
4
0
65117
2
0
795619389
4
0
65118
2
0
795620413
4
0
65119
2
0
795621437
4
0
65120
2
0
795689277
4
0
65121
2
0
795690301
4
0
65122
2
0
795691325
4
0
65123
2
0
795692349
4
0
65124
2
0
795693373
4
0
65125
2
0
795694397
4
0
65126
2
0
795695421
4
0
65127
2
0
795697981
4
0
65128
2
0
795699005
4
0
65129
2
0
795700029
4
0
65130
2
0
795701053
4
0
65131
2
0
795702077
4
0
65132
2
0
795703101
4
0
65133
2
0
795684925
4
0
65134
2
0
795685949
4
0
65135
2
0
795686973
4
0
65136
2
0
795754813
4
0
65137
2
0
795755837
4
0
65138
2
0
795756861
4
0
65139
2
0
795757885
4
0
65140
2
0
795758909
4
0
65141
2
0
795759933
4
0
65142
2
0
795760957
4
0
65143
2
0
795763517
4
0
65144
2
0
795764541
4
0
65145
2
0
795765565
4
0
65146
2
0
795766589
4
0
65147
2
0
795767613
4
0
65148
2
0
795768637
4
0
65149
2
0
795750461
4
0
65150
2
0
795751485
4
0
65151
2
0
795752509
4
0
65152
2
0
795820349
4
0
65153
2
0
795821373
4
0
65154
2
0
795822397
4
0
65155
2
0
795823421
4
0
65156
2
0
795824445
4
0
65157
2
0
795825469
4
0
65158
2
0
795826493
4
0
65159
2
0
795829053
4
0
65160
2
0
795830077
4
0
65161
2
0
795831101
4
0
65162
2
0
795832125
4
0
65163
2
0
795833149
4
0
65164
2
0
795834173
4
0
65165
2
0
795815997
4
0
65166
2
0
795817021
4
0
65167
2
0
795818045
4
0
65168
2
0
795885885
4
0
65169
2
0
795886909
4
0
65170
2
0
795887933
4
0
65171
2
0
795888957
4
0
65172
2
0
795889981
4
0
65173
2
0
795891005
4
0
65174
2
0
795892029
4
0
65175
2
0
795894589
4
0
65176
2
0
795895613
4
0
65177
2
0
795896637
4
0
65178
2
0
795897661
4
0
65179
2
0
795898685
4
0
65180
2
0
795899709
4
0
65181
2
0
795881533
4
0
65182
2
0
795882557
4
0
65183
2
0
795883581
4
0
65184
2
0
795951421
4
0
65185
2
0
795952445
4
0
65186
2
0
795953469
4
0
65187
2
0
795954493
4
0
65188
2
0
795955517
4
0
65189
2
0
795956541
4
0
65190
2
0
795957565
4
0
65191
2
0
795960125
4
0
65192
2
0
795961149
4
0
65193
2
0
795962173
4
0
65194
2
0
795963197
4
0
65195
2
0
795964221
4
0
65196
2
0
795965245
4
0
65197
2
0
795947069
4
0
65198
2
0
795948093
4
0
65199
2
0
795949117
4
0
65200
2
0
796016957
4
0
65201
2
0
796017981
4
0
65202
2
0
796019005
4
0
65203
2
0
796020029
4
0
65204
2
0
796021053
4
0
65205
2
0
796022077
4
0
65206
2
0
796023101
4
0
65207
2
0
796025661
4
0
65208
2
0
796026685
4
0
65209
2
0
796027709
4
0
65210
2
0
796028733
4
0
65211
2
0
796029757
4
0
65212
2
0
796030781
4
0
65213
2
0
796012605
4
0
65214
2
0
796013629
4
0
65215
2
0
796014653
4
0
65216
2
0
796082493
4
0
65217
2
0
796083517
4
0
65218
2
0
796084541
4
0
65219
2
0
796085565
4
0
65220
2
0
796086589
4
0
65221
2
0
796087613
4
0
65222
2
0
796088637
4
0
65223
2
0
796091197
4
0
65224
2
0
796092221
4
0
65225
2
0
796093245
4
0
65226
2
0
796094269
4
0
65227
2
0
796095293
4
0
65228
2
0
796096317
4
0
65229
2
0
796078141
4
0
65230
2
0
796079165
4
0
65231
2
0
796080189
4
0
65232
2
0
796148029
4
0
65233
2
0
796149053
4
0
65234
2
0
796150077
4
0
65235
2
0
796151101
4
0
65236
2
0
796152125
4
0
65237
2
0
796153149
4
0
65238
2
0
796154173
4
0
65239
2
0
796156733
4
0
65240
2
0
796157757
4
0
65241
2
0
796158781
4
0
65242
2
0
796159805
4
0
65243
2
0
796160829
4
0
65244
2
0
796161853
4
0
65245
2
0
796143677
4
0
65246
2
0
796144701
4
0
65247
2
0
796145725
4
0
65248
2
0
796213565
4
0
65249
2
0
796214589
4
0
65250
2
0
796215613
4
0
65251
2
0
796216637
4
0
65252
2
0
796217661
4
0
65253
2
0
796218685
4
0
65254
2
0
796219709
4
0
65255
2
0
796222269
4
0
65256
2
0
796223293
4
0
65257
2
0
796224317
4
0
65258
2
0
796225341
4
0
65259
2
0
796226365
4
0
65260
2
0
796227389
4
0
65261
2
0
796209213
4
0
65262
2
0
796210237
4
0
65263
2
0
796211261
4
0
65264
2
0
796279101
4
0
65265
2
0
796280125
4
0
65266
2
0
796281149
4
0
65267
2
0
796282173
4
0
65268
2
0
796283197
4
0
65269
2
0
796284221
4
0
65270
2
0
796285245
4
0
65271
2
0
796287805
4
0
65272
2
0
796288829
4
0
65273
2
0
796289853
4
0
65274
2
0
796290877
4
0
65275
2
0
796291901
4
0
65276
2
0
796292925
4
0
65277
2
0
796274749
4
0
65278
2
0
796275773
4
0
65279
2
0
796276797
4
0
65280
2
0
796344637
4
0
65281
2
0
796345661
4
0
65282
2
0
796346685
4
0
65283
2
0
796347709
4
0
65284
2
0
796348733
4
0
65285
2
0
796349757
4
0
65286
2
0
796350781
4
0
65287
2
0
796353341
4
0
65288
2
0
796354365
4
0
65289
2
0
796355389
4
0
65290
2
0
796356413
4
0
65291
2
0
796357437
4
0
65292
2
0
796358461
4
0
65293
2
0
796340285
4
0
65294
2
0
796341309
4
0
65295
2
0
796342333
4
0
65296
2
0
796410173
4
0
65297
2
0
796411197
4
0
65298
2
0
796412221
4
0
65299
2
0
796413245
4
0
65300
2
0
796414269
4
0
65301
2
0
796415293
4
0
65302
2
0
796416317
4
0
65303
2
0
796418877
4
0
65304
2
0
796419901
4
0
65305
2
0
796420925
4
0
65306
2
0
796421949
4
0
65307
2
0
796422973
4
0
65308
2
0
796423997
4
0
65309
2
0
796405821
4
0
65310
2
0
796406845
4
0
65311
2
0
796407869
4
0
65312
2
0
796475709
4
0
65313
2
0
796476733
4
0
65314
2
0
796477757
4
0
65315
2
0
796478781
4
0
65316
2
0
796479805
4
0
65317
2
0
796480829
4
0
65318
2
0
796481853
4
0
65319
2
0
796484413
4
0
65320
2
0
796485437
4
0
65321
2
0
796486461
4
0
65322
2
0
796487485
4
0
65323
2
0
796488509
4
0
65324
2
0
796489533
4
0
65325
2
0
796471357
4
0
65326
2
0
796472381
4
0
65327
2
0
796473405
4
0
65328
2
0
796541245
4
0
65329
2
0
796542269
4
0
65330
2
0
796543293
4
0
65331
2
0
796544317
4
0
65332
2
0
796545341
4
0
65333
2
0
796546365
4
0
65334
2
0
796547389
4
0
65335
2
0
796549949
4
0
65336
2
0
796550973
4
0
65337
2
0
796551997
4
0
65338
2
0
796553021
4
0
65339
2
0
796554045
4
0
65340
2
0
796555069
4
0
65341
2
0
796536893
4
0
65342
2
0
796537917
4
0
65343
2
0
796538941
4
0
65344
2
0
791691581
4
0
65345
2
0
791692605
4
0
65346
2
0
791693629
4
0
65347
2
0
791694653
4
0
65348
2
0
791695677
4
0
65349
2
0
791696701
4
0
65350
2
0
791697725
4
0
65351
2
0
791700285
4
0
65352
2
0
791701309
4
0
65353
2
0
791702333
4
0
65354
2
0
791703357
4
0
65355
2
0
791704381
4
0
65356
2
0
791705405
4
0
65357
2
0
791687229
4
0
65358
2
0
791688253
4
0
65359
2
0
791689277
4
0
65360
2
0
791757117
4
0
65361
2
0
791758141
4
0
65362
2
0
791759165
4
0
65363
2
0
791760189
4
0
65364
2
0
791761213
4
0
65365
2
0
791762237
4
0
65366
2
0
791763261
4
0
65367
2
0
791765821
4
0
65368
2
0
791766845
4
0
65369
2
0
791767869
4
0
65370
2
0
791768893
4
0
65371
2
0
791769917
4
0
65372
2
0
791770941
4
0
65373
2
0
791752765
4
0
65374
2
0
791753789
4
0
65375
2
0
791754813
4
0
65376
2
0
791822653
4
0
65377
2
0
791823677
4
0
65378
2
0
791824701
4
0
65379
2
0
791825725
4
0
65380
2
0
791826749
4
0
65381
2
0
791827773
4
0
65382
2
0
791828797
4
0
65383
2
0
791831357
4
0
65384
2
0
791832381
4
0
65385
2
0
791833405
4
0
65386
2
0
791834429
4
0
65387
2
0
791835453
4
0
65388
2
0
791836477
4
0
65389
2
0
791818301
4
0
65390
2
0
791819325
4
0
65391
2
0
791820349
4
0
65392
2
0
791888189
4
0
65393
2
0
791889213
4
0
65394
2
0
791890237
4
0
65395
2
0
791891261
4
0
65396
2
0
791892285
4
0
65397
2
0
791893309
4
0
65398
2
0
791894333
4
0
65399
2
0
791896893
4
0
65400
2
0
791897917
4
0
65401
2
0
791898941
4
0
65402
2
0
791899965
4
0
65403
2
0
791900989
4
0
65404
2
0
791902013
4
0
65405
2
0
791883837
4
0
65406
2
0
791884861
4
0
65407
2
0
791885885
4
0
65408
2
0
791953725
4
0
65409
2
0
791954749
4
0
65410
2
0
791955773
4
0
65411
2
0
791956797
4
0
65412
2
0
791957821
4
0
65413
2
0
791958845
4
0
65414
2
0
791959869
4
0
65415
2
0
791962429
4
0
65416
2
0
791963453
4
0
65417
2
0
791964477
4
0
65418
2
0
791965501
4
0
65419
2
0
791966525
4
0
65420
2
0
791967549
4
0
65421
2
0
791949373
4
0
65422
2
0
791950397
4
0
65423
2
0
791951421
4
0
65424
2
0
792019261
4
0
65425
2
0
792020285
4
0
65426
2
0
792021309
4
0
65427
2
0
792022333
4
0
65428
2
0
792023357
4
0
65429
2
0
792024381
4
0
65430
2
0
792025405
4
0
65431
2
0
792027965
4
0
65432
2
0
792028989
4
0
65433
2
0
792030013
4
0
65434
2
0
792031037
4
0
65435
2
0
792032061
4
0
65436
2
0
792033085
4
0
65437
2
0
792014909
4
0
65438
2
0
792015933
4
0
65439
2
0
792016957
4
0
65440
2
0
792084797
4
0
65441
2
0
792085821
4
0
65442
2
0
792086845
4
0
65443
2
0
792087869
4
0
65444
2
0
792088893
4
0
65445
2
0
792089917
4
0
65446
2
0
792090941
4
0
65447
2
0
792093501
4
0
65448
2
0
792094525
4
0
65449
2
0
792095549
4
0
65450
2
0
792096573
4
0
65451
2
0
792097597
4
0
65452
2
0
792098621
4
0
65453
2
0
792080445
4
0
65454
2
0
792081469
4
0
65455
2
0
792082493
4
0
65456
2
0
792150333
4
0
65457
2
0
792151357
4
0
65458
2
0
792152381
4
0
65459
2
0
792153405
4
0
65460
2
0
792154429
4
0
65461
2
0
792155453
4
0
65462
2
0
792156477
4
0
65463
2
0
792159037
4
0
65464
2
0
792160061
4
0
65465
2
0
792161085
4
0
65466
2
0
792162109
4
0
65467
2
0
792163133
4
0
65468
2
0
792164157
4
0
65469
2
0
792145981
4
0
65470
2
0
792147005
4
0
65471
2
0
792148029
4
0
65472
2
0
792215869
4
0
65473
2
0
792216893
4
0
65474
2
0
792217917
4
0
65475
2
0
792218941
4
0
65476
2
0
792219965
4
0
65477
2
0
792220989
4
0
65478
2
0
792222013
4
0
65479
2
0
792224573
4
0
65480
2
0
792225597
4
0
65481
2
0
792226621
4
0
65482
2
0
792227645
4
0
65483
2
0
792228669
4
0
65484
2
0
792229693
4
0
65485
2
0
792211517
4
0
65486
2
0
792212541
4
0
65487
2
0
792213565
4
0
65488
2
0
792281405
4
0
65489
2
0
792282429
4
0
65490
2
0
792283453
4
0
65491
2
0
792284477
4
0
65492
2
0
792285501
4
0
65493
2
0
792286525
4
0
65494
2
0
792287549
4
0
65495
2
0
792290109
4
0
65496
2
0
792291133
4
0
65497
2
0
792292157
4
0
65498
2
0
792293181
4
0
65499
2
0
792294205
4
0
65500
2
0
792295229
4
0
65501
2
0
792277053
4
0
65502
2
0
792278077
4
0
65503
2
0
792279101
4
0
65504
2
0
791363901
4
0
65505
2
0
791364925
4
0
65506
2
0
791365949
4
0
65507
2
0
791366973
4
0
65508
2
0
791367997
4
0
65509
2
0
791369021
4
0
65510
2
0
791370045
4
0
65511
2
0
791372605
4
0
65512
2
0
791373629
4
0
65513
2
0
791374653
4
0
65514
2
0
791375677
4
0
65515
2
0
791376701
4
0
65516
2
0
791377725
4
0
65517
2
0
791359549
4
0
65518
2
0
791360573
4
0
65519
2
0
791361597
4
0
65520
2
0
791626045
4
0
65521
2
0
791627069
4
0
65522
2
0
791628093
4
0
65523
2
0
791629117
4
0
65524
2
0
791630141
4
0
65525
2
0
791631165
4
0
65526
2
0
791632189
4
0
65527
2
0
791634749
4
0
65528
2
0
791635773
4
0
65529
2
0
791636797
4
0
65530
2
0
791637821
4
0
65531
2
0
791638845
4
0
65532
2
0
791639869
4
0
65533
2
0
791621693
4
0
65534
2
0
791622717
4
0
65535
2
0
791623741
4
