1024
0
0
2
0
1094795581
4
0
1
2
0
1094796605
4
0
2
2
0
1094797629
4
0
3
2
0
1094798653
4
0
4
2
0
1094799677
4
0
5
2
0
1094800701
4
0
6
2
0
1094801725
4
0
7
2
0
1094804285
4
0
8
2
0
1094805309
4
0
9
2
0
1094806333
4
0
10
2
0
1094807357
4
0
11
2
0
1094808381
4
0
12
2
0
1094809405
4
0
13
2
0
1094791229
4
0
14
2
0
1094792253
4
0
15
2
0
1094793277
4
0
16
2
0
1094861117
4
0
17
2
0
1094862141
4
0
18
2
0
1094863165
4
0
19
2
0
1094864189
4
0
20
2
0
1094865213
4
0
21
2
0
1094866237
4
0
22
2
0
1094867261
4
0
23
2
0
1094869821
4
0
24
2
0
1094870845
4
0
25
2
0
1094871869
4
0
26
2
0
1094872893
4
0
27
2
0
1094873917
4
0
28
2
0
1094874941
4
0
29
2
0
1094856765
4
0
30
2
0
1094857789
4
0
31
2
0
1094858813
4
0
32
2
0
1094926653
4
0
33
2
0
1094927677
4
0
34
2
0
1094928701
4
0
35
2
0
1094929725
4
0
36
2
0
1094930749
4
0
37
2
0
1094931773
4
0
38
2
0
1094932797
4
0
39
2
0
1094935357
4
0
40
2
0
1094936381
4
0
41
2
0
1094937405
4
0
42
2
0
1094938429
4
0
43
2
0
1094939453
4
0
44
2
0
1094940477
4
0
45
2
0
1094922301
4
0
46
2
0
1094923325
4
0
47
2
0
1094924349
4
0
48
2
0
1094992189
4
0
49
2
0
1094993213
4
0
50
2
0
1094994237
4
0
51
2
0
1094995261
4
0
52
2
0
1094996285
4
0
53
2
0
1094997309
4
0
54
2
0
1094998333
4
0
55
2
0
1095000893
4
0
56
2
0
1095001917
4
0
57
2
0
1095002941
4
0
58
2
0
1095003965
4
0
59
2
0
1095004989
4
0
60
2
0
1095006013
4
0
61
2
0
1094987837
4
0
62
2
0
1094988861
4
0
63
2
0
1094989885
4
0
64
2
0
1095057725
4
0
65
2
0
1095058749
4
0
66
2
0
1095059773
4
0
67
2
0
1095060797
4
0
68
2
0
1095061821
4
0
69
2
0
1095062845
4
0
70
2
0
1095063869
4
0
71
2
0
1095066429
4
0
72
2
0
1095067453
4
0
73
2
0
1095068477
4
0
74
2
0
1095069501
4
0
75
2
0
1095070525
4
0
76
2
0
1095071549
4
0
77
2
0
1095053373
4
0
78
2
0
1095054397
4
0
79
2
0
1095055421
4
0
80
2
0
1095123261
4
0
81
2
0
1095124285
4
0
82
2
0
1095125309
4
0
83
2
0
1095126333
4
0
84
2
0
1095127357
4
0
85
2
0
1095128381
4
0
86
2
0
1095129405
4
0
87
2
0
1095131965
4
0
88
2
0
1095132989
4
0
89
2
0
1095134013
4
0
90
2
0
1095135037
4
0
91
2
0
1095136061
4
0
92
2
0
1095137085
4
0
93
2
0
1095118909
4
0
94
2
0
1095119933
4
0
95
2
0
1095120957
4
0
96
2
0
1095188797
4
0
97
2
0
1095189821
4
0
98
2
0
1095190845
4
0
99
2
0
1095191869
4
0
100
2
0
1095192893
4
0
101
2
0
1095193917
4
0
102
2
0
1095194941
4
0
103
2
0
1095197501
4
0
104
2
0
1095198525
4
0
105
2
0
1095199549
4
0
106
2
0
1095200573
4
0
107
2
0
1095201597
4
0
108
2
0
1095202621
4
0
109
2
0
1095184445
4
0
110
2
0
1095185469
4
0
111
2
0
1095186493
4
0
112
2
0
1095254333
4
0
113
2
0
1095255357
4
0
114
2
0
1095256381
4
0
115
2
0
1095257405
4
0
116
2
0
1095258429
4
0
117
2
0
1095259453
4
0
118
2
0
1095260477
4
0
119
2
0
1095263037
4
0
120
2
0
1095264061
4
0
121
2
0
1095265085
4
0
122
2
0
1095266109
4
0
123
2
0
1095267133
4
0
124
2
0
1095268157
4
0
125
2
0
1095249981
4
0
126
2
0
1095251005
4
0
127
2
0
1095252029
4
0
128
2
0
1095319869
4
0
129
2
0
1095320893
4
0
130
2
0
1095321917
4
0
131
2
0
1095322941
4
0
132
2
0
1095323965
4
0
133
2
0
1095324989
4
0
134
2
0
1095326013
4
0
135
2
0
1095328573
4
0
136
2
0
1095329597
4
0
137
2
0
1095330621
4
0
138
2
0
1095331645
4
0
139
2
0
1095332669
4
0
140
2
0
1095333693
4
0
141
2
0
1095315517
4
0
142
2
0
1095316541
4
0
143
2
0
1095317565
4
0
144
2
0
1095385405
4
0
145
2
0
1095386429
4
0
146
2
0
1095387453
4
0
147
2
0
1095388477
4
0
148
2
0
1095389501
4
0
149
2
0
1095390525
4
0
150
2
0
1095391549
4
0
151
2
0
1095394109
4
0
152
2
0
1095395133
4
0
153
2
0
1095396157
4
0
154
2
0
1095397181
4
0
155
2
0
1095398205
4
0
156
2
0
1095399229
4
0
157
2
0
1095381053
4
0
158
2
0
1095382077
4
0
159
2
0
1095383101
4
0
160
2
0
1095450941
4
0
161
2
0
1095451965
4
0
162
2
0
1095452989
4
0
163
2
0
1095454013
4
0
164
2
0
1095455037
4
0
165
2
0
1095456061
4
0
166
2
0
1095457085
4
0
167
2
0
1095459645
4
0
168
2
0
1095460669
4
0
169
2
0
1095461693
4
0
170
2
0
1095462717
4
0
171
2
0
1095463741
4
0
172
2
0
1095464765
4
0
173
2
0
1095446589
4
0
174
2
0
1095447613
4
0
175
2
0
1095448637
4
0
176
2
0
1095516477
4
0
177
2
0
1095517501
4
0
178
2
0
1095518525
4
0
179
2
0
1095519549
4
0
180
2
0
1095520573
4
0
181
2
0
1095521597
4
0
182
2
0
1095522621
4
0
183
2
0
1095525181
4
0
184
2
0
1095526205
4
0
185
2
0
1095527229
4
0
186
2
0
1095528253
4
0
187
2
0
1095529277
4
0
188
2
0
1095530301
4
0
189
2
0
1095512125
4
0
190
2
0
1095513149
4
0
191
2
0
1095514173
4
0
192
2
0
1095582013
4
0
193
2
0
1095583037
4
0
194
2
0
1095584061
4
0
195
2
0
1095585085
4
0
196
2
0
1095586109
4
0
197
2
0
1095587133
4
0
198
2
0
1095588157
4
0
199
2
0
1095590717
4
0
200
2
0
1095591741
4
0
201
2
0
1095592765
4
0
202
2
0
1095593789
4
0
203
2
0
1095594813
4
0
204
2
0
1095595837
4
0
205
2
0
1095577661
4
0
206
2
0
1095578685
4
0
207
2
0
1095579709
4
0
208
2
0
1095647549
4
0
209
2
0
1095648573
4
0
210
2
0
1095649597
4
0
211
2
0
1095650621
4
0
212
2
0
1095651645
4
0
213
2
0
1095652669
4
0
214
2
0
1095653693
4
0
215
2
0
1095656253
4
0
216
2
0
1095657277
4
0
217
2
0
1095658301
4
0
218
2
0
1095659325
4
0
219
2
0
1095660349
4
0
220
2
0
1095661373
4
0
221
2
0
1095643197
4
0
222
2
0
1095644221
4
0
223
2
0
1095645245
4
0
224
2
0
1095713085
4
0
225
2
0
1095714109
4
0
226
2
0
1095715133
4
0
227
2
0
1095716157
4
0
228
2
0
1095717181
4
0
229
2
0
1095718205
4
0
230
2
0
1095719229
4
0
231
2
0
1095721789
4
0
232
2
0
1095722813
4
0
233
2
0
1095723837
4
0
234
2
0
1095724861
4
0
235
2
0
1095725885
4
0
236
2
0
1095726909
4
0
237
2
0
1095708733
4
0
238
2
0
1095709757
4
0
239
2
0
1095710781
4
0
240
2
0
1095778621
4
0
241
2
0
1095779645
4
0
242
2
0
1095780669
4
0
243
2
0
1095781693
4
0
244
2
0
1095782717
4
0
245
2
0
1095783741
4
0
246
2
0
1095784765
4
0
247
2
0
1095787325
4
0
248
2
0
1095788349
4
0
249
2
0
1095789373
4
0
250
2
0
1095790397
4
0
251
2
0
1095791421
4
0
252
2
0
1095792445
4
0
253
2
0
1095774269
4
0
254
2
0
1095775293
4
0
255
2
0
1095776317
4
0
256
2
0
1095844157
4
0
257
2
0
1095845181
4
0
258
2
0
1095846205
4
0
259
2
0
1095847229
4
0
260
2
0
1095848253
4
0
261
2
0
1095849277
4
0
262
2
0
1095850301
4
0
263
2
0
1095852861
4
0
264
2
0
1095853885
4
0
265
2
0
1095854909
4
0
266
2
0
1095855933
4
0
267
2
0
1095856957
4
0
268
2
0
1095857981
4
0
269
2
0
1095839805
4
0
270
2
0
1095840829
4
0
271
2
0
1095841853
4
0
272
2
0
1095909693
4
0
273
2
0
1095910717
4
0
274
2
0
1095911741
4
0
275
2
0
1095912765
4
0
276
2
0
1095913789
4
0
277
2
0
1095914813
4
0
278
2
0
1095915837
4
0
279
2
0
1095918397
4
0
280
2
0
1095919421
4
0
281
2
0
1095920445
4
0
282
2
0
1095921469
4
0
283
2
0
1095922493
4
0
284
2
0
1095923517
4
0
285
2
0
1095905341
4
0
286
2
0
1095906365
4
0
287
2
0
1095907389
4
0
288
2
0
1095975229
4
0
289
2
0
1095976253
4
0
290
2
0
1095977277
4
0
291
2
0
1095978301
4
0
292
2
0
1095979325
4
0
293
2
0
1095980349
4
0
294
2
0
1095981373
4
0
295
2
0
1095983933
4
0
296
2
0
1095984957
4
0
297
2
0
1095985981
4
0
298
2
0
1095987005
4
0
299
2
0
1095988029
4
0
300
2
0
1095989053
4
0
301
2
0
1095970877
4
0
302
2
0
1095971901
4
0
303
2
0
1095972925
4
0
304
2
0
1096040765
4
0
305
2
0
1096041789
4
0
306
2
0
1096042813
4
0
307
2
0
1096043837
4
0
308
2
0
1096044861
4
0
309
2
0
1096045885
4
0
310
2
0
1096046909
4
0
311
2
0
1096049469
4
0
312
2
0
1096050493
4
0
313
2
0
1096051517
4
0
314
2
0
1096052541
4
0
315
2
0
1096053565
4
0
316
2
0
1096054589
4
0
317
2
0
1096036413
4
0
318
2
0
1096037437
4
0
319
2
0
1096038461
4
0
320
2
0
1096106301
4
0
321
2
0
1096107325
4
0
322
2
0
1096108349
4
0
323
2
0
1096109373
4
0
324
2
0
1096110397
4
0
325
2
0
1096111421
4
0
326
2
0
1096112445
4
0
327
2
0
1096115005
4
0
328
2
0
1096116029
4
0
329
2
0
1096117053
4
0
330
2
0
1096118077
4
0
331
2
0
1096119101
4
0
332
2
0
1096120125
4
0
333
2
0
1096101949
4
0
334
2
0
1096102973
4
0
335
2
0
1096103997
4
0
336
2
0
1096171837
4
0
337
2
0
1096172861
4
0
338
2
0
1096173885
4
0
339
2
0
1096174909
4
0
340
2
0
1096175933
4
0
341
2
0
1096176957
4
0
342
2
0
1096177981
4
0
343
2
0
1096180541
4
0
344
2
0
1096181565
4
0
345
2
0
1096182589
4
0
346
2
0
1096183613
4
0
347
2
0
1096184637
4
0
348
2
0
1096185661
4
0
349
2
0
1096167485
4
0
350
2
0
1096168509
4
0
351
2
0
1096169533
4
0
352
2
0
1096237373
4
0
353
2
0
1096238397
4
0
354
2
0
1096239421
4
0
355
2
0
1096240445
4
0
356
2
0
1096241469
4
0
357
2
0
1096242493
4
0
358
2
0
1096243517
4
0
359
2
0
1096246077
4
0
360
2
0
1096247101
4
0
361
2
0
1096248125
4
0
362
2
0
1096249149
4
0
363
2
0
1096250173
4
0
364
2
0
1096251197
4
0
365
2
0
1096233021
4
0
366
2
0
1096234045
4
0
367
2
0
1096235069
4
0
368
2
0
1096302909
4
0
369
2
0
1096303933
4
0
370
2
0
1096304957
4
0
371
2
0
1096305981
4
0
372
2
0
1096307005
4
0
373
2
0
1096308029
4
0
374
2
0
1096309053
4
0
375
2
0
1096311613
4
0
376
2
0
1096312637
4
0
377
2
0
1096313661
4
0
378
2
0
1096314685
4
0
379
2
0
1096315709
4
0
380
2
0
1096316733
4
0
381
2
0
1096298557
4
0
382
2
0
1096299581
4
0
383
2
0
1096300605
4
0
384
2
0
1096368445
4
0
385
2
0
1096369469
4
0
386
2
0
1096370493
4
0
387
2
0
1096371517
4
0
388
2
0
1096372541
4
0
389
2
0
1096373565
4
0
390
2
0
1096374589
4
0
391
2
0
1096377149
4
0
392
2
0
1096378173
4
0
393
2
0
1096379197
4
0
394
2
0
1096380221
4
0
395
2
0
1096381245
4
0
396
2
0
1096382269
4
0
397
2
0
1096364093
4
0
398
2
0
1096365117
4
0
399
2
0
1096366141
4
0
400
2
0
1096433981
4
0
401
2
0
1096435005
4
0
402
2
0
1096436029
4
0
403
2
0
1096437053
4
0
404
2
0
1096438077
4
0
405
2
0
1096439101
4
0
406
2
0
1096440125
4
0
407
2
0
1096442685
4
0
408
2
0
1096443709
4
0
409
2
0
1096444733
4
0
410
2
0
1096445757
4
0
411
2
0
1096446781
4
0
412
2
0
1096447805
4
0
413
2
0
1096429629
4
0
414
2
0
1096430653
4
0
415
2
0
1096431677
4
0
416
2
0
1096892733
4
0
417
2
0
1096893757
4
0
418
2
0
1096894781
4
0
419
2
0
1096895805
4
0
420
2
0
1096896829
4
0
421
2
0
1096897853
4
0
422
2
0
1096898877
4
0
423
2
0
1096901437
4
0
424
2
0
1096902461
4
0
425
2
0
1096903485
4
0
426
2
0
1096904509
4
0
427
2
0
1096905533
4
0
428
2
0
1096906557
4
0
429
2
0
1096888381
4
0
430
2
0
1096889405
4
0
431
2
0
1096890429
4
0
432
2
0
1096958269
4
0
433
2
0
1096959293
4
0
434
2
0
1096960317
4
0
435
2
0
1096961341
4
0
436
2
0
1096962365
4
0
437
2
0
1096963389
4
0
438
2
0
1096964413
4
0
439
2
0
1096966973
4
0
440
2
0
1096967997
4
0
441
2
0
1096969021
4
0
442
2
0
1096970045
4
0
443
2
0
1096971069
4
0
444
2
0
1096972093
4
0
445
2
0
1096953917
4
0
446
2
0
1096954941
4
0
447
2
0
1096955965
4
0
448
2
0
1097023805
4
0
449
2
0
1097024829
4
0
450
2
0
1097025853
4
0
451
2
0
1097026877
4
0
452
2
0
1097027901
4
0
453
2
0
1097028925
4
0
454
2
0
1097029949
4
0
455
2
0
1097032509
4
0
456
2
0
1097033533
4
0
457
2
0
1097034557
4
0
458
2
0
1097035581
4
0
459
2
0
1097036605
4
0
460
2
0
1097037629
4
0
461
2
0
1097019453
4
0
462
2
0
1097020477
4
0
463
2
0
1097021501
4
0
464
2
0
1097089341
4
0
465
2
0
1097090365
4
0
466
2
0
1097091389
4
0
467
2
0
1097092413
4
0
468
2
0
1097093437
4
0
469
2
0
1097094461
4
0
470
2
0
1097095485
4
0
471
2
0
1097098045
4
0
472
2
0
1097099069
4
0
473
2
0
1097100093
4
0
474
2
0
1097101117
4
0
475
2
0
1097102141
4
0
476
2
0
1097103165
4
0
477
2
0
1097084989
4
0
478
2
0
1097086013
4
0
479
2
0
1097087037
4
0
480
2
0
1097154877
4
0
481
2
0
1097155901
4
0
482
2
0
1097156925
4
0
483
2
0
1097157949
4
0
484
2
0
1097158973
4
0
485
2
0
1097159997
4
0
486
2
0
1097161021
4
0
487
2
0
1097163581
4
0
488
2
0
1097164605
4
0
489
2
0
1097165629
4
0
490
2
0
1097166653
4
0
491
2
0
1097167677
4
0
492
2
0
1097168701
4
0
493
2
0
1097150525
4
0
494
2
0
1097151549
4
0
495
2
0
1097152573
4
0
496
2
0
1097220413
4
0
497
2
0
1097221437
4
0
498
2
0
1097222461
4
0
499
2
0
1097223485
4
0
500
2
0
1097224509
4
0
501
2
0
1097225533
4
0
502
2
0
1097226557
4
0
503
2
0
1097229117
4
0
504
2
0
1097230141
4
0
505
2
0
1097231165
4
0
506
2
0
1097232189
4
0
507
2
0
1097233213
4
0
508
2
0
1097234237
4
0
509
2
0
1097216061
4
0
510
2
0
1097217085
4
0
511
2
0
1097218109
4
0
512
2
0
1097285949
4
0
513
2
0
1097286973
4
0
514
2
0
1097287997
4
0
515
2
0
1097289021
4
0
516
2
0
1097290045
4
0
517
2
0
1097291069
4
0
518
2
0
1097292093
4
0
519
2
0
1097294653
4
0
520
2
0
1097295677
4
0
521
2
0
1097296701
4
0
522
2
0
1097297725
4
0
523
2
0
1097298749
4
0
524
2
0
1097299773
4
0
525
2
0
1097281597
4
0
526
2
0
1097282621
4
0
527
2
0
1097283645
4
0
528
2
0
1097351485
4
0
529
2
0
1097352509
4
0
530
2
0
1097353533
4
0
531
2
0
1097354557
4
0
532
2
0
1097355581
4
0
533
2
0
1097356605
4
0
534
2
0
1097357629
4
0
535
2
0
1097360189
4
0
536
2
0
1097361213
4
0
537
2
0
1097362237
4
0
538
2
0
1097363261
4
0
539
2
0
1097364285
4
0
540
2
0
1097365309
4
0
541
2
0
1097347133
4
0
542
2
0
1097348157
4
0
543
2
0
1097349181
4
0
544
2
0
1097417021
4
0
545
2
0
1097418045
4
0
546
2
0
1097419069
4
0
547
2
0
1097420093
4
0
548
2
0
1097421117
4
0
549
2
0
1097422141
4
0
550
2
0
1097423165
4
0
551
2
0
1097425725
4
0
552
2
0
1097426749
4
0
553
2
0
1097427773
4
0
554
2
0
1097428797
4
0
555
2
0
1097429821
4
0
556
2
0
1097430845
4
0
557
2
0
1097412669
4
0
558
2
0
1097413693
4
0
559
2
0
1097414717
4
0
560
2
0
1097482557
4
0
561
2
0
1097483581
4
0
562
2
0
1097484605
4
0
563
2
0
1097485629
4
0
564
2
0
1097486653
4
0
565
2
0
1097487677
4
0
566
2
0
1097488701
4
0
567
2
0
1097491261
4
0
568
2
0
1097492285
4
0
569
2
0
1097493309
4
0
570
2
0
1097494333
4
0
571
2
0
1097495357
4
0
572
2
0
1097496381
4
0
573
2
0
1097478205
4
0
574
2
0
1097479229
4
0
575
2
0
1097480253
4
0
576
2
0
1097548093
4
0
577
2
0
1097549117
4
0
578
2
0
1097550141
4
0
579
2
0
1097551165
4
0
580
2
0
1097552189
4
0
581
2
0
1097553213
4
0
582
2
0
1097554237
4
0
583
2
0
1097556797
4
0
584
2
0
1097557821
4
0
585
2
0
1097558845
4
0
586
2
0
1097559869
4
0
587
2
0
1097560893
4
0
588
2
0
1097561917
4
0
589
2
0
1097543741
4
0
590
2
0
1097544765
4
0
591
2
0
1097545789
4
0
592
2
0
1097613629
4
0
593
2
0
1097614653
4
0
594
2
0
1097615677
4
0
595
2
0
1097616701
4
0
596
2
0
1097617725
4
0
597
2
0
1097618749
4
0
598
2
0
1097619773
4
0
599
2
0
1097622333
4
0
600
2
0
1097623357
4
0
601
2
0
1097624381
4
0
602
2
0
1097625405
4
0
603
2
0
1097626429
4
0
604
2
0
1097627453
4
0
605
2
0
1097609277
4
0
606
2
0
1097610301
4
0
607
2
0
1097611325
4
0
608
2
0
1097679165
4
0
609
2
0
1097680189
4
0
610
2
0
1097681213
4
0
611
2
0
1097682237
4
0
612
2
0
1097683261
4
0
613
2
0
1097684285
4
0
614
2
0
1097685309
4
0
615
2
0
1097687869
4
0
616
2
0
1097688893
4
0
617
2
0
1097689917
4
0
618
2
0
1097690941
4
0
619
2
0
1097691965
4
0
620
2
0
1097692989
4
0
621
2
0
1097674813
4
0
622
2
0
1097675837
4
0
623
2
0
1097676861
4
0
624
2
0
1097744701
4
0
625
2
0
1097745725
4
0
626
2
0
1097746749
4
0
627
2
0
1097747773
4
0
628
2
0
1097748797
4
0
629
2
0
1097749821
4
0
630
2
0
1097750845
4
0
631
2
0
1097753405
4
0
632
2
0
1097754429
4
0
633
2
0
1097755453
4
0
634
2
0
1097756477
4
0
635
2
0
1097757501
4
0
636
2
0
1097758525
4
0
637
2
0
1097740349
4
0
638
2
0
1097741373
4
0
639
2
0
1097742397
4
0
640
2
0
1097810237
4
0
641
2
0
1097811261
4
0
642
2
0
1097812285
4
0
643
2
0
1097813309
4
0
644
2
0
1097814333
4
0
645
2
0
1097815357
4
0
646
2
0
1097816381
4
0
647
2
0
1097818941
4
0
648
2
0
1097819965
4
0
649
2
0
1097820989
4
0
650
2
0
1097822013
4
0
651
2
0
1097823037
4
0
652
2
0
1097824061
4
0
653
2
0
1097805885
4
0
654
2
0
1097806909
4
0
655
2
0
1097807933
4
0
656
2
0
1097875773
4
0
657
2
0
1097876797
4
0
658
2
0
1097877821
4
0
659
2
0
1097878845
4
0
660
2
0
1097879869
4
0
661
2
0
1097880893
4
0
662
2
0
1097881917
4
0
663
2
0
1097884477
4
0
664
2
0
1097885501
4
0
665
2
0
1097886525
4
0
666
2
0
1097887549
4
0
667
2
0
1097888573
4
0
668
2
0
1097889597
4
0
669
2
0
1097871421
4
0
670
2
0
1097872445
4
0
671
2
0
1097873469
4
0
672
2
0
1097941309
4
0
673
2
0
1097942333
4
0
674
2
0
1097943357
4
0
675
2
0
1097944381
4
0
676
2
0
1097945405
4
0
677
2
0
1097946429
4
0
678
2
0
1097947453
4
0
679
2
0
1097950013
4
0
680
2
0
1097951037
4
0
681
2
0
1097952061
4
0
682
2
0
1097953085
4
0
683
2
0
1097954109
4
0
684
2
0
1097955133
4
0
685
2
0
1097936957
4
0
686
2
0
1097937981
4
0
687
2
0
1097939005
4
0
688
2
0
1098006845
4
0
689
2
0
1098007869
4
0
690
2
0
1098008893
4
0
691
2
0
1098009917
4
0
692
2
0
1098010941
4
0
693
2
0
1098011965
4
0
694
2
0
1098012989
4
0
695
2
0
1098015549
4
0
696
2
0
1098016573
4
0
697
2
0
1098017597
4
0
698
2
0
1098018621
4
0
699
2
0
1098019645
4
0
700
2
0
1098020669
4
0
701
2
0
1098002493
4
0
702
2
0
1098003517
4
0
703
2
0
1098004541
4
0
704
2
0
1098072381
4
0
705
2
0
1098073405
4
0
706
2
0
1098074429
4
0
707
2
0
1098075453
4
0
708
2
0
1098076477
4
0
709
2
0
1098077501
4
0
710
2
0
1098078525
4
0
711
2
0
1098081085
4
0
712
2
0
1098082109
4
0
713
2
0
1098083133
4
0
714
2
0
1098084157
4
0
715
2
0
1098085181
4
0
716
2
0
1098086205
4
0
717
2
0
1098068029
4
0
718
2
0
1098069053
4
0
719
2
0
1098070077
4
0
720
2
0
1098137917
4
0
721
2
0
1098138941
4
0
722
2
0
1098139965
4
0
723
2
0
1098140989
4
0
724
2
0
1098142013
4
0
725
2
0
1098143037
4
0
726
2
0
1098144061
4
0
727
2
0
1098146621
4
0
728
2
0
1098147645
4
0
729
2
0
1098148669
4
0
730
2
0
1098149693
4
0
731
2
0
1098150717
4
0
732
2
0
1098151741
4
0
733
2
0
1098133565
4
0
734
2
0
1098134589
4
0
735
2
0
1098135613
4
0
736
2
0
1098203453
4
0
737
2
0
1098204477
4
0
738
2
0
1098205501
4
0
739
2
0
1098206525
4
0
740
2
0
1098207549
4
0
741
2
0
1098208573
4
0
742
2
0
1098209597
4
0
743
2
0
1098212157
4
0
744
2
0
1098213181
4
0
745
2
0
1098214205
4
0
746
2
0
1098215229
4
0
747
2
0
1098216253
4
0
748
2
0
1098217277
4
0
749
2
0
1098199101
4
0
750
2
0
1098200125
4
0
751
2
0
1098201149
4
0
752
2
0
1098268989
4
0
753
2
0
1098270013
4
0
754
2
0
1098271037
4
0
755
2
0
1098272061
4
0
756
2
0
1098273085
4
0
757
2
0
1098274109
4
0
758
2
0
1098275133
4
0
759
2
0
1098277693
4
0
760
2
0
1098278717
4
0
761
2
0
1098279741
4
0
762
2
0
1098280765
4
0
763
2
0
1098281789
4
0
764
2
0
1098282813
4
0
765
2
0
1098264637
4
0
766
2
0
1098265661
4
0
767
2
0
1098266685
4
0
768
2
0
1098334525
4
0
769
2
0
1098335549
4
0
770
2
0
1098336573
4
0
771
2
0
1098337597
4
0
772
2
0
1098338621
4
0
773
2
0
1098339645
4
0
774
2
0
1098340669
4
0
775
2
0
1098343229
4
0
776
2
0
1098344253
4
0
777
2
0
1098345277
4
0
778
2
0
1098346301
4
0
779
2
0
1098347325
4
0
780
2
0
1098348349
4
0
781
2
0
1098330173
4
0
782
2
0
1098331197
4
0
783
2
0
1098332221
4
0
784
2
0
1098400061
4
0
785
2
0
1098401085
4
0
786
2
0
1098402109
4
0
787
2
0
1098403133
4
0
788
2
0
1098404157
4
0
789
2
0
1098405181
4
0
790
2
0
1098406205
4
0
791
2
0
1098408765
4
0
792
2
0
1098409789
4
0
793
2
0
1098410813
4
0
794
2
0
1098411837
4
0
795
2
0
1098412861
4
0
796
2
0
1098413885
4
0
797
2
0
1098395709
4
0
798
2
0
1098396733
4
0
799
2
0
1098397757
4
0
800
2
0
1098465597
4
0
801
2
0
1098466621
4
0
802
2
0
1098467645
4
0
803
2
0
1098468669
4
0
804
2
0
1098469693
4
0
805
2
0
1098470717
4
0
806
2
0
1098471741
4
0
807
2
0
1098474301
4
0
808
2
0
1098475325
4
0
809
2
0
1098476349
4
0
810
2
0
1098477373
4
0
811
2
0
1098478397
4
0
812
2
0
1098479421
4
0
813
2
0
1098461245
4
0
814
2
0
1098462269
4
0
815
2
0
1098463293
4
0
816
2
0
1098531133
4
0
817
2
0
1098532157
4
0
818
2
0
1098533181
4
0
819
2
0
1098534205
4
0
820
2
0
1098535229
4
0
821
2
0
1098536253
4
0
822
2
0
1098537277
4
0
823
2
0
1098539837
4
0
824
2
0
1098540861
4
0
825
2
0
1098541885
4
0
826
2
0
1098542909
4
0
827
2
0
1098543933
4
0
828
2
0
1098544957
4
0
829
2
0
1098526781
4
0
830
2
0
1098527805
4
0
831
2
0
1098528829
4
0
832
2
0
1093681469
4
0
833
2
0
1093682493
4
0
834
2
0
1093683517
4
0
835
2
0
1093684541
4
0
836
2
0
1093685565
4
0
837
2
0
1093686589
4
0
838
2
0
1093687613
4
0
839
2
0
1093690173
4
0
840
2
0
1093691197
4
0
841
2
0
1093692221
4
0
842
2
0
1093693245
4
0
843
2
0
1093694269
4
0
844
2
0
1093695293
4
0
845
2
0
1093677117
4
0
846
2
0
1093678141
4
0
847
2
0
1093679165
4
0
848
2
0
1093747005
4
0
849
2
0
1093748029
4
0
850
2
0
1093749053
4
0
851
2
0
1093750077
4
0
852
2
0
1093751101
4
0
853
2
0
1093752125
4
0
854
2
0
1093753149
4
0
855
2
0
1093755709
4
0
856
2
0
1093756733
4
0
857
2
0
1093757757
4
0
858
2
0
1093758781
4
0
859
2
0
1093759805
4
0
860
2
0
1093760829
4
0
861
2
0
1093742653
4
0
862
2
0
1093743677
4
0
863
2
0
1093744701
4
0
864
2
0
1093812541
4
0
865
2
0
1093813565
4
0
866
2
0
1093814589
4
0
867
2
0
1093815613
4
0
868
2
0
1093816637
4
0
869
2
0
1093817661
4
0
870
2
0
1093818685
4
0
871
2
0
1093821245
4
0
872
2
0
1093822269
4
0
873
2
0
1093823293
4
0
874
2
0
1093824317
4
0
875
2
0
1093825341
4
0
876
2
0
1093826365
4
0
877
2
0
1093808189
4
0
878
2
0
1093809213
4
0
879
2
0
1093810237
4
0
880
2
0
1093878077
4
0
881
2
0
1093879101
4
0
882
2
0
1093880125
4
0
883
2
0
1093881149
4
0
884
2
0
1093882173
4
0
885
2
0
1093883197
4
0
886
2
0
1093884221
4
0
887
2
0
1093886781
4
0
888
2
0
1093887805
4
0
889
2
0
1093888829
4
0
890
2
0
1093889853
4
0
891
2
0
1093890877
4
0
892
2
0
1093891901
4
0
893
2
0
1093873725
4
0
894
2
0
1093874749
4
0
895
2
0
1093875773
4
0
896
2
0
1093943613
4
0
897
2
0
1093944637
4
0
898
2
0
1093945661
4
0
899
2
0
1093946685
4
0
900
2
0
1093947709
4
0
901
2
0
1093948733
4
0
902
2
0
1093949757
4
0
903
2
0
1093952317
4
0
904
2
0
1093953341
4
0
905
2
0
1093954365
4
0
906
2
0
1093955389
4
0
907
2
0
1093956413
4
0
908
2
0
1093957437
4
0
909
2
0
1093939261
4
0
910
2
0
1093940285
4
0
911
2
0
1093941309
4
0
912
2
0
1094009149
4
0
913
2
0
1094010173
4
0
914
2
0
1094011197
4
0
915
2
0
1094012221
4
0
916
2
0
1094013245
4
0
917
2
0
1094014269
4
0
918
2
0
1094015293
4
0
919
2
0
1094017853
4
0
920
2
0
1094018877
4
0
921
2
0
1094019901
4
0
922
2
0
1094020925
4
0
923
2
0
1094021949
4
0
924
2
0
1094022973
4
0
925
2
0
1094004797
4
0
926
2
0
1094005821
4
0
927
2
0
1094006845
4
0
928
2
0
1094074685
4
0
929
2
0
1094075709
4
0
930
2
0
1094076733
4
0
931
2
0
1094077757
4
0
932
2
0
1094078781
4
0
933
2
0
1094079805
4
0
934
2
0
1094080829
4
0
935
2
0
1094083389
4
0
936
2
0
1094084413
4
0
937
2
0
1094085437
4
0
938
2
0
1094086461
4
0
939
2
0
1094087485
4
0
940
2
0
1094088509
4
0
941
2
0
1094070333
4
0
942
2
0
1094071357
4
0
943
2
0
1094072381
4
0
944
2
0
1094140221
4
0
945
2
0
1094141245
4
0
946
2
0
1094142269
4
0
947
2
0
1094143293
4
0
948
2
0
1094144317
4
0
949
2
0
1094145341
4
0
950
2
0
1094146365
4
0
951
2
0
1094148925
4
0
952
2
0
1094149949
4
0
953
2
0
1094150973
4
0
954
2
0
1094151997
4
0
955
2
0
1094153021
4
0
956
2
0
1094154045
4
0
957
2
0
1094135869
4
0
958
2
0
1094136893
4
0
959
2
0
1094137917
4
0
960
2
0
1094205757
4
0
961
2
0
1094206781
4
0
962
2
0
1094207805
4
0
963
2
0
1094208829
4
0
964
2
0
1094209853
4
0
965
2
0
1094210877
4
0
966
2
0
1094211901
4
0
967
2
0
1094214461
4
0
968
2
0
1094215485
4
0
969
2
0
1094216509
4
0
970
2
0
1094217533
4
0
971
2
0
1094218557
4
0
972
2
0
1094219581
4
0
973
2
0
1094201405
4
0
974
2
0
1094202429
4
0
975
2
0
1094203453
4
0
976
2
0
1094271293
4
0
977
2
0
1094272317
4
0
978
2
0
1094273341
4
0
979
2
0
1094274365
4
0
980
2
0
1094275389
4
0
981
2
0
1094276413
4
0
982
2
0
1094277437
4
0
983
2
0
1094279997
4
0
984
2
0
1094281021
4
0
985
2
0
1094282045
4
0
986
2
0
1094283069
4
0
987
2
0
1094284093
4
0
988
2
0
1094285117
4
0
989
2
0
1094266941
4
0
990
2
0
1094267965
4
0
991
2
0
1094268989
4
0
992
2
0
1093353789
4
0
993
2
0
1093354813
4
0
994
2
0
1093355837
4
0
995
2
0
1093356861
4
0
996
2
0
1093357885
4
0
997
2
0
1093358909
4
0
998
2
0
1093359933
4
0
999
2
0
1093362493
4
0
1000
2
0
1093363517
4
0
1001
2
0
1093364541
4
0
1002
2
0
1093365565
4
0
1003
2
0
1093366589
4
0
1004
2
0
1093367613
4
0
1005
2
0
1093349437
4
0
1006
2
0
1093350461
4
0
1007
2
0
1093351485
4
0
1008
2
0
1093615933
4
0
1009
2
0
1093616957
4
0
1010
2
0
1093617981
4
0
1011
2
0
1093619005
4
0
1012
2
0
1093620029
4
0
1013
2
0
1093621053
4
0
1014
2
0
1093622077
4
0
1015
2
0
1093624637
4
0
1016
2
0
1093625661
4
0
1017
2
0
1093626685
4
0
1018
2
0
1093627709
4
0
1019
2
0
1093628733
4
0
1020
2
0
1093629757
4
0
1021
2
0
1093611581
4
0
1022
2
0
1093612605
4
0
1023
2
0
1093613629
4
