1024
0
34816
2
0
1765884221
4
0
34817
2
0
1765885245
4
0
34818
2
0
1765886269
4
0
34819
2
0
1765887293
4
0
34820
2
0
1765888317
4
0
34821
2
0
1765889341
4
0
34822
2
0
1765890365
4
0
34823
2
0
1765892925
4
0
34824
2
0
1765893949
4
0
34825
2
0
1765894973
4
0
34826
2
0
1765895997
4
0
34827
2
0
1765897021
4
0
34828
2
0
1765898045
4
0
34829
2
0
1765879869
4
0
34830
2
0
1765880893
4
0
34831
2
0
1765881917
4
0
34832
2
0
1765949757
4
0
34833
2
0
1765950781
4
0
34834
2
0
1765951805
4
0
34835
2
0
1765952829
4
0
34836
2
0
1765953853
4
0
34837
2
0
1765954877
4
0
34838
2
0
1765955901
4
0
34839
2
0
1765958461
4
0
34840
2
0
1765959485
4
0
34841
2
0
1765960509
4
0
34842
2
0
1765961533
4
0
34843
2
0
1765962557
4
0
34844
2
0
1765963581
4
0
34845
2
0
1765945405
4
0
34846
2
0
1765946429
4
0
34847
2
0
1765947453
4
0
34848
2
0
1766015293
4
0
34849
2
0
1766016317
4
0
34850
2
0
1766017341
4
0
34851
2
0
1766018365
4
0
34852
2
0
1766019389
4
0
34853
2
0
1766020413
4
0
34854
2
0
1766021437
4
0
34855
2
0
1766023997
4
0
34856
2
0
1766025021
4
0
34857
2
0
1766026045
4
0
34858
2
0
1766027069
4
0
34859
2
0
1766028093
4
0
34860
2
0
1766029117
4
0
34861
2
0
1766010941
4
0
34862
2
0
1766011965
4
0
34863
2
0
1766012989
4
0
34864
2
0
1766080829
4
0
34865
2
0
1766081853
4
0
34866
2
0
1766082877
4
0
34867
2
0
1766083901
4
0
34868
2
0
1766084925
4
0
34869
2
0
1766085949
4
0
34870
2
0
1766086973
4
0
34871
2
0
1766089533
4
0
34872
2
0
1766090557
4
0
34873
2
0
1766091581
4
0
34874
2
0
1766092605
4
0
34875
2
0
1766093629
4
0
34876
2
0
1766094653
4
0
34877
2
0
1766076477
4
0
34878
2
0
1766077501
4
0
34879
2
0
1766078525
4
0
34880
2
0
1766146365
4
0
34881
2
0
1766147389
4
0
34882
2
0
1766148413
4
0
34883
2
0
1766149437
4
0
34884
2
0
1766150461
4
0
34885
2
0
1766151485
4
0
34886
2
0
1766152509
4
0
34887
2
0
1766155069
4
0
34888
2
0
1766156093
4
0
34889
2
0
1766157117
4
0
34890
2
0
1766158141
4
0
34891
2
0
1766159165
4
0
34892
2
0
1766160189
4
0
34893
2
0
1766142013
4
0
34894
2
0
1766143037
4
0
34895
2
0
1766144061
4
0
34896
2
0
1766211901
4
0
34897
2
0
1766212925
4
0
34898
2
0
1766213949
4
0
34899
2
0
1766214973
4
0
34900
2
0
1766215997
4
0
34901
2
0
1766217021
4
0
34902
2
0
1766218045
4
0
34903
2
0
1766220605
4
0
34904
2
0
1766221629
4
0
34905
2
0
1766222653
4
0
34906
2
0
1766223677
4
0
34907
2
0
1766224701
4
0
34908
2
0
1766225725
4
0
34909
2
0
1766207549
4
0
34910
2
0
1766208573
4
0
34911
2
0
1766209597
4
0
34912
2
0
1766277437
4
0
34913
2
0
1766278461
4
0
34914
2
0
1766279485
4
0
34915
2
0
1766280509
4
0
34916
2
0
1766281533
4
0
34917
2
0
1766282557
4
0
34918
2
0
1766283581
4
0
34919
2
0
1766286141
4
0
34920
2
0
1766287165
4
0
34921
2
0
1766288189
4
0
34922
2
0
1766289213
4
0
34923
2
0
1766290237
4
0
34924
2
0
1766291261
4
0
34925
2
0
1766273085
4
0
34926
2
0
1766274109
4
0
34927
2
0
1766275133
4
0
34928
2
0
1766342973
4
0
34929
2
0
1766343997
4
0
34930
2
0
1766345021
4
0
34931
2
0
1766346045
4
0
34932
2
0
1766347069
4
0
34933
2
0
1766348093
4
0
34934
2
0
1766349117
4
0
34935
2
0
1766351677
4
0
34936
2
0
1766352701
4
0
34937
2
0
1766353725
4
0
34938
2
0
1766354749
4
0
34939
2
0
1766355773
4
0
34940
2
0
1766356797
4
0
34941
2
0
1766338621
4
0
34942
2
0
1766339645
4
0
34943
2
0
1766340669
4
0
34944
2
0
1766408509
4
0
34945
2
0
1766409533
4
0
34946
2
0
1766410557
4
0
34947
2
0
1766411581
4
0
34948
2
0
1766412605
4
0
34949
2
0
1766413629
4
0
34950
2
0
1766414653
4
0
34951
2
0
1766417213
4
0
34952
2
0
1766418237
4
0
34953
2
0
1766419261
4
0
34954
2
0
1766420285
4
0
34955
2
0
1766421309
4
0
34956
2
0
1766422333
4
0
34957
2
0
1766404157
4
0
34958
2
0
1766405181
4
0
34959
2
0
1766406205
4
0
34960
2
0
1766474045
4
0
34961
2
0
1766475069
4
0
34962
2
0
1766476093
4
0
34963
2
0
1766477117
4
0
34964
2
0
1766478141
4
0
34965
2
0
1766479165
4
0
34966
2
0
1766480189
4
0
34967
2
0
1766482749
4
0
34968
2
0
1766483773
4
0
34969
2
0
1766484797
4
0
34970
2
0
1766485821
4
0
34971
2
0
1766486845
4
0
34972
2
0
1766487869
4
0
34973
2
0
1766469693
4
0
34974
2
0
1766470717
4
0
34975
2
0
1766471741
4
0
34976
2
0
1766539581
4
0
34977
2
0
1766540605
4
0
34978
2
0
1766541629
4
0
34979
2
0
1766542653
4
0
34980
2
0
1766543677
4
0
34981
2
0
1766544701
4
0
34982
2
0
1766545725
4
0
34983
2
0
1766548285
4
0
34984
2
0
1766549309
4
0
34985
2
0
1766550333
4
0
34986
2
0
1766551357
4
0
34987
2
0
1766552381
4
0
34988
2
0
1766553405
4
0
34989
2
0
1766535229
4
0
34990
2
0
1766536253
4
0
34991
2
0
1766537277
4
0
34992
2
0
1766605117
4
0
34993
2
0
1766606141
4
0
34994
2
0
1766607165
4
0
34995
2
0
1766608189
4
0
34996
2
0
1766609213
4
0
34997
2
0
1766610237
4
0
34998
2
0
1766611261
4
0
34999
2
0
1766613821
4
0
35000
2
0
1766614845
4
0
35001
2
0
1766615869
4
0
35002
2
0
1766616893
4
0
35003
2
0
1766617917
4
0
35004
2
0
1766618941
4
0
35005
2
0
1766600765
4
0
35006
2
0
1766601789
4
0
35007
2
0
1766602813
4
0
35008
2
0
1766670653
4
0
35009
2
0
1766671677
4
0
35010
2
0
1766672701
4
0
35011
2
0
1766673725
4
0
35012
2
0
1766674749
4
0
35013
2
0
1766675773
4
0
35014
2
0
1766676797
4
0
35015
2
0
1766679357
4
0
35016
2
0
1766680381
4
0
35017
2
0
1766681405
4
0
35018
2
0
1766682429
4
0
35019
2
0
1766683453
4
0
35020
2
0
1766684477
4
0
35021
2
0
1766666301
4
0
35022
2
0
1766667325
4
0
35023
2
0
1766668349
4
0
35024
2
0
1766736189
4
0
35025
2
0
1766737213
4
0
35026
2
0
1766738237
4
0
35027
2
0
1766739261
4
0
35028
2
0
1766740285
4
0
35029
2
0
1766741309
4
0
35030
2
0
1766742333
4
0
35031
2
0
1766744893
4
0
35032
2
0
1766745917
4
0
35033
2
0
1766746941
4
0
35034
2
0
1766747965
4
0
35035
2
0
1766748989
4
0
35036
2
0
1766750013
4
0
35037
2
0
1766731837
4
0
35038
2
0
1766732861
4
0
35039
2
0
1766733885
4
0
35040
2
0
1766801725
4
0
35041
2
0
1766802749
4
0
35042
2
0
1766803773
4
0
35043
2
0
1766804797
4
0
35044
2
0
1766805821
4
0
35045
2
0
1766806845
4
0
35046
2
0
1766807869
4
0
35047
2
0
1766810429
4
0
35048
2
0
1766811453
4
0
35049
2
0
1766812477
4
0
35050
2
0
1766813501
4
0
35051
2
0
1766814525
4
0
35052
2
0
1766815549
4
0
35053
2
0
1766797373
4
0
35054
2
0
1766798397
4
0
35055
2
0
1766799421
4
0
35056
2
0
1766867261
4
0
35057
2
0
1766868285
4
0
35058
2
0
1766869309
4
0
35059
2
0
1766870333
4
0
35060
2
0
1766871357
4
0
35061
2
0
1766872381
4
0
35062
2
0
1766873405
4
0
35063
2
0
1766875965
4
0
35064
2
0
1766876989
4
0
35065
2
0
1766878013
4
0
35066
2
0
1766879037
4
0
35067
2
0
1766880061
4
0
35068
2
0
1766881085
4
0
35069
2
0
1766862909
4
0
35070
2
0
1766863933
4
0
35071
2
0
1766864957
4
0
35072
2
0
1766932797
4
0
35073
2
0
1766933821
4
0
35074
2
0
1766934845
4
0
35075
2
0
1766935869
4
0
35076
2
0
1766936893
4
0
35077
2
0
1766937917
4
0
35078
2
0
1766938941
4
0
35079
2
0
1766941501
4
0
35080
2
0
1766942525
4
0
35081
2
0
1766943549
4
0
35082
2
0
1766944573
4
0
35083
2
0
1766945597
4
0
35084
2
0
1766946621
4
0
35085
2
0
1766928445
4
0
35086
2
0
1766929469
4
0
35087
2
0
1766930493
4
0
35088
2
0
1766998333
4
0
35089
2
0
1766999357
4
0
35090
2
0
1767000381
4
0
35091
2
0
1767001405
4
0
35092
2
0
1767002429
4
0
35093
2
0
1767003453
4
0
35094
2
0
1767004477
4
0
35095
2
0
1767007037
4
0
35096
2
0
1767008061
4
0
35097
2
0
1767009085
4
0
35098
2
0
1767010109
4
0
35099
2
0
1767011133
4
0
35100
2
0
1767012157
4
0
35101
2
0
1766993981
4
0
35102
2
0
1766995005
4
0
35103
2
0
1766996029
4
0
35104
2
0
1767063869
4
0
35105
2
0
1767064893
4
0
35106
2
0
1767065917
4
0
35107
2
0
1767066941
4
0
35108
2
0
1767067965
4
0
35109
2
0
1767068989
4
0
35110
2
0
1767070013
4
0
35111
2
0
1767072573
4
0
35112
2
0
1767073597
4
0
35113
2
0
1767074621
4
0
35114
2
0
1767075645
4
0
35115
2
0
1767076669
4
0
35116
2
0
1767077693
4
0
35117
2
0
1767059517
4
0
35118
2
0
1767060541
4
0
35119
2
0
1767061565
4
0
35120
2
0
1767129405
4
0
35121
2
0
1767130429
4
0
35122
2
0
1767131453
4
0
35123
2
0
1767132477
4
0
35124
2
0
1767133501
4
0
35125
2
0
1767134525
4
0
35126
2
0
1767135549
4
0
35127
2
0
1767138109
4
0
35128
2
0
1767139133
4
0
35129
2
0
1767140157
4
0
35130
2
0
1767141181
4
0
35131
2
0
1767142205
4
0
35132
2
0
1767143229
4
0
35133
2
0
1767125053
4
0
35134
2
0
1767126077
4
0
35135
2
0
1767127101
4
0
35136
2
0
1767194941
4
0
35137
2
0
1767195965
4
0
35138
2
0
1767196989
4
0
35139
2
0
1767198013
4
0
35140
2
0
1767199037
4
0
35141
2
0
1767200061
4
0
35142
2
0
1767201085
4
0
35143
2
0
1767203645
4
0
35144
2
0
1767204669
4
0
35145
2
0
1767205693
4
0
35146
2
0
1767206717
4
0
35147
2
0
1767207741
4
0
35148
2
0
1767208765
4
0
35149
2
0
1767190589
4
0
35150
2
0
1767191613
4
0
35151
2
0
1767192637
4
0
35152
2
0
1767260477
4
0
35153
2
0
1767261501
4
0
35154
2
0
1767262525
4
0
35155
2
0
1767263549
4
0
35156
2
0
1767264573
4
0
35157
2
0
1767265597
4
0
35158
2
0
1767266621
4
0
35159
2
0
1767269181
4
0
35160
2
0
1767270205
4
0
35161
2
0
1767271229
4
0
35162
2
0
1767272253
4
0
35163
2
0
1767273277
4
0
35164
2
0
1767274301
4
0
35165
2
0
1767256125
4
0
35166
2
0
1767257149
4
0
35167
2
0
1767258173
4
0
35168
2
0
1767326013
4
0
35169
2
0
1767327037
4
0
35170
2
0
1767328061
4
0
35171
2
0
1767329085
4
0
35172
2
0
1767330109
4
0
35173
2
0
1767331133
4
0
35174
2
0
1767332157
4
0
35175
2
0
1767334717
4
0
35176
2
0
1767335741
4
0
35177
2
0
1767336765
4
0
35178
2
0
1767337789
4
0
35179
2
0
1767338813
4
0
35180
2
0
1767339837
4
0
35181
2
0
1767321661
4
0
35182
2
0
1767322685
4
0
35183
2
0
1767323709
4
0
35184
2
0
1767391549
4
0
35185
2
0
1767392573
4
0
35186
2
0
1767393597
4
0
35187
2
0
1767394621
4
0
35188
2
0
1767395645
4
0
35189
2
0
1767396669
4
0
35190
2
0
1767397693
4
0
35191
2
0
1767400253
4
0
35192
2
0
1767401277
4
0
35193
2
0
1767402301
4
0
35194
2
0
1767403325
4
0
35195
2
0
1767404349
4
0
35196
2
0
1767405373
4
0
35197
2
0
1767387197
4
0
35198
2
0
1767388221
4
0
35199
2
0
1767389245
4
0
35200
2
0
1767457085
4
0
35201
2
0
1767458109
4
0
35202
2
0
1767459133
4
0
35203
2
0
1767460157
4
0
35204
2
0
1767461181
4
0
35205
2
0
1767462205
4
0
35206
2
0
1767463229
4
0
35207
2
0
1767465789
4
0
35208
2
0
1767466813
4
0
35209
2
0
1767467837
4
0
35210
2
0
1767468861
4
0
35211
2
0
1767469885
4
0
35212
2
0
1767470909
4
0
35213
2
0
1767452733
4
0
35214
2
0
1767453757
4
0
35215
2
0
1767454781
4
0
35216
2
0
1767522621
4
0
35217
2
0
1767523645
4
0
35218
2
0
1767524669
4
0
35219
2
0
1767525693
4
0
35220
2
0
1767526717
4
0
35221
2
0
1767527741
4
0
35222
2
0
1767528765
4
0
35223
2
0
1767531325
4
0
35224
2
0
1767532349
4
0
35225
2
0
1767533373
4
0
35226
2
0
1767534397
4
0
35227
2
0
1767535421
4
0
35228
2
0
1767536445
4
0
35229
2
0
1767518269
4
0
35230
2
0
1767519293
4
0
35231
2
0
1767520317
4
0
35232
2
0
1767981373
4
0
35233
2
0
1767982397
4
0
35234
2
0
1767983421
4
0
35235
2
0
1767984445
4
0
35236
2
0
1767985469
4
0
35237
2
0
1767986493
4
0
35238
2
0
1767987517
4
0
35239
2
0
1767990077
4
0
35240
2
0
1767991101
4
0
35241
2
0
1767992125
4
0
35242
2
0
1767993149
4
0
35243
2
0
1767994173
4
0
35244
2
0
1767995197
4
0
35245
2
0
1767977021
4
0
35246
2
0
1767978045
4
0
35247
2
0
1767979069
4
0
35248
2
0
1768046909
4
0
35249
2
0
1768047933
4
0
35250
2
0
1768048957
4
0
35251
2
0
1768049981
4
0
35252
2
0
1768051005
4
0
35253
2
0
1768052029
4
0
35254
2
0
1768053053
4
0
35255
2
0
1768055613
4
0
35256
2
0
1768056637
4
0
35257
2
0
1768057661
4
0
35258
2
0
1768058685
4
0
35259
2
0
1768059709
4
0
35260
2
0
1768060733
4
0
35261
2
0
1768042557
4
0
35262
2
0
1768043581
4
0
35263
2
0
1768044605
4
0
35264
2
0
1768112445
4
0
35265
2
0
1768113469
4
0
35266
2
0
1768114493
4
0
35267
2
0
1768115517
4
0
35268
2
0
1768116541
4
0
35269
2
0
1768117565
4
0
35270
2
0
1768118589
4
0
35271
2
0
1768121149
4
0
35272
2
0
1768122173
4
0
35273
2
0
1768123197
4
0
35274
2
0
1768124221
4
0
35275
2
0
1768125245
4
0
35276
2
0
1768126269
4
0
35277
2
0
1768108093
4
0
35278
2
0
1768109117
4
0
35279
2
0
1768110141
4
0
35280
2
0
1768177981
4
0
35281
2
0
1768179005
4
0
35282
2
0
1768180029
4
0
35283
2
0
1768181053
4
0
35284
2
0
1768182077
4
0
35285
2
0
1768183101
4
0
35286
2
0
1768184125
4
0
35287
2
0
1768186685
4
0
35288
2
0
1768187709
4
0
35289
2
0
1768188733
4
0
35290
2
0
1768189757
4
0
35291
2
0
1768190781
4
0
35292
2
0
1768191805
4
0
35293
2
0
1768173629
4
0
35294
2
0
1768174653
4
0
35295
2
0
1768175677
4
0
35296
2
0
1768243517
4
0
35297
2
0
1768244541
4
0
35298
2
0
1768245565
4
0
35299
2
0
1768246589
4
0
35300
2
0
1768247613
4
0
35301
2
0
1768248637
4
0
35302
2
0
1768249661
4
0
35303
2
0
1768252221
4
0
35304
2
0
1768253245
4
0
35305
2
0
1768254269
4
0
35306
2
0
1768255293
4
0
35307
2
0
1768256317
4
0
35308
2
0
1768257341
4
0
35309
2
0
1768239165
4
0
35310
2
0
1768240189
4
0
35311
2
0
1768241213
4
0
35312
2
0
1768309053
4
0
35313
2
0
1768310077
4
0
35314
2
0
1768311101
4
0
35315
2
0
1768312125
4
0
35316
2
0
1768313149
4
0
35317
2
0
1768314173
4
0
35318
2
0
1768315197
4
0
35319
2
0
1768317757
4
0
35320
2
0
1768318781
4
0
35321
2
0
1768319805
4
0
35322
2
0
1768320829
4
0
35323
2
0
1768321853
4
0
35324
2
0
1768322877
4
0
35325
2
0
1768304701
4
0
35326
2
0
1768305725
4
0
35327
2
0
1768306749
4
0
35328
2
0
1768374589
4
0
35329
2
0
1768375613
4
0
35330
2
0
1768376637
4
0
35331
2
0
1768377661
4
0
35332
2
0
1768378685
4
0
35333
2
0
1768379709
4
0
35334
2
0
1768380733
4
0
35335
2
0
1768383293
4
0
35336
2
0
1768384317
4
0
35337
2
0
1768385341
4
0
35338
2
0
1768386365
4
0
35339
2
0
1768387389
4
0
35340
2
0
1768388413
4
0
35341
2
0
1768370237
4
0
35342
2
0
1768371261
4
0
35343
2
0
1768372285
4
0
35344
2
0
1768440125
4
0
35345
2
0
1768441149
4
0
35346
2
0
1768442173
4
0
35347
2
0
1768443197
4
0
35348
2
0
1768444221
4
0
35349
2
0
1768445245
4
0
35350
2
0
1768446269
4
0
35351
2
0
1768448829
4
0
35352
2
0
1768449853
4
0
35353
2
0
1768450877
4
0
35354
2
0
1768451901
4
0
35355
2
0
1768452925
4
0
35356
2
0
1768453949
4
0
35357
2
0
1768435773
4
0
35358
2
0
1768436797
4
0
35359
2
0
1768437821
4
0
35360
2
0
1768505661
4
0
35361
2
0
1768506685
4
0
35362
2
0
1768507709
4
0
35363
2
0
1768508733
4
0
35364
2
0
1768509757
4
0
35365
2
0
1768510781
4
0
35366
2
0
1768511805
4
0
35367
2
0
1768514365
4
0
35368
2
0
1768515389
4
0
35369
2
0
1768516413
4
0
35370
2
0
1768517437
4
0
35371
2
0
1768518461
4
0
35372
2
0
1768519485
4
0
35373
2
0
1768501309
4
0
35374
2
0
1768502333
4
0
35375
2
0
1768503357
4
0
35376
2
0
1768571197
4
0
35377
2
0
1768572221
4
0
35378
2
0
1768573245
4
0
35379
2
0
1768574269
4
0
35380
2
0
1768575293
4
0
35381
2
0
1768576317
4
0
35382
2
0
1768577341
4
0
35383
2
0
1768579901
4
0
35384
2
0
1768580925
4
0
35385
2
0
1768581949
4
0
35386
2
0
1768582973
4
0
35387
2
0
1768583997
4
0
35388
2
0
1768585021
4
0
35389
2
0
1768566845
4
0
35390
2
0
1768567869
4
0
35391
2
0
1768568893
4
0
35392
2
0
1768636733
4
0
35393
2
0
1768637757
4
0
35394
2
0
1768638781
4
0
35395
2
0
1768639805
4
0
35396
2
0
1768640829
4
0
35397
2
0
1768641853
4
0
35398
2
0
1768642877
4
0
35399
2
0
1768645437
4
0
35400
2
0
1768646461
4
0
35401
2
0
1768647485
4
0
35402
2
0
1768648509
4
0
35403
2
0
1768649533
4
0
35404
2
0
1768650557
4
0
35405
2
0
1768632381
4
0
35406
2
0
1768633405
4
0
35407
2
0
1768634429
4
0
35408
2
0
1768702269
4
0
35409
2
0
1768703293
4
0
35410
2
0
1768704317
4
0
35411
2
0
1768705341
4
0
35412
2
0
1768706365
4
0
35413
2
0
1768707389
4
0
35414
2
0
1768708413
4
0
35415
2
0
1768710973
4
0
35416
2
0
1768711997
4
0
35417
2
0
1768713021
4
0
35418
2
0
1768714045
4
0
35419
2
0
1768715069
4
0
35420
2
0
1768716093
4
0
35421
2
0
1768697917
4
0
35422
2
0
1768698941
4
0
35423
2
0
1768699965
4
0
35424
2
0
1768767805
4
0
35425
2
0
1768768829
4
0
35426
2
0
1768769853
4
0
35427
2
0
1768770877
4
0
35428
2
0
1768771901
4
0
35429
2
0
1768772925
4
0
35430
2
0
1768773949
4
0
35431
2
0
1768776509
4
0
35432
2
0
1768777533
4
0
35433
2
0
1768778557
4
0
35434
2
0
1768779581
4
0
35435
2
0
1768780605
4
0
35436
2
0
1768781629
4
0
35437
2
0
1768763453
4
0
35438
2
0
1768764477
4
0
35439
2
0
1768765501
4
0
35440
2
0
1768833341
4
0
35441
2
0
1768834365
4
0
35442
2
0
1768835389
4
0
35443
2
0
1768836413
4
0
35444
2
0
1768837437
4
0
35445
2
0
1768838461
4
0
35446
2
0
1768839485
4
0
35447
2
0
1768842045
4
0
35448
2
0
1768843069
4
0
35449
2
0
1768844093
4
0
35450
2
0
1768845117
4
0
35451
2
0
1768846141
4
0
35452
2
0
1768847165
4
0
35453
2
0
1768828989
4
0
35454
2
0
1768830013
4
0
35455
2
0
1768831037
4
0
35456
2
0
1768898877
4
0
35457
2
0
1768899901
4
0
35458
2
0
1768900925
4
0
35459
2
0
1768901949
4
0
35460
2
0
1768902973
4
0
35461
2
0
1768903997
4
0
35462
2
0
1768905021
4
0
35463
2
0
1768907581
4
0
35464
2
0
1768908605
4
0
35465
2
0
1768909629
4
0
35466
2
0
1768910653
4
0
35467
2
0
1768911677
4
0
35468
2
0
1768912701
4
0
35469
2
0
1768894525
4
0
35470
2
0
1768895549
4
0
35471
2
0
1768896573
4
0
35472
2
0
1768964413
4
0
35473
2
0
1768965437
4
0
35474
2
0
1768966461
4
0
35475
2
0
1768967485
4
0
35476
2
0
1768968509
4
0
35477
2
0
1768969533
4
0
35478
2
0
1768970557
4
0
35479
2
0
1768973117
4
0
35480
2
0
1768974141
4
0
35481
2
0
1768975165
4
0
35482
2
0
1768976189
4
0
35483
2
0
1768977213
4
0
35484
2
0
1768978237
4
0
35485
2
0
1768960061
4
0
35486
2
0
1768961085
4
0
35487
2
0
1768962109
4
0
35488
2
0
1769029949
4
0
35489
2
0
1769030973
4
0
35490
2
0
1769031997
4
0
35491
2
0
1769033021
4
0
35492
2
0
1769034045
4
0
35493
2
0
1769035069
4
0
35494
2
0
1769036093
4
0
35495
2
0
1769038653
4
0
35496
2
0
1769039677
4
0
35497
2
0
1769040701
4
0
35498
2
0
1769041725
4
0
35499
2
0
1769042749
4
0
35500
2
0
1769043773
4
0
35501
2
0
1769025597
4
0
35502
2
0
1769026621
4
0
35503
2
0
1769027645
4
0
35504
2
0
1769095485
4
0
35505
2
0
1769096509
4
0
35506
2
0
1769097533
4
0
35507
2
0
1769098557
4
0
35508
2
0
1769099581
4
0
35509
2
0
1769100605
4
0
35510
2
0
1769101629
4
0
35511
2
0
1769104189
4
0
35512
2
0
1769105213
4
0
35513
2
0
1769106237
4
0
35514
2
0
1769107261
4
0
35515
2
0
1769108285
4
0
35516
2
0
1769109309
4
0
35517
2
0
1769091133
4
0
35518
2
0
1769092157
4
0
35519
2
0
1769093181
4
0
35520
2
0
1769161021
4
0
35521
2
0
1769162045
4
0
35522
2
0
1769163069
4
0
35523
2
0
1769164093
4
0
35524
2
0
1769165117
4
0
35525
2
0
1769166141
4
0
35526
2
0
1769167165
4
0
35527
2
0
1769169725
4
0
35528
2
0
1769170749
4
0
35529
2
0
1769171773
4
0
35530
2
0
1769172797
4
0
35531
2
0
1769173821
4
0
35532
2
0
1769174845
4
0
35533
2
0
1769156669
4
0
35534
2
0
1769157693
4
0
35535
2
0
1769158717
4
0
35536
2
0
1769226557
4
0
35537
2
0
1769227581
4
0
35538
2
0
1769228605
4
0
35539
2
0
1769229629
4
0
35540
2
0
1769230653
4
0
35541
2
0
1769231677
4
0
35542
2
0
1769232701
4
0
35543
2
0
1769235261
4
0
35544
2
0
1769236285
4
0
35545
2
0
1769237309
4
0
35546
2
0
1769238333
4
0
35547
2
0
1769239357
4
0
35548
2
0
1769240381
4
0
35549
2
0
1769222205
4
0
35550
2
0
1769223229
4
0
35551
2
0
1769224253
4
0
35552
2
0
1769292093
4
0
35553
2
0
1769293117
4
0
35554
2
0
1769294141
4
0
35555
2
0
1769295165
4
0
35556
2
0
1769296189
4
0
35557
2
0
1769297213
4
0
35558
2
0
1769298237
4
0
35559
2
0
1769300797
4
0
35560
2
0
1769301821
4
0
35561
2
0
1769302845
4
0
35562
2
0
1769303869
4
0
35563
2
0
1769304893
4
0
35564
2
0
1769305917
4
0
35565
2
0
1769287741
4
0
35566
2
0
1769288765
4
0
35567
2
0
1769289789
4
0
35568
2
0
1769357629
4
0
35569
2
0
1769358653
4
0
35570
2
0
1769359677
4
0
35571
2
0
1769360701
4
0
35572
2
0
1769361725
4
0
35573
2
0
1769362749
4
0
35574
2
0
1769363773
4
0
35575
2
0
1769366333
4
0
35576
2
0
1769367357
4
0
35577
2
0
1769368381
4
0
35578
2
0
1769369405
4
0
35579
2
0
1769370429
4
0
35580
2
0
1769371453
4
0
35581
2
0
1769353277
4
0
35582
2
0
1769354301
4
0
35583
2
0
1769355325
4
0
35584
2
0
1769423165
4
0
35585
2
0
1769424189
4
0
35586
2
0
1769425213
4
0
35587
2
0
1769426237
4
0
35588
2
0
1769427261
4
0
35589
2
0
1769428285
4
0
35590
2
0
1769429309
4
0
35591
2
0
1769431869
4
0
35592
2
0
1769432893
4
0
35593
2
0
1769433917
4
0
35594
2
0
1769434941
4
0
35595
2
0
1769435965
4
0
35596
2
0
1769436989
4
0
35597
2
0
1769418813
4
0
35598
2
0
1769419837
4
0
35599
2
0
1769420861
4
0
35600
2
0
1769488701
4
0
35601
2
0
1769489725
4
0
35602
2
0
1769490749
4
0
35603
2
0
1769491773
4
0
35604
2
0
1769492797
4
0
35605
2
0
1769493821
4
0
35606
2
0
1769494845
4
0
35607
2
0
1769497405
4
0
35608
2
0
1769498429
4
0
35609
2
0
1769499453
4
0
35610
2
0
1769500477
4
0
35611
2
0
1769501501
4
0
35612
2
0
1769502525
4
0
35613
2
0
1769484349
4
0
35614
2
0
1769485373
4
0
35615
2
0
1769486397
4
0
35616
2
0
1769554237
4
0
35617
2
0
1769555261
4
0
35618
2
0
1769556285
4
0
35619
2
0
1769557309
4
0
35620
2
0
1769558333
4
0
35621
2
0
1769559357
4
0
35622
2
0
1769560381
4
0
35623
2
0
1769562941
4
0
35624
2
0
1769563965
4
0
35625
2
0
1769564989
4
0
35626
2
0
1769566013
4
0
35627
2
0
1769567037
4
0
35628
2
0
1769568061
4
0
35629
2
0
1769549885
4
0
35630
2
0
1769550909
4
0
35631
2
0
1769551933
4
0
35632
2
0
1769619773
4
0
35633
2
0
1769620797
4
0
35634
2
0
1769621821
4
0
35635
2
0
1769622845
4
0
35636
2
0
1769623869
4
0
35637
2
0
1769624893
4
0
35638
2
0
1769625917
4
0
35639
2
0
1769628477
4
0
35640
2
0
1769629501
4
0
35641
2
0
1769630525
4
0
35642
2
0
1769631549
4
0
35643
2
0
1769632573
4
0
35644
2
0
1769633597
4
0
35645
2
0
1769615421
4
0
35646
2
0
1769616445
4
0
35647
2
0
1769617469
4
0
35648
2
0
1764770109
4
0
35649
2
0
1764771133
4
0
35650
2
0
1764772157
4
0
35651
2
0
1764773181
4
0
35652
2
0
1764774205
4
0
35653
2
0
1764775229
4
0
35654
2
0
1764776253
4
0
35655
2
0
1764778813
4
0
35656
2
0
1764779837
4
0
35657
2
0
1764780861
4
0
35658
2
0
1764781885
4
0
35659
2
0
1764782909
4
0
35660
2
0
1764783933
4
0
35661
2
0
1764765757
4
0
35662
2
0
1764766781
4
0
35663
2
0
1764767805
4
0
35664
2
0
1764835645
4
0
35665
2
0
1764836669
4
0
35666
2
0
1764837693
4
0
35667
2
0
1764838717
4
0
35668
2
0
1764839741
4
0
35669
2
0
1764840765
4
0
35670
2
0
1764841789
4
0
35671
2
0
1764844349
4
0
35672
2
0
1764845373
4
0
35673
2
0
1764846397
4
0
35674
2
0
1764847421
4
0
35675
2
0
1764848445
4
0
35676
2
0
1764849469
4
0
35677
2
0
1764831293
4
0
35678
2
0
1764832317
4
0
35679
2
0
1764833341
4
0
35680
2
0
1764901181
4
0
35681
2
0
1764902205
4
0
35682
2
0
1764903229
4
0
35683
2
0
1764904253
4
0
35684
2
0
1764905277
4
0
35685
2
0
1764906301
4
0
35686
2
0
1764907325
4
0
35687
2
0
1764909885
4
0
35688
2
0
1764910909
4
0
35689
2
0
1764911933
4
0
35690
2
0
1764912957
4
0
35691
2
0
1764913981
4
0
35692
2
0
1764915005
4
0
35693
2
0
1764896829
4
0
35694
2
0
1764897853
4
0
35695
2
0
1764898877
4
0
35696
2
0
1764966717
4
0
35697
2
0
1764967741
4
0
35698
2
0
1764968765
4
0
35699
2
0
1764969789
4
0
35700
2
0
1764970813
4
0
35701
2
0
1764971837
4
0
35702
2
0
1764972861
4
0
35703
2
0
1764975421
4
0
35704
2
0
1764976445
4
0
35705
2
0
1764977469
4
0
35706
2
0
1764978493
4
0
35707
2
0
1764979517
4
0
35708
2
0
1764980541
4
0
35709
2
0
1764962365
4
0
35710
2
0
1764963389
4
0
35711
2
0
1764964413
4
0
35712
2
0
1765032253
4
0
35713
2
0
1765033277
4
0
35714
2
0
1765034301
4
0
35715
2
0
1765035325
4
0
35716
2
0
1765036349
4
0
35717
2
0
1765037373
4
0
35718
2
0
1765038397
4
0
35719
2
0
1765040957
4
0
35720
2
0
1765041981
4
0
35721
2
0
1765043005
4
0
35722
2
0
1765044029
4
0
35723
2
0
1765045053
4
0
35724
2
0
1765046077
4
0
35725
2
0
1765027901
4
0
35726
2
0
1765028925
4
0
35727
2
0
1765029949
4
0
35728
2
0
1765097789
4
0
35729
2
0
1765098813
4
0
35730
2
0
1765099837
4
0
35731
2
0
1765100861
4
0
35732
2
0
1765101885
4
0
35733
2
0
1765102909
4
0
35734
2
0
1765103933
4
0
35735
2
0
1765106493
4
0
35736
2
0
1765107517
4
0
35737
2
0
1765108541
4
0
35738
2
0
1765109565
4
0
35739
2
0
1765110589
4
0
35740
2
0
1765111613
4
0
35741
2
0
1765093437
4
0
35742
2
0
1765094461
4
0
35743
2
0
1765095485
4
0
35744
2
0
1765163325
4
0
35745
2
0
1765164349
4
0
35746
2
0
1765165373
4
0
35747
2
0
1765166397
4
0
35748
2
0
1765167421
4
0
35749
2
0
1765168445
4
0
35750
2
0
1765169469
4
0
35751
2
0
1765172029
4
0
35752
2
0
1765173053
4
0
35753
2
0
1765174077
4
0
35754
2
0
1765175101
4
0
35755
2
0
1765176125
4
0
35756
2
0
1765177149
4
0
35757
2
0
1765158973
4
0
35758
2
0
1765159997
4
0
35759
2
0
1765161021
4
0
35760
2
0
1765228861
4
0
35761
2
0
1765229885
4
0
35762
2
0
1765230909
4
0
35763
2
0
1765231933
4
0
35764
2
0
1765232957
4
0
35765
2
0
1765233981
4
0
35766
2
0
1765235005
4
0
35767
2
0
1765237565
4
0
35768
2
0
1765238589
4
0
35769
2
0
1765239613
4
0
35770
2
0
1765240637
4
0
35771
2
0
1765241661
4
0
35772
2
0
1765242685
4
0
35773
2
0
1765224509
4
0
35774
2
0
1765225533
4
0
35775
2
0
1765226557
4
0
35776
2
0
1765294397
4
0
35777
2
0
1765295421
4
0
35778
2
0
1765296445
4
0
35779
2
0
1765297469
4
0
35780
2
0
1765298493
4
0
35781
2
0
1765299517
4
0
35782
2
0
1765300541
4
0
35783
2
0
1765303101
4
0
35784
2
0
1765304125
4
0
35785
2
0
1765305149
4
0
35786
2
0
1765306173
4
0
35787
2
0
1765307197
4
0
35788
2
0
1765308221
4
0
35789
2
0
1765290045
4
0
35790
2
0
1765291069
4
0
35791
2
0
1765292093
4
0
35792
2
0
1765359933
4
0
35793
2
0
1765360957
4
0
35794
2
0
1765361981
4
0
35795
2
0
1765363005
4
0
35796
2
0
1765364029
4
0
35797
2
0
1765365053
4
0
35798
2
0
1765366077
4
0
35799
2
0
1765368637
4
0
35800
2
0
1765369661
4
0
35801
2
0
1765370685
4
0
35802
2
0
1765371709
4
0
35803
2
0
1765372733
4
0
35804
2
0
1765373757
4
0
35805
2
0
1765355581
4
0
35806
2
0
1765356605
4
0
35807
2
0
1765357629
4
0
35808
2
0
1764442429
4
0
35809
2
0
1764443453
4
0
35810
2
0
1764444477
4
0
35811
2
0
1764445501
4
0
35812
2
0
1764446525
4
0
35813
2
0
1764447549
4
0
35814
2
0
1764448573
4
0
35815
2
0
1764451133
4
0
35816
2
0
1764452157
4
0
35817
2
0
1764453181
4
0
35818
2
0
1764454205
4
0
35819
2
0
1764455229
4
0
35820
2
0
1764456253
4
0
35821
2
0
1764438077
4
0
35822
2
0
1764439101
4
0
35823
2
0
1764440125
4
0
35824
2
0
1764704573
4
0
35825
2
0
1764705597
4
0
35826
2
0
1764706621
4
0
35827
2
0
1764707645
4
0
35828
2
0
1764708669
4
0
35829
2
0
1764709693
4
0
35830
2
0
1764710717
4
0
35831
2
0
1764713277
4
0
35832
2
0
1764714301
4
0
35833
2
0
1764715325
4
0
35834
2
0
1764716349
4
0
35835
2
0
1764717373
4
0
35836
2
0
1764718397
4
0
35837
2
0
1764700221
4
0
35838
2
0
1764701245
4
0
35839
2
0
1764702269
4
