1024
0
11264
2
0
1279344957
4
0
11265
2
0
1279345981
4
0
11266
2
0
1279347005
4
0
11267
2
0
1279348029
4
0
11268
2
0
1279349053
4
0
11269
2
0
1279350077
4
0
11270
2
0
1279351101
4
0
11271
2
0
1279353661
4
0
11272
2
0
1279354685
4
0
11273
2
0
1279355709
4
0
11274
2
0
1279356733
4
0
11275
2
0
1279357757
4
0
11276
2
0
1279358781
4
0
11277
2
0
1279340605
4
0
11278
2
0
1279341629
4
0
11279
2
0
1279342653
4
0
11280
2
0
1279410493
4
0
11281
2
0
1279411517
4
0
11282
2
0
1279412541
4
0
11283
2
0
1279413565
4
0
11284
2
0
1279414589
4
0
11285
2
0
1279415613
4
0
11286
2
0
1279416637
4
0
11287
2
0
1279419197
4
0
11288
2
0
1279420221
4
0
11289
2
0
1279421245
4
0
11290
2
0
1279422269
4
0
11291
2
0
1279423293
4
0
11292
2
0
1279424317
4
0
11293
2
0
1279406141
4
0
11294
2
0
1279407165
4
0
11295
2
0
1279408189
4
0
11296
2
0
1279476029
4
0
11297
2
0
1279477053
4
0
11298
2
0
1279478077
4
0
11299
2
0
1279479101
4
0
11300
2
0
1279480125
4
0
11301
2
0
1279481149
4
0
11302
2
0
1279482173
4
0
11303
2
0
1279484733
4
0
11304
2
0
1279485757
4
0
11305
2
0
1279486781
4
0
11306
2
0
1279487805
4
0
11307
2
0
1279488829
4
0
11308
2
0
1279489853
4
0
11309
2
0
1279471677
4
0
11310
2
0
1279472701
4
0
11311
2
0
1279473725
4
0
11312
2
0
1279541565
4
0
11313
2
0
1279542589
4
0
11314
2
0
1279543613
4
0
11315
2
0
1279544637
4
0
11316
2
0
1279545661
4
0
11317
2
0
1279546685
4
0
11318
2
0
1279547709
4
0
11319
2
0
1279550269
4
0
11320
2
0
1279551293
4
0
11321
2
0
1279552317
4
0
11322
2
0
1279553341
4
0
11323
2
0
1279554365
4
0
11324
2
0
1279555389
4
0
11325
2
0
1279537213
4
0
11326
2
0
1279538237
4
0
11327
2
0
1279539261
4
0
11328
2
0
1279607101
4
0
11329
2
0
1279608125
4
0
11330
2
0
1279609149
4
0
11331
2
0
1279610173
4
0
11332
2
0
1279611197
4
0
11333
2
0
1279612221
4
0
11334
2
0
1279613245
4
0
11335
2
0
1279615805
4
0
11336
2
0
1279616829
4
0
11337
2
0
1279617853
4
0
11338
2
0
1279618877
4
0
11339
2
0
1279619901
4
0
11340
2
0
1279620925
4
0
11341
2
0
1279602749
4
0
11342
2
0
1279603773
4
0
11343
2
0
1279604797
4
0
11344
2
0
1279672637
4
0
11345
2
0
1279673661
4
0
11346
2
0
1279674685
4
0
11347
2
0
1279675709
4
0
11348
2
0
1279676733
4
0
11349
2
0
1279677757
4
0
11350
2
0
1279678781
4
0
11351
2
0
1279681341
4
0
11352
2
0
1279682365
4
0
11353
2
0
1279683389
4
0
11354
2
0
1279684413
4
0
11355
2
0
1279685437
4
0
11356
2
0
1279686461
4
0
11357
2
0
1279668285
4
0
11358
2
0
1279669309
4
0
11359
2
0
1279670333
4
0
11360
2
0
1279738173
4
0
11361
2
0
1279739197
4
0
11362
2
0
1279740221
4
0
11363
2
0
1279741245
4
0
11364
2
0
1279742269
4
0
11365
2
0
1279743293
4
0
11366
2
0
1279744317
4
0
11367
2
0
1279746877
4
0
11368
2
0
1279747901
4
0
11369
2
0
1279748925
4
0
11370
2
0
1279749949
4
0
11371
2
0
1279750973
4
0
11372
2
0
1279751997
4
0
11373
2
0
1279733821
4
0
11374
2
0
1279734845
4
0
11375
2
0
1279735869
4
0
11376
2
0
1279803709
4
0
11377
2
0
1279804733
4
0
11378
2
0
1279805757
4
0
11379
2
0
1279806781
4
0
11380
2
0
1279807805
4
0
11381
2
0
1279808829
4
0
11382
2
0
1279809853
4
0
11383
2
0
1279812413
4
0
11384
2
0
1279813437
4
0
11385
2
0
1279814461
4
0
11386
2
0
1279815485
4
0
11387
2
0
1279816509
4
0
11388
2
0
1279817533
4
0
11389
2
0
1279799357
4
0
11390
2
0
1279800381
4
0
11391
2
0
1279801405
4
0
11392
2
0
1279869245
4
0
11393
2
0
1279870269
4
0
11394
2
0
1279871293
4
0
11395
2
0
1279872317
4
0
11396
2
0
1279873341
4
0
11397
2
0
1279874365
4
0
11398
2
0
1279875389
4
0
11399
2
0
1279877949
4
0
11400
2
0
1279878973
4
0
11401
2
0
1279879997
4
0
11402
2
0
1279881021
4
0
11403
2
0
1279882045
4
0
11404
2
0
1279883069
4
0
11405
2
0
1279864893
4
0
11406
2
0
1279865917
4
0
11407
2
0
1279866941
4
0
11408
2
0
1279934781
4
0
11409
2
0
1279935805
4
0
11410
2
0
1279936829
4
0
11411
2
0
1279937853
4
0
11412
2
0
1279938877
4
0
11413
2
0
1279939901
4
0
11414
2
0
1279940925
4
0
11415
2
0
1279943485
4
0
11416
2
0
1279944509
4
0
11417
2
0
1279945533
4
0
11418
2
0
1279946557
4
0
11419
2
0
1279947581
4
0
11420
2
0
1279948605
4
0
11421
2
0
1279930429
4
0
11422
2
0
1279931453
4
0
11423
2
0
1279932477
4
0
11424
2
0
1280000317
4
0
11425
2
0
1280001341
4
0
11426
2
0
1280002365
4
0
11427
2
0
1280003389
4
0
11428
2
0
1280004413
4
0
11429
2
0
1280005437
4
0
11430
2
0
1280006461
4
0
11431
2
0
1280009021
4
0
11432
2
0
1280010045
4
0
11433
2
0
1280011069
4
0
11434
2
0
1280012093
4
0
11435
2
0
1280013117
4
0
11436
2
0
1280014141
4
0
11437
2
0
1279995965
4
0
11438
2
0
1279996989
4
0
11439
2
0
1279998013
4
0
11440
2
0
1280065853
4
0
11441
2
0
1280066877
4
0
11442
2
0
1280067901
4
0
11443
2
0
1280068925
4
0
11444
2
0
1280069949
4
0
11445
2
0
1280070973
4
0
11446
2
0
1280071997
4
0
11447
2
0
1280074557
4
0
11448
2
0
1280075581
4
0
11449
2
0
1280076605
4
0
11450
2
0
1280077629
4
0
11451
2
0
1280078653
4
0
11452
2
0
1280079677
4
0
11453
2
0
1280061501
4
0
11454
2
0
1280062525
4
0
11455
2
0
1280063549
4
0
11456
2
0
1280131389
4
0
11457
2
0
1280132413
4
0
11458
2
0
1280133437
4
0
11459
2
0
1280134461
4
0
11460
2
0
1280135485
4
0
11461
2
0
1280136509
4
0
11462
2
0
1280137533
4
0
11463
2
0
1280140093
4
0
11464
2
0
1280141117
4
0
11465
2
0
1280142141
4
0
11466
2
0
1280143165
4
0
11467
2
0
1280144189
4
0
11468
2
0
1280145213
4
0
11469
2
0
1280127037
4
0
11470
2
0
1280128061
4
0
11471
2
0
1280129085
4
0
11472
2
0
1280196925
4
0
11473
2
0
1280197949
4
0
11474
2
0
1280198973
4
0
11475
2
0
1280199997
4
0
11476
2
0
1280201021
4
0
11477
2
0
1280202045
4
0
11478
2
0
1280203069
4
0
11479
2
0
1280205629
4
0
11480
2
0
1280206653
4
0
11481
2
0
1280207677
4
0
11482
2
0
1280208701
4
0
11483
2
0
1280209725
4
0
11484
2
0
1280210749
4
0
11485
2
0
1280192573
4
0
11486
2
0
1280193597
4
0
11487
2
0
1280194621
4
0
11488
2
0
1280262461
4
0
11489
2
0
1280263485
4
0
11490
2
0
1280264509
4
0
11491
2
0
1280265533
4
0
11492
2
0
1280266557
4
0
11493
2
0
1280267581
4
0
11494
2
0
1280268605
4
0
11495
2
0
1280271165
4
0
11496
2
0
1280272189
4
0
11497
2
0
1280273213
4
0
11498
2
0
1280274237
4
0
11499
2
0
1280275261
4
0
11500
2
0
1280276285
4
0
11501
2
0
1280258109
4
0
11502
2
0
1280259133
4
0
11503
2
0
1280260157
4
0
11504
2
0
1280327997
4
0
11505
2
0
1280329021
4
0
11506
2
0
1280330045
4
0
11507
2
0
1280331069
4
0
11508
2
0
1280332093
4
0
11509
2
0
1280333117
4
0
11510
2
0
1280334141
4
0
11511
2
0
1280336701
4
0
11512
2
0
1280337725
4
0
11513
2
0
1280338749
4
0
11514
2
0
1280339773
4
0
11515
2
0
1280340797
4
0
11516
2
0
1280341821
4
0
11517
2
0
1280323645
4
0
11518
2
0
1280324669
4
0
11519
2
0
1280325693
4
0
11520
2
0
1280393533
4
0
11521
2
0
1280394557
4
0
11522
2
0
1280395581
4
0
11523
2
0
1280396605
4
0
11524
2
0
1280397629
4
0
11525
2
0
1280398653
4
0
11526
2
0
1280399677
4
0
11527
2
0
1280402237
4
0
11528
2
0
1280403261
4
0
11529
2
0
1280404285
4
0
11530
2
0
1280405309
4
0
11531
2
0
1280406333
4
0
11532
2
0
1280407357
4
0
11533
2
0
1280389181
4
0
11534
2
0
1280390205
4
0
11535
2
0
1280391229
4
0
11536
2
0
1280459069
4
0
11537
2
0
1280460093
4
0
11538
2
0
1280461117
4
0
11539
2
0
1280462141
4
0
11540
2
0
1280463165
4
0
11541
2
0
1280464189
4
0
11542
2
0
1280465213
4
0
11543
2
0
1280467773
4
0
11544
2
0
1280468797
4
0
11545
2
0
1280469821
4
0
11546
2
0
1280470845
4
0
11547
2
0
1280471869
4
0
11548
2
0
1280472893
4
0
11549
2
0
1280454717
4
0
11550
2
0
1280455741
4
0
11551
2
0
1280456765
4
0
11552
2
0
1280524605
4
0
11553
2
0
1280525629
4
0
11554
2
0
1280526653
4
0
11555
2
0
1280527677
4
0
11556
2
0
1280528701
4
0
11557
2
0
1280529725
4
0
11558
2
0
1280530749
4
0
11559
2
0
1280533309
4
0
11560
2
0
1280534333
4
0
11561
2
0
1280535357
4
0
11562
2
0
1280536381
4
0
11563
2
0
1280537405
4
0
11564
2
0
1280538429
4
0
11565
2
0
1280520253
4
0
11566
2
0
1280521277
4
0
11567
2
0
1280522301
4
0
11568
2
0
1280590141
4
0
11569
2
0
1280591165
4
0
11570
2
0
1280592189
4
0
11571
2
0
1280593213
4
0
11572
2
0
1280594237
4
0
11573
2
0
1280595261
4
0
11574
2
0
1280596285
4
0
11575
2
0
1280598845
4
0
11576
2
0
1280599869
4
0
11577
2
0
1280600893
4
0
11578
2
0
1280601917
4
0
11579
2
0
1280602941
4
0
11580
2
0
1280603965
4
0
11581
2
0
1280585789
4
0
11582
2
0
1280586813
4
0
11583
2
0
1280587837
4
0
11584
2
0
1280655677
4
0
11585
2
0
1280656701
4
0
11586
2
0
1280657725
4
0
11587
2
0
1280658749
4
0
11588
2
0
1280659773
4
0
11589
2
0
1280660797
4
0
11590
2
0
1280661821
4
0
11591
2
0
1280664381
4
0
11592
2
0
1280665405
4
0
11593
2
0
1280666429
4
0
11594
2
0
1280667453
4
0
11595
2
0
1280668477
4
0
11596
2
0
1280669501
4
0
11597
2
0
1280651325
4
0
11598
2
0
1280652349
4
0
11599
2
0
1280653373
4
0
11600
2
0
1280721213
4
0
11601
2
0
1280722237
4
0
11602
2
0
1280723261
4
0
11603
2
0
1280724285
4
0
11604
2
0
1280725309
4
0
11605
2
0
1280726333
4
0
11606
2
0
1280727357
4
0
11607
2
0
1280729917
4
0
11608
2
0
1280730941
4
0
11609
2
0
1280731965
4
0
11610
2
0
1280732989
4
0
11611
2
0
1280734013
4
0
11612
2
0
1280735037
4
0
11613
2
0
1280716861
4
0
11614
2
0
1280717885
4
0
11615
2
0
1280718909
4
0
11616
2
0
1280786749
4
0
11617
2
0
1280787773
4
0
11618
2
0
1280788797
4
0
11619
2
0
1280789821
4
0
11620
2
0
1280790845
4
0
11621
2
0
1280791869
4
0
11622
2
0
1280792893
4
0
11623
2
0
1280795453
4
0
11624
2
0
1280796477
4
0
11625
2
0
1280797501
4
0
11626
2
0
1280798525
4
0
11627
2
0
1280799549
4
0
11628
2
0
1280800573
4
0
11629
2
0
1280782397
4
0
11630
2
0
1280783421
4
0
11631
2
0
1280784445
4
0
11632
2
0
1280852285
4
0
11633
2
0
1280853309
4
0
11634
2
0
1280854333
4
0
11635
2
0
1280855357
4
0
11636
2
0
1280856381
4
0
11637
2
0
1280857405
4
0
11638
2
0
1280858429
4
0
11639
2
0
1280860989
4
0
11640
2
0
1280862013
4
0
11641
2
0
1280863037
4
0
11642
2
0
1280864061
4
0
11643
2
0
1280865085
4
0
11644
2
0
1280866109
4
0
11645
2
0
1280847933
4
0
11646
2
0
1280848957
4
0
11647
2
0
1280849981
4
0
11648
2
0
1280917821
4
0
11649
2
0
1280918845
4
0
11650
2
0
1280919869
4
0
11651
2
0
1280920893
4
0
11652
2
0
1280921917
4
0
11653
2
0
1280922941
4
0
11654
2
0
1280923965
4
0
11655
2
0
1280926525
4
0
11656
2
0
1280927549
4
0
11657
2
0
1280928573
4
0
11658
2
0
1280929597
4
0
11659
2
0
1280930621
4
0
11660
2
0
1280931645
4
0
11661
2
0
1280913469
4
0
11662
2
0
1280914493
4
0
11663
2
0
1280915517
4
0
11664
2
0
1280983357
4
0
11665
2
0
1280984381
4
0
11666
2
0
1280985405
4
0
11667
2
0
1280986429
4
0
11668
2
0
1280987453
4
0
11669
2
0
1280988477
4
0
11670
2
0
1280989501
4
0
11671
2
0
1280992061
4
0
11672
2
0
1280993085
4
0
11673
2
0
1280994109
4
0
11674
2
0
1280995133
4
0
11675
2
0
1280996157
4
0
11676
2
0
1280997181
4
0
11677
2
0
1280979005
4
0
11678
2
0
1280980029
4
0
11679
2
0
1280981053
4
0
11680
2
0
1281442109
4
0
11681
2
0
1281443133
4
0
11682
2
0
1281444157
4
0
11683
2
0
1281445181
4
0
11684
2
0
1281446205
4
0
11685
2
0
1281447229
4
0
11686
2
0
1281448253
4
0
11687
2
0
1281450813
4
0
11688
2
0
1281451837
4
0
11689
2
0
1281452861
4
0
11690
2
0
1281453885
4
0
11691
2
0
1281454909
4
0
11692
2
0
1281455933
4
0
11693
2
0
1281437757
4
0
11694
2
0
1281438781
4
0
11695
2
0
1281439805
4
0
11696
2
0
1281507645
4
0
11697
2
0
1281508669
4
0
11698
2
0
1281509693
4
0
11699
2
0
1281510717
4
0
11700
2
0
1281511741
4
0
11701
2
0
1281512765
4
0
11702
2
0
1281513789
4
0
11703
2
0
1281516349
4
0
11704
2
0
1281517373
4
0
11705
2
0
1281518397
4
0
11706
2
0
1281519421
4
0
11707
2
0
1281520445
4
0
11708
2
0
1281521469
4
0
11709
2
0
1281503293
4
0
11710
2
0
1281504317
4
0
11711
2
0
1281505341
4
0
11712
2
0
1281573181
4
0
11713
2
0
1281574205
4
0
11714
2
0
1281575229
4
0
11715
2
0
1281576253
4
0
11716
2
0
1281577277
4
0
11717
2
0
1281578301
4
0
11718
2
0
1281579325
4
0
11719
2
0
1281581885
4
0
11720
2
0
1281582909
4
0
11721
2
0
1281583933
4
0
11722
2
0
1281584957
4
0
11723
2
0
1281585981
4
0
11724
2
0
1281587005
4
0
11725
2
0
1281568829
4
0
11726
2
0
1281569853
4
0
11727
2
0
1281570877
4
0
11728
2
0
1281638717
4
0
11729
2
0
1281639741
4
0
11730
2
0
1281640765
4
0
11731
2
0
1281641789
4
0
11732
2
0
1281642813
4
0
11733
2
0
1281643837
4
0
11734
2
0
1281644861
4
0
11735
2
0
1281647421
4
0
11736
2
0
1281648445
4
0
11737
2
0
1281649469
4
0
11738
2
0
1281650493
4
0
11739
2
0
1281651517
4
0
11740
2
0
1281652541
4
0
11741
2
0
1281634365
4
0
11742
2
0
1281635389
4
0
11743
2
0
1281636413
4
0
11744
2
0
1281704253
4
0
11745
2
0
1281705277
4
0
11746
2
0
1281706301
4
0
11747
2
0
1281707325
4
0
11748
2
0
1281708349
4
0
11749
2
0
1281709373
4
0
11750
2
0
1281710397
4
0
11751
2
0
1281712957
4
0
11752
2
0
1281713981
4
0
11753
2
0
1281715005
4
0
11754
2
0
1281716029
4
0
11755
2
0
1281717053
4
0
11756
2
0
1281718077
4
0
11757
2
0
1281699901
4
0
11758
2
0
1281700925
4
0
11759
2
0
1281701949
4
0
11760
2
0
1281769789
4
0
11761
2
0
1281770813
4
0
11762
2
0
1281771837
4
0
11763
2
0
1281772861
4
0
11764
2
0
1281773885
4
0
11765
2
0
1281774909
4
0
11766
2
0
1281775933
4
0
11767
2
0
1281778493
4
0
11768
2
0
1281779517
4
0
11769
2
0
1281780541
4
0
11770
2
0
1281781565
4
0
11771
2
0
1281782589
4
0
11772
2
0
1281783613
4
0
11773
2
0
1281765437
4
0
11774
2
0
1281766461
4
0
11775
2
0
1281767485
4
0
11776
2
0
1281835325
4
0
11777
2
0
1281836349
4
0
11778
2
0
1281837373
4
0
11779
2
0
1281838397
4
0
11780
2
0
1281839421
4
0
11781
2
0
1281840445
4
0
11782
2
0
1281841469
4
0
11783
2
0
1281844029
4
0
11784
2
0
1281845053
4
0
11785
2
0
1281846077
4
0
11786
2
0
1281847101
4
0
11787
2
0
1281848125
4
0
11788
2
0
1281849149
4
0
11789
2
0
1281830973
4
0
11790
2
0
1281831997
4
0
11791
2
0
1281833021
4
0
11792
2
0
1281900861
4
0
11793
2
0
1281901885
4
0
11794
2
0
1281902909
4
0
11795
2
0
1281903933
4
0
11796
2
0
1281904957
4
0
11797
2
0
1281905981
4
0
11798
2
0
1281907005
4
0
11799
2
0
1281909565
4
0
11800
2
0
1281910589
4
0
11801
2
0
1281911613
4
0
11802
2
0
1281912637
4
0
11803
2
0
1281913661
4
0
11804
2
0
1281914685
4
0
11805
2
0
1281896509
4
0
11806
2
0
1281897533
4
0
11807
2
0
1281898557
4
0
11808
2
0
1281966397
4
0
11809
2
0
1281967421
4
0
11810
2
0
1281968445
4
0
11811
2
0
1281969469
4
0
11812
2
0
1281970493
4
0
11813
2
0
1281971517
4
0
11814
2
0
1281972541
4
0
11815
2
0
1281975101
4
0
11816
2
0
1281976125
4
0
11817
2
0
1281977149
4
0
11818
2
0
1281978173
4
0
11819
2
0
1281979197
4
0
11820
2
0
1281980221
4
0
11821
2
0
1281962045
4
0
11822
2
0
1281963069
4
0
11823
2
0
1281964093
4
0
11824
2
0
1282031933
4
0
11825
2
0
1282032957
4
0
11826
2
0
1282033981
4
0
11827
2
0
1282035005
4
0
11828
2
0
1282036029
4
0
11829
2
0
1282037053
4
0
11830
2
0
1282038077
4
0
11831
2
0
1282040637
4
0
11832
2
0
1282041661
4
0
11833
2
0
1282042685
4
0
11834
2
0
1282043709
4
0
11835
2
0
1282044733
4
0
11836
2
0
1282045757
4
0
11837
2
0
1282027581
4
0
11838
2
0
1282028605
4
0
11839
2
0
1282029629
4
0
11840
2
0
1282097469
4
0
11841
2
0
1282098493
4
0
11842
2
0
1282099517
4
0
11843
2
0
1282100541
4
0
11844
2
0
1282101565
4
0
11845
2
0
1282102589
4
0
11846
2
0
1282103613
4
0
11847
2
0
1282106173
4
0
11848
2
0
1282107197
4
0
11849
2
0
1282108221
4
0
11850
2
0
1282109245
4
0
11851
2
0
1282110269
4
0
11852
2
0
1282111293
4
0
11853
2
0
1282093117
4
0
11854
2
0
1282094141
4
0
11855
2
0
1282095165
4
0
11856
2
0
1282163005
4
0
11857
2
0
1282164029
4
0
11858
2
0
1282165053
4
0
11859
2
0
1282166077
4
0
11860
2
0
1282167101
4
0
11861
2
0
1282168125
4
0
11862
2
0
1282169149
4
0
11863
2
0
1282171709
4
0
11864
2
0
1282172733
4
0
11865
2
0
1282173757
4
0
11866
2
0
1282174781
4
0
11867
2
0
1282175805
4
0
11868
2
0
1282176829
4
0
11869
2
0
1282158653
4
0
11870
2
0
1282159677
4
0
11871
2
0
1282160701
4
0
11872
2
0
1282228541
4
0
11873
2
0
1282229565
4
0
11874
2
0
1282230589
4
0
11875
2
0
1282231613
4
0
11876
2
0
1282232637
4
0
11877
2
0
1282233661
4
0
11878
2
0
1282234685
4
0
11879
2
0
1282237245
4
0
11880
2
0
1282238269
4
0
11881
2
0
1282239293
4
0
11882
2
0
1282240317
4
0
11883
2
0
1282241341
4
0
11884
2
0
1282242365
4
0
11885
2
0
1282224189
4
0
11886
2
0
1282225213
4
0
11887
2
0
1282226237
4
0
11888
2
0
1282294077
4
0
11889
2
0
1282295101
4
0
11890
2
0
1282296125
4
0
11891
2
0
1282297149
4
0
11892
2
0
1282298173
4
0
11893
2
0
1282299197
4
0
11894
2
0
1282300221
4
0
11895
2
0
1282302781
4
0
11896
2
0
1282303805
4
0
11897
2
0
1282304829
4
0
11898
2
0
1282305853
4
0
11899
2
0
1282306877
4
0
11900
2
0
1282307901
4
0
11901
2
0
1282289725
4
0
11902
2
0
1282290749
4
0
11903
2
0
1282291773
4
0
11904
2
0
1282359613
4
0
11905
2
0
1282360637
4
0
11906
2
0
1282361661
4
0
11907
2
0
1282362685
4
0
11908
2
0
1282363709
4
0
11909
2
0
1282364733
4
0
11910
2
0
1282365757
4
0
11911
2
0
1282368317
4
0
11912
2
0
1282369341
4
0
11913
2
0
1282370365
4
0
11914
2
0
1282371389
4
0
11915
2
0
1282372413
4
0
11916
2
0
1282373437
4
0
11917
2
0
1282355261
4
0
11918
2
0
1282356285
4
0
11919
2
0
1282357309
4
0
11920
2
0
1282425149
4
0
11921
2
0
1282426173
4
0
11922
2
0
1282427197
4
0
11923
2
0
1282428221
4
0
11924
2
0
1282429245
4
0
11925
2
0
1282430269
4
0
11926
2
0
1282431293
4
0
11927
2
0
1282433853
4
0
11928
2
0
1282434877
4
0
11929
2
0
1282435901
4
0
11930
2
0
1282436925
4
0
11931
2
0
1282437949
4
0
11932
2
0
1282438973
4
0
11933
2
0
1282420797
4
0
11934
2
0
1282421821
4
0
11935
2
0
1282422845
4
0
11936
2
0
1282490685
4
0
11937
2
0
1282491709
4
0
11938
2
0
1282492733
4
0
11939
2
0
1282493757
4
0
11940
2
0
1282494781
4
0
11941
2
0
1282495805
4
0
11942
2
0
1282496829
4
0
11943
2
0
1282499389
4
0
11944
2
0
1282500413
4
0
11945
2
0
1282501437
4
0
11946
2
0
1282502461
4
0
11947
2
0
1282503485
4
0
11948
2
0
1282504509
4
0
11949
2
0
1282486333
4
0
11950
2
0
1282487357
4
0
11951
2
0
1282488381
4
0
11952
2
0
1282556221
4
0
11953
2
0
1282557245
4
0
11954
2
0
1282558269
4
0
11955
2
0
1282559293
4
0
11956
2
0
1282560317
4
0
11957
2
0
1282561341
4
0
11958
2
0
1282562365
4
0
11959
2
0
1282564925
4
0
11960
2
0
1282565949
4
0
11961
2
0
1282566973
4
0
11962
2
0
1282567997
4
0
11963
2
0
1282569021
4
0
11964
2
0
1282570045
4
0
11965
2
0
1282551869
4
0
11966
2
0
1282552893
4
0
11967
2
0
1282553917
4
0
11968
2
0
1282621757
4
0
11969
2
0
1282622781
4
0
11970
2
0
1282623805
4
0
11971
2
0
1282624829
4
0
11972
2
0
1282625853
4
0
11973
2
0
1282626877
4
0
11974
2
0
1282627901
4
0
11975
2
0
1282630461
4
0
11976
2
0
1282631485
4
0
11977
2
0
1282632509
4
0
11978
2
0
1282633533
4
0
11979
2
0
1282634557
4
0
11980
2
0
1282635581
4
0
11981
2
0
1282617405
4
0
11982
2
0
1282618429
4
0
11983
2
0
1282619453
4
0
11984
2
0
1282687293
4
0
11985
2
0
1282688317
4
0
11986
2
0
1282689341
4
0
11987
2
0
1282690365
4
0
11988
2
0
1282691389
4
0
11989
2
0
1282692413
4
0
11990
2
0
1282693437
4
0
11991
2
0
1282695997
4
0
11992
2
0
1282697021
4
0
11993
2
0
1282698045
4
0
11994
2
0
1282699069
4
0
11995
2
0
1282700093
4
0
11996
2
0
1282701117
4
0
11997
2
0
1282682941
4
0
11998
2
0
1282683965
4
0
11999
2
0
1282684989
4
0
12000
2
0
1282752829
4
0
12001
2
0
1282753853
4
0
12002
2
0
1282754877
4
0
12003
2
0
1282755901
4
0
12004
2
0
1282756925
4
0
12005
2
0
1282757949
4
0
12006
2
0
1282758973
4
0
12007
2
0
1282761533
4
0
12008
2
0
1282762557
4
0
12009
2
0
1282763581
4
0
12010
2
0
1282764605
4
0
12011
2
0
1282765629
4
0
12012
2
0
1282766653
4
0
12013
2
0
1282748477
4
0
12014
2
0
1282749501
4
0
12015
2
0
1282750525
4
0
12016
2
0
1282818365
4
0
12017
2
0
1282819389
4
0
12018
2
0
1282820413
4
0
12019
2
0
1282821437
4
0
12020
2
0
1282822461
4
0
12021
2
0
1282823485
4
0
12022
2
0
1282824509
4
0
12023
2
0
1282827069
4
0
12024
2
0
1282828093
4
0
12025
2
0
1282829117
4
0
12026
2
0
1282830141
4
0
12027
2
0
1282831165
4
0
12028
2
0
1282832189
4
0
12029
2
0
1282814013
4
0
12030
2
0
1282815037
4
0
12031
2
0
1282816061
4
0
12032
2
0
1282883901
4
0
12033
2
0
1282884925
4
0
12034
2
0
1282885949
4
0
12035
2
0
1282886973
4
0
12036
2
0
1282887997
4
0
12037
2
0
1282889021
4
0
12038
2
0
1282890045
4
0
12039
2
0
1282892605
4
0
12040
2
0
1282893629
4
0
12041
2
0
1282894653
4
0
12042
2
0
1282895677
4
0
12043
2
0
1282896701
4
0
12044
2
0
1282897725
4
0
12045
2
0
1282879549
4
0
12046
2
0
1282880573
4
0
12047
2
0
1282881597
4
0
12048
2
0
1282949437
4
0
12049
2
0
1282950461
4
0
12050
2
0
1282951485
4
0
12051
2
0
1282952509
4
0
12052
2
0
1282953533
4
0
12053
2
0
1282954557
4
0
12054
2
0
1282955581
4
0
12055
2
0
1282958141
4
0
12056
2
0
1282959165
4
0
12057
2
0
1282960189
4
0
12058
2
0
1282961213
4
0
12059
2
0
1282962237
4
0
12060
2
0
1282963261
4
0
12061
2
0
1282945085
4
0
12062
2
0
1282946109
4
0
12063
2
0
1282947133
4
0
12064
2
0
1283014973
4
0
12065
2
0
1283015997
4
0
12066
2
0
1283017021
4
0
12067
2
0
1283018045
4
0
12068
2
0
1283019069
4
0
12069
2
0
1283020093
4
0
12070
2
0
1283021117
4
0
12071
2
0
1283023677
4
0
12072
2
0
1283024701
4
0
12073
2
0
1283025725
4
0
12074
2
0
1283026749
4
0
12075
2
0
1283027773
4
0
12076
2
0
1283028797
4
0
12077
2
0
1283010621
4
0
12078
2
0
1283011645
4
0
12079
2
0
1283012669
4
0
12080
2
0
1283080509
4
0
12081
2
0
1283081533
4
0
12082
2
0
1283082557
4
0
12083
2
0
1283083581
4
0
12084
2
0
1283084605
4
0
12085
2
0
1283085629
4
0
12086
2
0
1283086653
4
0
12087
2
0
1283089213
4
0
12088
2
0
1283090237
4
0
12089
2
0
1283091261
4
0
12090
2
0
1283092285
4
0
12091
2
0
1283093309
4
0
12092
2
0
1283094333
4
0
12093
2
0
1283076157
4
0
12094
2
0
1283077181
4
0
12095
2
0
1283078205
4
0
12096
2
0
1278230845
4
0
12097
2
0
1278231869
4
0
12098
2
0
1278232893
4
0
12099
2
0
1278233917
4
0
12100
2
0
1278234941
4
0
12101
2
0
1278235965
4
0
12102
2
0
1278236989
4
0
12103
2
0
1278239549
4
0
12104
2
0
1278240573
4
0
12105
2
0
1278241597
4
0
12106
2
0
1278242621
4
0
12107
2
0
1278243645
4
0
12108
2
0
1278244669
4
0
12109
2
0
1278226493
4
0
12110
2
0
1278227517
4
0
12111
2
0
1278228541
4
0
12112
2
0
1278296381
4
0
12113
2
0
1278297405
4
0
12114
2
0
1278298429
4
0
12115
2
0
1278299453
4
0
12116
2
0
1278300477
4
0
12117
2
0
1278301501
4
0
12118
2
0
1278302525
4
0
12119
2
0
1278305085
4
0
12120
2
0
1278306109
4
0
12121
2
0
1278307133
4
0
12122
2
0
1278308157
4
0
12123
2
0
1278309181
4
0
12124
2
0
1278310205
4
0
12125
2
0
1278292029
4
0
12126
2
0
1278293053
4
0
12127
2
0
1278294077
4
0
12128
2
0
1278361917
4
0
12129
2
0
1278362941
4
0
12130
2
0
1278363965
4
0
12131
2
0
1278364989
4
0
12132
2
0
1278366013
4
0
12133
2
0
1278367037
4
0
12134
2
0
1278368061
4
0
12135
2
0
1278370621
4
0
12136
2
0
1278371645
4
0
12137
2
0
1278372669
4
0
12138
2
0
1278373693
4
0
12139
2
0
1278374717
4
0
12140
2
0
1278375741
4
0
12141
2
0
1278357565
4
0
12142
2
0
1278358589
4
0
12143
2
0
1278359613
4
0
12144
2
0
1278427453
4
0
12145
2
0
1278428477
4
0
12146
2
0
1278429501
4
0
12147
2
0
1278430525
4
0
12148
2
0
1278431549
4
0
12149
2
0
1278432573
4
0
12150
2
0
1278433597
4
0
12151
2
0
1278436157
4
0
12152
2
0
1278437181
4
0
12153
2
0
1278438205
4
0
12154
2
0
1278439229
4
0
12155
2
0
1278440253
4
0
12156
2
0
1278441277
4
0
12157
2
0
1278423101
4
0
12158
2
0
1278424125
4
0
12159
2
0
1278425149
4
0
12160
2
0
1278492989
4
0
12161
2
0
1278494013
4
0
12162
2
0
1278495037
4
0
12163
2
0
1278496061
4
0
12164
2
0
1278497085
4
0
12165
2
0
1278498109
4
0
12166
2
0
1278499133
4
0
12167
2
0
1278501693
4
0
12168
2
0
1278502717
4
0
12169
2
0
1278503741
4
0
12170
2
0
1278504765
4
0
12171
2
0
1278505789
4
0
12172
2
0
1278506813
4
0
12173
2
0
1278488637
4
0
12174
2
0
1278489661
4
0
12175
2
0
1278490685
4
0
12176
2
0
1278558525
4
0
12177
2
0
1278559549
4
0
12178
2
0
1278560573
4
0
12179
2
0
1278561597
4
0
12180
2
0
1278562621
4
0
12181
2
0
1278563645
4
0
12182
2
0
1278564669
4
0
12183
2
0
1278567229
4
0
12184
2
0
1278568253
4
0
12185
2
0
1278569277
4
0
12186
2
0
1278570301
4
0
12187
2
0
1278571325
4
0
12188
2
0
1278572349
4
0
12189
2
0
1278554173
4
0
12190
2
0
1278555197
4
0
12191
2
0
1278556221
4
0
12192
2
0
1278624061
4
0
12193
2
0
1278625085
4
0
12194
2
0
1278626109
4
0
12195
2
0
1278627133
4
0
12196
2
0
1278628157
4
0
12197
2
0
1278629181
4
0
12198
2
0
1278630205
4
0
12199
2
0
1278632765
4
0
12200
2
0
1278633789
4
0
12201
2
0
1278634813
4
0
12202
2
0
1278635837
4
0
12203
2
0
1278636861
4
0
12204
2
0
1278637885
4
0
12205
2
0
1278619709
4
0
12206
2
0
1278620733
4
0
12207
2
0
1278621757
4
0
12208
2
0
1278689597
4
0
12209
2
0
1278690621
4
0
12210
2
0
1278691645
4
0
12211
2
0
1278692669
4
0
12212
2
0
1278693693
4
0
12213
2
0
1278694717
4
0
12214
2
0
1278695741
4
0
12215
2
0
1278698301
4
0
12216
2
0
1278699325
4
0
12217
2
0
1278700349
4
0
12218
2
0
1278701373
4
0
12219
2
0
1278702397
4
0
12220
2
0
1278703421
4
0
12221
2
0
1278685245
4
0
12222
2
0
1278686269
4
0
12223
2
0
1278687293
4
0
12224
2
0
1278755133
4
0
12225
2
0
1278756157
4
0
12226
2
0
1278757181
4
0
12227
2
0
1278758205
4
0
12228
2
0
1278759229
4
0
12229
2
0
1278760253
4
0
12230
2
0
1278761277
4
0
12231
2
0
1278763837
4
0
12232
2
0
1278764861
4
0
12233
2
0
1278765885
4
0
12234
2
0
1278766909
4
0
12235
2
0
1278767933
4
0
12236
2
0
1278768957
4
0
12237
2
0
1278750781
4
0
12238
2
0
1278751805
4
0
12239
2
0
1278752829
4
0
12240
2
0
1278820669
4
0
12241
2
0
1278821693
4
0
12242
2
0
1278822717
4
0
12243
2
0
1278823741
4
0
12244
2
0
1278824765
4
0
12245
2
0
1278825789
4
0
12246
2
0
1278826813
4
0
12247
2
0
1278829373
4
0
12248
2
0
1278830397
4
0
12249
2
0
1278831421
4
0
12250
2
0
1278832445
4
0
12251
2
0
1278833469
4
0
12252
2
0
1278834493
4
0
12253
2
0
1278816317
4
0
12254
2
0
1278817341
4
0
12255
2
0
1278818365
4
0
12256
2
0
1277903165
4
0
12257
2
0
1277904189
4
0
12258
2
0
1277905213
4
0
12259
2
0
1277906237
4
0
12260
2
0
1277907261
4
0
12261
2
0
1277908285
4
0
12262
2
0
1277909309
4
0
12263
2
0
1277911869
4
0
12264
2
0
1277912893
4
0
12265
2
0
1277913917
4
0
12266
2
0
1277914941
4
0
12267
2
0
1277915965
4
0
12268
2
0
1277916989
4
0
12269
2
0
1277898813
4
0
12270
2
0
1277899837
4
0
12271
2
0
1277900861
4
0
12272
2
0
1278165309
4
0
12273
2
0
1278166333
4
0
12274
2
0
1278167357
4
0
12275
2
0
1278168381
4
0
12276
2
0
1278169405
4
0
12277
2
0
1278170429
4
0
12278
2
0
1278171453
4
0
12279
2
0
1278174013
4
0
12280
2
0
1278175037
4
0
12281
2
0
1278176061
4
0
12282
2
0
1278177085
4
0
12283
2
0
1278178109
4
0
12284
2
0
1278179133
4
0
12285
2
0
1278160957
4
0
12286
2
0
1278161981
4
0
12287
2
0
1278163005
4
