1024
0
33792
2
0
1749107005
4
0
33793
2
0
1749108029
4
0
33794
2
0
1749109053
4
0
33795
2
0
1749110077
4
0
33796
2
0
1749111101
4
0
33797
2
0
1749112125
4
0
33798
2
0
1749113149
4
0
33799
2
0
1749115709
4
0
33800
2
0
1749116733
4
0
33801
2
0
1749117757
4
0
33802
2
0
1749118781
4
0
33803
2
0
1749119805
4
0
33804
2
0
1749120829
4
0
33805
2
0
1749102653
4
0
33806
2
0
1749103677
4
0
33807
2
0
1749104701
4
0
33808
2
0
1749172541
4
0
33809
2
0
1749173565
4
0
33810
2
0
1749174589
4
0
33811
2
0
1749175613
4
0
33812
2
0
1749176637
4
0
33813
2
0
1749177661
4
0
33814
2
0
1749178685
4
0
33815
2
0
1749181245
4
0
33816
2
0
1749182269
4
0
33817
2
0
1749183293
4
0
33818
2
0
1749184317
4
0
33819
2
0
1749185341
4
0
33820
2
0
1749186365
4
0
33821
2
0
1749168189
4
0
33822
2
0
1749169213
4
0
33823
2
0
1749170237
4
0
33824
2
0
1749238077
4
0
33825
2
0
1749239101
4
0
33826
2
0
1749240125
4
0
33827
2
0
1749241149
4
0
33828
2
0
1749242173
4
0
33829
2
0
1749243197
4
0
33830
2
0
1749244221
4
0
33831
2
0
1749246781
4
0
33832
2
0
1749247805
4
0
33833
2
0
1749248829
4
0
33834
2
0
1749249853
4
0
33835
2
0
1749250877
4
0
33836
2
0
1749251901
4
0
33837
2
0
1749233725
4
0
33838
2
0
1749234749
4
0
33839
2
0
1749235773
4
0
33840
2
0
1749303613
4
0
33841
2
0
1749304637
4
0
33842
2
0
1749305661
4
0
33843
2
0
1749306685
4
0
33844
2
0
1749307709
4
0
33845
2
0
1749308733
4
0
33846
2
0
1749309757
4
0
33847
2
0
1749312317
4
0
33848
2
0
1749313341
4
0
33849
2
0
1749314365
4
0
33850
2
0
1749315389
4
0
33851
2
0
1749316413
4
0
33852
2
0
1749317437
4
0
33853
2
0
1749299261
4
0
33854
2
0
1749300285
4
0
33855
2
0
1749301309
4
0
33856
2
0
1749369149
4
0
33857
2
0
1749370173
4
0
33858
2
0
1749371197
4
0
33859
2
0
1749372221
4
0
33860
2
0
1749373245
4
0
33861
2
0
1749374269
4
0
33862
2
0
1749375293
4
0
33863
2
0
1749377853
4
0
33864
2
0
1749378877
4
0
33865
2
0
1749379901
4
0
33866
2
0
1749380925
4
0
33867
2
0
1749381949
4
0
33868
2
0
1749382973
4
0
33869
2
0
1749364797
4
0
33870
2
0
1749365821
4
0
33871
2
0
1749366845
4
0
33872
2
0
1749434685
4
0
33873
2
0
1749435709
4
0
33874
2
0
1749436733
4
0
33875
2
0
1749437757
4
0
33876
2
0
1749438781
4
0
33877
2
0
1749439805
4
0
33878
2
0
1749440829
4
0
33879
2
0
1749443389
4
0
33880
2
0
1749444413
4
0
33881
2
0
1749445437
4
0
33882
2
0
1749446461
4
0
33883
2
0
1749447485
4
0
33884
2
0
1749448509
4
0
33885
2
0
1749430333
4
0
33886
2
0
1749431357
4
0
33887
2
0
1749432381
4
0
33888
2
0
1749500221
4
0
33889
2
0
1749501245
4
0
33890
2
0
1749502269
4
0
33891
2
0
1749503293
4
0
33892
2
0
1749504317
4
0
33893
2
0
1749505341
4
0
33894
2
0
1749506365
4
0
33895
2
0
1749508925
4
0
33896
2
0
1749509949
4
0
33897
2
0
1749510973
4
0
33898
2
0
1749511997
4
0
33899
2
0
1749513021
4
0
33900
2
0
1749514045
4
0
33901
2
0
1749495869
4
0
33902
2
0
1749496893
4
0
33903
2
0
1749497917
4
0
33904
2
0
1749565757
4
0
33905
2
0
1749566781
4
0
33906
2
0
1749567805
4
0
33907
2
0
1749568829
4
0
33908
2
0
1749569853
4
0
33909
2
0
1749570877
4
0
33910
2
0
1749571901
4
0
33911
2
0
1749574461
4
0
33912
2
0
1749575485
4
0
33913
2
0
1749576509
4
0
33914
2
0
1749577533
4
0
33915
2
0
1749578557
4
0
33916
2
0
1749579581
4
0
33917
2
0
1749561405
4
0
33918
2
0
1749562429
4
0
33919
2
0
1749563453
4
0
33920
2
0
1749631293
4
0
33921
2
0
1749632317
4
0
33922
2
0
1749633341
4
0
33923
2
0
1749634365
4
0
33924
2
0
1749635389
4
0
33925
2
0
1749636413
4
0
33926
2
0
1749637437
4
0
33927
2
0
1749639997
4
0
33928
2
0
1749641021
4
0
33929
2
0
1749642045
4
0
33930
2
0
1749643069
4
0
33931
2
0
1749644093
4
0
33932
2
0
1749645117
4
0
33933
2
0
1749626941
4
0
33934
2
0
1749627965
4
0
33935
2
0
1749628989
4
0
33936
2
0
1749696829
4
0
33937
2
0
1749697853
4
0
33938
2
0
1749698877
4
0
33939
2
0
1749699901
4
0
33940
2
0
1749700925
4
0
33941
2
0
1749701949
4
0
33942
2
0
1749702973
4
0
33943
2
0
1749705533
4
0
33944
2
0
1749706557
4
0
33945
2
0
1749707581
4
0
33946
2
0
1749708605
4
0
33947
2
0
1749709629
4
0
33948
2
0
1749710653
4
0
33949
2
0
1749692477
4
0
33950
2
0
1749693501
4
0
33951
2
0
1749694525
4
0
33952
2
0
1749762365
4
0
33953
2
0
1749763389
4
0
33954
2
0
1749764413
4
0
33955
2
0
1749765437
4
0
33956
2
0
1749766461
4
0
33957
2
0
1749767485
4
0
33958
2
0
1749768509
4
0
33959
2
0
1749771069
4
0
33960
2
0
1749772093
4
0
33961
2
0
1749773117
4
0
33962
2
0
1749774141
4
0
33963
2
0
1749775165
4
0
33964
2
0
1749776189
4
0
33965
2
0
1749758013
4
0
33966
2
0
1749759037
4
0
33967
2
0
1749760061
4
0
33968
2
0
1749827901
4
0
33969
2
0
1749828925
4
0
33970
2
0
1749829949
4
0
33971
2
0
1749830973
4
0
33972
2
0
1749831997
4
0
33973
2
0
1749833021
4
0
33974
2
0
1749834045
4
0
33975
2
0
1749836605
4
0
33976
2
0
1749837629
4
0
33977
2
0
1749838653
4
0
33978
2
0
1749839677
4
0
33979
2
0
1749840701
4
0
33980
2
0
1749841725
4
0
33981
2
0
1749823549
4
0
33982
2
0
1749824573
4
0
33983
2
0
1749825597
4
0
33984
2
0
1749893437
4
0
33985
2
0
1749894461
4
0
33986
2
0
1749895485
4
0
33987
2
0
1749896509
4
0
33988
2
0
1749897533
4
0
33989
2
0
1749898557
4
0
33990
2
0
1749899581
4
0
33991
2
0
1749902141
4
0
33992
2
0
1749903165
4
0
33993
2
0
1749904189
4
0
33994
2
0
1749905213
4
0
33995
2
0
1749906237
4
0
33996
2
0
1749907261
4
0
33997
2
0
1749889085
4
0
33998
2
0
1749890109
4
0
33999
2
0
1749891133
4
0
34000
2
0
1749958973
4
0
34001
2
0
1749959997
4
0
34002
2
0
1749961021
4
0
34003
2
0
1749962045
4
0
34004
2
0
1749963069
4
0
34005
2
0
1749964093
4
0
34006
2
0
1749965117
4
0
34007
2
0
1749967677
4
0
34008
2
0
1749968701
4
0
34009
2
0
1749969725
4
0
34010
2
0
1749970749
4
0
34011
2
0
1749971773
4
0
34012
2
0
1749972797
4
0
34013
2
0
1749954621
4
0
34014
2
0
1749955645
4
0
34015
2
0
1749956669
4
0
34016
2
0
1750024509
4
0
34017
2
0
1750025533
4
0
34018
2
0
1750026557
4
0
34019
2
0
1750027581
4
0
34020
2
0
1750028605
4
0
34021
2
0
1750029629
4
0
34022
2
0
1750030653
4
0
34023
2
0
1750033213
4
0
34024
2
0
1750034237
4
0
34025
2
0
1750035261
4
0
34026
2
0
1750036285
4
0
34027
2
0
1750037309
4
0
34028
2
0
1750038333
4
0
34029
2
0
1750020157
4
0
34030
2
0
1750021181
4
0
34031
2
0
1750022205
4
0
34032
2
0
1750090045
4
0
34033
2
0
1750091069
4
0
34034
2
0
1750092093
4
0
34035
2
0
1750093117
4
0
34036
2
0
1750094141
4
0
34037
2
0
1750095165
4
0
34038
2
0
1750096189
4
0
34039
2
0
1750098749
4
0
34040
2
0
1750099773
4
0
34041
2
0
1750100797
4
0
34042
2
0
1750101821
4
0
34043
2
0
1750102845
4
0
34044
2
0
1750103869
4
0
34045
2
0
1750085693
4
0
34046
2
0
1750086717
4
0
34047
2
0
1750087741
4
0
34048
2
0
1750155581
4
0
34049
2
0
1750156605
4
0
34050
2
0
1750157629
4
0
34051
2
0
1750158653
4
0
34052
2
0
1750159677
4
0
34053
2
0
1750160701
4
0
34054
2
0
1750161725
4
0
34055
2
0
1750164285
4
0
34056
2
0
1750165309
4
0
34057
2
0
1750166333
4
0
34058
2
0
1750167357
4
0
34059
2
0
1750168381
4
0
34060
2
0
1750169405
4
0
34061
2
0
1750151229
4
0
34062
2
0
1750152253
4
0
34063
2
0
1750153277
4
0
34064
2
0
1750221117
4
0
34065
2
0
1750222141
4
0
34066
2
0
1750223165
4
0
34067
2
0
1750224189
4
0
34068
2
0
1750225213
4
0
34069
2
0
1750226237
4
0
34070
2
0
1750227261
4
0
34071
2
0
1750229821
4
0
34072
2
0
1750230845
4
0
34073
2
0
1750231869
4
0
34074
2
0
1750232893
4
0
34075
2
0
1750233917
4
0
34076
2
0
1750234941
4
0
34077
2
0
1750216765
4
0
34078
2
0
1750217789
4
0
34079
2
0
1750218813
4
0
34080
2
0
1750286653
4
0
34081
2
0
1750287677
4
0
34082
2
0
1750288701
4
0
34083
2
0
1750289725
4
0
34084
2
0
1750290749
4
0
34085
2
0
1750291773
4
0
34086
2
0
1750292797
4
0
34087
2
0
1750295357
4
0
34088
2
0
1750296381
4
0
34089
2
0
1750297405
4
0
34090
2
0
1750298429
4
0
34091
2
0
1750299453
4
0
34092
2
0
1750300477
4
0
34093
2
0
1750282301
4
0
34094
2
0
1750283325
4
0
34095
2
0
1750284349
4
0
34096
2
0
1750352189
4
0
34097
2
0
1750353213
4
0
34098
2
0
1750354237
4
0
34099
2
0
1750355261
4
0
34100
2
0
1750356285
4
0
34101
2
0
1750357309
4
0
34102
2
0
1750358333
4
0
34103
2
0
1750360893
4
0
34104
2
0
1750361917
4
0
34105
2
0
1750362941
4
0
34106
2
0
1750363965
4
0
34107
2
0
1750364989
4
0
34108
2
0
1750366013
4
0
34109
2
0
1750347837
4
0
34110
2
0
1750348861
4
0
34111
2
0
1750349885
4
0
34112
2
0
1750417725
4
0
34113
2
0
1750418749
4
0
34114
2
0
1750419773
4
0
34115
2
0
1750420797
4
0
34116
2
0
1750421821
4
0
34117
2
0
1750422845
4
0
34118
2
0
1750423869
4
0
34119
2
0
1750426429
4
0
34120
2
0
1750427453
4
0
34121
2
0
1750428477
4
0
34122
2
0
1750429501
4
0
34123
2
0
1750430525
4
0
34124
2
0
1750431549
4
0
34125
2
0
1750413373
4
0
34126
2
0
1750414397
4
0
34127
2
0
1750415421
4
0
34128
2
0
1750483261
4
0
34129
2
0
1750484285
4
0
34130
2
0
1750485309
4
0
34131
2
0
1750486333
4
0
34132
2
0
1750487357
4
0
34133
2
0
1750488381
4
0
34134
2
0
1750489405
4
0
34135
2
0
1750491965
4
0
34136
2
0
1750492989
4
0
34137
2
0
1750494013
4
0
34138
2
0
1750495037
4
0
34139
2
0
1750496061
4
0
34140
2
0
1750497085
4
0
34141
2
0
1750478909
4
0
34142
2
0
1750479933
4
0
34143
2
0
1750480957
4
0
34144
2
0
1750548797
4
0
34145
2
0
1750549821
4
0
34146
2
0
1750550845
4
0
34147
2
0
1750551869
4
0
34148
2
0
1750552893
4
0
34149
2
0
1750553917
4
0
34150
2
0
1750554941
4
0
34151
2
0
1750557501
4
0
34152
2
0
1750558525
4
0
34153
2
0
1750559549
4
0
34154
2
0
1750560573
4
0
34155
2
0
1750561597
4
0
34156
2
0
1750562621
4
0
34157
2
0
1750544445
4
0
34158
2
0
1750545469
4
0
34159
2
0
1750546493
4
0
34160
2
0
1750614333
4
0
34161
2
0
1750615357
4
0
34162
2
0
1750616381
4
0
34163
2
0
1750617405
4
0
34164
2
0
1750618429
4
0
34165
2
0
1750619453
4
0
34166
2
0
1750620477
4
0
34167
2
0
1750623037
4
0
34168
2
0
1750624061
4
0
34169
2
0
1750625085
4
0
34170
2
0
1750626109
4
0
34171
2
0
1750627133
4
0
34172
2
0
1750628157
4
0
34173
2
0
1750609981
4
0
34174
2
0
1750611005
4
0
34175
2
0
1750612029
4
0
34176
2
0
1750679869
4
0
34177
2
0
1750680893
4
0
34178
2
0
1750681917
4
0
34179
2
0
1750682941
4
0
34180
2
0
1750683965
4
0
34181
2
0
1750684989
4
0
34182
2
0
1750686013
4
0
34183
2
0
1750688573
4
0
34184
2
0
1750689597
4
0
34185
2
0
1750690621
4
0
34186
2
0
1750691645
4
0
34187
2
0
1750692669
4
0
34188
2
0
1750693693
4
0
34189
2
0
1750675517
4
0
34190
2
0
1750676541
4
0
34191
2
0
1750677565
4
0
34192
2
0
1750745405
4
0
34193
2
0
1750746429
4
0
34194
2
0
1750747453
4
0
34195
2
0
1750748477
4
0
34196
2
0
1750749501
4
0
34197
2
0
1750750525
4
0
34198
2
0
1750751549
4
0
34199
2
0
1750754109
4
0
34200
2
0
1750755133
4
0
34201
2
0
1750756157
4
0
34202
2
0
1750757181
4
0
34203
2
0
1750758205
4
0
34204
2
0
1750759229
4
0
34205
2
0
1750741053
4
0
34206
2
0
1750742077
4
0
34207
2
0
1750743101
4
0
34208
2
0
1751204157
4
0
34209
2
0
1751205181
4
0
34210
2
0
1751206205
4
0
34211
2
0
1751207229
4
0
34212
2
0
1751208253
4
0
34213
2
0
1751209277
4
0
34214
2
0
1751210301
4
0
34215
2
0
1751212861
4
0
34216
2
0
1751213885
4
0
34217
2
0
1751214909
4
0
34218
2
0
1751215933
4
0
34219
2
0
1751216957
4
0
34220
2
0
1751217981
4
0
34221
2
0
1751199805
4
0
34222
2
0
1751200829
4
0
34223
2
0
1751201853
4
0
34224
2
0
1751269693
4
0
34225
2
0
1751270717
4
0
34226
2
0
1751271741
4
0
34227
2
0
1751272765
4
0
34228
2
0
1751273789
4
0
34229
2
0
1751274813
4
0
34230
2
0
1751275837
4
0
34231
2
0
1751278397
4
0
34232
2
0
1751279421
4
0
34233
2
0
1751280445
4
0
34234
2
0
1751281469
4
0
34235
2
0
1751282493
4
0
34236
2
0
1751283517
4
0
34237
2
0
1751265341
4
0
34238
2
0
1751266365
4
0
34239
2
0
1751267389
4
0
34240
2
0
1751335229
4
0
34241
2
0
1751336253
4
0
34242
2
0
1751337277
4
0
34243
2
0
1751338301
4
0
34244
2
0
1751339325
4
0
34245
2
0
1751340349
4
0
34246
2
0
1751341373
4
0
34247
2
0
1751343933
4
0
34248
2
0
1751344957
4
0
34249
2
0
1751345981
4
0
34250
2
0
1751347005
4
0
34251
2
0
1751348029
4
0
34252
2
0
1751349053
4
0
34253
2
0
1751330877
4
0
34254
2
0
1751331901
4
0
34255
2
0
1751332925
4
0
34256
2
0
1751400765
4
0
34257
2
0
1751401789
4
0
34258
2
0
1751402813
4
0
34259
2
0
1751403837
4
0
34260
2
0
1751404861
4
0
34261
2
0
1751405885
4
0
34262
2
0
1751406909
4
0
34263
2
0
1751409469
4
0
34264
2
0
1751410493
4
0
34265
2
0
1751411517
4
0
34266
2
0
1751412541
4
0
34267
2
0
1751413565
4
0
34268
2
0
1751414589
4
0
34269
2
0
1751396413
4
0
34270
2
0
1751397437
4
0
34271
2
0
1751398461
4
0
34272
2
0
1751466301
4
0
34273
2
0
1751467325
4
0
34274
2
0
1751468349
4
0
34275
2
0
1751469373
4
0
34276
2
0
1751470397
4
0
34277
2
0
1751471421
4
0
34278
2
0
1751472445
4
0
34279
2
0
1751475005
4
0
34280
2
0
1751476029
4
0
34281
2
0
1751477053
4
0
34282
2
0
1751478077
4
0
34283
2
0
1751479101
4
0
34284
2
0
1751480125
4
0
34285
2
0
1751461949
4
0
34286
2
0
1751462973
4
0
34287
2
0
1751463997
4
0
34288
2
0
1751531837
4
0
34289
2
0
1751532861
4
0
34290
2
0
1751533885
4
0
34291
2
0
1751534909
4
0
34292
2
0
1751535933
4
0
34293
2
0
1751536957
4
0
34294
2
0
1751537981
4
0
34295
2
0
1751540541
4
0
34296
2
0
1751541565
4
0
34297
2
0
1751542589
4
0
34298
2
0
1751543613
4
0
34299
2
0
1751544637
4
0
34300
2
0
1751545661
4
0
34301
2
0
1751527485
4
0
34302
2
0
1751528509
4
0
34303
2
0
1751529533
4
0
34304
2
0
1751597373
4
0
34305
2
0
1751598397
4
0
34306
2
0
1751599421
4
0
34307
2
0
1751600445
4
0
34308
2
0
1751601469
4
0
34309
2
0
1751602493
4
0
34310
2
0
1751603517
4
0
34311
2
0
1751606077
4
0
34312
2
0
1751607101
4
0
34313
2
0
1751608125
4
0
34314
2
0
1751609149
4
0
34315
2
0
1751610173
4
0
34316
2
0
1751611197
4
0
34317
2
0
1751593021
4
0
34318
2
0
1751594045
4
0
34319
2
0
1751595069
4
0
34320
2
0
1751662909
4
0
34321
2
0
1751663933
4
0
34322
2
0
1751664957
4
0
34323
2
0
1751665981
4
0
34324
2
0
1751667005
4
0
34325
2
0
1751668029
4
0
34326
2
0
1751669053
4
0
34327
2
0
1751671613
4
0
34328
2
0
1751672637
4
0
34329
2
0
1751673661
4
0
34330
2
0
1751674685
4
0
34331
2
0
1751675709
4
0
34332
2
0
1751676733
4
0
34333
2
0
1751658557
4
0
34334
2
0
1751659581
4
0
34335
2
0
1751660605
4
0
34336
2
0
1751728445
4
0
34337
2
0
1751729469
4
0
34338
2
0
1751730493
4
0
34339
2
0
1751731517
4
0
34340
2
0
1751732541
4
0
34341
2
0
1751733565
4
0
34342
2
0
1751734589
4
0
34343
2
0
1751737149
4
0
34344
2
0
1751738173
4
0
34345
2
0
1751739197
4
0
34346
2
0
1751740221
4
0
34347
2
0
1751741245
4
0
34348
2
0
1751742269
4
0
34349
2
0
1751724093
4
0
34350
2
0
1751725117
4
0
34351
2
0
1751726141
4
0
34352
2
0
1751793981
4
0
34353
2
0
1751795005
4
0
34354
2
0
1751796029
4
0
34355
2
0
1751797053
4
0
34356
2
0
1751798077
4
0
34357
2
0
1751799101
4
0
34358
2
0
1751800125
4
0
34359
2
0
1751802685
4
0
34360
2
0
1751803709
4
0
34361
2
0
1751804733
4
0
34362
2
0
1751805757
4
0
34363
2
0
1751806781
4
0
34364
2
0
1751807805
4
0
34365
2
0
1751789629
4
0
34366
2
0
1751790653
4
0
34367
2
0
1751791677
4
0
34368
2
0
1751859517
4
0
34369
2
0
1751860541
4
0
34370
2
0
1751861565
4
0
34371
2
0
1751862589
4
0
34372
2
0
1751863613
4
0
34373
2
0
1751864637
4
0
34374
2
0
1751865661
4
0
34375
2
0
1751868221
4
0
34376
2
0
1751869245
4
0
34377
2
0
1751870269
4
0
34378
2
0
1751871293
4
0
34379
2
0
1751872317
4
0
34380
2
0
1751873341
4
0
34381
2
0
1751855165
4
0
34382
2
0
1751856189
4
0
34383
2
0
1751857213
4
0
34384
2
0
1751925053
4
0
34385
2
0
1751926077
4
0
34386
2
0
1751927101
4
0
34387
2
0
1751928125
4
0
34388
2
0
1751929149
4
0
34389
2
0
1751930173
4
0
34390
2
0
1751931197
4
0
34391
2
0
1751933757
4
0
34392
2
0
1751934781
4
0
34393
2
0
1751935805
4
0
34394
2
0
1751936829
4
0
34395
2
0
1751937853
4
0
34396
2
0
1751938877
4
0
34397
2
0
1751920701
4
0
34398
2
0
1751921725
4
0
34399
2
0
1751922749
4
0
34400
2
0
1751990589
4
0
34401
2
0
1751991613
4
0
34402
2
0
1751992637
4
0
34403
2
0
1751993661
4
0
34404
2
0
1751994685
4
0
34405
2
0
1751995709
4
0
34406
2
0
1751996733
4
0
34407
2
0
1751999293
4
0
34408
2
0
1752000317
4
0
34409
2
0
1752001341
4
0
34410
2
0
1752002365
4
0
34411
2
0
1752003389
4
0
34412
2
0
1752004413
4
0
34413
2
0
1751986237
4
0
34414
2
0
1751987261
4
0
34415
2
0
1751988285
4
0
34416
2
0
1752056125
4
0
34417
2
0
1752057149
4
0
34418
2
0
1752058173
4
0
34419
2
0
1752059197
4
0
34420
2
0
1752060221
4
0
34421
2
0
1752061245
4
0
34422
2
0
1752062269
4
0
34423
2
0
1752064829
4
0
34424
2
0
1752065853
4
0
34425
2
0
1752066877
4
0
34426
2
0
1752067901
4
0
34427
2
0
1752068925
4
0
34428
2
0
1752069949
4
0
34429
2
0
1752051773
4
0
34430
2
0
1752052797
4
0
34431
2
0
1752053821
4
0
34432
2
0
1752121661
4
0
34433
2
0
1752122685
4
0
34434
2
0
1752123709
4
0
34435
2
0
1752124733
4
0
34436
2
0
1752125757
4
0
34437
2
0
1752126781
4
0
34438
2
0
1752127805
4
0
34439
2
0
1752130365
4
0
34440
2
0
1752131389
4
0
34441
2
0
1752132413
4
0
34442
2
0
1752133437
4
0
34443
2
0
1752134461
4
0
34444
2
0
1752135485
4
0
34445
2
0
1752117309
4
0
34446
2
0
1752118333
4
0
34447
2
0
1752119357
4
0
34448
2
0
1752187197
4
0
34449
2
0
1752188221
4
0
34450
2
0
1752189245
4
0
34451
2
0
1752190269
4
0
34452
2
0
1752191293
4
0
34453
2
0
1752192317
4
0
34454
2
0
1752193341
4
0
34455
2
0
1752195901
4
0
34456
2
0
1752196925
4
0
34457
2
0
1752197949
4
0
34458
2
0
1752198973
4
0
34459
2
0
1752199997
4
0
34460
2
0
1752201021
4
0
34461
2
0
1752182845
4
0
34462
2
0
1752183869
4
0
34463
2
0
1752184893
4
0
34464
2
0
1752252733
4
0
34465
2
0
1752253757
4
0
34466
2
0
1752254781
4
0
34467
2
0
1752255805
4
0
34468
2
0
1752256829
4
0
34469
2
0
1752257853
4
0
34470
2
0
1752258877
4
0
34471
2
0
1752261437
4
0
34472
2
0
1752262461
4
0
34473
2
0
1752263485
4
0
34474
2
0
1752264509
4
0
34475
2
0
1752265533
4
0
34476
2
0
1752266557
4
0
34477
2
0
1752248381
4
0
34478
2
0
1752249405
4
0
34479
2
0
1752250429
4
0
34480
2
0
1752318269
4
0
34481
2
0
1752319293
4
0
34482
2
0
1752320317
4
0
34483
2
0
1752321341
4
0
34484
2
0
1752322365
4
0
34485
2
0
1752323389
4
0
34486
2
0
1752324413
4
0
34487
2
0
1752326973
4
0
34488
2
0
1752327997
4
0
34489
2
0
1752329021
4
0
34490
2
0
1752330045
4
0
34491
2
0
1752331069
4
0
34492
2
0
1752332093
4
0
34493
2
0
1752313917
4
0
34494
2
0
1752314941
4
0
34495
2
0
1752315965
4
0
34496
2
0
1752383805
4
0
34497
2
0
1752384829
4
0
34498
2
0
1752385853
4
0
34499
2
0
1752386877
4
0
34500
2
0
1752387901
4
0
34501
2
0
1752388925
4
0
34502
2
0
1752389949
4
0
34503
2
0
1752392509
4
0
34504
2
0
1752393533
4
0
34505
2
0
1752394557
4
0
34506
2
0
1752395581
4
0
34507
2
0
1752396605
4
0
34508
2
0
1752397629
4
0
34509
2
0
1752379453
4
0
34510
2
0
1752380477
4
0
34511
2
0
1752381501
4
0
34512
2
0
1752449341
4
0
34513
2
0
1752450365
4
0
34514
2
0
1752451389
4
0
34515
2
0
1752452413
4
0
34516
2
0
1752453437
4
0
34517
2
0
1752454461
4
0
34518
2
0
1752455485
4
0
34519
2
0
1752458045
4
0
34520
2
0
1752459069
4
0
34521
2
0
1752460093
4
0
34522
2
0
1752461117
4
0
34523
2
0
1752462141
4
0
34524
2
0
1752463165
4
0
34525
2
0
1752444989
4
0
34526
2
0
1752446013
4
0
34527
2
0
1752447037
4
0
34528
2
0
1752514877
4
0
34529
2
0
1752515901
4
0
34530
2
0
1752516925
4
0
34531
2
0
1752517949
4
0
34532
2
0
1752518973
4
0
34533
2
0
1752519997
4
0
34534
2
0
1752521021
4
0
34535
2
0
1752523581
4
0
34536
2
0
1752524605
4
0
34537
2
0
1752525629
4
0
34538
2
0
1752526653
4
0
34539
2
0
1752527677
4
0
34540
2
0
1752528701
4
0
34541
2
0
1752510525
4
0
34542
2
0
1752511549
4
0
34543
2
0
1752512573
4
0
34544
2
0
1752580413
4
0
34545
2
0
1752581437
4
0
34546
2
0
1752582461
4
0
34547
2
0
1752583485
4
0
34548
2
0
1752584509
4
0
34549
2
0
1752585533
4
0
34550
2
0
1752586557
4
0
34551
2
0
1752589117
4
0
34552
2
0
1752590141
4
0
34553
2
0
1752591165
4
0
34554
2
0
1752592189
4
0
34555
2
0
1752593213
4
0
34556
2
0
1752594237
4
0
34557
2
0
1752576061
4
0
34558
2
0
1752577085
4
0
34559
2
0
1752578109
4
0
34560
2
0
1752645949
4
0
34561
2
0
1752646973
4
0
34562
2
0
1752647997
4
0
34563
2
0
1752649021
4
0
34564
2
0
1752650045
4
0
34565
2
0
1752651069
4
0
34566
2
0
1752652093
4
0
34567
2
0
1752654653
4
0
34568
2
0
1752655677
4
0
34569
2
0
1752656701
4
0
34570
2
0
1752657725
4
0
34571
2
0
1752658749
4
0
34572
2
0
1752659773
4
0
34573
2
0
1752641597
4
0
34574
2
0
1752642621
4
0
34575
2
0
1752643645
4
0
34576
2
0
1752711485
4
0
34577
2
0
1752712509
4
0
34578
2
0
1752713533
4
0
34579
2
0
1752714557
4
0
34580
2
0
1752715581
4
0
34581
2
0
1752716605
4
0
34582
2
0
1752717629
4
0
34583
2
0
1752720189
4
0
34584
2
0
1752721213
4
0
34585
2
0
1752722237
4
0
34586
2
0
1752723261
4
0
34587
2
0
1752724285
4
0
34588
2
0
1752725309
4
0
34589
2
0
1752707133
4
0
34590
2
0
1752708157
4
0
34591
2
0
1752709181
4
0
34592
2
0
1752777021
4
0
34593
2
0
1752778045
4
0
34594
2
0
1752779069
4
0
34595
2
0
1752780093
4
0
34596
2
0
1752781117
4
0
34597
2
0
1752782141
4
0
34598
2
0
1752783165
4
0
34599
2
0
1752785725
4
0
34600
2
0
1752786749
4
0
34601
2
0
1752787773
4
0
34602
2
0
1752788797
4
0
34603
2
0
1752789821
4
0
34604
2
0
1752790845
4
0
34605
2
0
1752772669
4
0
34606
2
0
1752773693
4
0
34607
2
0
1752774717
4
0
34608
2
0
1752842557
4
0
34609
2
0
1752843581
4
0
34610
2
0
1752844605
4
0
34611
2
0
1752845629
4
0
34612
2
0
1752846653
4
0
34613
2
0
1752847677
4
0
34614
2
0
1752848701
4
0
34615
2
0
1752851261
4
0
34616
2
0
1752852285
4
0
34617
2
0
1752853309
4
0
34618
2
0
1752854333
4
0
34619
2
0
1752855357
4
0
34620
2
0
1752856381
4
0
34621
2
0
1752838205
4
0
34622
2
0
1752839229
4
0
34623
2
0
1752840253
4
0
34624
2
0
1747992893
4
0
34625
2
0
1747993917
4
0
34626
2
0
1747994941
4
0
34627
2
0
1747995965
4
0
34628
2
0
1747996989
4
0
34629
2
0
1747998013
4
0
34630
2
0
1747999037
4
0
34631
2
0
1748001597
4
0
34632
2
0
1748002621
4
0
34633
2
0
1748003645
4
0
34634
2
0
1748004669
4
0
34635
2
0
1748005693
4
0
34636
2
0
1748006717
4
0
34637
2
0
1747988541
4
0
34638
2
0
1747989565
4
0
34639
2
0
1747990589
4
0
34640
2
0
1748058429
4
0
34641
2
0
1748059453
4
0
34642
2
0
1748060477
4
0
34643
2
0
1748061501
4
0
34644
2
0
1748062525
4
0
34645
2
0
1748063549
4
0
34646
2
0
1748064573
4
0
34647
2
0
1748067133
4
0
34648
2
0
1748068157
4
0
34649
2
0
1748069181
4
0
34650
2
0
1748070205
4
0
34651
2
0
1748071229
4
0
34652
2
0
1748072253
4
0
34653
2
0
1748054077
4
0
34654
2
0
1748055101
4
0
34655
2
0
1748056125
4
0
34656
2
0
1748123965
4
0
34657
2
0
1748124989
4
0
34658
2
0
1748126013
4
0
34659
2
0
1748127037
4
0
34660
2
0
1748128061
4
0
34661
2
0
1748129085
4
0
34662
2
0
1748130109
4
0
34663
2
0
1748132669
4
0
34664
2
0
1748133693
4
0
34665
2
0
1748134717
4
0
34666
2
0
1748135741
4
0
34667
2
0
1748136765
4
0
34668
2
0
1748137789
4
0
34669
2
0
1748119613
4
0
34670
2
0
1748120637
4
0
34671
2
0
1748121661
4
0
34672
2
0
1748189501
4
0
34673
2
0
1748190525
4
0
34674
2
0
1748191549
4
0
34675
2
0
1748192573
4
0
34676
2
0
1748193597
4
0
34677
2
0
1748194621
4
0
34678
2
0
1748195645
4
0
34679
2
0
1748198205
4
0
34680
2
0
1748199229
4
0
34681
2
0
1748200253
4
0
34682
2
0
1748201277
4
0
34683
2
0
1748202301
4
0
34684
2
0
1748203325
4
0
34685
2
0
1748185149
4
0
34686
2
0
1748186173
4
0
34687
2
0
1748187197
4
0
34688
2
0
1748255037
4
0
34689
2
0
1748256061
4
0
34690
2
0
1748257085
4
0
34691
2
0
1748258109
4
0
34692
2
0
1748259133
4
0
34693
2
0
1748260157
4
0
34694
2
0
1748261181
4
0
34695
2
0
1748263741
4
0
34696
2
0
1748264765
4
0
34697
2
0
1748265789
4
0
34698
2
0
1748266813
4
0
34699
2
0
1748267837
4
0
34700
2
0
1748268861
4
0
34701
2
0
1748250685
4
0
34702
2
0
1748251709
4
0
34703
2
0
1748252733
4
0
34704
2
0
1748320573
4
0
34705
2
0
1748321597
4
0
34706
2
0
1748322621
4
0
34707
2
0
1748323645
4
0
34708
2
0
1748324669
4
0
34709
2
0
1748325693
4
0
34710
2
0
1748326717
4
0
34711
2
0
1748329277
4
0
34712
2
0
1748330301
4
0
34713
2
0
1748331325
4
0
34714
2
0
1748332349
4
0
34715
2
0
1748333373
4
0
34716
2
0
1748334397
4
0
34717
2
0
1748316221
4
0
34718
2
0
1748317245
4
0
34719
2
0
1748318269
4
0
34720
2
0
1748386109
4
0
34721
2
0
1748387133
4
0
34722
2
0
1748388157
4
0
34723
2
0
1748389181
4
0
34724
2
0
1748390205
4
0
34725
2
0
1748391229
4
0
34726
2
0
1748392253
4
0
34727
2
0
1748394813
4
0
34728
2
0
1748395837
4
0
34729
2
0
1748396861
4
0
34730
2
0
1748397885
4
0
34731
2
0
1748398909
4
0
34732
2
0
1748399933
4
0
34733
2
0
1748381757
4
0
34734
2
0
1748382781
4
0
34735
2
0
1748383805
4
0
34736
2
0
1748451645
4
0
34737
2
0
1748452669
4
0
34738
2
0
1748453693
4
0
34739
2
0
1748454717
4
0
34740
2
0
1748455741
4
0
34741
2
0
1748456765
4
0
34742
2
0
1748457789
4
0
34743
2
0
1748460349
4
0
34744
2
0
1748461373
4
0
34745
2
0
1748462397
4
0
34746
2
0
1748463421
4
0
34747
2
0
1748464445
4
0
34748
2
0
1748465469
4
0
34749
2
0
1748447293
4
0
34750
2
0
1748448317
4
0
34751
2
0
1748449341
4
0
34752
2
0
1748517181
4
0
34753
2
0
1748518205
4
0
34754
2
0
1748519229
4
0
34755
2
0
1748520253
4
0
34756
2
0
1748521277
4
0
34757
2
0
1748522301
4
0
34758
2
0
1748523325
4
0
34759
2
0
1748525885
4
0
34760
2
0
1748526909
4
0
34761
2
0
1748527933
4
0
34762
2
0
1748528957
4
0
34763
2
0
1748529981
4
0
34764
2
0
1748531005
4
0
34765
2
0
1748512829
4
0
34766
2
0
1748513853
4
0
34767
2
0
1748514877
4
0
34768
2
0
1748582717
4
0
34769
2
0
1748583741
4
0
34770
2
0
1748584765
4
0
34771
2
0
1748585789
4
0
34772
2
0
1748586813
4
0
34773
2
0
1748587837
4
0
34774
2
0
1748588861
4
0
34775
2
0
1748591421
4
0
34776
2
0
1748592445
4
0
34777
2
0
1748593469
4
0
34778
2
0
1748594493
4
0
34779
2
0
1748595517
4
0
34780
2
0
1748596541
4
0
34781
2
0
1748578365
4
0
34782
2
0
1748579389
4
0
34783
2
0
1748580413
4
0
34784
2
0
1747665213
4
0
34785
2
0
1747666237
4
0
34786
2
0
1747667261
4
0
34787
2
0
1747668285
4
0
34788
2
0
1747669309
4
0
34789
2
0
1747670333
4
0
34790
2
0
1747671357
4
0
34791
2
0
1747673917
4
0
34792
2
0
1747674941
4
0
34793
2
0
1747675965
4
0
34794
2
0
1747676989
4
0
34795
2
0
1747678013
4
0
34796
2
0
1747679037
4
0
34797
2
0
1747660861
4
0
34798
2
0
1747661885
4
0
34799
2
0
1747662909
4
0
34800
2
0
1747927357
4
0
34801
2
0
1747928381
4
0
34802
2
0
1747929405
4
0
34803
2
0
1747930429
4
0
34804
2
0
1747931453
4
0
34805
2
0
1747932477
4
0
34806
2
0
1747933501
4
0
34807
2
0
1747936061
4
0
34808
2
0
1747937085
4
0
34809
2
0
1747938109
4
0
34810
2
0
1747939133
4
0
34811
2
0
1747940157
4
0
34812
2
0
1747941181
4
0
34813
2
0
1747923005
4
0
34814
2
0
1747924029
4
0
34815
2
0
1747925053
4
