1024
0
1024
2
0
1111572797
4
0
1025
2
0
1111573821
4
0
1026
2
0
1111574845
4
0
1027
2
0
1111575869
4
0
1028
2
0
1111576893
4
0
1029
2
0
1111577917
4
0
1030
2
0
1111578941
4
0
1031
2
0
1111581501
4
0
1032
2
0
1111582525
4
0
1033
2
0
1111583549
4
0
1034
2
0
1111584573
4
0
1035
2
0
1111585597
4
0
1036
2
0
1111586621
4
0
1037
2
0
1111568445
4
0
1038
2
0
1111569469
4
0
1039
2
0
1111570493
4
0
1040
2
0
1111638333
4
0
1041
2
0
1111639357
4
0
1042
2
0
1111640381
4
0
1043
2
0
1111641405
4
0
1044
2
0
1111642429
4
0
1045
2
0
1111643453
4
0
1046
2
0
1111644477
4
0
1047
2
0
1111647037
4
0
1048
2
0
1111648061
4
0
1049
2
0
1111649085
4
0
1050
2
0
1111650109
4
0
1051
2
0
1111651133
4
0
1052
2
0
1111652157
4
0
1053
2
0
1111633981
4
0
1054
2
0
1111635005
4
0
1055
2
0
1111636029
4
0
1056
2
0
1111703869
4
0
1057
2
0
1111704893
4
0
1058
2
0
1111705917
4
0
1059
2
0
1111706941
4
0
1060
2
0
1111707965
4
0
1061
2
0
1111708989
4
0
1062
2
0
1111710013
4
0
1063
2
0
1111712573
4
0
1064
2
0
1111713597
4
0
1065
2
0
1111714621
4
0
1066
2
0
1111715645
4
0
1067
2
0
1111716669
4
0
1068
2
0
1111717693
4
0
1069
2
0
1111699517
4
0
1070
2
0
1111700541
4
0
1071
2
0
1111701565
4
0
1072
2
0
1111769405
4
0
1073
2
0
1111770429
4
0
1074
2
0
1111771453
4
0
1075
2
0
1111772477
4
0
1076
2
0
1111773501
4
0
1077
2
0
1111774525
4
0
1078
2
0
1111775549
4
0
1079
2
0
1111778109
4
0
1080
2
0
1111779133
4
0
1081
2
0
1111780157
4
0
1082
2
0
1111781181
4
0
1083
2
0
1111782205
4
0
1084
2
0
1111783229
4
0
1085
2
0
1111765053
4
0
1086
2
0
1111766077
4
0
1087
2
0
1111767101
4
0
1088
2
0
1111834941
4
0
1089
2
0
1111835965
4
0
1090
2
0
1111836989
4
0
1091
2
0
1111838013
4
0
1092
2
0
1111839037
4
0
1093
2
0
1111840061
4
0
1094
2
0
1111841085
4
0
1095
2
0
1111843645
4
0
1096
2
0
1111844669
4
0
1097
2
0
1111845693
4
0
1098
2
0
1111846717
4
0
1099
2
0
1111847741
4
0
1100
2
0
1111848765
4
0
1101
2
0
1111830589
4
0
1102
2
0
1111831613
4
0
1103
2
0
1111832637
4
0
1104
2
0
1111900477
4
0
1105
2
0
1111901501
4
0
1106
2
0
1111902525
4
0
1107
2
0
1111903549
4
0
1108
2
0
1111904573
4
0
1109
2
0
1111905597
4
0
1110
2
0
1111906621
4
0
1111
2
0
1111909181
4
0
1112
2
0
1111910205
4
0
1113
2
0
1111911229
4
0
1114
2
0
1111912253
4
0
1115
2
0
1111913277
4
0
1116
2
0
1111914301
4
0
1117
2
0
1111896125
4
0
1118
2
0
1111897149
4
0
1119
2
0
1111898173
4
0
1120
2
0
1111966013
4
0
1121
2
0
1111967037
4
0
1122
2
0
1111968061
4
0
1123
2
0
1111969085
4
0
1124
2
0
1111970109
4
0
1125
2
0
1111971133
4
0
1126
2
0
1111972157
4
0
1127
2
0
1111974717
4
0
1128
2
0
1111975741
4
0
1129
2
0
1111976765
4
0
1130
2
0
1111977789
4
0
1131
2
0
1111978813
4
0
1132
2
0
1111979837
4
0
1133
2
0
1111961661
4
0
1134
2
0
1111962685
4
0
1135
2
0
1111963709
4
0
1136
2
0
1112031549
4
0
1137
2
0
1112032573
4
0
1138
2
0
1112033597
4
0
1139
2
0
1112034621
4
0
1140
2
0
1112035645
4
0
1141
2
0
1112036669
4
0
1142
2
0
1112037693
4
0
1143
2
0
1112040253
4
0
1144
2
0
1112041277
4
0
1145
2
0
1112042301
4
0
1146
2
0
1112043325
4
0
1147
2
0
1112044349
4
0
1148
2
0
1112045373
4
0
1149
2
0
1112027197
4
0
1150
2
0
1112028221
4
0
1151
2
0
1112029245
4
0
1152
2
0
1112097085
4
0
1153
2
0
1112098109
4
0
1154
2
0
1112099133
4
0
1155
2
0
1112100157
4
0
1156
2
0
1112101181
4
0
1157
2
0
1112102205
4
0
1158
2
0
1112103229
4
0
1159
2
0
1112105789
4
0
1160
2
0
1112106813
4
0
1161
2
0
1112107837
4
0
1162
2
0
1112108861
4
0
1163
2
0
1112109885
4
0
1164
2
0
1112110909
4
0
1165
2
0
1112092733
4
0
1166
2
0
1112093757
4
0
1167
2
0
1112094781
4
0
1168
2
0
1112162621
4
0
1169
2
0
1112163645
4
0
1170
2
0
1112164669
4
0
1171
2
0
1112165693
4
0
1172
2
0
1112166717
4
0
1173
2
0
1112167741
4
0
1174
2
0
1112168765
4
0
1175
2
0
1112171325
4
0
1176
2
0
1112172349
4
0
1177
2
0
1112173373
4
0
1178
2
0
1112174397
4
0
1179
2
0
1112175421
4
0
1180
2
0
1112176445
4
0
1181
2
0
1112158269
4
0
1182
2
0
1112159293
4
0
1183
2
0
1112160317
4
0
1184
2
0
1112228157
4
0
1185
2
0
1112229181
4
0
1186
2
0
1112230205
4
0
1187
2
0
1112231229
4
0
1188
2
0
1112232253
4
0
1189
2
0
1112233277
4
0
1190
2
0
1112234301
4
0
1191
2
0
1112236861
4
0
1192
2
0
1112237885
4
0
1193
2
0
1112238909
4
0
1194
2
0
1112239933
4
0
1195
2
0
1112240957
4
0
1196
2
0
1112241981
4
0
1197
2
0
1112223805
4
0
1198
2
0
1112224829
4
0
1199
2
0
1112225853
4
0
1200
2
0
1112293693
4
0
1201
2
0
1112294717
4
0
1202
2
0
1112295741
4
0
1203
2
0
1112296765
4
0
1204
2
0
1112297789
4
0
1205
2
0
1112298813
4
0
1206
2
0
1112299837
4
0
1207
2
0
1112302397
4
0
1208
2
0
1112303421
4
0
1209
2
0
1112304445
4
0
1210
2
0
1112305469
4
0
1211
2
0
1112306493
4
0
1212
2
0
1112307517
4
0
1213
2
0
1112289341
4
0
1214
2
0
1112290365
4
0
1215
2
0
1112291389
4
0
1216
2
0
1112359229
4
0
1217
2
0
1112360253
4
0
1218
2
0
1112361277
4
0
1219
2
0
1112362301
4
0
1220
2
0
1112363325
4
0
1221
2
0
1112364349
4
0
1222
2
0
1112365373
4
0
1223
2
0
1112367933
4
0
1224
2
0
1112368957
4
0
1225
2
0
1112369981
4
0
1226
2
0
1112371005
4
0
1227
2
0
1112372029
4
0
1228
2
0
1112373053
4
0
1229
2
0
1112354877
4
0
1230
2
0
1112355901
4
0
1231
2
0
1112356925
4
0
1232
2
0
1112424765
4
0
1233
2
0
1112425789
4
0
1234
2
0
1112426813
4
0
1235
2
0
1112427837
4
0
1236
2
0
1112428861
4
0
1237
2
0
1112429885
4
0
1238
2
0
1112430909
4
0
1239
2
0
1112433469
4
0
1240
2
0
1112434493
4
0
1241
2
0
1112435517
4
0
1242
2
0
1112436541
4
0
1243
2
0
1112437565
4
0
1244
2
0
1112438589
4
0
1245
2
0
1112420413
4
0
1246
2
0
1112421437
4
0
1247
2
0
1112422461
4
0
1248
2
0
1112490301
4
0
1249
2
0
1112491325
4
0
1250
2
0
1112492349
4
0
1251
2
0
1112493373
4
0
1252
2
0
1112494397
4
0
1253
2
0
1112495421
4
0
1254
2
0
1112496445
4
0
1255
2
0
1112499005
4
0
1256
2
0
1112500029
4
0
1257
2
0
1112501053
4
0
1258
2
0
1112502077
4
0
1259
2
0
1112503101
4
0
1260
2
0
1112504125
4
0
1261
2
0
1112485949
4
0
1262
2
0
1112486973
4
0
1263
2
0
1112487997
4
0
1264
2
0
1112555837
4
0
1265
2
0
1112556861
4
0
1266
2
0
1112557885
4
0
1267
2
0
1112558909
4
0
1268
2
0
1112559933
4
0
1269
2
0
1112560957
4
0
1270
2
0
1112561981
4
0
1271
2
0
1112564541
4
0
1272
2
0
1112565565
4
0
1273
2
0
1112566589
4
0
1274
2
0
1112567613
4
0
1275
2
0
1112568637
4
0
1276
2
0
1112569661
4
0
1277
2
0
1112551485
4
0
1278
2
0
1112552509
4
0
1279
2
0
1112553533
4
0
1280
2
0
1112621373
4
0
1281
2
0
1112622397
4
0
1282
2
0
1112623421
4
0
1283
2
0
1112624445
4
0
1284
2
0
1112625469
4
0
1285
2
0
1112626493
4
0
1286
2
0
1112627517
4
0
1287
2
0
1112630077
4
0
1288
2
0
1112631101
4
0
1289
2
0
1112632125
4
0
1290
2
0
1112633149
4
0
1291
2
0
1112634173
4
0
1292
2
0
1112635197
4
0
1293
2
0
1112617021
4
0
1294
2
0
1112618045
4
0
1295
2
0
1112619069
4
0
1296
2
0
1112686909
4
0
1297
2
0
1112687933
4
0
1298
2
0
1112688957
4
0
1299
2
0
1112689981
4
0
1300
2
0
1112691005
4
0
1301
2
0
1112692029
4
0
1302
2
0
1112693053
4
0
1303
2
0
1112695613
4
0
1304
2
0
1112696637
4
0
1305
2
0
1112697661
4
0
1306
2
0
1112698685
4
0
1307
2
0
1112699709
4
0
1308
2
0
1112700733
4
0
1309
2
0
1112682557
4
0
1310
2
0
1112683581
4
0
1311
2
0
1112684605
4
0
1312
2
0
1112752445
4
0
1313
2
0
1112753469
4
0
1314
2
0
1112754493
4
0
1315
2
0
1112755517
4
0
1316
2
0
1112756541
4
0
1317
2
0
1112757565
4
0
1318
2
0
1112758589
4
0
1319
2
0
1112761149
4
0
1320
2
0
1112762173
4
0
1321
2
0
1112763197
4
0
1322
2
0
1112764221
4
0
1323
2
0
1112765245
4
0
1324
2
0
1112766269
4
0
1325
2
0
1112748093
4
0
1326
2
0
1112749117
4
0
1327
2
0
1112750141
4
0
1328
2
0
1112817981
4
0
1329
2
0
1112819005
4
0
1330
2
0
1112820029
4
0
1331
2
0
1112821053
4
0
1332
2
0
1112822077
4
0
1333
2
0
1112823101
4
0
1334
2
0
1112824125
4
0
1335
2
0
1112826685
4
0
1336
2
0
1112827709
4
0
1337
2
0
1112828733
4
0
1338
2
0
1112829757
4
0
1339
2
0
1112830781
4
0
1340
2
0
1112831805
4
0
1341
2
0
1112813629
4
0
1342
2
0
1112814653
4
0
1343
2
0
1112815677
4
0
1344
2
0
1112883517
4
0
1345
2
0
1112884541
4
0
1346
2
0
1112885565
4
0
1347
2
0
1112886589
4
0
1348
2
0
1112887613
4
0
1349
2
0
1112888637
4
0
1350
2
0
1112889661
4
0
1351
2
0
1112892221
4
0
1352
2
0
1112893245
4
0
1353
2
0
1112894269
4
0
1354
2
0
1112895293
4
0
1355
2
0
1112896317
4
0
1356
2
0
1112897341
4
0
1357
2
0
1112879165
4
0
1358
2
0
1112880189
4
0
1359
2
0
1112881213
4
0
1360
2
0
1112949053
4
0
1361
2
0
1112950077
4
0
1362
2
0
1112951101
4
0
1363
2
0
1112952125
4
0
1364
2
0
1112953149
4
0
1365
2
0
1112954173
4
0
1366
2
0
1112955197
4
0
1367
2
0
1112957757
4
0
1368
2
0
1112958781
4
0
1369
2
0
1112959805
4
0
1370
2
0
1112960829
4
0
1371
2
0
1112961853
4
0
1372
2
0
1112962877
4
0
1373
2
0
1112944701
4
0
1374
2
0
1112945725
4
0
1375
2
0
1112946749
4
0
1376
2
0
1113014589
4
0
1377
2
0
1113015613
4
0
1378
2
0
1113016637
4
0
1379
2
0
1113017661
4
0
1380
2
0
1113018685
4
0
1381
2
0
1113019709
4
0
1382
2
0
1113020733
4
0
1383
2
0
1113023293
4
0
1384
2
0
1113024317
4
0
1385
2
0
1113025341
4
0
1386
2
0
1113026365
4
0
1387
2
0
1113027389
4
0
1388
2
0
1113028413
4
0
1389
2
0
1113010237
4
0
1390
2
0
1113011261
4
0
1391
2
0
1113012285
4
0
1392
2
0
1113080125
4
0
1393
2
0
1113081149
4
0
1394
2
0
1113082173
4
0
1395
2
0
1113083197
4
0
1396
2
0
1113084221
4
0
1397
2
0
1113085245
4
0
1398
2
0
1113086269
4
0
1399
2
0
1113088829
4
0
1400
2
0
1113089853
4
0
1401
2
0
1113090877
4
0
1402
2
0
1113091901
4
0
1403
2
0
1113092925
4
0
1404
2
0
1113093949
4
0
1405
2
0
1113075773
4
0
1406
2
0
1113076797
4
0
1407
2
0
1113077821
4
0
1408
2
0
1113145661
4
0
1409
2
0
1113146685
4
0
1410
2
0
1113147709
4
0
1411
2
0
1113148733
4
0
1412
2
0
1113149757
4
0
1413
2
0
1113150781
4
0
1414
2
0
1113151805
4
0
1415
2
0
1113154365
4
0
1416
2
0
1113155389
4
0
1417
2
0
1113156413
4
0
1418
2
0
1113157437
4
0
1419
2
0
1113158461
4
0
1420
2
0
1113159485
4
0
1421
2
0
1113141309
4
0
1422
2
0
1113142333
4
0
1423
2
0
1113143357
4
0
1424
2
0
1113211197
4
0
1425
2
0
1113212221
4
0
1426
2
0
1113213245
4
0
1427
2
0
1113214269
4
0
1428
2
0
1113215293
4
0
1429
2
0
1113216317
4
0
1430
2
0
1113217341
4
0
1431
2
0
1113219901
4
0
1432
2
0
1113220925
4
0
1433
2
0
1113221949
4
0
1434
2
0
1113222973
4
0
1435
2
0
1113223997
4
0
1436
2
0
1113225021
4
0
1437
2
0
1113206845
4
0
1438
2
0
1113207869
4
0
1439
2
0
1113208893
4
0
1440
2
0
1113669949
4
0
1441
2
0
1113670973
4
0
1442
2
0
1113671997
4
0
1443
2
0
1113673021
4
0
1444
2
0
1113674045
4
0
1445
2
0
1113675069
4
0
1446
2
0
1113676093
4
0
1447
2
0
1113678653
4
0
1448
2
0
1113679677
4
0
1449
2
0
1113680701
4
0
1450
2
0
1113681725
4
0
1451
2
0
1113682749
4
0
1452
2
0
1113683773
4
0
1453
2
0
1113665597
4
0
1454
2
0
1113666621
4
0
1455
2
0
1113667645
4
0
1456
2
0
1113735485
4
0
1457
2
0
1113736509
4
0
1458
2
0
1113737533
4
0
1459
2
0
1113738557
4
0
1460
2
0
1113739581
4
0
1461
2
0
1113740605
4
0
1462
2
0
1113741629
4
0
1463
2
0
1113744189
4
0
1464
2
0
1113745213
4
0
1465
2
0
1113746237
4
0
1466
2
0
1113747261
4
0
1467
2
0
1113748285
4
0
1468
2
0
1113749309
4
0
1469
2
0
1113731133
4
0
1470
2
0
1113732157
4
0
1471
2
0
1113733181
4
0
1472
2
0
1113801021
4
0
1473
2
0
1113802045
4
0
1474
2
0
1113803069
4
0
1475
2
0
1113804093
4
0
1476
2
0
1113805117
4
0
1477
2
0
1113806141
4
0
1478
2
0
1113807165
4
0
1479
2
0
1113809725
4
0
1480
2
0
1113810749
4
0
1481
2
0
1113811773
4
0
1482
2
0
1113812797
4
0
1483
2
0
1113813821
4
0
1484
2
0
1113814845
4
0
1485
2
0
1113796669
4
0
1486
2
0
1113797693
4
0
1487
2
0
1113798717
4
0
1488
2
0
1113866557
4
0
1489
2
0
1113867581
4
0
1490
2
0
1113868605
4
0
1491
2
0
1113869629
4
0
1492
2
0
1113870653
4
0
1493
2
0
1113871677
4
0
1494
2
0
1113872701
4
0
1495
2
0
1113875261
4
0
1496
2
0
1113876285
4
0
1497
2
0
1113877309
4
0
1498
2
0
1113878333
4
0
1499
2
0
1113879357
4
0
1500
2
0
1113880381
4
0
1501
2
0
1113862205
4
0
1502
2
0
1113863229
4
0
1503
2
0
1113864253
4
0
1504
2
0
1113932093
4
0
1505
2
0
1113933117
4
0
1506
2
0
1113934141
4
0
1507
2
0
1113935165
4
0
1508
2
0
1113936189
4
0
1509
2
0
1113937213
4
0
1510
2
0
1113938237
4
0
1511
2
0
1113940797
4
0
1512
2
0
1113941821
4
0
1513
2
0
1113942845
4
0
1514
2
0
1113943869
4
0
1515
2
0
1113944893
4
0
1516
2
0
1113945917
4
0
1517
2
0
1113927741
4
0
1518
2
0
1113928765
4
0
1519
2
0
1113929789
4
0
1520
2
0
1113997629
4
0
1521
2
0
1113998653
4
0
1522
2
0
1113999677
4
0
1523
2
0
1114000701
4
0
1524
2
0
1114001725
4
0
1525
2
0
1114002749
4
0
1526
2
0
1114003773
4
0
1527
2
0
1114006333
4
0
1528
2
0
1114007357
4
0
1529
2
0
1114008381
4
0
1530
2
0
1114009405
4
0
1531
2
0
1114010429
4
0
1532
2
0
1114011453
4
0
1533
2
0
1113993277
4
0
1534
2
0
1113994301
4
0
1535
2
0
1113995325
4
0
1536
2
0
1114063165
4
0
1537
2
0
1114064189
4
0
1538
2
0
1114065213
4
0
1539
2
0
1114066237
4
0
1540
2
0
1114067261
4
0
1541
2
0
1114068285
4
0
1542
2
0
1114069309
4
0
1543
2
0
1114071869
4
0
1544
2
0
1114072893
4
0
1545
2
0
1114073917
4
0
1546
2
0
1114074941
4
0
1547
2
0
1114075965
4
0
1548
2
0
1114076989
4
0
1549
2
0
1114058813
4
0
1550
2
0
1114059837
4
0
1551
2
0
1114060861
4
0
1552
2
0
1114128701
4
0
1553
2
0
1114129725
4
0
1554
2
0
1114130749
4
0
1555
2
0
1114131773
4
0
1556
2
0
1114132797
4
0
1557
2
0
1114133821
4
0
1558
2
0
1114134845
4
0
1559
2
0
1114137405
4
0
1560
2
0
1114138429
4
0
1561
2
0
1114139453
4
0
1562
2
0
1114140477
4
0
1563
2
0
1114141501
4
0
1564
2
0
1114142525
4
0
1565
2
0
1114124349
4
0
1566
2
0
1114125373
4
0
1567
2
0
1114126397
4
0
1568
2
0
1114194237
4
0
1569
2
0
1114195261
4
0
1570
2
0
1114196285
4
0
1571
2
0
1114197309
4
0
1572
2
0
1114198333
4
0
1573
2
0
1114199357
4
0
1574
2
0
1114200381
4
0
1575
2
0
1114202941
4
0
1576
2
0
1114203965
4
0
1577
2
0
1114204989
4
0
1578
2
0
1114206013
4
0
1579
2
0
1114207037
4
0
1580
2
0
1114208061
4
0
1581
2
0
1114189885
4
0
1582
2
0
1114190909
4
0
1583
2
0
1114191933
4
0
1584
2
0
1114259773
4
0
1585
2
0
1114260797
4
0
1586
2
0
1114261821
4
0
1587
2
0
1114262845
4
0
1588
2
0
1114263869
4
0
1589
2
0
1114264893
4
0
1590
2
0
1114265917
4
0
1591
2
0
1114268477
4
0
1592
2
0
1114269501
4
0
1593
2
0
1114270525
4
0
1594
2
0
1114271549
4
0
1595
2
0
1114272573
4
0
1596
2
0
1114273597
4
0
1597
2
0
1114255421
4
0
1598
2
0
1114256445
4
0
1599
2
0
1114257469
4
0
1600
2
0
1114325309
4
0
1601
2
0
1114326333
4
0
1602
2
0
1114327357
4
0
1603
2
0
1114328381
4
0
1604
2
0
1114329405
4
0
1605
2
0
1114330429
4
0
1606
2
0
1114331453
4
0
1607
2
0
1114334013
4
0
1608
2
0
1114335037
4
0
1609
2
0
1114336061
4
0
1610
2
0
1114337085
4
0
1611
2
0
1114338109
4
0
1612
2
0
1114339133
4
0
1613
2
0
1114320957
4
0
1614
2
0
1114321981
4
0
1615
2
0
1114323005
4
0
1616
2
0
1114390845
4
0
1617
2
0
1114391869
4
0
1618
2
0
1114392893
4
0
1619
2
0
1114393917
4
0
1620
2
0
1114394941
4
0
1621
2
0
1114395965
4
0
1622
2
0
1114396989
4
0
1623
2
0
1114399549
4
0
1624
2
0
1114400573
4
0
1625
2
0
1114401597
4
0
1626
2
0
1114402621
4
0
1627
2
0
1114403645
4
0
1628
2
0
1114404669
4
0
1629
2
0
1114386493
4
0
1630
2
0
1114387517
4
0
1631
2
0
1114388541
4
0
1632
2
0
1114456381
4
0
1633
2
0
1114457405
4
0
1634
2
0
1114458429
4
0
1635
2
0
1114459453
4
0
1636
2
0
1114460477
4
0
1637
2
0
1114461501
4
0
1638
2
0
1114462525
4
0
1639
2
0
1114465085
4
0
1640
2
0
1114466109
4
0
1641
2
0
1114467133
4
0
1642
2
0
1114468157
4
0
1643
2
0
1114469181
4
0
1644
2
0
1114470205
4
0
1645
2
0
1114452029
4
0
1646
2
0
1114453053
4
0
1647
2
0
1114454077
4
0
1648
2
0
1114521917
4
0
1649
2
0
1114522941
4
0
1650
2
0
1114523965
4
0
1651
2
0
1114524989
4
0
1652
2
0
1114526013
4
0
1653
2
0
1114527037
4
0
1654
2
0
1114528061
4
0
1655
2
0
1114530621
4
0
1656
2
0
1114531645
4
0
1657
2
0
1114532669
4
0
1658
2
0
1114533693
4
0
1659
2
0
1114534717
4
0
1660
2
0
1114535741
4
0
1661
2
0
1114517565
4
0
1662
2
0
1114518589
4
0
1663
2
0
1114519613
4
0
1664
2
0
1114587453
4
0
1665
2
0
1114588477
4
0
1666
2
0
1114589501
4
0
1667
2
0
1114590525
4
0
1668
2
0
1114591549
4
0
1669
2
0
1114592573
4
0
1670
2
0
1114593597
4
0
1671
2
0
1114596157
4
0
1672
2
0
1114597181
4
0
1673
2
0
1114598205
4
0
1674
2
0
1114599229
4
0
1675
2
0
1114600253
4
0
1676
2
0
1114601277
4
0
1677
2
0
1114583101
4
0
1678
2
0
1114584125
4
0
1679
2
0
1114585149
4
0
1680
2
0
1114652989
4
0
1681
2
0
1114654013
4
0
1682
2
0
1114655037
4
0
1683
2
0
1114656061
4
0
1684
2
0
1114657085
4
0
1685
2
0
1114658109
4
0
1686
2
0
1114659133
4
0
1687
2
0
1114661693
4
0
1688
2
0
1114662717
4
0
1689
2
0
1114663741
4
0
1690
2
0
1114664765
4
0
1691
2
0
1114665789
4
0
1692
2
0
1114666813
4
0
1693
2
0
1114648637
4
0
1694
2
0
1114649661
4
0
1695
2
0
1114650685
4
0
1696
2
0
1114718525
4
0
1697
2
0
1114719549
4
0
1698
2
0
1114720573
4
0
1699
2
0
1114721597
4
0
1700
2
0
1114722621
4
0
1701
2
0
1114723645
4
0
1702
2
0
1114724669
4
0
1703
2
0
1114727229
4
0
1704
2
0
1114728253
4
0
1705
2
0
1114729277
4
0
1706
2
0
1114730301
4
0
1707
2
0
1114731325
4
0
1708
2
0
1114732349
4
0
1709
2
0
1114714173
4
0
1710
2
0
1114715197
4
0
1711
2
0
1114716221
4
0
1712
2
0
1114784061
4
0
1713
2
0
1114785085
4
0
1714
2
0
1114786109
4
0
1715
2
0
1114787133
4
0
1716
2
0
1114788157
4
0
1717
2
0
1114789181
4
0
1718
2
0
1114790205
4
0
1719
2
0
1114792765
4
0
1720
2
0
1114793789
4
0
1721
2
0
1114794813
4
0
1722
2
0
1114795837
4
0
1723
2
0
1114796861
4
0
1724
2
0
1114797885
4
0
1725
2
0
1114779709
4
0
1726
2
0
1114780733
4
0
1727
2
0
1114781757
4
0
1728
2
0
1114849597
4
0
1729
2
0
1114850621
4
0
1730
2
0
1114851645
4
0
1731
2
0
1114852669
4
0
1732
2
0
1114853693
4
0
1733
2
0
1114854717
4
0
1734
2
0
1114855741
4
0
1735
2
0
1114858301
4
0
1736
2
0
1114859325
4
0
1737
2
0
1114860349
4
0
1738
2
0
1114861373
4
0
1739
2
0
1114862397
4
0
1740
2
0
1114863421
4
0
1741
2
0
1114845245
4
0
1742
2
0
1114846269
4
0
1743
2
0
1114847293
4
0
1744
2
0
1114915133
4
0
1745
2
0
1114916157
4
0
1746
2
0
1114917181
4
0
1747
2
0
1114918205
4
0
1748
2
0
1114919229
4
0
1749
2
0
1114920253
4
0
1750
2
0
1114921277
4
0
1751
2
0
1114923837
4
0
1752
2
0
1114924861
4
0
1753
2
0
1114925885
4
0
1754
2
0
1114926909
4
0
1755
2
0
1114927933
4
0
1756
2
0
1114928957
4
0
1757
2
0
1114910781
4
0
1758
2
0
1114911805
4
0
1759
2
0
1114912829
4
0
1760
2
0
1114980669
4
0
1761
2
0
1114981693
4
0
1762
2
0
1114982717
4
0
1763
2
0
1114983741
4
0
1764
2
0
1114984765
4
0
1765
2
0
1114985789
4
0
1766
2
0
1114986813
4
0
1767
2
0
1114989373
4
0
1768
2
0
1114990397
4
0
1769
2
0
1114991421
4
0
1770
2
0
1114992445
4
0
1771
2
0
1114993469
4
0
1772
2
0
1114994493
4
0
1773
2
0
1114976317
4
0
1774
2
0
1114977341
4
0
1775
2
0
1114978365
4
0
1776
2
0
1115046205
4
0
1777
2
0
1115047229
4
0
1778
2
0
1115048253
4
0
1779
2
0
1115049277
4
0
1780
2
0
1115050301
4
0
1781
2
0
1115051325
4
0
1782
2
0
1115052349
4
0
1783
2
0
1115054909
4
0
1784
2
0
1115055933
4
0
1785
2
0
1115056957
4
0
1786
2
0
1115057981
4
0
1787
2
0
1115059005
4
0
1788
2
0
1115060029
4
0
1789
2
0
1115041853
4
0
1790
2
0
1115042877
4
0
1791
2
0
1115043901
4
0
1792
2
0
1115111741
4
0
1793
2
0
1115112765
4
0
1794
2
0
1115113789
4
0
1795
2
0
1115114813
4
0
1796
2
0
1115115837
4
0
1797
2
0
1115116861
4
0
1798
2
0
1115117885
4
0
1799
2
0
1115120445
4
0
1800
2
0
1115121469
4
0
1801
2
0
1115122493
4
0
1802
2
0
1115123517
4
0
1803
2
0
1115124541
4
0
1804
2
0
1115125565
4
0
1805
2
0
1115107389
4
0
1806
2
0
1115108413
4
0
1807
2
0
1115109437
4
0
1808
2
0
1115177277
4
0
1809
2
0
1115178301
4
0
1810
2
0
1115179325
4
0
1811
2
0
1115180349
4
0
1812
2
0
1115181373
4
0
1813
2
0
1115182397
4
0
1814
2
0
1115183421
4
0
1815
2
0
1115185981
4
0
1816
2
0
1115187005
4
0
1817
2
0
1115188029
4
0
1818
2
0
1115189053
4
0
1819
2
0
1115190077
4
0
1820
2
0
1115191101
4
0
1821
2
0
1115172925
4
0
1822
2
0
1115173949
4
0
1823
2
0
1115174973
4
0
1824
2
0
1115242813
4
0
1825
2
0
1115243837
4
0
1826
2
0
1115244861
4
0
1827
2
0
1115245885
4
0
1828
2
0
1115246909
4
0
1829
2
0
1115247933
4
0
1830
2
0
1115248957
4
0
1831
2
0
1115251517
4
0
1832
2
0
1115252541
4
0
1833
2
0
1115253565
4
0
1834
2
0
1115254589
4
0
1835
2
0
1115255613
4
0
1836
2
0
1115256637
4
0
1837
2
0
1115238461
4
0
1838
2
0
1115239485
4
0
1839
2
0
1115240509
4
0
1840
2
0
1115308349
4
0
1841
2
0
1115309373
4
0
1842
2
0
1115310397
4
0
1843
2
0
1115311421
4
0
1844
2
0
1115312445
4
0
1845
2
0
1115313469
4
0
1846
2
0
1115314493
4
0
1847
2
0
1115317053
4
0
1848
2
0
1115318077
4
0
1849
2
0
1115319101
4
0
1850
2
0
1115320125
4
0
1851
2
0
1115321149
4
0
1852
2
0
1115322173
4
0
1853
2
0
1115303997
4
0
1854
2
0
1115305021
4
0
1855
2
0
1115306045
4
0
1856
2
0
1110458685
4
0
1857
2
0
1110459709
4
0
1858
2
0
1110460733
4
0
1859
2
0
1110461757
4
0
1860
2
0
1110462781
4
0
1861
2
0
1110463805
4
0
1862
2
0
1110464829
4
0
1863
2
0
1110467389
4
0
1864
2
0
1110468413
4
0
1865
2
0
1110469437
4
0
1866
2
0
1110470461
4
0
1867
2
0
1110471485
4
0
1868
2
0
1110472509
4
0
1869
2
0
1110454333
4
0
1870
2
0
1110455357
4
0
1871
2
0
1110456381
4
0
1872
2
0
1110524221
4
0
1873
2
0
1110525245
4
0
1874
2
0
1110526269
4
0
1875
2
0
1110527293
4
0
1876
2
0
1110528317
4
0
1877
2
0
1110529341
4
0
1878
2
0
1110530365
4
0
1879
2
0
1110532925
4
0
1880
2
0
1110533949
4
0
1881
2
0
1110534973
4
0
1882
2
0
1110535997
4
0
1883
2
0
1110537021
4
0
1884
2
0
1110538045
4
0
1885
2
0
1110519869
4
0
1886
2
0
1110520893
4
0
1887
2
0
1110521917
4
0
1888
2
0
1110589757
4
0
1889
2
0
1110590781
4
0
1890
2
0
1110591805
4
0
1891
2
0
1110592829
4
0
1892
2
0
1110593853
4
0
1893
2
0
1110594877
4
0
1894
2
0
1110595901
4
0
1895
2
0
1110598461
4
0
1896
2
0
1110599485
4
0
1897
2
0
1110600509
4
0
1898
2
0
1110601533
4
0
1899
2
0
1110602557
4
0
1900
2
0
1110603581
4
0
1901
2
0
1110585405
4
0
1902
2
0
1110586429
4
0
1903
2
0
1110587453
4
0
1904
2
0
1110655293
4
0
1905
2
0
1110656317
4
0
1906
2
0
1110657341
4
0
1907
2
0
1110658365
4
0
1908
2
0
1110659389
4
0
1909
2
0
1110660413
4
0
1910
2
0
1110661437
4
0
1911
2
0
1110663997
4
0
1912
2
0
1110665021
4
0
1913
2
0
1110666045
4
0
1914
2
0
1110667069
4
0
1915
2
0
1110668093
4
0
1916
2
0
1110669117
4
0
1917
2
0
1110650941
4
0
1918
2
0
1110651965
4
0
1919
2
0
1110652989
4
0
1920
2
0
1110720829
4
0
1921
2
0
1110721853
4
0
1922
2
0
1110722877
4
0
1923
2
0
1110723901
4
0
1924
2
0
1110724925
4
0
1925
2
0
1110725949
4
0
1926
2
0
1110726973
4
0
1927
2
0
1110729533
4
0
1928
2
0
1110730557
4
0
1929
2
0
1110731581
4
0
1930
2
0
1110732605
4
0
1931
2
0
1110733629
4
0
1932
2
0
1110734653
4
0
1933
2
0
1110716477
4
0
1934
2
0
1110717501
4
0
1935
2
0
1110718525
4
0
1936
2
0
1110786365
4
0
1937
2
0
1110787389
4
0
1938
2
0
1110788413
4
0
1939
2
0
1110789437
4
0
1940
2
0
1110790461
4
0
1941
2
0
1110791485
4
0
1942
2
0
1110792509
4
0
1943
2
0
1110795069
4
0
1944
2
0
1110796093
4
0
1945
2
0
1110797117
4
0
1946
2
0
1110798141
4
0
1947
2
0
1110799165
4
0
1948
2
0
1110800189
4
0
1949
2
0
1110782013
4
0
1950
2
0
1110783037
4
0
1951
2
0
1110784061
4
0
1952
2
0
1110851901
4
0
1953
2
0
1110852925
4
0
1954
2
0
1110853949
4
0
1955
2
0
1110854973
4
0
1956
2
0
1110855997
4
0
1957
2
0
1110857021
4
0
1958
2
0
1110858045
4
0
1959
2
0
1110860605
4
0
1960
2
0
1110861629
4
0
1961
2
0
1110862653
4
0
1962
2
0
1110863677
4
0
1963
2
0
1110864701
4
0
1964
2
0
1110865725
4
0
1965
2
0
1110847549
4
0
1966
2
0
1110848573
4
0
1967
2
0
1110849597
4
0
1968
2
0
1110917437
4
0
1969
2
0
1110918461
4
0
1970
2
0
1110919485
4
0
1971
2
0
1110920509
4
0
1972
2
0
1110921533
4
0
1973
2
0
1110922557
4
0
1974
2
0
1110923581
4
0
1975
2
0
1110926141
4
0
1976
2
0
1110927165
4
0
1977
2
0
1110928189
4
0
1978
2
0
1110929213
4
0
1979
2
0
1110930237
4
0
1980
2
0
1110931261
4
0
1981
2
0
1110913085
4
0
1982
2
0
1110914109
4
0
1983
2
0
1110915133
4
0
1984
2
0
1110982973
4
0
1985
2
0
1110983997
4
0
1986
2
0
1110985021
4
0
1987
2
0
1110986045
4
0
1988
2
0
1110987069
4
0
1989
2
0
1110988093
4
0
1990
2
0
1110989117
4
0
1991
2
0
1110991677
4
0
1992
2
0
1110992701
4
0
1993
2
0
1110993725
4
0
1994
2
0
1110994749
4
0
1995
2
0
1110995773
4
0
1996
2
0
1110996797
4
0
1997
2
0
1110978621
4
0
1998
2
0
1110979645
4
0
1999
2
0
1110980669
4
0
2000
2
0
1111048509
4
0
2001
2
0
1111049533
4
0
2002
2
0
1111050557
4
0
2003
2
0
1111051581
4
0
2004
2
0
1111052605
4
0
2005
2
0
1111053629
4
0
2006
2
0
1111054653
4
0
2007
2
0
1111057213
4
0
2008
2
0
1111058237
4
0
2009
2
0
1111059261
4
0
2010
2
0
1111060285
4
0
2011
2
0
1111061309
4
0
2012
2
0
1111062333
4
0
2013
2
0
1111044157
4
0
2014
2
0
1111045181
4
0
2015
2
0
1111046205
4
0
2016
2
0
1110131005
4
0
2017
2
0
1110132029
4
0
2018
2
0
1110133053
4
0
2019
2
0
1110134077
4
0
2020
2
0
1110135101
4
0
2021
2
0
1110136125
4
0
2022
2
0
1110137149
4
0
2023
2
0
1110139709
4
0
2024
2
0
1110140733
4
0
2025
2
0
1110141757
4
0
2026
2
0
1110142781
4
0
2027
2
0
1110143805
4
0
2028
2
0
1110144829
4
0
2029
2
0
1110126653
4
0
2030
2
0
1110127677
4
0
2031
2
0
1110128701
4
0
2032
2
0
1110393149
4
0
2033
2
0
1110394173
4
0
2034
2
0
1110395197
4
0
2035
2
0
1110396221
4
0
2036
2
0
1110397245
4
0
2037
2
0
1110398269
4
0
2038
2
0
1110399293
4
0
2039
2
0
1110401853
4
0
2040
2
0
1110402877
4
0
2041
2
0
1110403901
4
0
2042
2
0
1110404925
4
0
2043
2
0
1110405949
4
0
2044
2
0
1110406973
4
0
2045
2
0
1110388797
4
0
2046
2
0
1110389821
4
0
2047
2
0
1110390845
4
