1024
0
55296
2
0
843137341
4
0
55297
2
0
843138365
4
0
55298
2
0
843139389
4
0
55299
2
0
843140413
4
0
55300
2
0
843141437
4
0
55301
2
0
843142461
4
0
55302
2
0
843143485
4
0
55303
2
0
843146045
4
0
55304
2
0
843147069
4
0
55305
2
0
843148093
4
0
55306
2
0
843149117
4
0
55307
2
0
843150141
4
0
55308
2
0
843151165
4
0
55309
2
0
843132989
4
0
55310
2
0
843134013
4
0
55311
2
0
843135037
4
0
55312
2
0
843202877
4
0
55313
2
0
843203901
4
0
55314
2
0
843204925
4
0
55315
2
0
843205949
4
0
55316
2
0
843206973
4
0
55317
2
0
843207997
4
0
55318
2
0
843209021
4
0
55319
2
0
843211581
4
0
55320
2
0
843212605
4
0
55321
2
0
843213629
4
0
55322
2
0
843214653
4
0
55323
2
0
843215677
4
0
55324
2
0
843216701
4
0
55325
2
0
843198525
4
0
55326
2
0
843199549
4
0
55327
2
0
843200573
4
0
55328
2
0
843268413
4
0
55329
2
0
843269437
4
0
55330
2
0
843270461
4
0
55331
2
0
843271485
4
0
55332
2
0
843272509
4
0
55333
2
0
843273533
4
0
55334
2
0
843274557
4
0
55335
2
0
843277117
4
0
55336
2
0
843278141
4
0
55337
2
0
843279165
4
0
55338
2
0
843280189
4
0
55339
2
0
843281213
4
0
55340
2
0
843282237
4
0
55341
2
0
843264061
4
0
55342
2
0
843265085
4
0
55343
2
0
843266109
4
0
55344
2
0
843333949
4
0
55345
2
0
843334973
4
0
55346
2
0
843335997
4
0
55347
2
0
843337021
4
0
55348
2
0
843338045
4
0
55349
2
0
843339069
4
0
55350
2
0
843340093
4
0
55351
2
0
843342653
4
0
55352
2
0
843343677
4
0
55353
2
0
843344701
4
0
55354
2
0
843345725
4
0
55355
2
0
843346749
4
0
55356
2
0
843347773
4
0
55357
2
0
843329597
4
0
55358
2
0
843330621
4
0
55359
2
0
843331645
4
0
55360
2
0
843399485
4
0
55361
2
0
843400509
4
0
55362
2
0
843401533
4
0
55363
2
0
843402557
4
0
55364
2
0
843403581
4
0
55365
2
0
843404605
4
0
55366
2
0
843405629
4
0
55367
2
0
843408189
4
0
55368
2
0
843409213
4
0
55369
2
0
843410237
4
0
55370
2
0
843411261
4
0
55371
2
0
843412285
4
0
55372
2
0
843413309
4
0
55373
2
0
843395133
4
0
55374
2
0
843396157
4
0
55375
2
0
843397181
4
0
55376
2
0
843465021
4
0
55377
2
0
843466045
4
0
55378
2
0
843467069
4
0
55379
2
0
843468093
4
0
55380
2
0
843469117
4
0
55381
2
0
843470141
4
0
55382
2
0
843471165
4
0
55383
2
0
843473725
4
0
55384
2
0
843474749
4
0
55385
2
0
843475773
4
0
55386
2
0
843476797
4
0
55387
2
0
843477821
4
0
55388
2
0
843478845
4
0
55389
2
0
843460669
4
0
55390
2
0
843461693
4
0
55391
2
0
843462717
4
0
55392
2
0
843530557
4
0
55393
2
0
843531581
4
0
55394
2
0
843532605
4
0
55395
2
0
843533629
4
0
55396
2
0
843534653
4
0
55397
2
0
843535677
4
0
55398
2
0
843536701
4
0
55399
2
0
843539261
4
0
55400
2
0
843540285
4
0
55401
2
0
843541309
4
0
55402
2
0
843542333
4
0
55403
2
0
843543357
4
0
55404
2
0
843544381
4
0
55405
2
0
843526205
4
0
55406
2
0
843527229
4
0
55407
2
0
843528253
4
0
55408
2
0
843596093
4
0
55409
2
0
843597117
4
0
55410
2
0
843598141
4
0
55411
2
0
843599165
4
0
55412
2
0
843600189
4
0
55413
2
0
843601213
4
0
55414
2
0
843602237
4
0
55415
2
0
843604797
4
0
55416
2
0
843605821
4
0
55417
2
0
843606845
4
0
55418
2
0
843607869
4
0
55419
2
0
843608893
4
0
55420
2
0
843609917
4
0
55421
2
0
843591741
4
0
55422
2
0
843592765
4
0
55423
2
0
843593789
4
0
55424
2
0
843661629
4
0
55425
2
0
843662653
4
0
55426
2
0
843663677
4
0
55427
2
0
843664701
4
0
55428
2
0
843665725
4
0
55429
2
0
843666749
4
0
55430
2
0
843667773
4
0
55431
2
0
843670333
4
0
55432
2
0
843671357
4
0
55433
2
0
843672381
4
0
55434
2
0
843673405
4
0
55435
2
0
843674429
4
0
55436
2
0
843675453
4
0
55437
2
0
843657277
4
0
55438
2
0
843658301
4
0
55439
2
0
843659325
4
0
55440
2
0
843727165
4
0
55441
2
0
843728189
4
0
55442
2
0
843729213
4
0
55443
2
0
843730237
4
0
55444
2
0
843731261
4
0
55445
2
0
843732285
4
0
55446
2
0
843733309
4
0
55447
2
0
843735869
4
0
55448
2
0
843736893
4
0
55449
2
0
843737917
4
0
55450
2
0
843738941
4
0
55451
2
0
843739965
4
0
55452
2
0
843740989
4
0
55453
2
0
843722813
4
0
55454
2
0
843723837
4
0
55455
2
0
843724861
4
0
55456
2
0
843792701
4
0
55457
2
0
843793725
4
0
55458
2
0
843794749
4
0
55459
2
0
843795773
4
0
55460
2
0
843796797
4
0
55461
2
0
843797821
4
0
55462
2
0
843798845
4
0
55463
2
0
843801405
4
0
55464
2
0
843802429
4
0
55465
2
0
843803453
4
0
55466
2
0
843804477
4
0
55467
2
0
843805501
4
0
55468
2
0
843806525
4
0
55469
2
0
843788349
4
0
55470
2
0
843789373
4
0
55471
2
0
843790397
4
0
55472
2
0
843858237
4
0
55473
2
0
843859261
4
0
55474
2
0
843860285
4
0
55475
2
0
843861309
4
0
55476
2
0
843862333
4
0
55477
2
0
843863357
4
0
55478
2
0
843864381
4
0
55479
2
0
843866941
4
0
55480
2
0
843867965
4
0
55481
2
0
843868989
4
0
55482
2
0
843870013
4
0
55483
2
0
843871037
4
0
55484
2
0
843872061
4
0
55485
2
0
843853885
4
0
55486
2
0
843854909
4
0
55487
2
0
843855933
4
0
55488
2
0
843923773
4
0
55489
2
0
843924797
4
0
55490
2
0
843925821
4
0
55491
2
0
843926845
4
0
55492
2
0
843927869
4
0
55493
2
0
843928893
4
0
55494
2
0
843929917
4
0
55495
2
0
843932477
4
0
55496
2
0
843933501
4
0
55497
2
0
843934525
4
0
55498
2
0
843935549
4
0
55499
2
0
843936573
4
0
55500
2
0
843937597
4
0
55501
2
0
843919421
4
0
55502
2
0
843920445
4
0
55503
2
0
843921469
4
0
55504
2
0
843989309
4
0
55505
2
0
843990333
4
0
55506
2
0
843991357
4
0
55507
2
0
843992381
4
0
55508
2
0
843993405
4
0
55509
2
0
843994429
4
0
55510
2
0
843995453
4
0
55511
2
0
843998013
4
0
55512
2
0
843999037
4
0
55513
2
0
844000061
4
0
55514
2
0
844001085
4
0
55515
2
0
844002109
4
0
55516
2
0
844003133
4
0
55517
2
0
843984957
4
0
55518
2
0
843985981
4
0
55519
2
0
843987005
4
0
55520
2
0
844054845
4
0
55521
2
0
844055869
4
0
55522
2
0
844056893
4
0
55523
2
0
844057917
4
0
55524
2
0
844058941
4
0
55525
2
0
844059965
4
0
55526
2
0
844060989
4
0
55527
2
0
844063549
4
0
55528
2
0
844064573
4
0
55529
2
0
844065597
4
0
55530
2
0
844066621
4
0
55531
2
0
844067645
4
0
55532
2
0
844068669
4
0
55533
2
0
844050493
4
0
55534
2
0
844051517
4
0
55535
2
0
844052541
4
0
55536
2
0
844120381
4
0
55537
2
0
844121405
4
0
55538
2
0
844122429
4
0
55539
2
0
844123453
4
0
55540
2
0
844124477
4
0
55541
2
0
844125501
4
0
55542
2
0
844126525
4
0
55543
2
0
844129085
4
0
55544
2
0
844130109
4
0
55545
2
0
844131133
4
0
55546
2
0
844132157
4
0
55547
2
0
844133181
4
0
55548
2
0
844134205
4
0
55549
2
0
844116029
4
0
55550
2
0
844117053
4
0
55551
2
0
844118077
4
0
55552
2
0
844185917
4
0
55553
2
0
844186941
4
0
55554
2
0
844187965
4
0
55555
2
0
844188989
4
0
55556
2
0
844190013
4
0
55557
2
0
844191037
4
0
55558
2
0
844192061
4
0
55559
2
0
844194621
4
0
55560
2
0
844195645
4
0
55561
2
0
844196669
4
0
55562
2
0
844197693
4
0
55563
2
0
844198717
4
0
55564
2
0
844199741
4
0
55565
2
0
844181565
4
0
55566
2
0
844182589
4
0
55567
2
0
844183613
4
0
55568
2
0
844251453
4
0
55569
2
0
844252477
4
0
55570
2
0
844253501
4
0
55571
2
0
844254525
4
0
55572
2
0
844255549
4
0
55573
2
0
844256573
4
0
55574
2
0
844257597
4
0
55575
2
0
844260157
4
0
55576
2
0
844261181
4
0
55577
2
0
844262205
4
0
55578
2
0
844263229
4
0
55579
2
0
844264253
4
0
55580
2
0
844265277
4
0
55581
2
0
844247101
4
0
55582
2
0
844248125
4
0
55583
2
0
844249149
4
0
55584
2
0
844316989
4
0
55585
2
0
844318013
4
0
55586
2
0
844319037
4
0
55587
2
0
844320061
4
0
55588
2
0
844321085
4
0
55589
2
0
844322109
4
0
55590
2
0
844323133
4
0
55591
2
0
844325693
4
0
55592
2
0
844326717
4
0
55593
2
0
844327741
4
0
55594
2
0
844328765
4
0
55595
2
0
844329789
4
0
55596
2
0
844330813
4
0
55597
2
0
844312637
4
0
55598
2
0
844313661
4
0
55599
2
0
844314685
4
0
55600
2
0
844382525
4
0
55601
2
0
844383549
4
0
55602
2
0
844384573
4
0
55603
2
0
844385597
4
0
55604
2
0
844386621
4
0
55605
2
0
844387645
4
0
55606
2
0
844388669
4
0
55607
2
0
844391229
4
0
55608
2
0
844392253
4
0
55609
2
0
844393277
4
0
55610
2
0
844394301
4
0
55611
2
0
844395325
4
0
55612
2
0
844396349
4
0
55613
2
0
844378173
4
0
55614
2
0
844379197
4
0
55615
2
0
844380221
4
0
55616
2
0
844448061
4
0
55617
2
0
844449085
4
0
55618
2
0
844450109
4
0
55619
2
0
844451133
4
0
55620
2
0
844452157
4
0
55621
2
0
844453181
4
0
55622
2
0
844454205
4
0
55623
2
0
844456765
4
0
55624
2
0
844457789
4
0
55625
2
0
844458813
4
0
55626
2
0
844459837
4
0
55627
2
0
844460861
4
0
55628
2
0
844461885
4
0
55629
2
0
844443709
4
0
55630
2
0
844444733
4
0
55631
2
0
844445757
4
0
55632
2
0
844513597
4
0
55633
2
0
844514621
4
0
55634
2
0
844515645
4
0
55635
2
0
844516669
4
0
55636
2
0
844517693
4
0
55637
2
0
844518717
4
0
55638
2
0
844519741
4
0
55639
2
0
844522301
4
0
55640
2
0
844523325
4
0
55641
2
0
844524349
4
0
55642
2
0
844525373
4
0
55643
2
0
844526397
4
0
55644
2
0
844527421
4
0
55645
2
0
844509245
4
0
55646
2
0
844510269
4
0
55647
2
0
844511293
4
0
55648
2
0
844579133
4
0
55649
2
0
844580157
4
0
55650
2
0
844581181
4
0
55651
2
0
844582205
4
0
55652
2
0
844583229
4
0
55653
2
0
844584253
4
0
55654
2
0
844585277
4
0
55655
2
0
844587837
4
0
55656
2
0
844588861
4
0
55657
2
0
844589885
4
0
55658
2
0
844590909
4
0
55659
2
0
844591933
4
0
55660
2
0
844592957
4
0
55661
2
0
844574781
4
0
55662
2
0
844575805
4
0
55663
2
0
844576829
4
0
55664
2
0
844644669
4
0
55665
2
0
844645693
4
0
55666
2
0
844646717
4
0
55667
2
0
844647741
4
0
55668
2
0
844648765
4
0
55669
2
0
844649789
4
0
55670
2
0
844650813
4
0
55671
2
0
844653373
4
0
55672
2
0
844654397
4
0
55673
2
0
844655421
4
0
55674
2
0
844656445
4
0
55675
2
0
844657469
4
0
55676
2
0
844658493
4
0
55677
2
0
844640317
4
0
55678
2
0
844641341
4
0
55679
2
0
844642365
4
0
55680
2
0
844710205
4
0
55681
2
0
844711229
4
0
55682
2
0
844712253
4
0
55683
2
0
844713277
4
0
55684
2
0
844714301
4
0
55685
2
0
844715325
4
0
55686
2
0
844716349
4
0
55687
2
0
844718909
4
0
55688
2
0
844719933
4
0
55689
2
0
844720957
4
0
55690
2
0
844721981
4
0
55691
2
0
844723005
4
0
55692
2
0
844724029
4
0
55693
2
0
844705853
4
0
55694
2
0
844706877
4
0
55695
2
0
844707901
4
0
55696
2
0
844775741
4
0
55697
2
0
844776765
4
0
55698
2
0
844777789
4
0
55699
2
0
844778813
4
0
55700
2
0
844779837
4
0
55701
2
0
844780861
4
0
55702
2
0
844781885
4
0
55703
2
0
844784445
4
0
55704
2
0
844785469
4
0
55705
2
0
844786493
4
0
55706
2
0
844787517
4
0
55707
2
0
844788541
4
0
55708
2
0
844789565
4
0
55709
2
0
844771389
4
0
55710
2
0
844772413
4
0
55711
2
0
844773437
4
0
55712
2
0
845234493
4
0
55713
2
0
845235517
4
0
55714
2
0
845236541
4
0
55715
2
0
845237565
4
0
55716
2
0
845238589
4
0
55717
2
0
845239613
4
0
55718
2
0
845240637
4
0
55719
2
0
845243197
4
0
55720
2
0
845244221
4
0
55721
2
0
845245245
4
0
55722
2
0
845246269
4
0
55723
2
0
845247293
4
0
55724
2
0
845248317
4
0
55725
2
0
845230141
4
0
55726
2
0
845231165
4
0
55727
2
0
845232189
4
0
55728
2
0
845300029
4
0
55729
2
0
845301053
4
0
55730
2
0
845302077
4
0
55731
2
0
845303101
4
0
55732
2
0
845304125
4
0
55733
2
0
845305149
4
0
55734
2
0
845306173
4
0
55735
2
0
845308733
4
0
55736
2
0
845309757
4
0
55737
2
0
845310781
4
0
55738
2
0
845311805
4
0
55739
2
0
845312829
4
0
55740
2
0
845313853
4
0
55741
2
0
845295677
4
0
55742
2
0
845296701
4
0
55743
2
0
845297725
4
0
55744
2
0
845365565
4
0
55745
2
0
845366589
4
0
55746
2
0
845367613
4
0
55747
2
0
845368637
4
0
55748
2
0
845369661
4
0
55749
2
0
845370685
4
0
55750
2
0
845371709
4
0
55751
2
0
845374269
4
0
55752
2
0
845375293
4
0
55753
2
0
845376317
4
0
55754
2
0
845377341
4
0
55755
2
0
845378365
4
0
55756
2
0
845379389
4
0
55757
2
0
845361213
4
0
55758
2
0
845362237
4
0
55759
2
0
845363261
4
0
55760
2
0
845431101
4
0
55761
2
0
845432125
4
0
55762
2
0
845433149
4
0
55763
2
0
845434173
4
0
55764
2
0
845435197
4
0
55765
2
0
845436221
4
0
55766
2
0
845437245
4
0
55767
2
0
845439805
4
0
55768
2
0
845440829
4
0
55769
2
0
845441853
4
0
55770
2
0
845442877
4
0
55771
2
0
845443901
4
0
55772
2
0
845444925
4
0
55773
2
0
845426749
4
0
55774
2
0
845427773
4
0
55775
2
0
845428797
4
0
55776
2
0
845496637
4
0
55777
2
0
845497661
4
0
55778
2
0
845498685
4
0
55779
2
0
845499709
4
0
55780
2
0
845500733
4
0
55781
2
0
845501757
4
0
55782
2
0
845502781
4
0
55783
2
0
845505341
4
0
55784
2
0
845506365
4
0
55785
2
0
845507389
4
0
55786
2
0
845508413
4
0
55787
2
0
845509437
4
0
55788
2
0
845510461
4
0
55789
2
0
845492285
4
0
55790
2
0
845493309
4
0
55791
2
0
845494333
4
0
55792
2
0
845562173
4
0
55793
2
0
845563197
4
0
55794
2
0
845564221
4
0
55795
2
0
845565245
4
0
55796
2
0
845566269
4
0
55797
2
0
845567293
4
0
55798
2
0
845568317
4
0
55799
2
0
845570877
4
0
55800
2
0
845571901
4
0
55801
2
0
845572925
4
0
55802
2
0
845573949
4
0
55803
2
0
845574973
4
0
55804
2
0
845575997
4
0
55805
2
0
845557821
4
0
55806
2
0
845558845
4
0
55807
2
0
845559869
4
0
55808
2
0
845627709
4
0
55809
2
0
845628733
4
0
55810
2
0
845629757
4
0
55811
2
0
845630781
4
0
55812
2
0
845631805
4
0
55813
2
0
845632829
4
0
55814
2
0
845633853
4
0
55815
2
0
845636413
4
0
55816
2
0
845637437
4
0
55817
2
0
845638461
4
0
55818
2
0
845639485
4
0
55819
2
0
845640509
4
0
55820
2
0
845641533
4
0
55821
2
0
845623357
4
0
55822
2
0
845624381
4
0
55823
2
0
845625405
4
0
55824
2
0
845693245
4
0
55825
2
0
845694269
4
0
55826
2
0
845695293
4
0
55827
2
0
845696317
4
0
55828
2
0
845697341
4
0
55829
2
0
845698365
4
0
55830
2
0
845699389
4
0
55831
2
0
845701949
4
0
55832
2
0
845702973
4
0
55833
2
0
845703997
4
0
55834
2
0
845705021
4
0
55835
2
0
845706045
4
0
55836
2
0
845707069
4
0
55837
2
0
845688893
4
0
55838
2
0
845689917
4
0
55839
2
0
845690941
4
0
55840
2
0
845758781
4
0
55841
2
0
845759805
4
0
55842
2
0
845760829
4
0
55843
2
0
845761853
4
0
55844
2
0
845762877
4
0
55845
2
0
845763901
4
0
55846
2
0
845764925
4
0
55847
2
0
845767485
4
0
55848
2
0
845768509
4
0
55849
2
0
845769533
4
0
55850
2
0
845770557
4
0
55851
2
0
845771581
4
0
55852
2
0
845772605
4
0
55853
2
0
845754429
4
0
55854
2
0
845755453
4
0
55855
2
0
845756477
4
0
55856
2
0
845824317
4
0
55857
2
0
845825341
4
0
55858
2
0
845826365
4
0
55859
2
0
845827389
4
0
55860
2
0
845828413
4
0
55861
2
0
845829437
4
0
55862
2
0
845830461
4
0
55863
2
0
845833021
4
0
55864
2
0
845834045
4
0
55865
2
0
845835069
4
0
55866
2
0
845836093
4
0
55867
2
0
845837117
4
0
55868
2
0
845838141
4
0
55869
2
0
845819965
4
0
55870
2
0
845820989
4
0
55871
2
0
845822013
4
0
55872
2
0
845889853
4
0
55873
2
0
845890877
4
0
55874
2
0
845891901
4
0
55875
2
0
845892925
4
0
55876
2
0
845893949
4
0
55877
2
0
845894973
4
0
55878
2
0
845895997
4
0
55879
2
0
845898557
4
0
55880
2
0
845899581
4
0
55881
2
0
845900605
4
0
55882
2
0
845901629
4
0
55883
2
0
845902653
4
0
55884
2
0
845903677
4
0
55885
2
0
845885501
4
0
55886
2
0
845886525
4
0
55887
2
0
845887549
4
0
55888
2
0
845955389
4
0
55889
2
0
845956413
4
0
55890
2
0
845957437
4
0
55891
2
0
845958461
4
0
55892
2
0
845959485
4
0
55893
2
0
845960509
4
0
55894
2
0
845961533
4
0
55895
2
0
845964093
4
0
55896
2
0
845965117
4
0
55897
2
0
845966141
4
0
55898
2
0
845967165
4
0
55899
2
0
845968189
4
0
55900
2
0
845969213
4
0
55901
2
0
845951037
4
0
55902
2
0
845952061
4
0
55903
2
0
845953085
4
0
55904
2
0
846020925
4
0
55905
2
0
846021949
4
0
55906
2
0
846022973
4
0
55907
2
0
846023997
4
0
55908
2
0
846025021
4
0
55909
2
0
846026045
4
0
55910
2
0
846027069
4
0
55911
2
0
846029629
4
0
55912
2
0
846030653
4
0
55913
2
0
846031677
4
0
55914
2
0
846032701
4
0
55915
2
0
846033725
4
0
55916
2
0
846034749
4
0
55917
2
0
846016573
4
0
55918
2
0
846017597
4
0
55919
2
0
846018621
4
0
55920
2
0
846086461
4
0
55921
2
0
846087485
4
0
55922
2
0
846088509
4
0
55923
2
0
846089533
4
0
55924
2
0
846090557
4
0
55925
2
0
846091581
4
0
55926
2
0
846092605
4
0
55927
2
0
846095165
4
0
55928
2
0
846096189
4
0
55929
2
0
846097213
4
0
55930
2
0
846098237
4
0
55931
2
0
846099261
4
0
55932
2
0
846100285
4
0
55933
2
0
846082109
4
0
55934
2
0
846083133
4
0
55935
2
0
846084157
4
0
55936
2
0
846151997
4
0
55937
2
0
846153021
4
0
55938
2
0
846154045
4
0
55939
2
0
846155069
4
0
55940
2
0
846156093
4
0
55941
2
0
846157117
4
0
55942
2
0
846158141
4
0
55943
2
0
846160701
4
0
55944
2
0
846161725
4
0
55945
2
0
846162749
4
0
55946
2
0
846163773
4
0
55947
2
0
846164797
4
0
55948
2
0
846165821
4
0
55949
2
0
846147645
4
0
55950
2
0
846148669
4
0
55951
2
0
846149693
4
0
55952
2
0
846217533
4
0
55953
2
0
846218557
4
0
55954
2
0
846219581
4
0
55955
2
0
846220605
4
0
55956
2
0
846221629
4
0
55957
2
0
846222653
4
0
55958
2
0
846223677
4
0
55959
2
0
846226237
4
0
55960
2
0
846227261
4
0
55961
2
0
846228285
4
0
55962
2
0
846229309
4
0
55963
2
0
846230333
4
0
55964
2
0
846231357
4
0
55965
2
0
846213181
4
0
55966
2
0
846214205
4
0
55967
2
0
846215229
4
0
55968
2
0
846283069
4
0
55969
2
0
846284093
4
0
55970
2
0
846285117
4
0
55971
2
0
846286141
4
0
55972
2
0
846287165
4
0
55973
2
0
846288189
4
0
55974
2
0
846289213
4
0
55975
2
0
846291773
4
0
55976
2
0
846292797
4
0
55977
2
0
846293821
4
0
55978
2
0
846294845
4
0
55979
2
0
846295869
4
0
55980
2
0
846296893
4
0
55981
2
0
846278717
4
0
55982
2
0
846279741
4
0
55983
2
0
846280765
4
0
55984
2
0
846348605
4
0
55985
2
0
846349629
4
0
55986
2
0
846350653
4
0
55987
2
0
846351677
4
0
55988
2
0
846352701
4
0
55989
2
0
846353725
4
0
55990
2
0
846354749
4
0
55991
2
0
846357309
4
0
55992
2
0
846358333
4
0
55993
2
0
846359357
4
0
55994
2
0
846360381
4
0
55995
2
0
846361405
4
0
55996
2
0
846362429
4
0
55997
2
0
846344253
4
0
55998
2
0
846345277
4
0
55999
2
0
846346301
4
0
56000
2
0
846414141
4
0
56001
2
0
846415165
4
0
56002
2
0
846416189
4
0
56003
2
0
846417213
4
0
56004
2
0
846418237
4
0
56005
2
0
846419261
4
0
56006
2
0
846420285
4
0
56007
2
0
846422845
4
0
56008
2
0
846423869
4
0
56009
2
0
846424893
4
0
56010
2
0
846425917
4
0
56011
2
0
846426941
4
0
56012
2
0
846427965
4
0
56013
2
0
846409789
4
0
56014
2
0
846410813
4
0
56015
2
0
846411837
4
0
56016
2
0
846479677
4
0
56017
2
0
846480701
4
0
56018
2
0
846481725
4
0
56019
2
0
846482749
4
0
56020
2
0
846483773
4
0
56021
2
0
846484797
4
0
56022
2
0
846485821
4
0
56023
2
0
846488381
4
0
56024
2
0
846489405
4
0
56025
2
0
846490429
4
0
56026
2
0
846491453
4
0
56027
2
0
846492477
4
0
56028
2
0
846493501
4
0
56029
2
0
846475325
4
0
56030
2
0
846476349
4
0
56031
2
0
846477373
4
0
56032
2
0
846545213
4
0
56033
2
0
846546237
4
0
56034
2
0
846547261
4
0
56035
2
0
846548285
4
0
56036
2
0
846549309
4
0
56037
2
0
846550333
4
0
56038
2
0
846551357
4
0
56039
2
0
846553917
4
0
56040
2
0
846554941
4
0
56041
2
0
846555965
4
0
56042
2
0
846556989
4
0
56043
2
0
846558013
4
0
56044
2
0
846559037
4
0
56045
2
0
846540861
4
0
56046
2
0
846541885
4
0
56047
2
0
846542909
4
0
56048
2
0
846610749
4
0
56049
2
0
846611773
4
0
56050
2
0
846612797
4
0
56051
2
0
846613821
4
0
56052
2
0
846614845
4
0
56053
2
0
846615869
4
0
56054
2
0
846616893
4
0
56055
2
0
846619453
4
0
56056
2
0
846620477
4
0
56057
2
0
846621501
4
0
56058
2
0
846622525
4
0
56059
2
0
846623549
4
0
56060
2
0
846624573
4
0
56061
2
0
846606397
4
0
56062
2
0
846607421
4
0
56063
2
0
846608445
4
0
56064
2
0
846676285
4
0
56065
2
0
846677309
4
0
56066
2
0
846678333
4
0
56067
2
0
846679357
4
0
56068
2
0
846680381
4
0
56069
2
0
846681405
4
0
56070
2
0
846682429
4
0
56071
2
0
846684989
4
0
56072
2
0
846686013
4
0
56073
2
0
846687037
4
0
56074
2
0
846688061
4
0
56075
2
0
846689085
4
0
56076
2
0
846690109
4
0
56077
2
0
846671933
4
0
56078
2
0
846672957
4
0
56079
2
0
846673981
4
0
56080
2
0
846741821
4
0
56081
2
0
846742845
4
0
56082
2
0
846743869
4
0
56083
2
0
846744893
4
0
56084
2
0
846745917
4
0
56085
2
0
846746941
4
0
56086
2
0
846747965
4
0
56087
2
0
846750525
4
0
56088
2
0
846751549
4
0
56089
2
0
846752573
4
0
56090
2
0
846753597
4
0
56091
2
0
846754621
4
0
56092
2
0
846755645
4
0
56093
2
0
846737469
4
0
56094
2
0
846738493
4
0
56095
2
0
846739517
4
0
56096
2
0
846807357
4
0
56097
2
0
846808381
4
0
56098
2
0
846809405
4
0
56099
2
0
846810429
4
0
56100
2
0
846811453
4
0
56101
2
0
846812477
4
0
56102
2
0
846813501
4
0
56103
2
0
846816061
4
0
56104
2
0
846817085
4
0
56105
2
0
846818109
4
0
56106
2
0
846819133
4
0
56107
2
0
846820157
4
0
56108
2
0
846821181
4
0
56109
2
0
846803005
4
0
56110
2
0
846804029
4
0
56111
2
0
846805053
4
0
56112
2
0
846872893
4
0
56113
2
0
846873917
4
0
56114
2
0
846874941
4
0
56115
2
0
846875965
4
0
56116
2
0
846876989
4
0
56117
2
0
846878013
4
0
56118
2
0
846879037
4
0
56119
2
0
846881597
4
0
56120
2
0
846882621
4
0
56121
2
0
846883645
4
0
56122
2
0
846884669
4
0
56123
2
0
846885693
4
0
56124
2
0
846886717
4
0
56125
2
0
846868541
4
0
56126
2
0
846869565
4
0
56127
2
0
846870589
4
0
56128
2
0
842023229
4
0
56129
2
0
842024253
4
0
56130
2
0
842025277
4
0
56131
2
0
842026301
4
0
56132
2
0
842027325
4
0
56133
2
0
842028349
4
0
56134
2
0
842029373
4
0
56135
2
0
842031933
4
0
56136
2
0
842032957
4
0
56137
2
0
842033981
4
0
56138
2
0
842035005
4
0
56139
2
0
842036029
4
0
56140
2
0
842037053
4
0
56141
2
0
842018877
4
0
56142
2
0
842019901
4
0
56143
2
0
842020925
4
0
56144
2
0
842088765
4
0
56145
2
0
842089789
4
0
56146
2
0
842090813
4
0
56147
2
0
842091837
4
0
56148
2
0
842092861
4
0
56149
2
0
842093885
4
0
56150
2
0
842094909
4
0
56151
2
0
842097469
4
0
56152
2
0
842098493
4
0
56153
2
0
842099517
4
0
56154
2
0
842100541
4
0
56155
2
0
842101565
4
0
56156
2
0
842102589
4
0
56157
2
0
842084413
4
0
56158
2
0
842085437
4
0
56159
2
0
842086461
4
0
56160
2
0
842154301
4
0
56161
2
0
842155325
4
0
56162
2
0
842156349
4
0
56163
2
0
842157373
4
0
56164
2
0
842158397
4
0
56165
2
0
842159421
4
0
56166
2
0
842160445
4
0
56167
2
0
842163005
4
0
56168
2
0
842164029
4
0
56169
2
0
842165053
4
0
56170
2
0
842166077
4
0
56171
2
0
842167101
4
0
56172
2
0
842168125
4
0
56173
2
0
842149949
4
0
56174
2
0
842150973
4
0
56175
2
0
842151997
4
0
56176
2
0
842219837
4
0
56177
2
0
842220861
4
0
56178
2
0
842221885
4
0
56179
2
0
842222909
4
0
56180
2
0
842223933
4
0
56181
2
0
842224957
4
0
56182
2
0
842225981
4
0
56183
2
0
842228541
4
0
56184
2
0
842229565
4
0
56185
2
0
842230589
4
0
56186
2
0
842231613
4
0
56187
2
0
842232637
4
0
56188
2
0
842233661
4
0
56189
2
0
842215485
4
0
56190
2
0
842216509
4
0
56191
2
0
842217533
4
0
56192
2
0
842285373
4
0
56193
2
0
842286397
4
0
56194
2
0
842287421
4
0
56195
2
0
842288445
4
0
56196
2
0
842289469
4
0
56197
2
0
842290493
4
0
56198
2
0
842291517
4
0
56199
2
0
842294077
4
0
56200
2
0
842295101
4
0
56201
2
0
842296125
4
0
56202
2
0
842297149
4
0
56203
2
0
842298173
4
0
56204
2
0
842299197
4
0
56205
2
0
842281021
4
0
56206
2
0
842282045
4
0
56207
2
0
842283069
4
0
56208
2
0
842350909
4
0
56209
2
0
842351933
4
0
56210
2
0
842352957
4
0
56211
2
0
842353981
4
0
56212
2
0
842355005
4
0
56213
2
0
842356029
4
0
56214
2
0
842357053
4
0
56215
2
0
842359613
4
0
56216
2
0
842360637
4
0
56217
2
0
842361661
4
0
56218
2
0
842362685
4
0
56219
2
0
842363709
4
0
56220
2
0
842364733
4
0
56221
2
0
842346557
4
0
56222
2
0
842347581
4
0
56223
2
0
842348605
4
0
56224
2
0
842416445
4
0
56225
2
0
842417469
4
0
56226
2
0
842418493
4
0
56227
2
0
842419517
4
0
56228
2
0
842420541
4
0
56229
2
0
842421565
4
0
56230
2
0
842422589
4
0
56231
2
0
842425149
4
0
56232
2
0
842426173
4
0
56233
2
0
842427197
4
0
56234
2
0
842428221
4
0
56235
2
0
842429245
4
0
56236
2
0
842430269
4
0
56237
2
0
842412093
4
0
56238
2
0
842413117
4
0
56239
2
0
842414141
4
0
56240
2
0
842481981
4
0
56241
2
0
842483005
4
0
56242
2
0
842484029
4
0
56243
2
0
842485053
4
0
56244
2
0
842486077
4
0
56245
2
0
842487101
4
0
56246
2
0
842488125
4
0
56247
2
0
842490685
4
0
56248
2
0
842491709
4
0
56249
2
0
842492733
4
0
56250
2
0
842493757
4
0
56251
2
0
842494781
4
0
56252
2
0
842495805
4
0
56253
2
0
842477629
4
0
56254
2
0
842478653
4
0
56255
2
0
842479677
4
0
56256
2
0
842547517
4
0
56257
2
0
842548541
4
0
56258
2
0
842549565
4
0
56259
2
0
842550589
4
0
56260
2
0
842551613
4
0
56261
2
0
842552637
4
0
56262
2
0
842553661
4
0
56263
2
0
842556221
4
0
56264
2
0
842557245
4
0
56265
2
0
842558269
4
0
56266
2
0
842559293
4
0
56267
2
0
842560317
4
0
56268
2
0
842561341
4
0
56269
2
0
842543165
4
0
56270
2
0
842544189
4
0
56271
2
0
842545213
4
0
56272
2
0
842613053
4
0
56273
2
0
842614077
4
0
56274
2
0
842615101
4
0
56275
2
0
842616125
4
0
56276
2
0
842617149
4
0
56277
2
0
842618173
4
0
56278
2
0
842619197
4
0
56279
2
0
842621757
4
0
56280
2
0
842622781
4
0
56281
2
0
842623805
4
0
56282
2
0
842624829
4
0
56283
2
0
842625853
4
0
56284
2
0
842626877
4
0
56285
2
0
842608701
4
0
56286
2
0
842609725
4
0
56287
2
0
842610749
4
0
56288
2
0
841695549
4
0
56289
2
0
841696573
4
0
56290
2
0
841697597
4
0
56291
2
0
841698621
4
0
56292
2
0
841699645
4
0
56293
2
0
841700669
4
0
56294
2
0
841701693
4
0
56295
2
0
841704253
4
0
56296
2
0
841705277
4
0
56297
2
0
841706301
4
0
56298
2
0
841707325
4
0
56299
2
0
841708349
4
0
56300
2
0
841709373
4
0
56301
2
0
841691197
4
0
56302
2
0
841692221
4
0
56303
2
0
841693245
4
0
56304
2
0
841957693
4
0
56305
2
0
841958717
4
0
56306
2
0
841959741
4
0
56307
2
0
841960765
4
0
56308
2
0
841961789
4
0
56309
2
0
841962813
4
0
56310
2
0
841963837
4
0
56311
2
0
841966397
4
0
56312
2
0
841967421
4
0
56313
2
0
841968445
4
0
56314
2
0
841969469
4
0
56315
2
0
841970493
4
0
56316
2
0
841971517
4
0
56317
2
0
841953341
4
0
56318
2
0
841954365
4
0
56319
2
0
841955389
4
