1
264
179668913034502426504833792871565757251027077721019125662554167884870960439
32010338195592469147136048491669019805531586524689602482272776025235417371
64931122661048931969791911990412559413719661639500732788766738471209252761
426033655738764564329126700490617686372589566018728827756284263838619548703
325472580280321351075471148452766307450332480186586491325739320552440112941
23094449260139487232215978811453431449368913574132869008311220802070511582
32491236660855247052999099901863391451239495880288607210461781017866067954
286713772417438153950252568953016374479712136862362301435158519772952871639
69224676718570365727672489534596585922194991789818649941628416923641329312
303982908401431153939316655733751309002312230547162871825477762494027055444
317922314664691565193248190124001627601152047989312830793437431932843879395
421032920502584920050580247006126163516293053711627849574623792688587710972
31222568143213712341840332367825102790534149832689472681909366579448198898
127530183250937415503548503262009294882627624375839582333784238171555396438
38942667945126133659259166412140985889253431465862440480883140315174872242
142421121703345491463677749933659580311228879247204101349077823288874210624
295765338684267437552764548322851338447357513063238821620241912300838381689
233170356118895220457691652903217114936339186471983931465686195209828376075
186485985594615959313515606406818336389115958220221756441808009722427803321
381041090844711378173299774340363121690376802235400206807897857236918330743
265144284910023382663784387858384305241560266470131231605444723876210001636
14265161916944282651393187831775418362687860669004452537836890717506933840
384071020571290402444259875335546173588727626085504865905210652815985972037
166770367245582398104752444809813323435713239985563497016896731780864358180
213642583907888268498033415255824002597724063455255194325922021189013194893
21069914731608617753309538467482877455564973272915834040665115241196697551
206035210769160235386711251772483456129490468950150283914504992972982939643
267697301677563120857084603413963540615214670684448807585049541406065190731
171827873415660682128691135274291357292281588705692964639407476230639691050
243176993039632090410920901172536856512620840381963424711879268462624493321
406409275777548718408352170740237616340284093105952808750966845372003634213
248742507875201768719650086071474416293682496301258627506813928573237293391
329623944763609446293520587469823590762940264480223404172188510513327960065
140135333139349679325445282707079537953989918804542144904876913124503699899
393735632076506608966187581986327280851265641411551058795732901455171119835
378172493699604220824587692586381725512565054973245000894953097211455821242
374096372930887087840986532704664917397090511830490309987461443951342764527
421575645825922987430477125529644768583253238206244380945482682165938751489
31997400006603085903655679891544196447220605447005802793622514837477861632
251976152812736048956719659322154499467083154566568707773415304288846839866
405427384952484940692056019954741177783844996653835209131855152363124177877
317088005853830771427844965281472479354252903445451936568049214848491534124
151659189591938723661519742648371080423965160318423770823527145558996280098
202328907621832238345501564505266281143963423225734638370307658162686816682
174569928732832572761575092848900327336370409033667433114045269427794454863
75293761613213315761992490239955547062528141624374177950017149957761320520
83289933094546258061247660020679013272957185654001129679978711997359801727
110632559988369128564802623895141398342902694762051129000754300135930767825
330068066685684352170206758660984391164402009516826617214887593060440315235
15282666341954168024831181783191277740000490274388989194225540583587616826
321573707272146303966042388681298753153415983118733565132349061568735914882
377031639983095076381507982571401790293725755281394168900374682720368910069
224416778127244911822456562095851407567176801677903155712025480253257377345
414368911478182088911586680151939773192875918419785502907861464366969708357
28240406144665810184857441450580341346582216207446386226092806825847735359
398807695863740775058152854422703618291178366567950940478498369481599276025
439001796444798615425829822202615320122828334276820429668237558946257697574
178170583659723527601727008546863832173689608669812790352676012350747648664
449432555559786071172245549170967501039694939100235834580543458033955726400
89840030364580829792725080409743214148525167287223263861047765394573982061
14329708162964360182990159743576763803977793411750563838559268377671451018
380676166705980924985682327824041391875461665586732269297423841881162797348
158227509994986924088319261916617227626728920359991839489091095777328203685
349705828825918783369814821558816103509043968144280149438723766531662072800
87831788600594965712216975061409279493842368210480476327158073410512812541
204049493854409254123187989981538610161492229889407562346683664683517063988
237321464548786848502841710507724900571026130927996003254072134684474348652
351210998000710387620835541785917554171742038912264652943318728300507178083
256902797979005947079858568723126860235814968063521133074716325728167044382
155831020512355077933204679407488265912970640645731963712351953026753415771
135890544874171145394598926781966454545169452990658840714993900140198255400
113034907077339904093866487377737707295522156830906598833216981167533513706
444851989815714056447568441363975266540146579004146778030993970172639396376
237818168119451610700774118796969828050144520371779144195807757043604471460
249967786106778677283640773802685987713972175224851127788109939945941578015
110670234919552901687742926770535331964685904887296384594091806384687914663
291722127376918964674771167395728350159331615709759069976005444237930261705
412336993300029475567323718542325047643525762794411384197966586920108135029
134394714293271080999211794756786926154146031716529989348692612446063556606
208118692216719973098843351524123848194849203642206342844560159307723748397
14725237650239573250345017022608111674264413640792419038923223992513531551
151996526303310718269096881098197125955910740712843726688283944298749113144
6500326798227305087127959278208220405623839202399003643855439685857854581
402731550707725497639303456339038555344243304292560409885631701310437200604
347440295316599734873626142045740772397434717566103531678319552302025634688
192077966805311548670064306744262866778949936485305092815692039818098191840
425349314811891009159948104845638056892958597792811417792015693290366407125
228551253830310249220706971276801830773498506341225934143503762623202333202
88582563439085829109001855129452927478347716457783296533609219983787861061
381022498835816707669333893870111936373457512022654693106279625663151301606
443654285275861493984691319451328240333569080387221955250807128693376878526
277153463767563941340531278896138816645991705359422573687302138418651552784
26275970709029107996268043991546453148504831450484479083147160118573678965
181244330561410633687590023456420543651504062651931639668200825536068430327
88686789858738520422653333156769076504832767621239612158197096732040611348
80176590072578250347268089355792447801556032275448975221042389393331359762
1770001590305549413758669572299223936919042506176929427450269844476900298
204256557478561267724223207873888863821202801064460732643710156556968228918
146088296423817269716074179049651693895503919868251849121819592247859822974
84056521341940234428138476060272370983542142333732830159170567919201937028
174305387787212212753510439013118746793236967438339226543831954054335256575
171683304944284933500522720353543400442735375958354590281385269603467110176
283004146823851934880761961906616320119136331709665312150843881574171136389
134272864290516943037416554876682710737625432710084824333231221738381792268
81233279975169755674337303753009232672086904555801898192107597519500196523
285621879315050396591447866517255809408013046732780815577798598618236103661
244369945099437344563236150788043251282557767438901887750291898885757366291
36159300176656302579771372392584890083603829607603619737031866909368440551
382170815839341575966517482520624455239487914216849816761031848883526819506
7592597904684029998009880854751264763671835899418811304843042246699783639
304999829026589596788712212569913811193256685738393076974338452519583489391
176514374086462703335121365926825321560086725136711192547036586608382712818
239156360327687948899211325693204133350914154124656439546315571186506150029
133510260087263283896129011619872736330049759530724649288036069736700428604
309426726480746529233206915737522828902613402204821287523373316494636676258
366755388155753892678415598233966299083195054947391014163992416919728459896
433535957898811774815287163266790947727415996281410973085198547881307806847
395540349774408812656136010216664074730338509616137377221988303454642135593
314889918584911957441301289213750493987170679677644136066913214595238685378
104340730604969142242567717453420007928291126713905255228411208706204794740
202976297979049544807273991680852331825999403250578479375683835624110957649
132589053644008193709707691899591617264791037643316092456838399202168211057
64629511734407841781643455906250080953154233482662005401452821128552300942
205267719532533284818818944541396751516514042714359163332774162300788248704
336073799236961262869993534062744261850331938063587842696334952671963522801
233616724539039658346624318757090040409022400804364566570612825370899836511
433446282279330466470997825120059152678747694372520597034220271892573261984
127970503823053135270115483934106247230493081620538856968325419792722615177
78436594943614486836677468152196315222184913607416696200459614870593544127
445286110357051484491208790498563924147841867264203051822291280894473921090
421552197677615095389831346605102374825206651356912091060075828640025027041
216666965687100026619112602959903833858716929115674609304987600677488632889
3379591350842091084649347867710062602291044722773035678246797204343933927
385423506125609743350228058251148166202464544258240460358209844209524760799
200105600473105168269877485428530717938506289842395879344529485195450099405
319499138462650209318270120911233048421478517296767973407196419229166074570
219379096018121410763886324503131107116858999046251068120302292129547410340
422460176452920435947511476521406243800940860598975877465221016821198633019
256440117469989232051954194879347515076132249913474126819824180096012895372
322547238813235890264107814253126535458405119304447733170185612634018232934
183282032577279818330624414719182285568722370716598969802884732843678866528
146227376049825527836221596635071725565379369786808691936319794787104327470
270672149454662406895086997671412553586723523782239480068682985194762209558
391805209116602462535928808818496348704651377202718528008222293870581113647
63543353611811716891430047616407278667847594745852102102334698869488464216
391946583548899315276413681040220869014561079192202459187059191853250431625
435852715740920511135653651820510333357336855889734780163221160979249942408
104611867035446121533540687940892676473384965583973957932273630013849845682
130409117917405547476778355683776635763728582959079509245146531175120409598
172778539896936079004800945739413527522178483900344651800961203888486717918
421033055598356780212727295472067730715984347292983148687894479602870648098
323761442249864420508866856959204682359808342408225803199603371325656140616
132530068987751864769569586195208938307261243997528647710974951064151095878
447266660620903725206111732497462160322370630922963428976803397765548686527
205618054552208966611783869144162653315062735123120962018006183023362040648
443386418513584461179278566070747424303251595418867768715902212215902742239
408161031743401154554194798979297542556605045422381157602112479547974321508
150480874776831062542839369061154308201033106342386784762441171766345153356
122583617215097388948285394464406016821414860980962137903451726526080930157
21818405519326873531776456988994368485067823683948821615644443444919690307
227149699680515003747696568872647275484932265712403935638002827863941818723
252126219530207477075905579641240652208152070465583983344749423850200281832
325950620597280758321554551056338460782221199033719101117081309963539977582
110608843294886083188530005985921947842728010900636743837842934101788823007
343838050010036745734747425233981636188338452754662825133673049796386053663
75448824614881049448713622321154945514715799524351420587088053764220192296
268342973627513619466067529713638372829135651494924506923283419203864830283
245205474199536081601925533957030308091849380422863813560511539870299640231
199332754831957594043539494784039709170545085854929258440781026254938554434
229467402603833384080011470412017532784161608304838507431011336473481676345
254887393249321148571986246093996015758880962588931952895262691166834619296
191662784732583066900748273045319008296064957801438865021931949098489977142
393628261735992095520233071502520253216166841915018688614634247123768999400
130476018629780642051793156598964570998702390367806189647242756616016198768
44288201295848471797533452371678109690646832091980386861627474874810202895
304308230872933911052285226292140369228817357657608812347392342273860498101
292752766863032205017280152931237373571041926397456660481184554499180915402
58523203961571085976274781920803154160906185914482625756265553821754239841
161204328744010527305002870457230171898158662728529598832675423250523620969
41737233881707772629141585820375108994547995152511783189339756117610044248
337707243855712436115198307271770308375841015038334431417600293381864101422
233184637902432557099507804792966870053663550737985387244106490042162296027
426489250015735458577693375032257178681906142372698300803091945070081536603
177260383503408527972544319124643418325632138695058079391796133331170538700
159628775825553868279887177097987726904235229339556341972347403872575397217
230692492827269269784965378557371122780920446517313801383152661075785803599
353056695144113926194134288945181941301771037940995319518577118041008281898
448635336981345370184252602788096831077010472874123849786593471176399230751
11330188225428148630135400394799468510502266302666663866165638744358371203
155377311133686717459206595783313926812616206775468620100481317492872477558
142570632317855542213701223278129275883147494996832993273333657078855940152
313302303847149866258041895048755689038676877466175571225093827194843429092
378344793818353102713455642994198885883942083841225908526667282089303716158
424377506251273280674020971621398728551451743496012322105206121066631721387
270240346596514754719560548324521246207560200208066497985408012405293220054
148435174232534574115894380236050120896898518900216110372975327143784532577
296511441401697340355472896376263728608458126824007002233742245830666788226
118862298273099416914762585956050311082764199465442583056218134462985785513
297792643546817669324974009209340815668577478459541973593696445883285454851
359375927909878723752718730527715791054353969169851507910640453296341876926
223746870047084737038507945039191411297526506500791055445597167382605602057
27568289500475469006659149987430047832028595258975646674065686909402080314
51615384731630036111304821873162769261304426328269154953147586671039349148
82102464567193899651961569435699696998279862053475720973836997545978243532
268066408241631163297518428819600454041274883792944564553171674744959113672
403925928676487962296325161050362410548507601842259427575987016492581683321
246123530402043327620687923291731577152856837309670468501404545254782450601
106954760577818191886234532303598734051081178241381745322829384371778600913
401416319250472802021971523218636170441492600022637213842335158151798932547
66107711052953397396490337209088965908569387679077243227455874774332634882
89894034431683116397426971797043646715884418989688873632680949981463742346
65686886773388348570280199939064941878921447243164604570272698168830698117
276182611331763808040799841743955946208876728176022886469525081251933641143
85820860633549410808947511336134626647061728336785880778029303172889229467
261069885602919550734623236070563911736490971651993797431325893050099571580
325087941513162307772853224418324192213417579278878262810599468599953449711
140174014712974340551652996567880674387611711353218652753906871618521208095
184102737879662646850121813483272453019729761856035751996970944020269567162
180615837882900179017886288325492295061328929297220490992593502169143720966
32849572047272364001234140227322576559948427466388805818319011399617277595
403915749952668006306621796368716762705999390940462994332221696568253201270
386951866565174873520413862086783863484595838220953398565756363316077042570
390706130470157672122158452247863441984176214917652565150387076094831525669
212973478648049809660694095820491008328978499326209024508783178717109808361
307952696162377730450431577133564108637489324276466160750615811820476311567
81683618459861069930112732762049419556212441194009663623316703863428087053
65394500649166965494629209208874765606285724325616063627559805005302511193
334171683739311617151404780083813630148441945216153169412245894258023299349
1877889885485289836582259434019184500448097643152634766633165203868106263
70902374411216064744033007054370288227750517546049005095716228613648319603
325959774986749829652545391198896309146012124216856661949400510418059889139
158378827772892730920813497168908295293615908428525051738623178355256750775
51162966874018235366171294526783159185254388097854685240943805590630505440
342884675671841285266354691822072727073096544677731200808862928828218098543
365865244108429545604060372959259352031538424281773212923357533941655243745
429135104420546751913077715792048819699679964268967365093037298574259759651
203499475317123792468260237932979972919123742341729148340144710523709211684
353747614417856796961477223844734652342824812366657250136903915576940540805
279187546039657254182768937287446323408814178379179562861232831838193715732
393306353508693052945875813687744965414524964696472054123015932507809623219
42845321857652750789925243725419338147984606851254895579040247545312979851
26456494239519259478959548462052807856058855020331558379867969809094458809
78139971199618792316726347103462741927947586100861847276948403342295444461
274567402897974200402949312358427643731043497562433267002497932008508678144
193116120943133003451945663230388202169185977669439882140676952801818018415
18816901378025731872739775517255975358814650011991020320962559356071542231
392589481624411427761670869444979581800543315902880851829838967433815750734
16935510937254823295915365045809759131880572997086859699925603766661884913
206606303475591468658601881481939464085464775806693280073076326628875648879
227833585625950462109004736802949570715404512388620486007260538631342135398
279359054701774299140576433523085036636333936470195081703370069676215636168
349313148979012393251193335810045886683507946244918705991679213105206077294
140894144665205818076575598367114872781569946131145664983544755807649293734
101773062340668035628456648483196915378748138430653618692912337482565945451
337199614649052030588960993874698047902870848248299762413860886112698528406
409345349615111696133430512590236134743805020235354085726569236410575499503
275240722253158408503179762797946931028964145635905830873986718966291739234
430591232109731984004940073057744799208254943955373473609880500542372541580
147891489687966308799151074880292182186355619841714014467272730616089467465
40379393608628257983504059781226017282671256140642353693408440187636547998
426183909685515639571138218973615030013382345606362580056845499169870321466
402152826514481830276843270189864797153629533317033119417132849236648185522
410470630931012505111628647703886988103520722119381164564207335721081649442
112815807173922229242493015886045194816513878294118945320897257482450039213
28676284752017523
7
352
159694397422595994923281279516135713300211563430072455784222519998060197954
152317400396382651841615779895114929151463785816321473217229342824898980420
193037381698245289276301214771029742366109676205671546659977526812050347350
159550457639584959873129789893445566912985496602918371878176692410721133914
99518071032766205385889536037067110726662806537375730419146126820457068106
136600882556218544564124430893472112247265766279713217951153327214341415236
208828226129463838778080949388653264129890424011816951679244992060398598498
124461165153441111463187747315663252977758844925906205977569966165479862117
122666880002057719021731610266334496617202348414846440340615987066022948173
202264742327434482600244113735564416715917069485948818143670598453775978546
186108809247757971118220989287834448701437717206418142660653342438655096374
212631945383973672872690861112105914559854332934014510807863608530513977703
201872423512325110327663810185977107544721833282054111964977006231355083115
188109021416603655361896226047353215875966452004154609820286509335751780978
136414943378507427503700150069977339644878112131516177481452283182750723115
158051266919896200888619955941362150243960191469007322769419503360316360760
122585108710378215720177619178621523154800494838445710376453618757591518038
203721742839767550797674158789330822776438938527672235653232598795321361749
117174082370977702785700765357215273071636050357321137994884546724823127363
92499397267979340559679404697827106649535323242624012897166267829997622137
150695891448328382442538171643316455628497964790881339014086536613573846899
129762680485275484813286590800303471438536444505655095335655588816397297272
198392887065166984893111989141478840802531277144149263527429579388495351908
143738875008415520785306131302076605268223057906493613247785563619935269964
172001639519485692176407751566659209794920927208247202000695549105850495074
205336801598365925096449251042139095561345610266534099546938036829123469665
211079031278278065220127097959629923464471065157579617946486007793675553402
152406182038048825665776716230490296214039149141940089135146634789687353963
118836328856804131761223336535743482185209707431926270334265180641169600629
209276028000155313930222456969975192402967647009382614359480581459267366743
115324013658063275637864157127511262533658327321513641658513116008224146265
141916062371698444346765180205247921248245203690842659121204889664542237547
178999875279645458623326008016421862769735090840027305651371095927688350810
88683402291199936566271113289949078451049990269646608203244893307663243112
189820061798227261694758875099782057507885855049986578969648097688446185806
143896783633802441368571061040220761263671994773749902512742832083645378359
191180434079906283688652912327334410251630722970300234628539265948850606424
90559306135514761844870648723025900921520716453805981932929202718981910635
200111591228754695550421074689688946445633195847473132221041410654333980238
173933911767576849751591724759412313220014440009682357858409136793161578570
94356044966045465680985908515683073402928602805814572774962841541320996651
140073002984257645956455113117718644652468382790612928327141203699633895219
143490226798923841424704218385416187456718463093334081471386483039256142970
86903188889183674343753181271624514142016191845739305185140503978559553858
148755127357566061199914121063112971265184952995132973260331611810994087544
196640277380522473900675542935942940428605372982613089097223894764513814837
180704252791147568492622649692129856613940152395992553421701033905190623341
157954829926959045516155784319868125858507223006270432223648646958738200374
85191366973046680307385376888196112863322986384801479533178145489881755192
150977033250770558720434137378835404744482766500809705276741933495629728559
134986709771009989377469772846839822341798894860009492091006228464087418440
92354433765658011834194752725460116688961626200483684172831883357289278273
188060086456798497745618090434126496458224207857833440089229247921721520739
125959682162553630119352414179909552865861010771492786850580439294041934128
196880653001773255840647152879468015675327947148602525457633518488029854259
216041467370484104878105011035377629888826553811907332791379600405056611187
152641429242824011873006286125670639332177833699518431156680454937777696327
147105959835572012695994127913242879892190030701822696552911377519475176289
152633614756500138251975036271817024404289977984987600744648270682331564143
194803658076123207851314051841992942290293122120183008492840801099828325456
133287857354100589563247230491993490982233615937911308682542795629170797379
214626415399437575029604805405943165045279543723548386227043594418929480755
194686845998601130606207423031385557419332107118043044528367230527738825077
192913663340173954701582782577116062465450187237224307197535282509758164562
207516084031771714229086928845479631038929823328073618715015790036521411402
159530099834489641689341372747143123299515173820886549151813286772380886391
124392552392747919140064339288259560309214010196494177409909237408765201743
136650839744198875676289165137336581455785333421598456288631401344673084739
87178181403556587013231923657737986413052497925431784001178138468016075087
129430695152052995629939688111412914723560621901141386910452574173257806202
214156131039390988958071885383821822931130119159681588586938064411467207012
83546939543235105890874483945172481164661581042872903351664716814272969030
120473171255658380135482441921345439958675062178323955191991085903733666385
148962774753807670143282338476248491411478943760532991655918941355084494924
86874718132317915651954414172703928315849996394288077920867560844118419499
87184619325809879062841470036717401837853529062243426604194183273528652653
159557275971185329954462053137669572670581319743534452208203863677209044308
191573317884757235272573517763792144486276889611263880492800538885817065813
205715644242045157616233391374692624776777155039354910549557769308674148982
192933501109897940798988787057809730118803385377790311000792239836220320884
118837481401207421943337835725165764198020585399962363106237966148768847946
189834697890361565109992055829185452765320524904926553979082556348383901752
187875354068298570006104455215172923313218975103256817727746408753419469910
131211888602908441492306275155651884027047937132259137676040494379751990636
212720030583151835199703423119360505015242481933869563283130610828471201859
134993959772261021361056160747192938772159279265274690233373904725094188389
189613873703413225603664964941926693701516145920815439539483758984068102243
94205236099927178925052746768253330472614373021838228020646820157307964720
184499402800542609664645069970415662200008263940667760775233187469719727725
117360025253559995060740180680773803175065365219892188018923061222078232903
154179282947894394742289373565133045386340300136029269734533478218336786770
133061961241535777432069228057935364615494263084851687283357249494091650405
154187014476451447502560570974198979050320221253340770802722931265359005559
203921948459690161951110496260693643171150107243082974716342243926723805541
194975774800496673368967333239185853711270008603584999200505589097984971606
83588949565031290780744594862122912940025279861935784527287827687659173489
76363569694835080115686751881940518111203357064972151534997486832989057126
182526505799540691357977506299885381269107833958417894320760637745523946063
214515131554801652214562955555089193249356129056871951047570904313294894442
138499188725777134637451241983044818755176393007738405738477275951381366118
142129748786941342624667852008931674334870146429375939559223322370348836981
147409795369636649236442627497109338913645244170504846174560387665114845810
149196922522032408918812362925133368126590767652962892919301600438362591605
173650831901778537529846131034225798800953667930104859755545010501060282929
148872483679217196711988652821432984844139326076815902843309282213034159990
214239433785751519006996837740967061073474320440872486984737509209944324215
209187711404354034925923122183913729775699068654587615601810482339425778001
207476557190754269121687377117729493154437553501439992183179841772841285222
152662381251590959757236515665104871678073357741450978788613385818288959314
159709064894529373610190793749409081830954713103802083149320549131636787786
191325235533127522727392782968259669350551127514772469620716075287299897456
124489721831883192542751852912147362136759717268676175508216055304701889635
212541555546196644275902187905167225954551592958878644730658387638153000563
98014892118476876937019019650715325362593738129464076555072948302643749433
124047900330393150317768528854411445194185011415079431792722501692442633266
99766158147046802186073228859381554741197514115900449617391689269815953494
182581877325738883392926318428596565133080074745259777959296386893096038746
99615554911854006709094473121728278799927710282643151621144053681937798260
87123992117771189199428043703234856011492648721895458229337268015529815115
179074873108989062584832384776863843002905117694579390096762669567132717165
76805550104021326317079592799297477298953085274625335172503118142417355382
189890370601838102119817365040235610761490136181289974499755795455493630786
180753134545293725842096508617017172627558089753608258384632121753666072372
124481203972221653108917530015725246276097465042479962564635814505136604721
159791480490845601087629974420260984997127079214966890150691020097273349740
115559239087479414957590702139198636016019092433910885432768834117275574597
89097944851819461860156421752667046948293834480451388517614895343808640873
101313766087111432969022520653152419548958878050301264772330169769336521043
115405885208372783271445079043923540035131000265407583700958902014966197046
207255730781599926664364987273952814499644722004497832363726224491958925391
201768569991728774440139902866004062745358037032330504474235138131012694135
90801294275530632663614720299309435560295176363728780266670440985824413227
134648252813903758258430894094453231958318953457117060098871139893916092781
125842704322612809541826264620525645728644223587204539148205704992788205433
124517055963045747801543656033331885997272562371847137720793061103049922681
193305385673913572077175557782885803945297696121542336415667561398716687207
196585708752723997667904243764812645038475047897047521757362395717318437744
145353104235939330068725413215684588810821371739631684189602760360662230891
214350292242701688984302188468211400730354210549355088543784375624793869386
207448464484590821897741767858378038536813394833659177401025354237724488050
196792277340934654921582730471317277848302931798685289184779621960804627827
201954647757603817980173279539645356420558433451311832801817555105213739880
136725490246906408521743464321312054911195959263453842622630787558602076977
136608646890400893428541398745818589515030165255727562962264692547281773166
88819876279285920711809303010955888660443913896623851054676282385110688358
86951230990430591243062924384351503757005087062914640973916012146450593400
200450258097908664601869990317823206946658347343572321189293007286658814544
172166305901405649467057997648242825629853564545018026290888552999590965622
157548868621061234197146735601215864315470151337190042058559642992271583032
184265124563073692826022616350869257841480141208456290710857050026723530835
159769961924618540543016340129258520446098321444331392157213461279215611193
216358648942573801992304109568584990671985080836060430471511841663891293496
202257547280562621716168439450310268491113873294755903513257576722007422316
136885151269313584613984224748672818305347429997031695165285849159685262916
89076156903340371337712324424283424510691010030855256896440095945697479211
182794597214735618325624578862953726554339028572897129163588940119757322287
90504014102001225620531798735531262099927654912665196533217520552510175019
125841386349534973207032175090374589329097101138168625665558615210481243957
139962055967431850137329188397654233929622913622768714371665479292284530530
149191310432490711359384278518193243906999387364708061053194910446616721712
175727262762365866905096618007751357112615342042241343633235783345738698317
177530019956129057999635022796630660060474401674577635529417737719979401828
85327730253700743607239135905172987790576794480366930762511124299378153526
149025643142396012566403967141073480033900728211418911724509883650255570767
177148456442266560307038035193906120602636155586485405070291156436233317477
95799023790440384543855722127472370956738252996000206285326449393053806426
159612193175672577240747136790942306972179458374792120790507916347155378756
175424523409844910445115818039835500877386961510489498214434130824669377894
101305839634906509065992383725134406608847322462438383403646239334548980791
154062168228704788710415816789984577342309175284812282234778570537035843958
92395786312048954346187089261469959029959397051090427760257139657444584299
157921292381061789948642269598486008879205399742206061448053060337852230447
83492809245506539822305718279272379582157320813918629042433367495020140651
156208393436210677882803562932424821159472955639766269965834063570257663815
191539078664090483060029774975357179338004681577285210159416330711348966224
177010500717122502599344862322636649440663591167404109612650556029706391861
115545086363640812121549408351975031974163544480779030494391381825839659594
115648046419238014634680215039445620666169015085079764291716139364340164968
180966010807872134521649784835047153585058653803527539059390891049335612469
97957950406590157516757242230743560118256063106790484342851670493475463758
205494840402999776918745378788454386611154265934798944734917371913103951722
152324809229251253656816151068622967962782772169114974495795302478099535686
159702540706274045519867767076410169208951385305438145991138843854950646856
173622252990951556279759070437267755525255572185043489521058818524151703351
189627646670708654706169401539328233345223266705733935242160290651731874385
87357543802352260140686388676384678534352608299560894963486295382460616538
216095871397126404111303489117944942305950422325100584672419364473458742615
184485790988945137879701146833440165429211194526069014352206523594704582759
150977784327692146703282104758686802460622113495825605961544868884485532976
150557722792932880155643112167391206170244280108527714281890923265400524873
138176154875228536770812048081047745533145006302221149465362743049340678215
136738921260744253425079900596351649871247203322360927625591489961336196470
129306869377881740678545023509606039453605248929113195243810002286928547632
101547773579805338760287752513609722729920097312340019983919346392717546326
155996079316211749059255151953667142539304858612239073489167405802422027601
89097263914100608183606232999649603441693389611580005315382142487621741385
140425257991938048202224687354626964551906575044410690052656434236078782023
124212678247887288332835287993826348884821391289422467345707942159571832883
143454775307348122215164203302467199001219529409808432741897456588684684878
97476257683277133703721390060719710140528389009456556799799735289462287973
97918265982622874173167499118723704915323396542537639736021979642733999940
83728193256592126886875211491247133401144127642243422171073629303677347448
187584433706477846972164659418737941497389164755255312047402057423213910357
215938076279005288360628669332329394609488099860400269251572543864337625159
83616931884253518688035377337486854250234839909077747326175754625492266821
115144165423672228600726294925629803546561262626188450097178079959205302599
139913722884138435277691606595576896536408095941916760616279256363686381368
184244360968317614837884830037569192424378055697292980952054914462008828518
94466259553454635228297297206428378755598163638833355445146813396899874158
180966038075078117988515915225259079647673457320207044851389870816226718538
140093971110370284886154140677603596129572322837012366981131871928640098417
179226499117347829376114102760030971113245367770357743626874959655341016692
120631642162306853696147254201872989465619140475552420619358070455575663715
99677160821984718291532723809980343168805953123831318299009999619226040663
193321215479112648353103104085592400536688862033413748959391118012382467417
119216168079450847317624710141191954957170266133334028684343186168941923439
207221166977626420758316260988200398512024193096423363635675253230566471017
85507875779791345840502295183918510057942708931543901453615264073753309274
172083542336324722532923397708270891426138892801807632289310486356762392904
115185950087482460936197123962801315023680654284954736417224413436097999974
133302495151308571147241614365236581777809534668425971101470362572943677810
122424616890319164144293375151027285961529793119813627707114770169676973657
155851197942224601179508713760977317061109944142928111652995968750018129510
202202470009253355921732782177347785393988886119657695956642597220180182894
175458087403134778318493155699632874162243504130154594783372486064194663790
87303436889203897912285640105655815518977312352344760973455926321325830987
96128823125280918732229082580581562981328007398529440165215779318246500696
157831945011559419239616119781876684758802095623602124159083785417284341607
173650943116493208812317623908496781450261290278418543607838368166307262574
210609981834879488712799224059166517383446418245440574036554638149410254927
125793906291640649384285146654220282432977642938651831383377841815991236931
122363251839621105007875261306639626890254931804271091410219178813908613239
126013923178051070067030694491104126621225505976031390141823876572550279746
76709228444885783026452017405863582034389369617306525140119147071664115553
83852483571514368548097501919284319490419952022567944877172689461524319049
177060349651966619133399120611406073692146774125326492044099899638091313739
129547321366885312652539745989384033933775143165160065039407935257193050476
86873748738907706552599284588618712142301210540146790581986357688938295877
188081708340166892970853687197773788898344088120237576687551203038972306535
202023317690080270255607497087658401760706215811091277552724630100277621849
209325099606377617686396065756638636627356124698683390518247549165234048371
154464061605780106071164007206817316986543581058951397848098623434768593781
187737269553279373399150717954957200444065263246704244292640299366998833249
119147227705353210236853115098170702487480569218419897837401804518391695970
159501472773229944051769970456262767150901284432676685464043789332503548779
207302616431684919304171481597997926132040485421812718171656944881298129711
191401072044334216937153282420467617490000032698334612106258457087910238767
142088037132163059965137736016494843147029172192272298818929475119437145168
212417081889597012997588803933063775308573882702699576895812461989734731319
118774018745133729767382205209673134204843265954974318188704729025071314041
184230342438202509661640950005186980268430358707616034785301923581932958837
90484002463332589294972531783636068089698015806516759986202184175986027332
152275069820794058547597331185470525906109347390442900159933347145316447083
129803388085676445163333015613573571147073372435513206618833294372867822188
76549457591169894794493786229910629174932338647159063142762527084367983468
198219677711792045154547379350082042813153766923705106139922991646022986347
87302216627874069399408657301875592786280765449479320378411158338547177795
155996568505798126991752275211417131431181462809369144680319607770126371153
207565499404585496320934865083619428435719534782020965334068433247631011180
119146799709609585474236099639205579770177153037459946799149416911324398679
152399521563844673767956250109466180293815533516597537294136617617343147828
216075164577259224701819042300905021388566084229156084302563290329743124588
83817972310282975779008683963225469018886622117152185671570170715680690766
124427089996969303191483366326014776479661266918929939773440082049132413808
200160685612039847474570428780734877201016424354872294934992387617837697391
126027755625038127956969770454032675335924849360076793156277909748091869551
198635208842681178854138234862825385321008543635751288237897342816389117550
136566699548796600469160132603257117132965193588173558368558424807650242634
120514423791179694410634802082017254024019201065777075051569082835696572281
94370446657646385419275708883989066448827294921443830215832237132802372933
138645498055156249270436817784882435021660144599662452370170426467342176876
200483418176983448903293866465240206789299089753486478659944108386454564429
191201893668846434887603294883972156399457836942816896019363016983382686329
147429964661368410457365695925520211460360227043796671591045872381128290403
207199947592072375060588472884550082865733061926978124713614673861700580711
90938739786091136646538719446764373103386212881388143612069001511465416048
141854457730272724659125532565125588626120808029966694874378858625097549680
214129760920522368742941925912321216338163829224257160038293161927686844984
191187577593657441024417467105015300555084353822172781802062823356201593203
140300891527186845746525571705777494875664266299870949078063212519307633475
136856570461252306146036794265361485079095721463582084780140121472053046903
90567850322135999630004351992758432887882793429619687918071696947320014152
175410776885770720000444544806605932232588492528266835301119177661600331371
179041206458425560630486848169839594403019273869924241886585779257860844851
136559986949444835535657336456662469944237244115879511148408685500331741806
117221670164101339039015162653560583286904620632420045845040967106880100458
159763166333927507879310109951645023371380798714009747930039382570704066117
119084900616199190477606005899782090745527484537031561786666762054844894326
148755723945926298515990403624770542122981172354708754020178091027609449578
97793256092684601584050466399489296981952097552958113470443771094700553284
92450380187660691534495962489365474472494350135900057650842884093531155512
138181759569811897179110538520480801186788444541942814849537428155919529799
122688176266368924270081154737880841881797830683395305133495486000363431242
124358501992117532346450616638180599636735331819216004897121185326322305865
156086155240624592767296754459806863491332075200005645451524223270064386376
143586988879758212457830950103749177937171652940769025311002985005478212939
90683964376298736084404588902481642661976164775112528950171112391839150390
184203870511998689579055731479751695005759733662075574784611104427156727910
202265772185393264815405103488740611123329947484184719127406695959479153989
202098700749618802051367045618434732235680197312171724647956135479071041360
135015067640397969107256539878470650592190839124822721137421642215886833479
175424039488746026996947442136688828596495674289624256220801067755414768485
205280536518283883502197291296488331046341984490014052639452786749925116483
203549142632135318582233353743426570940710501121357413789974720875628882774
115412764020104437799294227745333486463171082572548529883153033831596453742
76645947858252557547308012955027028029356794653302836456539509667105754956
214115881718984992026359411445173690679224899500588367907630307935483228994
157596721690474328337481253241421311149058188702018431756705248630791564922
154387305273490716310108241915476391744273214513147094559866614604817394256
136719852998495029747504058892363088248500138788315642180047188289192477267
189421428759644478895372080282151431118203213862690409104761216971397879418
209200623451052369108762107725297773228558567594271007717675120415340187254
216385581178483085782441552732153834512619144678873479719879031011754730060
127511524305889768730998461747648405590040639046377086089225486541853180238
83527315657820027065759623898403301978566779012208745560505144202910713168
200187829533556504696656815923675702729059221459031491135395033763166769515
214260463807464293096934173109752054081088747258297270228812684925112055657
94141607465225221595555697678460347112085978567010706569984161298919550771
177397858197041453647895915869952091083464722138842759084015075340359596115
203556263085367378635345242679539043534211351447870685582579710011257551226
125916738877146444892832513950152843532060645670998252678790264820256430659
152537390202678148056099714429578384358825578361033004824393421644461660503
182499086486853798092415417616063419142592208698142059687774332025765509194
136526579257784460898493977080691470587102203784400104216914152744559015540
192933852112579143017976487368647463363554897193990971826565686264886618693
125923771526305361116516787350858941928740977466944993227139741292587870551
193072482273998027985785060307704880107084814437083743528198116418345586042
159585446917154848366629279713248393774428295854869234708064271083349685080
90842818396803644875109721280852471359517098427495140746938703198519841354
208787435725184127778747619830766858407461323099566263846518604883698084935
135097892268544837979507871417612559679820908724162276436210096431252661825
116953253461765721319912189724713720907122053633038430494608910139291613558
182539470282815844848982543229966583056583752681976445874670936550256361816
193153545786389688431847989351845624013087056598532273628066270901859478389
92243896288993284093475558924446393211917638391472849469522402853702759011
157589793508223008618230314004232071374197633671613928496577224239171724405
148796185878624010243369047936441503469549733030485082768012869510087397190
181014727427331366175745605409247723182365482255358667521129372798244172114
131100052853237813999046203438238607872137392412908291625520694649036557380
154249217259698191139477965905991333353475811183247631591919612529505880919
94017029113767695190086470692676535419595051670154742664123092504768109138
142179161220380900361267747485617089232325695840389106592330582887727973720
214328294513678440695642692195899849412422234602044224827289414426247382133
175251501229818843473001428093755979451511480967036764874977426445503255373
150563791190660389403932816425823676878509733520390700632275730503889464149
76542209356303625249669916968010709096423704096561477322148297602222484066
203921812792394729366915706987772855586976053527616740337669796130982950194
196659902859157234138198097903003355506428821379312074306951002215603004214
92245082527041757856336175894587778225050341622736743650791025620366483813
178971189819523993028161405922712436234454477753604363218058198476112219746
173485375314830219805981423642302607506094419332873789300664285649301287521
138279570253516251337207964996529199876087155340125397327586858416024733556
27976075656005438721152728381
12
