1
528
121157526105225588889923587843340760861981682508793800624274415874070901408
383495271799813107571130560565914318668421477237336086348562854615124713158
147324100412729898279456127779632147715622637146218114635280739156848014439
327955068637897807627095334179107760465560619791547536699987227678722200598
449087218301882714690568367210815070615158195192499940611675757959424656563
414857264960041893604158356938055640320050754158979980714569649449900196594
396391328199469694040445900995790507425172849669662009452948278047057707828
191370190757530196011459848753762544741694719357777122865255722606845641895
199479139583581408151236579329661573939905935896587310017523366412663383872
21489434398021365652347132332525669543470120232741035042787664335926774064
137208202425668474588008379400406018397475515846542659582901020710685074849
335357172025633592436289192133422555680438927581523305541520916392597582072
343318139467986730401608418770070338243198139589895582555586669151791777516
120551496859627774377400758918859354124918746156850603696316278988936096648
11994187041664039889088192146722931481432104693307998680794897305578157884
166267236668083409873469876664485041442291388264467684326890904594983617088
37802094014916189455533702403802123960429979359064609964767729290208172287
265144285367893702897602938977747503070257199153520369020029373863428542521
397088278049438450626504586943299270566002865573430088909260770823396084048
8220948274645450651815773397999695512407522198894563479472082173539266227
166329658233989492709538923818940017141106611497586682163140290969196612246
158712047124155629499320840965430530921348014773265499753993596372581445989
177123667419069306416364558399930023749207504811456270798224253056728606754
402717142846027161684912658649071110421289333318526270896114654768376903567
363613631609794462930538310242061628628297911958944714235036683210675397478
298557697364008902434964845610494297240135967617568015802184463472534143324
155418282749257222970971957979723886060576189334430683635010829315769490269
33502258436468435024300372166312862759766975028884574897576503323395577853
365278920567917145508590290605454488489627819469542242795275597416406676892
189881049003948048380080462409482367430781989373597615187067650743834262547
359027990840781059775276179530561771155347499661486738698226237342689682718
367311114002815113074021278085653191903678015922697778276943518592174092193
106916725154155316821860906054380696636100734600583086967835595903649751643
6394619104105905061683514764845923109644978809168334636167022890616176768
421964792364956214206072320355096625857006927617825292301473891864570191241
178512803594373167858009644982868340850745422245649375485144929416946027935
297592406360611349075922477020614599410141078477031299909669207275834186403
374505734438163408496938909771836500410331742634664511412143762471609042000
225528186096513140385187900505485765898268848713665793244212447332159062403
207027650591310596331880514943995202687996423437176124761709021512531453035
330234406338391570081431807701668397815692816498540794783005965853360666079
414334554071998382442939540057017997905132198657713534519283691451646401927
371432913953916946310376735247040382796646171634843080419979225399290305093
1959514566182944574878354783561733873142369417746937888914483105168305940
47494281497895002486186926778383898593360451802910904136713581537384444387
305723902804868514576250753821703384090088314385702606341208903272936307638
375563747442693222095451167065140355609202880928263543277274995858303083012
179416959148507082431210176223828391128457561246723028101203713779464023379
338117666478594470468965690876908096111192188969844385132739428410582855105
106468236841449638405725125162499110081541153756344466083414018022505518914
94004823485069881378303032697521343195274273734405706320518478923550996177
33237229273710711893706060838846148061271547573492807632080681016155192662
82172951686532484665876278327275988249906570813599278429170814337142516641
295439972879092454721551039606140909820110080364492625152287855232317950626
281472567336097392855608676553590334818289793215566639181252592015354011563
373079862354999407896168204553240890596884046175535085302971069458795344911
147742144049519638504192908409570264331903650519605442032213947136343825015
136145542195961082301821327827005177506899902332904515109211400134041647273
405679394723519630195106316075527348493349041992225052055077363672016831329
194435833304107084194530859006173086606705777565028640839092756286510881730
233527265390711169605722025226446497982373267751927496086967346550363020656
118524464619310510917208746602006994343827175828177314860735174150792892762
216002109635724563008706067615461562253564112725708500345775212224897710473
38346508241102589637262415670085414628286827764268972079332672957158658646
240682647465349602269491266923416976568420133758807931245127288149464133779
132776538829450848621504988032090075385085752780617447776559856164357932822
36987963965996740177958220406402064579384018865833217240713131379070774264
149921025741285567186098892271359661888563047462693319797596640049205258588
88244410103457713063968928812496607361312261719620382843771770893838909636
270086982402606120403149749304253689415989959141585092016484406389411389386
404651407093620838781668294505987587037460840277899247729328567894028603911
247167697849567145833181438907566318685212347196567090479521569089403604572
387693178505191188890496312156553524452040124556467213111635148824956484243
161051606211260947018953605658782411856022321489878559462292955231462670914
26424769037871237331162103559146128572486183989173614701165456772494676581
157327407756068779785262291528526504884668439675518667986205031127222101304
41796448555480307795130328119992389937903318606811175205609053732257932321
445039194202082204610418517917882956384179307907791485375573087663059682073
331281361479287111370681622097213512473309431591322543234561759788992754789
150173695770109807064005288343918651662748479541450294859257934336828500431
158761457180748408073963887870484399010111594767955655671446930135566546144
143364931719213583434461355470995753356512806798923378756443168023277215512
78847266175339027380537307991112671340474561418866188566671990389757695179
176602043240707707628628671293667861987285356071847615935350902982498926250
58341992419826434416568205399392364036774860122021141389683927365876625796
78484307345951478995723044679133667993940615829538248208791525388931343193
30134158899118335344994866940396671995578482984835752015949253861173651806
391147473186295556195603783085925717058770743731282254750462453746512541547
325513666574834178241567224735854219181774811459189536333171239134094065974
236860752428564163060123361727758493183224721014705271445329230628457215605
338583791524990744315497353717499161644308352064272827621069616393953609259
349153793363633599489820045270103443449478462606987488035923026716869176067
263203064565002364876624513499790808080190461864954005240155687830889649555
233904977250101353571936472757785753073494277694023301552651816720759219719
391548540069731601348797968558304325362784680680655207523404567444686304966
78352875234103963832751379239335941514623658333778368495481279813499334539
142766403903411636221864516415431130116191314279274481792583001693766582097
8607309521867877940835171427269290131581619316498040684651023012845499338
69540749175093789880233931444140496808286446359894271043064984515195229566
293842662289396805957948172176068934164026519746780764501059405974412782311
100583932505418485934973644660557768071326413728509628450632171069009114724
109944813443025591786408398248450110852501625689157320983964128323758649828
100289512974491903239269054971108925304346604401065254114180970932169638835
316273995222480633677766025051067956328669513472001129304586584125829818912
387066246184558623736993328873553381134310917237443347367830989697443145692
170455114737623185621153853533793690757924909330623965830897579276244943700
272310417025281210254470094087934685455159686818789786784658924921359746754
187161204447659604294778030061838456335600980273582475488071147584374812691
426067203550472728633303651767167209154896368532840002777415506968561319720
342576361085370386975037701847393889721703681842554854817718151484433173408
182521545462742391893926158752030606052250773611860322848079901506383448750
346159282789546349777986357810327989292189569490263251124207546665494400271
417837256265099444169105811153084674614511649135561153281369767156528667768
81935317648934127566180951037545482096474777644004993479815447029847874455
244268367281066053656976920916910573983792290952821306980587646908626539772
350171141585731508241936534961255213223921317407853131074437121077632469879
214839485269006247817318931179701470834828446694348277522539941702270852517
356896679744629841089258019883848470342611760221352182476144930525839276555
149059392919947645068683844540600236543979415233115516567212993849779925368
378074423941086313414384930838008725159992362496980814193652946590557672858
88854711287828550128838471538378899878187816057487068477280021316828646409
417099205117255398127992726527008280252820345842355868750611980274329263816
141921087239645734253774390155569772229799833306857944726122345390251946188
351408331441160537603658995694111100437631557736199609131017785014189840338
14546941913873388304196322090832744331367326198000561324742206519639327770
353302095114688310029076531991461045720620296342506104679651561184689336084
140704362752437395624180398074607791361364711559246361943642445409526580302
317789514562270974533600501645898848049116476197268295988263839477283991414
240126093529384858312383928912163073575436370148307408223335295137293963118
371528327214068026615987324168698831440956424122840115832512630540344027903
93872876601144271545128429822782573497295102280469787292677740624312691903
310559150644016683645173393494854045906813164994895211260325458576451371164
21423791284754745608550653236365101030000459188107508488726289557386602571
21029341805059802399140621413784407760715944727140779906036550703036898008
349653915895135223387308328549798613137312792240515044242438794096953267952
447917939246130499411364305933051518724832579144679941001254289520657562989
328210015578709219916940898163328349205562820521093500329031544761057562438
251953386280155253283683382113323229247809413324292996472101419092850745593
234810544764849297650999389899561611654484653111035922937402725684616063869
53889277235516361336562158570145052243623797407355195794404411754766901414
81427455689696754292363162846687844711215794662314798026038778428682221204
43591057000565663851983586345589834914371988846225393636360820480030881215
25263557669992588405722031982659489117795131256903377840984096249940388101
32974573223888653108293283049490070620512100728459759982745259011349648838
217356934214833984331874128771758646185569146140392306979176216684653823047
330642036492294324271700508706510753213358566035267682312281957485327682297
148505602888368960966329820974336095897400658621224305165496789403664026873
217549557824035873638240746667194899056626870277814902171591349235963404340
108243512199196634465514396505359338052530041233980624218232029293704982997
417856643128761795052482060186086700225496150698884290878183930878475866046
349895073374484370541973841590101581303695352245109305956644320466407732089
9256154576123580810426110104049204947954681854238272689012968155797978425
44108421795213122322106163749347375243029939652051148395050194881995738246
319760852374298819312625511608618303736378021110595426744006807842144618393
312396097987196941338582728698107160104000376256949215496645087262548070347
11827280628028612425266617914649268174605649495679895075388982375694875901
272056409489277608612034219516866586863789535667902822798045465045076616280
171410736710376886813917511845747238755632668751439609206674452052652509986
422139691908170241308418405331572000659430291353314755504805726549932802028
395849371923943147982065229145891977401625894390109829907713465315073109015
403313764316355623701136386844916059022929763422393956814599529188531791184
111472249695950126680310697225183756209248778701384168326784184758977544277
410040143958660552207002925026837296717675985937764727658765038365543630775
9421873842225926529219650300242901256129764680883713816569597732180884741
152312841278195256193860371460662187066252358217087192945495281795666370692
327314556012486087062534435068261322030663402943468478998598913161419002191
438159256143729254143636442654084695486360305658278928758137462076289984451
409121592441318867945528773485616295394582144828117493387295301473723050541
440456608124558250857422309690436358011358013945458459697061992350577740862
123954655843105581044610229748709953117261573292969182100035178966083199325
171795911805922721258132999059933893129318807652424086997424121961907670986
34961970931845573257155503668857717270304369151260996931500644456020469465
413898558573793142976916246413197835517096552218418389375398132696548110209
272054874043552007078572978763019555060731563743396248510248431630773680206
267014217005597742921140401507583091978094393735515043489952737650626507721
72966123046129128222596135283660024934743497479566346766760262088552005589
442799625891755431874719192836955833547921446487742071492230435529001471966
97656706292507910819618422095420196826092671140457526914713994751973205394
319680223589703373580084251634675986398292928364658592831473556686602950760
422006471806960594833456954692514970109256684836242504119896923240635166912
421081396543371982324682608689410261301573860041225538589138873066405569099
257875882533468400505879359032256322312351517542559869361473651897762733649
447805030382294763817564028061651290524336135247580645539287359267457714205
201572465620208014334492810867441261184082335495099186236555447527147601187
433762177911514233072380835837002989120453820960844481118854433490332024934
141820146777007345374263264397923246521722013897582294000323272652927175330
390389337658895284631910468696862578720685373642105700594101778294449412534
350880927512649622423771892056729318049103623740059936587442260381941999027
432243894166423140053983140052555456507664800409326340728403695654900377168
153650050585721061745550929209166017993484519060399007067134610215409002005
37679656644252379146056268152425207112309352012087099093190371939900234680
222945390235302842348954831793187956661655329078678622808144518706852813400
125428525641494890745405979916169406242017386323926972620383502062148812965
83850083634512653489129084138683084401747725170412963555785844668873078942
138481382071573800514353529959840739617530280463168458122011012173019226801
321319758430820484452292748502894718087313267838469938123266016103762892845
12020166261981952743939679727029806639299575937018133093517168368149230592
302259188446791750102328450985180692564764830989838535024407870565031102070
99610831608335057014317031413433202847529395273370588583686642859117459985
141286880223472485168451645309313272936723707062849543949189889218303562246
206006170016089372745187175171447439628726117087684076562255230676192711296
21285850759474942467949300378878889995368367747384540143893244232531144424
269784149886577950745837048190119261978916702210624345689835024672741676380
362987762812567053387589687954462505197757632325161059409582426615590781728
433241825955835323305238449669713236669281556898542420221580369519425978735
285407777380893643283550066479468179227724536341265281024920500554013774787
365379203648008941962612568963709147244064316120091574460701818085930664907
277119749403296469685979054043170471227220449819238849844410199260900452840
66790794697645624940485104590700791397543280664356202881424333530092459325
400795356745473530938292759053575549812404817501750254519075147624488472635
306840463632602092958819083413413531389594191555227991925218804569903248807
427486267435877051486379284894055836369179466011851521188371469955414486546
239943190809297636074915877562027813336306948641584558252268626411354582641
61545378721291862929748591915388617933442963212152115828286141342335553037
257154060852274266440355473262473122177743674172776209450369925910283328514
379943994492738780924317885877650565405861124002947056826045660699218548096
47701773925196613682528012395929209087081848881998482681333649906073029270
50768231413584255804518111085238292434431445971458308651180242020777721212
268544059385837884712893634929644352757620193193580455664479284978050986358
211405181846834968590952417122487841194833529681399131317908065826361008206
268306440988378787327867868967112690894230519735471276207585311610135340497
357600808798510515819330083552267779664890440456716403557011272638142081685
216887344079122018436225370586008015081648816861911022984533031732283972706
273276403868894138196606830817188246001640732370053468349091789287090278020
227766948090470206593501356207200044142868963312998390452656928650511411333
179390477862134510806654255393871956869208421667490541703909191853255301120
58527447065094377835069085112277058024001119392924164305917546137782242022
309527200084163000990426480874250562265262199606504041625829126695832207746
244579509237253300369907411302768420698880209156093927338371983243690184849
212347159925008629818814104561961512519857143234999969818147327884168723509
161500260201687374183173552839354350482240165931922153994139427781265038323
276289603786763597864367603311563561328280906599778980347306489282271561033
136644988465455296367329986569232244402342143580871591778964551556202790481
91924550191776250539317145373279021658507900871543601637986485453640991060
157797458359495902120977012933948920709057142819999271446944481725888088693
293046402456631269229900274298165875815887074226694984147868489059479885961
220404242711164961247003771624853170988181553955657420602142828084299243654
246790501121787686498209910786028770493069667567276704177121357327020292711
151051988228187328539810720472632600292186044371233056591204670039457427878
65587009547920028786346100986648573013694226307596107350856745172302451490
113274857145707396335975378540301013476245870656750010839177487299589769912
174454554262162017462098376472116143830806131483353062444295400190622045542
32061271496958180530465291573258013968367362512889067161464881804041291296
341486240136091644217007867670249388940647983899715023312780210639228019598
67807514095320045165054847701831186604985444620922127171509847633932849047
134031297689347703172511411970577565607450708342562103470190417012031875068
445953198602960469842515918367522156725398282997378464408813563986938347076
272502982606862383949170075918837488799893871970481251991508057545403925078
195735183532532517182918223176118925159131320412822075081260672366439800541
200013598856819467355021479308843528383865325325262712604703372643460271613
266612916873590676760326315604981873649435496255682054119459712844613793629
404440506503896310456656903161229209036460060628283298525131932729417303372
58243797250961936543000399576320809587656661986782645993639489034192565943
415922002834365271290097975066445014956376102754104030797129189448369772967
250386699702101463786490882671291865401763879749040229749028905539067369226
92189041192292607359765276538722021328150486434424468681751230485993982842
175458006584736711667544414057889212401557217453734263123685089967079784869
416317622221045497257580182110256463572804134232864319175868307234261704604
366691835920900428344764781916937403183494146862114023563955066371956058340
351938483558941515610109390756366482020778321255238092746584679388650278811
323966286774709432095204703344200184263554678307772398023965147195595831562
19257817344947140080559322356743149571889793199969318616996555894110888165
351787838713081307303310863069356766902475022941054901770822282364210377848
147303972127442713432247005675270596316060220121186230816624459411606678534
406785894907186246443127365678377721562162493728594649422602740493894289161
275352768774050693065035830451320890515919582184944712816771332110571836930
449851195002272902277320082461372734485322531093526963899660175327344154063
231456393333521327707243507338795043420426906770536071395481629965333024959
151281278996400663563708123605359459516658881417594265170962053442386348308
337891337678324850757928937545826550237218515825061624426405589415687549929
114291152987252179520236149282916849271869556005998138720944822783331808936
258935141124857215555141125048119027079706223709970757688167326273061530701
32812562819363412496850261733533674489659308152303529258932049979399265247
137340170408837747683952831743039980244689787351729415010003027804027811332
450790336978721060419235683434761675718998661825656372131412782688368263827
7934434971229190087925220790833242129983683371187284530439779773066602725
34696867370121036521932143085772144777267370589345727212898784352623181308
332134001992611766602269270124246775513145189395818113790850683664062055546
40427063662934812545335722060235358486351584182602649966301421922847919137
301330332141695392722959185927455450673572655157438624772194173370346475320
92546101038030971245228200638782409098428419815636245089689804394054278113
239670345055503426021257342305771648558417397707632708164222834281334300372
69588170413706279179354019978369530672680882545878898522334414968304344612
427353036934902973538474660898801693481378166424996455675260882770980881938
288117021042103485737170836948602750548885171183180463994608632158298100751
79372485717274036404472709941155482038800982359431467717360907177801353715
240207989595102682889069013134067805030748764564040737949784320192047615926
247720279672050396195878914816270661784855646670549851414105451321794191709
140315075397234546829950249911248159412075783385773693252410425252010763546
244433367657640348108820622351264966503924824001649726425493531697186665861
65597322932460488914613274313461165992671982414985789749218596701635329401
165725627663785344767692716969751949545994871121159018719900982829328996853
156006720794997034628032061231998915841203433248550804898160107653416781692
272400029388360388678869370107565955779612675734801298595610106444627572886
105258473903646619104309719170163109448722798031272790453987487178059381190
108968270119134324270195177723520653892673058106802217528544838128213626298
116129499635010603460513559236546386227141973795640011606729103201902728079
113204002687783802756254933047391065812147327775742380773002245314160764308
97936417014366910043823171146467718163367562944805171289921154105622231754
221955593934208138449159240871044242979704298572349253178637163797348445110
317254912978845557061668623116190978703759289859930397605075220427510512770
294097733708259324819358058587549203034497477060601033805712859905498877297
276073787714287650636581286214622367482667247464434549917656998084641627124
412327115830521953913505653694358795915851712036615143815079979084752729147
263534464667119094186556441048936572262800246694607814791295023134188897912
278469182084371292315086798178394567753661165491773130005802192007087585930
323602400125433858789034313163929533030173912391587963009120844552949451166
326719835132502002025583207580718741830112668499351534471638230599972018189
381286041855064817476171955801211438962815181513118356547634391314193390595
33795819059557095668494361554404620080025679447182119283420779117329738248
100469286076874774742229226848929903479264871739310362292179172679431023312
45052648501029704408977100673120460479723191876125483313952719270719851025
398820847199802735456303012758167624317182215258101167327086376138236630516
221753166813563056693389730199884268765606444134238550525039590789846589717
298503492837924301972286529612599060669720907638349064985524793229940973990
108858210346682036648581616124108403582598455772976015251091388159374275062
174060533010045852656749305158063466595184719884119876166939322053311924515
34535862865097275158532487162783249556225098548928850647854902177918166017
316923957988745372156082332200473990016385679705049096066224171920256840048
173604289548605946008345496045361541771842111077673413941684874745242479289
73849418195705142660660453179367131168177909402059060712804886937609883109
311776551014278707102498492064202365109535546207974507793779256680503823123
372227519861747196699664049731075730062431244946211231818188046937102730199
119635608646850589671097936716725890941458265569357475243713355633546089075
334868088107626917261372430445916494187395879438734187501976569854766985531
337839828093563060420279488199736677744739857962208668175599477950893903809
261696284169774520040681123863036754954978849424781713485794167624622568897
420465888392304103884224297559355344257525283894267335937390802577288466225
20401537947080410475175039472327855835295805646114769304639449635824965805
218401705662627488909893763836032433239794792230139283318760993804239055008
206610214847667957803351172101450187283898188414278265196479709669231800788
255099525428418218005093003162630451933731638587055154375172113821506421927
92694692290854874668749608227055385839617429126022598347193468967433646388
59226436912597040779827479108136117767355574261723926014154028628109725278
401133999344795416894076491050239734316440118053945545253902559923195709704
22575730410887660420922648139971005522482656173520491003256577043490463718
270138492736264415577157816060852434893575009834068320173909897611264964060
294489462593640025901478050375922268967623945276307969649609000925255026376
178393623509259694437707482459463056321944940317595065911717410031954306842
221256916106121378531605819884493547788850178138102446062525713186254652118
387961970847982131874138202757751952199532786283436231876552776096775882605
286916070428440709059270058556050719310321246743735289844680170510679202807
121370808426188663366410629036016896413006414371006606868990944252734190426
158267445781134885573413057243449105683072612146093911667462622322162611956
39768093004032645621962882043786614612754524295687615433351009750021333429
183254922180953136049812851098599033202914382628729562868269424022703330887
96723927445255472543450779655419069160135064980241888800568133080363787111
210651144489253161733497965756117151811067907095036134161054751090233236082
123266792136140668212140350328601691591630669802342181815733636061153275825
318140349169556424519430261157642578836841076894469175741592616539662091392
444475065315640604355617312733498511175096817906266820783161798478531795258
116923467698857965692205143735666369433386075281157184998628055704462371367
148311612320132882370327517999731491163890711641560648787915585283498282734
415226030571332981174844584917882589196429593382626105160907120620100335987
172681626926466765513110570546793540408785505310001958602370395831871008571
160996508241942284921400345631452477667758266226102847028744963670242800125
40039988852967881334639133820390738232312533304904162444725480399686776653
185808594297907119842342753211594797331782967982090730223129549997618423701
87252577800876838114635376833971400784264090455839654476529672121780083172
371996581743721451962534578631820234617285955340363696836301723355221342276
239847904490934855851125141717556509073178725952505687994501956515609338129
44711161987971381651482458010175479502451468430772455209986972912432216399
212592596316180672796287947196958048586350724970250274166296764929286518658
184858115112826090766310753064768023492507681402123401343497615137123564000
225333577798182626694224832103632315364844345034665609838129545391396400955
345660240404021282004923529678424151744255882035848868216573695387085604937
43764154192154828025164810338411345740264605065719492698105798531541220569
428338138989356337702778795972949291476135830697063702799885231952517823365
83530932189281006256455016216045531702664527268843501680950064663099261547
100930594259429333024866169082643751911416500086363364184950031484341461195
396482559619368812481084163979038310411686558704460478152826388671554061989
446705394345070337215637830531416531799710148583395200928243883889124372406
355481595713834996669660264711649408568050856453330858973892322939850896856
387991275484980292230545652279139838591627433575624493469030809764199491922
149530749533217557342423349991556408823209665564227676423416427754431500891
188914376729693018329560578348583128069836467861892592262790804767630077936
46473962639017495312387623389564830121841809300476396445276825251556363037
327450342199763048146939728565249347781144508201977717992898855349345653805
335897084390020653449065225444385721581704802136007607961850133369164762903
179055430071624656811659633144629436860308121930768616930861345100206632256
398507815871391996436510454997701244238035486289819943241330457786144373054
395467288665013677010570051070141825112546748985104088132303337375101401770
79026533675157375050445016698615583758380415476919642248383263740119823303
393440404232695529575988348303611706572860647676408003335310947579809084644
164984924306518742894170074549758213677243612284661839267168717562054124102
380911036427011276868553584216625791148440858754635137396693739155288883778
295144058993948659180899291159934851838781453711956267253966958665969565337
354813035732611306655945169297883795689727294531742425791417137395434317990
2299696908042656399013378691405291427987660235720474396141284069944361374
52532583957048440583207977707563517800576476248003110006972814491918836763
447369900631415330467795587071102968090813053991019849003424665672928733926
317034638923480343134195817777205298534444489006313559452846914641986159922
66951798523432375178953396657375844508650246011528067175171561270531634050
335078701055015305084627013330172146908709302719839148780056157426338767789
380150804810876819364501991675205803414805067984987016960396929683369220117
14587646353232722116590226118722600650743345361483685621383626783056800603
245982092549680724678012071104079690857139734082846618135899274837591422212
68035432262370402514957038474199892856773995022428643888464995111929397680
204041532571606276940191470470191850948165729839366812456163631413496113772
207127136276645836708441521385016199746121143884262505545542935252703372587
179361028584911136964679219274545341970833722421816219686822246722490909287
305378002664647537062608608554675265679376434600802929197301147744340791802
325077675486234949529408807371024958606291203244825372124721303844281371073
383718226210277142741368505061252213897196439186509227277011775264749723731
325693300855939015910470391633184027654705587755501796768469660792589613692
304442054970928253806250376832235030833396011670679503565782500780277275273
101867510257150645912012023998253836316180599173097407208204350407829874819
131590434634004062753371528665778813570070339198308038763679263426457650320
367814767047027443800164323663203385273005167410082922376396907335681691653
177115075612486584449656325638118430048211707103877973721678879727294434386
176266453868201314914725624082425722372291233194500532747010656504739005874
252996772989866103595703356776257623199699634814049523903428781097816846157
125110180999318263034739326500089114341266504985346616720182259636375857474
86438218794983012853626427250301508523071009030664969979990479065219761337
168183451629740913951913771848292224086933411550960488053928188049673820972
284495547150312508416845187460654615075046839783628248387479803724965002228
380793053871198158974872517675824379556334987781888028363156128279936808424
254098516798941251603782650140599894749000407220838031343301131020955647287
29568274307219897268297643702830737439114304793571746703286266426944232278
123951524550547570276108249479478241613913325751664666004684090144274326009
187270287656534941349382350780652867932143961834912008997599779103773003936
23748539237590579628765358668289600042865388904814667852142670002281562734
189594380293582324972328524771893596756442686302377377615636939472624017952
345944020990500367500493260466539850531849147497965210611227199878719253372
390743379800890805294560324998581673513130894338293859477699107559322377335
280812318164599679831239410478515033548810019334596063763297608759948371000
255525491124012238901395748873425674222845836212492334949787757032285983427
112943687330205414567268174036640741119473145209276846202742241478497106626
81557396759458034431192622660971959512450760343773850033210333050351497467
194894044422482544755510264719093321140103896176594220480396351401069609323
212101564527810350134218537943383927613725493912610303840420850438696175783
14813778667526146157421912806221276330529141904680426387217358764230788657
64643755710531943764705706860579259699679486655065458093261215752495307743
325883301031205085136765213864622501341836927057423874507290578356718394224
319024431732959469382040164523062496913164176220026159112734203085053868526
328665248953208811187477842701107184921921933028804296142390395565127230515
24613980719537576745686243659473550073724559146118425455735117260562168046
107559918710291063664635150568683529495705382659220077843577409145758193699
151774041601130338765457340011866085331668904698352244618056533323918896578
9216746709339111709775618887022111925960748377775875968227607798247594050
310153836157471909889468579548715907785110738600977317307674694263384110994
333491624089008897701145131302504293625690411355124780726084349127196872880
75733273939120526993721528660274336023103550813503606843252334884869808227
6014118865404145215145926942141918061491698753790107345954544775078615018
419092606250470549800127767233284210993133905452974596112900277870914077101
264323260990911481590766523205344767713657992741597917758214084682260808560
193160207366257686827245735763026659686209510910454317411632977335711121968
261382726116757008758232707756903637892838832311626183721756162088632319767
235236024495743335580076954649151929820716843627709986099395444841615675
384531563944195970329122712140423294613806457225594508728501184437709048533
71890648326722082678898173694401989965890122517683389280913075479230527840
298424986575526762866129426853269482901946404600335806491628410009569566576
371424081301393024018919681433357752231139562097097356214682695293481797729
81307544590561964388989509943097875244529952092154270322265194828718362282
226840456132036519093191856263856343600934814010929635311678514725947703351
322538595708737261024343264553601283325797626639396674544874003028536874931
77576402649218962019413971258178030653283003611976029310624278258740969643
298508249636328551887435331486272200353793774363738084999616875975272002276
377295372109632511902675139409992113102302171624713873263862382173645562472
272723563509700441350409382914770568838864005870113944200807986863592676411
193201079426735008340394316674824789558314417782997902640847720400200168448
13638006403721160330652842180172526348631430018294062052675000344233887229
370350746857310100222301894422161028492166535070948870068611825179694586615
93605134353069726772617635414496701191858743172255164581434122801902009473
234539437135452875968713050356289066707306826471536551167749671210695672554
38768552641705510386101734847962342432135569068102572957449598312408751455
263301900680570797612179983921515058784912762116320669889104539041656592427
164157600060399900601669715774388240312629239616161496032708526412062127514
307740893257310158299026520754838097232463802425678387629789760326186268257
33964996578198401828832269545132339941962252355257401409216773405403869783
602865751306911326027188499943915126890603053832750910156950261335430554
54059754298919617165812939023071353890041223050612532270473599621254212784
32173747192905038995420635883066413086744873778290630122024823637881510156
247732795934047940370170748838463346377936452113004760032929294194495583795
48430481643928449609814721801731516023011336878406711068763864372556648748
41211020515093675867577119973457812297808703793357924582969239745072475823
426530664290469168251190883033713472883167792462060823724538002527480830207
69452016618192064308695729549331928742961577984279656679228335118951001637
416191194360700212909236090086003746347972278081656668485831981639655419123
109707911356535296985278935256360343775266175484776122975267605374240896131
253947053842102522344050167013669763916123633553906025858747599496523557167
125585687321132017869439530499416456424414112468660500337231538068673471537
142139221159134962614630597819378016470812290766109756094161763132804909112
242586557731800845828671644302572039950450185656650402993126165025056076941
448310157985795104022595206696777166087385498933452364764051803601343132921
102162821681224360581205405521872473130964864136008336106890629355360747014
55637469137802806399126157317256222123221005416884647060872778756053169420
374661966480164510829368377213437565819711327353053512809075662719826436202
10291749576032661727169561966370985968708643652167145362135508096356636636
449736999187134402215242922452028525765419648045709614658042458200649118157
176949549114004810175531109772081859935894789648284595089452306593659383856
443077971851869106632780514524230573434184147969992095701583671233258519096
315114961997283304652908360657137277253638822895133799732850031593157937633
246877499824820422834036335299201459566940023626268928680839271620426486625
334497546207264168820655392057552008225841103875286146617060519297282489812
364744820515148423682257146142437160198783316653888286429480194247846590903
100464108827469361144990241762988591588725499678192232327456455236387904423
213551255270916415000348802060204576501215294005632318232127056293643903835
440137236294062837645716472792413748906042102751202646530613253224482824823
157100034282440366499107201769982525069659627375976921886947171543002083435
46323464836192833591364273366873833711524893320398762429211380001966770772
235663140395934778837024982383406661259403508287123396452319914478908089668
442843034510151772394752297696473525806474052857705283018718626991765064710
174269474302109823093843876386484157805082855795678591023418883598869168133
30767980583110455709939760307335444670892899462932312993858277689332868452
159302520346172933473231796833384757332033315618183467466880609672112318922
347906934918077567157693706322162092562311143797362896335370689274447718632
115903610747923560681774876778439348133998188192983066457541725416911323705
178446415451585784997179157410335790982828924368362348063230520794454184419
168644021793295425646801135765456316340772539438792732977232117811538575168
152108087102159238262509052215284263260130734882358677485197170044616747553
187714463238968047215640685248657030544900422505270506410297718687351910301
423275602484416093393829778429589183391617369222577564567931868517571008110
339367063735322422108891857958251098912429913816967576243291883491184110627
244474537111984829652565935931427936115092755544910869897126597467579854258
316811183061060796621928226399550920391280615883452408343849938044003479659
45685325404439141736042962998691924738267429748034482013948708263433616570
40041286906881319138022362778035675125485974855512840693166055028376096756
119736051203101621285626094666865765318387240522683751622955246465901014872
104316351747606761446234642842384264393060827394472845669826144192836582583
138611008585857356368745530422248736582311866059465259363888262118477486650
204947628796808779118510494369750047098967452678717305075094602212357808491
256829651471840019438394690228818797991207594308532971958758856720758001943
227943231511533376543481951843623061450524409870335326623686262898420101554
165663735156076079932547132509981452636153637861858893624614721542056876575
97752588749394111332736987838117613755790910661267623550923946465962981268
252997599415564168449307212571479036719357052761114163182356771594635016039
104310078771611553057299436087909647539870792623181899079592761853661194339
67590190578073191754814277475986391442546
17
704
145394221214065865096918084194918584045678381573164780228221138268544844865
148796241286462996337157819345263084462772634078832022272726198150889223252
216309848053056363163181099089310840861446909255819201440567068974898557286
193299291901570381388732126939176254562320760480171015165362368224670208622
207343624429199752236548209426617914698978262002070565387839046255597743969
187984248860349277205769135632316876208909228909066462289963379875007459150
140079817975514126625096024444574556919629287035619016399455651262127822641
132873693809824731069074866168245842605528761655543089942536028199145786489
92362087122134026016783777188980533645236752867991878604430262586334277999
124288702785193754079991667725499000048276484453092262437247315553383376939
189516517348140254028388191025143011721308013036857411990056964038146471789
154070629328396537743338337631034125724810099723357685969695005150917911617
120610966826628626958193622730025604732920463405019015759009146688643026798
189841465800859614212028585894761909223126003451578114350817033601503941942
147478624099577650594959590794774100503680198841862620694041134416753142604
193320995489553256998283382828142892282410141384810039641113214030835631156
210994458683699660983125241474794539879163105357459835808176329721371773306
214349408990592562552613721417916888272706014321257660156729016350884000065
118837298372079389595076533201413724215146384757488735223608272081822709815
193058835712283352564216454065185287570204310252590350604249700942163895096
156203380054003180785897745612936609115428767159792782899544094159951523179
191649720166623872007371112367643694280608616798729133408955978902507042883
185969076171577965507740503884549104334591190806668973310131266331266742090
216302845104851561596321023795642268616725941512005514406705631303669399861
92402014253914534455934478346375825182377537149301888246975664393662515793
180994318750660879735269274905038119152285353286002805979279137442618565956
88828636890027788654670683237932371533048764642660110450122687056928336250
195046001879625409656548089813449051140950838725344237014195652927932952919
154408038309181382653607594953958658158765250121763502644217525072952768612
148935407051034213959411500467517168976155452605329380166435361529824827474
120955082216483092905982008578476505449618182002779505093580065957286917967
99623074531545022403299677194619954375500325182111928246159927099777901904
216241858020415349646185637030402801616081939436612563811236297107594164566
85286854779416418057423410680975657260811786140062641812404564748206566776
207048330211504858964606210198886024759400398557264712111287301758537517875
129341487754061509032442032236448274836514629497450041554475738928119051364
122729264999761117166349945931730864376014851914774679114740919990748332390
207234458442048010637479054032000449430027101343673663436198808987291371076
172222576069288145004417347129594687541972529040652475903915703499221657922
187627113206754287322015679411713540782270801682208143432968034142331893588
214632675570515834955932005858485981897692156548285474014966566168889480755
140370878616149832355949395464666473248388971673925129972452049981938288245
145421641271316195431738933556608501218895018706611816217236971721278517619
191332515876677341954186296910203902709910668470203015020008364348315224674
115212315020984015072515608407548039475850440946762485803658420161759230297
87150249395742425091397565910538405962375785501737520166876407553259562101
201934427385782129883043079541366235142757802204370597108829350889435443310
150578186341057487509057822388235704390699554822527989755600136277402268262
200145183213708306684783550551399669184027340182897555280944836345530497395
194963343090885630206902846688992263884289397539686407104093295254626196070
186018573897645889461584000864502697046515561931343532360549346677705505351
196633889024972198971865157271121081838871505144452641321421364600410425156
177260798554440954780957607963599428922548566700032218937889095992282068296
171911481880860579759053369152232268354332083636103050895298177261444410200
127738985894686634237914930854910613674945747543528323127885601943433212715
216316915451106521203384469762107786935451022702891907603349431247925686856
85543134876006259667923772253469662058123587668835122418707153122287767641
76667358678869262028241797448814550068259133515156366609476713893600834373
141708039839957696244231912577405199930995626746339569619060014359275525752
159694398066441532127761754314401446363799723407045645833949847371258480746
201982447161700546364806519846100885685410466098092506355854674284869406262
95785088534019109517870756258813313054644512746771810069611357340010106453
94377235069770524727607854320261998186724110356593201488604533274360040298
154518545131773567756689179668076440663649256587622459884518867504902779220
208827552961296280037880184646732554620848579827945423646428585644355305833
210774246046425976370699938331462057672204303328910947168358469462160124779
159838715686461388525728322247602223566390744057118954450038571999883834690
157872390731873790933565616187495795569422621728087323007013725229766435410
122707422824903562294686686528678498061826887576452358062917531339872038721
216310930788515076031925907967209654089377933198778100166639566362513919042
154401079597989483106630144224174367053108379136774695723360686114874484088
208972590640183288761953860950598062594480412370035564987249912658356957545
194685952011147751405553845695522344761190599928940254178530236785843648577
131080156097579958951450858700519157267215117052728996986938704561674867574
203782511506572463807240149492614694903297594365701837453473008262302873171
209325179750673661357041039391336284272005387687050196607774266966535467059
148975601361072170044725114081787122330618864475599544418935259097662779501
207116644732237582154447412399978898128506036233290968134392674898325827662
156257325304175600932464763088187639363203135072162817537825336144328871800
203962334031632076111593427882070989331924037799284988132892368394859083331
184217698434257645543290034759179429044400477638729263241139642405051464265
122728180102114739301751956873072819048552523622419240010736253198402806127
134662868132762817527306970754687510211553816563252370553200177015400130358
83741703868049043975855651919680730035379515960952754579811887947680607562
124357857884884792366368554169739514180808465716512588480307698299544684852
117373937087051386586910995204318332823164326717741943684362622030785640567
155932700826191969194435263678000982821404007449535859825713647439667614787
198186294257181566116054086961094259343676228746710477664241035208666080087
124226047644125971281779277197191699079830881758322370735645047645110887025
189434289497133564916999223906975996643693490633688164057944593293573964881
207559275889143256382290394744418825396473749015466819632858336574192249652
209207250634232633019599843310809057503789453597716647349547555132349170757
193125971434754845835907263437137114125387008047087962295126182761598242404
196792144011477243016541403607409477285630847465819113566114840616557697622
115434705305697170823805225949336565226111679834174426377713814336722454583
149127905269202263975662636151721802464558004535219259726594244819265205603
88688747514429258561979283078501599754377511581432264080040370873362507638
214170879064029013704177628181844282435026570753308291538931900893874242383
200402299816860813464674680516744671425782212647297951991232710197904750155
210953209862075685468303734473223425141181378538861789772308769395104828012
154277871679553916022006314554814341193952145174171590848402513290010387011
87198939086930894972793315765605762020760335325745709665507722803690295106
83540042734239005753860773708516121484023114584477885259469128401038897761
196728845020635691699097032352372898667929111386122329837980667712457493850
207074266234728885512319158363150516567262063004405136978920100713909859656
152434081560051693251657058983380777667730712849212787728664945300443584836
184590506047673988707945981246401167062633287343697224455046443946425988931
131135397351133102044342925501010805235322245282132159064103436648270287975
150757063456244764407034566097614608257706616648072765415302752017585488723
173623464174410624685624942679444889402374951388189145920411440019210973235
152766521617012604831301996622497454255194706055363441851237052283720978040
141942728169647033921142705757024189872994082735741478019189478643631142513
129541174304124968412944863887416981866278172357862481168981780052906046072
148782305285486562131813793656789473373948614912329623057845713422326917995
159597824589522662018360836060697634506378121830397367635045512024289666388
171869996189715015109109662784869395904855490634466950335232821454669573221
90711579165070507355769149244018320395816081601873816045642321654698829167
189877217002046998441164930228755416713604480094984524084433868764700437859
210948275430835893855270059496915504537558212936505052110203530598252890168
92684856235706173055808421454616992422949504307262373534582304033360730673
208862574865488982468189046495482208056749304871056733496027878658866761259
154289921526300219170499787427506746159609558874969111990156877247392863063
214129868888686972589871756636848823784391434274160753416602229821240587375
76321622430513432797484809719041883355759299097106862454616192847981926228
184244153411380797899307795453601940596581131786312339885570079107555093615
145408265668221271369552682281773344636601751587595443043512094757021381682
131549960349535026138127937220535247764881300902014338326957872981979526739
141647514524397580236522055782849532545709769297180311436110368699158965068
150714791114262048468321002650044016097270843497462146292889615325564127587
133205469557254870974084600503854893064470049755622299317260324870959878002
118913029394241260774640594249861954289157075624863518689962506931678892847
154497648649728513566750936928707412688523187447980863510371798642273965611
198626878537222012446437691931345875852407229272566042059798748122623405889
159839678556021288716837871055615496936417452922617185009686201396590684982
127794875652798830667074650600447822460343383258974863162246950881500031044
158031643870369700208385128884478890035209048119442254050302939767281961067
140114436239783421940054196571418591423912331605053888239211094817901798518
92568599891076311478464799788801361884461156520343544174198418093993640267
180703930954804639279260140939534573387135160610492718294474962624344245583
159522985353199914441986016697405767811314451332236125641784089811336193635
157749237384573416615999318340849081705889918791764187246591530255034634604
156264416428762228591121548851406504659504964125424957683946532213489296695
124377891225679462836886044037723116788818679510350240186266934528200169326
189352519465909584701250928934112917148574924163414836374849679297907671380
99518576720566621092171365677055823144827210919410519204207464549315070020
207304072499177340561663218955582758259443267535981786990064175461338467916
193374974982689758015012169365735621719056712346454583629803077082089933381
184347787217229282911250196428832787428581690373147081719493864918493524341
210554711830982136930839522423087318861888183728882258326750043150683697968
76790724779377031403253374946308084309207372314315983928952213821882528106
214535322690514936576908288177133351123085813786504884130461458033930684012
120707750486719047039791791688536693684935332833781048549954198098408666456
186259215002640388583326750939058279729342301384958431917912793869450045249
198509415001916358608882455779585011552333204680205953813386177430917375097
154179441988795814786230480404290128585547198379412217786911828470440145226
129437324467797235824643764498253680042343623719227330014097111702041014892
214493991403142567683466231135819426629620990314704655791109318340735760232
76571031424680678999015006778074730107992172596365367084130528701988696404
157783665025032643748676040102927888841613023644990491445338613157240064357
200207349083270736213671837137783014449808717919028459511607928399044564833
136788709338694449358045990280827120292943806337569038827985986600036807027
191615913673312278695467778119621350642464815743924411198942098027892466292
177226316263447284601066085599261209327162167280302561799373795506938344757
115143242258210736283190947383626573433082848289497035133595979516869035085
212831319253189704573129384825608619643854256263090591763472426880337733991
118760542224480373899243069470011714545384934948295449609643999149286568554
215909119613737075117624733809042572425713661916321709111175572382995140679
138548607585824421596072139874631906806290246822950299881551824859814246485
148789904198742969538049064476350155513207075845176791562107075865887855209
177281067574393372420228917786400468607695691612885728809724407069549679407
129321051498640045477886741240715700155783248502699445008381112053175503728
143572159948976505543766269153677732103105003160584755625847566089317202293
85549823472307609765258818764397823518125593996423227834177012072555767138
157624464741437950146891305546907792837281370480934335890609996686102186040
89123553121488478484882194589410937578125590583689750281399518236816920940
92575475094184306354767387882076269781719002647088647379865424908851954531
120609780277187487819441076041291487459093866735247685247990425926910962025
138533669446533750222330940834182104871070639657048230541449270588226105956
207454611685232546157586502416939489565314833927918943492986976723398649197
131045002439030000794309601332936864443771651666598114656282046645108105847
83658148805343574113317108990786346203178614038896712108527773231594171202
99242376082838220886367132661099873735435695385472868707013896867731883320
191325639401195846373197840659105415705135448591280691545952804291503151191
205578178443284686682574198468875412128050821965136349080761901382651757621
184299716789057210087675587279107052233151730297840413244593761489632522341
195141279583471212368453157167572625257723937953942886319707956046697032820
97552391179806459454649724059525693352134398697384364685206635563650674293
141936286516271639590608514679940715940816671293895550419441306214507766101
125966966622808947943024882887674640849089458972310384659114427803344450920
122694751529012768091970414725610099307258758495221418089951519130782616673
124391609114351720573731592128017468801968698827600660285388590286711243089
143565145848028420998148363919658545007805577889803750403752370125701208135
179275160690675391288994509883243477358744028014745582786144541352623748431
207226941341947610457490030061701443976126411618963758659788841799045507890
200015635939142004584687085473624438106436016592369504333668314270664242515
94383678814227078917459923934102441128257310226100328398286739222595336757
179288510808969986534892130737844115972017325910324331995320372065564190017
207400235764496321365017920991316693077301816292914411875211000604146164567
205751153223356235750448629341517784341777845617093894118193019703358803527
158079063686226928988432641812894922769908283598422076551416090941484968747
212735367964194320288631218565365463773372593518532922945871547234042591554
134992532374810899351329110867127877000555259304369977075591800701646752612
135084063274652583987263049016907922058434889669029236586299951776229372516
171939497788154067225821093209700813292841699106215020313736971060496529735
205509430984484064783662456084263141496251952986632323026583289705243430993
215903106815900194374277039329843747023555464506946012102860736987284255332
117366175690013943104277882600820171874999402259985165833542252030805693009
184368384198100646870706352576773689326618402195752860450555813684520319545
193293333733619120424688666779909185533958151194669900542171890969062370162
97648668849584005450847413068656309829425752300975579727286941934910919521
201720479332490827342309785170543603964706662949422469741821956796391319353
216240163647642419052016999112023723512483608927943530449009302838104829811
92327739508671113217391744250092365104673665425439080569947443450083373905
187681945637208557375440162502063456479393730736392618867718278896701236293
115578515213992531541534982442285153379517083716408725592347379972753207865
143835098218673628247387078596129069734105743819989984705626460668823814742
95867341446786440434917880235213112355181628306418734804552967697849677890
83616118557058448803527026782324433429728239999786148726511967581458885462
141845995886818999338233979596288135957085234512427367360284011535712670573
136421192934391928813747455988012209704590554142173174963196838013742564165
207309599504223009189099091262560920285855270262812460787379662619828439363
159404602636205734503805138451525792185275525383056315671887269625725473123
154083032047021732961640418687951489449772894132957726628814622634130633333
120885604653038735305782286455733562149213995036851268289786979745567043444
76564075987114210025392801991759256410298367971953216358577945643936855122
101547585489222695047176886742565996495346003780677718571913033742917586538
95804955935619666430465651183257457762703853502435648509546789104295819316
182367090476830992280084141904906128973063921262312311312467354104318078795
122301895949018027072661762486665293557797893693628046853432663187400447863
191649211617713587098934303089313475790896139980583124545739179159593768523
99711075064575721341663589697736652687738038961146507679727708678872516172
122370131032332240604192341577718761544915891520721217447305907606676596815
191648971729910981380332485984670419545045072035577763472961627731663214169
92382899454324657798805511105874492469138109845986791851804282820358188872
171944674942083500741263296615655049495381901335886452663305528836159142452
180910090081315553690255014959112465450446799063868144716288248604861607781
138147708966796935508016968371218747402208441324651009897728333375864197704
97944927815295745552116352407407396457376257931088938425791277241559234639
83493322324928415340413030807968191774445569548257424158031931852574706792
182374581875739117602012701737177357787471437769895454139536182573099533377
97924035630370520257973081619925093860574179184611125160581283405132685621
205557741198932596305398855766318633050790078772609617171189670681733788263
97654761372580723466315319999841081149625884128668914790092316877305696076
180684034313365898688526822384405063452842504136730199669450813341657753444
175638047558637715604689171956592037603142478996400234366287776693204117865
83885963611925197764502888488064067357024092870190151865572844807981057387
188129943170812292750562010354610249141172992805176289160482032585002805089
122404773945468857648199946143980225023180741512860000923000385209776435561
90663506320437626018732438967068031144324422874732213141109223487374636854
198468783609718417437313495373870126923355949901944750956386092548977936998
202017034639421690385650056070619557614451189799221383820850124036633743682
184306214557399811740004450731636368335400188944798034117614525836205709905
152765686068009858332420836972056131425251543559785296397674707203317515600
173678279526203651352861236423684200088947760571908639210781050694441985622
182718162275801528771488966995555018929756932107126561157365523632472221495
76659488712268829583467378719470383696970721379863072551837014424061112409
145697199205528887399210366422436393807406496280108271912917415122993234808
209090222254729436572701967087781670527230386245417304174460761030738193205
99683304426450290557944051417475102503927726279714068040603594992566678837
207551373355600248448283777903605786365021764364070104105847620163405564792
205647677484699306246777214891087070384718140997203431730300313960987325304
209263057719322770167480615078532485827517268648598576021481519466467644469
207537354600372612635530947742161038390818862647250525808572486616272481076
115220541255237664815405488979653536940805555074979288483666177060080278066
140072761301525758173832337208382014010190398378229211293230162835876760180
152331690961680862210935375127401536155229875134778396024400824832083052106
93983087827300077708383339812661615081570404633056668619073088480294759788
193038109922477307056835805006693098854691489580665588367966135760230894401
120597433027250271276476039644261969890162091036605884881686440286052240456
101519712698003986939437025272821898109670756943763291486962546700847829317
156251582650305512904187528784759601912656577829305299444122427655319544951
208986854865575259327010567722481880952180995116433187720004376038431346023
101292301750074454384866507696784851329262885297636945493874634990671974744
159798565489673726739673583392026357123932136358335573922850523139347666499
173678817567611539923656819959588419475483264671246542112864309761143156833
90906087693993021546596355991013386845064662363076048016240200490681651276
194894300901665905266585564922415828297436716419436986873018733875174790008
154222176853218781890678162388295975335299947263441719567272618499763302001
117222101623569249714708658544571393670112578647633524241780851172840855403
115462447067475605265591003762833894190248554592780810338741423317521678647
202093065282814317462534001389489634960461643090315522182625456171437536631
99511433279639003403009231912437672437270716182177633473517030617113388102
94010718195629924452615708067811759504649374202877790971781859043802695481
177239227539814482541635954496375444137005186063753096929399412060922262904
129782767304201515753887889583500897024867014014659216639787917012250030924
149149013961332120105422764024559970218456508926999209871327619029808723833
129493323030330218003736264853465854186868372749393241311910891376265022325
76762743514439734727024767901440295766816108678898094360170304692348802881
126261715190445337328546943765513175721201151800232007391299792156595008104
115144859432902314885773366024598591018568745177362414149672042653123113318
188039573838442064722438303507584899227170855050698472601828464805717371490
131370573812387828436496507900051120466893369248295091221342298058464970290
177060028243835574106487770920436287298933360290824745515199947622527030859
122432407575285586317219622662471209280292622061054644613239593761900618858
131369654326684264220577001060411908847104336714130595775942063149377157204
131121542767178357607422620522695552894811346594520730488511310778482782550
179247092225146830495400281043275463542726823729502182915608729488362779969
87316187254859338018577627598714712192252206388056873783212855919529522546
101444784052832888752360228630394746263872674499885879331641622270828835413
191629830034066902291190941133457078931123626708988749510598127985619724614
159633276073592990403201946674303478442355791827333741416320603706819244884
155865329385587819407491895511634637320214566822872134151844901199770052937
205509238806041898301547638193310707415354530709962717076393890154248693810
196916539408315588514389791723911005325268482857980521673209007637720483651
186272562384957291397449906570425561218204378393886035980603570977181880888
127540212010516718918420898642631704969653022796545818683112204408303537219
148871945344530849585612659252796695101645120682115942113003559375636612939
117387043752932527626176796795894749216994183442356771827007173453610841722
194837575667420385731057400259524120687453256459621171101425332475136402532
117303947071190418758653709489215691332487674272423496506538274107876799298
98014324073026024284362019976569441002020626674637665054662008738668836920
175450758712986529083441959307408827364912547497940190726430721443482912341
154303891614360241195204573714736019575426815115271049779497109191542323283
90643311094808665837036151734236070190586099992509302130883050730178375471
143495649544368483507056699772883019175384400646235519082248063353277527379
101512973747591948206413540385769180177104311018408776504052041144969282375
185892996674855184317443838942252896039409387545695662529142628893738558308
182794111303464980549734248093331368218709770848544321278099411902521234241
138348748549047899836390431218555277250992828603669831597749543793861154903
154449308636040900282024641587713737882771666653583867407732238419103599977
143573368725856253403012292189278002858870155208508284841328947541542974841
149204359380285858939346370863683570690844593108826931333600146253201499480
158011855791197199193230387310283226018085024727927166837156017254255572083
149121132418049111901509572124648913577347428427536870238347403837278083431
210843854526180507338085447621204576069046151060365343451493244457737935157
76307524906333711841951810084117238066678201808662831247046543742083951190
156161319683103694913768366884097170643692487356415495560508814362210946422
128029778399869446351305551785284174787893255481968360422312488247916586552
83534459195440352576578762024663566887124209431798923387196406409708268918
201789388757895431254279100411309089326221454332788019070270294154906841968
186010946337807141058666046811784846805661472008382221720989570115569022775
117228897327022168550410849582060963669822870693333815771826166351451731812
175499801178171374164030407997025672861595451474626886589157571782652217194
129776784523956264887662345680995468011721881838208013211706332550702255159
131453632035088570588772509514568301907013529901828944459708265790581589296
154511613805758353838955924651579890534894348490672732268559431962490525261
129534622082319378591654555516318538061776932563857921736889018557026558830
158080814399447690772610084585870320316002822272230113193858446431551437133
180897128246568780256153712378424576657368785330768982538802380409591247938
126283097170392059678331669405564821671523240275548998389945761857791091531
138277818618036371378086891724307259304923445411065742044950068415337021751
143938358195449565301514315375107581454748500810217672918199761249256167243
88841930050906872170522079874095352066053831483253833882568023377906398290
127905112238621057518510823331793467094331200913684593963749521234812480355
215917260366259044017352536330106789885912061727595908495732972529155730541
177218222068989939824309374162959321710567280015915924730164784651695585848
187963540048029680584544149800512978777830157449800540453518191073822200698
143509556439348805757319312434284051161435971596667392101347650819242355531
119188691776301147141654355481302787336266298545674807520849543970013397588
147154837776221153979277455545220426838055010114537315134176191941643883373
202181221265020170863191001788046716112430256636423929290936910181073111139
138617806811729137204363879285842955240987141971179889070863129785696614215
94377642325266008979415494732804518238401264942589450946207752211750211181
138181197409533679940324553251380559595060009958848865474695655197556042581
99650630040245192947667034864534808765976065307902801054453723040637213007
99517749081629930450359632187899134560921962458464212815414230605758552144
182800932808435724298770268345110265358162124306122352690023542086341195337
154250021127766423934017134535130558723682247056033085510728783669068263508
207226103796979673392964705915243168157769235768955353596268988112172900978
210816630350232706676615441823856073983777017857555805792684794024169984112
143633407070905278708522150793394306394373044998211163092056549065885108080
150646445321157115484007648869200112010284673778311263610709880526009692022
117070368726025516211661752043185739788263084932165677328595381211899459944
214301095288101914068753559729920657146624770187549719116299793527751997030
149094661127439115979598049662796599697806521031726769568818011080403343201
96156432321783914791412626879465953230412232571979052542403328132205660217
177038803416115821368332189293292091609982232690585242525765121118613811043
157997883184558039821074269993900105955924007819718403388042450407639181932
122287251739759035899385971721247486936626953908743378184179047024211485025
158031072748273554370876924023997927851741335985221959353459669352703083385
148713314598457995854266761387336151580109497865666337364737819320630007411
99490625372267966915451062749773864197818117532752993885106281962184210280
200423027591611447240024790387411840588310383483273323804603099670805505126
88640569049421260133330268139392969812242873273006029351822529771930536787
177295033794654464598318824903774589749956114869795304851909732001227896435
191415742060204893620900265125443456944974902476512037402438279239422981973
131093804686588368253293471654856885569532165864549559035512920901728959045
97564844372636945207625914505410778585735584584029619383666780873899535182
133184817493912120129966701971918728222109502666301128167909147452724560181
90567955854067374136841234713068879537055851348958323390623236170353365328
134828859585956810539443355765138045396775065471306707375304482861822193785
154476865152109663915654189057300665952244824829818912504994721288631564089
184209718290483043782632819073166216922987140267705529761939738608969873505
122452142445866068000773111732078965334267938630596389669660629425343055460
148763271054615705258198829076897247764876552638129196380736941261441157955
117318807280481295432205249514516123282421612497701906248826490358540236354
177074096695256823128838460053643115508244906546388545552282150854540215349
198336786981898235650714335893696030343842056868350141193050740154816737589
156169033806348948401486398027884836679575751618095603664267018671663834457
201747681411395203662330104083290929708919169684674370880117160789927227695
147257558011018929393747443091120056229778553336804984496683989308251066995
141921780816828288381957565380326683581795946478768373395618859831339739479
139948765682555707895738963486281596002334191545011177652768140025238547026
175499824342302332412266548097864400091912589070742728117710730695655123794
182477056202326332952678403186509098627783446396887004822463395639999944522
131343533072722478116277840510399019969577643533004281999175091250487906128
143572101183872581286365340093740593121187797262132505304852250178813053763
191636670510879269024850549703585232358495055424853458438448740627679630950
115324035551608624875583821129451594361938957833448273232511788265548241513
156105491117561814247191626677028451208142686775337921267653018776474449202
203547849187405815661750526851790944090994725938431934381339978979808589676
124144797762990764238528981134507505963955095183918382293044272722991075674
90904179442270827718601132906239404575699454011094217237985120289694503028
90878270821652242136058919489137978596264342424776264104251409591621023280
96004732931270352580754934962769389026425299348966660098948856087990661998
97897265262363671044908436550013493119947273285895330315397731731854405722
117332580874394343999189046791483517964237690456599467240150682738242381137
156167820514133938636761373609409025642243078168192423957611982735566467403
205792047574934337016967016400456942663476972838962619890065374331135357265
207275549408714640149306412092551253259046252548798855373170631592043754297
90815289775990301330396513822114285385753711495262818516010909700393755193
124448684367574019607211924339006401000351676541882205681271195486949766980
122749370194067308474248140449863224656749403078163484878275886331925188442
88924480335979305063489941793547924453069614625129090559472145826030177109
134613151177262234918472142032689243099654649726500633200436301239084208981
129478846274534862447256443229918716449895752221390022997835729763155668818
92555335171533689476652063627999216800169979310817821724348865266689390184
122417685739596497307746197418784400612261635141130639425355450705456686705
126138478661142838269994573466382900497836438864425141608226043314836567410
205659594192898968905463604756628301621291284354447579808690893719642523501
141972192972518673787568895439895153420772986913868675657366460078694425974
97697406201280498776637887066547919075450361821092763693599185933703473242
196611455722264789310541208379894691097336554410550693690474187305893380979
186115732679690286897371871213440860020955873319649040139890241765318545730
203527145818433410033491358719050148871280081189401187758685351060247697717
115399853236663856739493532012487404208536593102522072230795034835306114381
191428008199525330265603255465953968430759411930169005560309540887443158089
159473729946890888639023298571390420801682341346296569610616514580751528812
203686692574973049744163592491308323969161803168119750305768166062578808435
152483313391189664105601938994938791548316396415803240339773172564948828499
142143390411716520059094429806069751321806621554576548051528392680666711604
157920184282607687670847326904863606088818253182949200697586396598651603578
209104913957861770855328650942611956032722713729671820214176365433880865076
95998289264577968714464702930153370816841949426363428278253848474447722808
129478738937476935581464926625608653973528429974570401524304639821079332213
205735620088615930085531294113072468561302370168262557227934427536855816258
97883517269604376980646650387732702725084508051761186764329817823658005858
191615052324505829692083445343795083478698236467812526149337525577363388745
180751840903067111434196064916151451526870924993822156145333002227459706950
136505177359002027019691383421584078054526201680663494614403755692336048487
177231223928559018365123075876802382275778675245150539551151626279550798963
87095895846953210138406299232226770144762763721522203201698876360238918199
96032308000010606688413013288603335586561918388335431680188538404829476437
148996986626254574238736450067235725310978882323559913634349774401402193200
129596420391820552815120405535364570449590117197346665449965464556281612130
131134672156410262951076152689407536011558612174792202727893370749572116058
209007504709507845503323793682111064678790061768660547376791812575384261991
147251165573457155445865348309653918773924656182382840008969682434179084141
193133815220527460360597505255428171147733307819480053354876965389204542054
186348968458837945496503611040579627631955371430780403131853611161227182401
172179976178136983407568213462044991941299167888634837030104244498276773987
178901661683941342627790670645305545848310948123489816036550757744818479969
180801150205758849425892445014319081003244556715711104905584563744943526479
136816184060480468606875197736639388425387626783737653988390442552554910330
136574729194270681899195595922953125214433121810184818407569666195094386789
198268442688217588488805707026220713756582384889077036052121896445537449523
145407913604377357823262499113285397184585441779681136994180828867408061488
193368419609676791721264117307460321386886365961215220129876582649024687941
157845316931571420890050722536389129505349623295862354352852326661116611665
191567494438837353324742211006395553043697491922340423886252391824672376625
159398587079984406935412847748886691382804684207257965988298022330395539574
212783918592173052631103383854719900085180821843632301358343444150728745781
129319509804481438141882625602284219613572832411017581088110566285037745742
200388435773311385657963345495497692821110927566678947200118482517747855481
145566921788414925918974200106143584505246623030745197782844655068835754087
182823632976571397725807332170468520591978498817890858187725649861014800235
148977059535101300713705310352945654694705460042961340961652231611259898196
195156616005168238682367686612940263475351492600741059257545596031830879030
143840601000574610146495611867086489007772818332346017794785062647481003378
87296528388531759074192438892379058204752483171253041793625311522790388582
172208122691638859926365075135883777581115600152463361001359956225627931738
212376448381281542394596689963047982137558623366419993175192442763608747130
157928947226740476194144390663281824289919523066894201667225633729933363578
85168718090396163050365148590445567358722409665657457265976738731512903244
76749420438335912841487322860198079608979617916190853620441040971525417848
90492068867832248893528959969198691708221647853600151041588249321528255566
171959981245723627066667714057077325425939456719453012256242340935345595985
198586951698251977518595897072897080022394615581761226745370074447659693134
127692345516363564329002400817848164839274335821607687092345881370332902243
184092928415329331644701119192815728047866496847720162160925364762483910725
184132965308037575025633243332870025748515636495367505369337952776942545747
83836684292879874118624941490714276797365544380641758755746321507311704164
152536661320316958543646612006878113417565897578612694487505750306624791371
97904243554217471614113342241499456381880053498586832875776744652889285955
171903582505389811004062867570632360348926637487007089483148189312383869750
157721031882310721309168472360762416374612486017639291704445171496390915194
180738038119653542402791265889891443986790524994054449400676553296951390286
214315680940509304113481838293950784342981350460333135484668933900773976138
125979875188106088634142295916984336877259956487335448592479835814286281810
85515371812919158211774690183933056224121633333792916851542855992387659847
171911539990187647033824168806086981689142675073161145200476781657682110049
184354685186775206136869605823066562073526654921866755381856272115957975666
140148140491292703788862524047413644048202000826951291778035477211505649996
175762308074214229529124154858129462209996641164696047202712146704841062485
182546942609076568542192064145361275324074422634779262039091890314638550871
99242592380733748637690891324631957664569199561131880709917154617370946354
214370217432795959065445905305637929227587276142110319767462449430697363302
95790744867429510575934821259150237644289798349520218469668932670481983833
129542171278767222299258533073057577554968998910355916855283712625409610084
90849555767118061838658512664791009781115288646428934388907404903641401954
172194856297783883345935982903889872127821849499203521672604336802895842642
195163388849625146883071611292410704141925685474545301484909780531241577840
194693418753489575385577153674091115743533116044787473579621139015207122762
76460817270675623117918987070004335340220896605886384305750403360102699380
209208982498198257472224987767459126985528808558182513110972184277282081337
187763449238193331003402519030252427152734205475350606228708654813542442101
87317182544128844296230735850815466152752796931005910178954517405101667159
129328001571451721554879076389212304213882655550586762198710411622657190699
90504739073565213462365508457934221202015991949732014201110660977226510928
132861512979602526728819943367274809542907494789992518974352175719964242292
138526468834218132557734452403145787180245555283108576991625519772172174709
212361647486141801783892076162573069627049941425171804689319652028806485099
156084835252321183626149587990496607680735292353977715651913838407584151371
193072614336376682840671598801145424535884373547272544326701788606823545195
186362470560402524731972089003237595101071195043035286980716920815697150777
132964817586587188291809053392053600835678843063693051822765473071005840986
214328703213042947856315670342898843310715540720017826156251609217010068044
92415771014301191420104107805118489820780998242350243633711105306788840023
187999936835830669802195917249790445599811904576207506810903882840784195408
99678075149892625507256085645297445606207527403004201753945331740804075874
83623723979598512950473018413280003335089072726189576591116052654481229673
205694668143119989775078733594991400964389376422618561947082728823121802564
147155322337359985679807320637639228127181414886839401745874704644281160245
207199440296145974526243090773156485727629224011635339426827477902819086147
209159804832219069832923871291389565596144731916907655218922419839174403943
200324999224125269173898848916171010153329075345670865976013643449441473346
85135931741508795351597332566454494483373563244904899056119718165932557160
214142680449377623947925969218876849447681677790569874608163707787964281954
186363793992429420461249448218459654650541748791772382862999601325790290250
76549703898895385298705496422592964578974537199406913548106240680932762731
138519996335766578185944995258530182837365289727399060386748532988901999704
179048076841076444669203537948090059726380242236656102574529547388582588531
177267535598161457297642310978010480681804318381833316759418125166124224076
86936480396742317692325957322061602479851530437085168068716073288812746104
117193741247164782047241676003057139412494322654692810431555611464030564404
127822585016901821157990879138970480695440386580412974935312771439566342198
205281938529396120041298639299390592745068034297394024317202263478390510901
182588408283150276255580414254734645965095101115864375743171305828904819000
120719805606089828769868366785360058441008167974892797826341461405385254732
101161546513546766603643880030159168836263878130564432794662207092547612728
201898279462056012984665436755090930747367748623547388888594522115102831212
126117748876504421033355415562772443730512432417230778066683302118446692684
87357162798139045662037647436071117028541191385600647685566157198363805252
99533297797664997775645595317090741928319977735157905560995759907529904977
85274370201392591486286721868314756465923036682631177311428748203175395684
173719792175267689226242374842098536924897977300431114536911522612550659446
129788727591114653845071643715302734789175828220866583890683208009053260666
212556163818093778567279643588352542384656479544843491716925602260639111033
188129647223912257147617958727728818848283443818800833716909848373482509913
120610017751867250190910130243331471833435591328935227018759776910861167225
154186555920045483409478988144114248689128476811219592204862970127657228122
83740329034527403457012083243496079499269839069592782689998837701975954229
156326311702576152333784126982357672393054716548071771086688398729991385156
178840489569045161904146924752364453689838102305365782110548014818621352517
152710314975810064791138246802383924899930957428550335274310610393731135553
117159228817979119362675466609455420879389934957897539972792629759709436015
187681002958920551944549126914986534652358920033598784358108428006521990706
150673945966932215586318810481277503889500406907873835794121269087327712878
150735310059180150609114084158014364475282246078442869129138552286185147248
189786926461872947279630381066389999961331020431747039782193713804586731573
172089525346114618989657046430906340486509514408259413106531018665458430000
194748122489469788232393358044006016890767250273464831151500756083264813129
193112678096139180928946961388290665849440514658424441636311877502421717603
88958474003768218277393624320715461112005316368702891255469972796440136039
210644517606754270298052948596618727097426502996137616039983448527793959242
150915858394464601008645814220017884867254498686058757003077987657579974731
194680456585812583118819988148274488785646711010033829216308017108648149878
201802788152458238951160274197682962643406989735050314747414400568132063540
189564910335480844200346671864207610001284672619307422532338558830620658514
196866691519647564901509006762569939385247004697192743114496748608821932622
94210894939907321734852761994347751031032283253475948206974189543452132418
101236276865179412035158860734073842639531789606840422635800038553208112183
173890938637348207769076594534707459106109547446633364806540838353026241328
186044942819021612792781278199525219648973529085657274822439111409281680197
142060867588583341810884951102329093420086055249420604005584056527422448964
177265806569452780548753729146566530353542378187910165711767858924565322104
131259846347895973747318231311566313341243373361263520219871837018217150533
177211672490550732026127268199785348050517413049730816110201599842019599975
127892498040452670708912305794349924113720750740242350276096213754052038760
127829004090708311637470453386128216656797360702065457315186238758481718901
207434233441640716190285747302007602266208412198701295958518604003602231908
192967821141381324757662017021859302764814016252756015940476164623473389903
141797542535691517180757416060167979095837018755029753787649007336193288014
196790658889754354897548931603353033951673408985134901946778283517510969194
152648551206671072202731470323279733570712011912085606393417418837440756072
184459341055795457399575870365303729749631307015220745666799732549521664578
156072166629116749297126711185368461035568902759544457595746964913220185944
189771797613490511083313931617906720159220807925931955167212879336904353107
209013764667092840845463221405867533515889548506817150079163481237889707624
157942190035069138688598093681981006613825346109561742277315262517796360808
216075329707297298443789539585916895473642271287988602001159990796096785256
175687143515873247650961130853378736299550750201746804077283963227487757937
97758369832411008655550807120695604479801719686518282427028750620791699787
76743682813220918355418224198476775810100595889881981991019236976520875575
179248366588657764333533649135115875321694649870728259381086453888115296611
99725149526639220320907728658799597419750827935861776950994990436828858743
189350683648454507175964138668753087328703132615015891134754044275568242745
191366127979955384034340188740691954636935671860117725035409064549105496875
186329072855679319717209140838370661911681544349385302124820927839124275827
189745004690537981679441958583136290444595843590142368955814948166647116374
133039850082193206424592608290592590704427959953035317261938151559480624193
131509095073572346360969443873097434982205805114860009597571317373164540789
134882806220801763748824951080938527603361445580344557635922146569791619942
171985996742223479034224386912296747150523554673290265461618424045382232168
134993499989578327629509722103884044754694727873454140886581197275621504869
95744024861643238946713962175152092925001474287696138568079885097751245395
207317013901003087594320540760070761679481079610132967214436077336140464730
188102146400247445766375652982782243091687265196757645307955833653301110138
132813092299209574930596465593383927745459651498618782018694792997952831787
210982778922811048499842954537597856649117707824199022357736400073507680851
133185086269840719785764603674379495794343520142796148575781833406287070279
201988866788324818287798345585128063695476719234627098629800976764551645807
193334830676326160468925903021890113280140143702450294208958349919699028566
124482599144864001501813104663187262217119425472847172648378359717146552651
216177967677649453935093044807245074788347485794131032218411807386078689388
145705556153015944890761799121952886299950076585189172160893372972171548729
85433064053410701673348335997426820108039085713388522507646202871756646453
198275210997625415899383152393275189836929377239815091355125151480710062446
99773403001689761547876924959257816910476466168090337226427900106801635908
158058976627034540465670817769468096401119606040596347427778929753422777457
124385138101842373725410802668143174366982062193004338832271684578662968949
92451760841672867217147532140274008971734146351138011280699068090231252813
140122548625790355582567425944784884773368724467942461891392522418335139143
154069927084165573451215399766122348760875365620502978850426906006469891937
202148547267984487599802085330294338609411871645045342537067941984876646211
193182884835649191592338032738181776582008008748264811021379503780075755073
95909617063728249719637126310867605489934993618140617110254773519312695861
99511519533793224484287126348731735939167693725879386599247728177304983393
127988849218675404783885674674554052409399173940659258882462508482308883047
88939122851313739497424686010098818308302227154191862041970596755649821025
133067137350973304365936111203369236895604115001938905828889951507053508206
207177948709254712235015553299546909523579461358361918947838659271791630714
125794124725793693302508343503947042540616110296541728652780122367958669895
171723652564334766663029767222908635034695318737386515985113397857667534921
175685875783755184447039059810632787258122273754189227120955674277301283162
92471980593927941265931713663050303095512994592038362411319483945963514415
131079454722604025810944154675030071601885019155524922762924409494763173233
182754480600227606677250043202251695338244842515041677834414266948529842518
210795760288021583984532482429039983149173472163070596368612123706576027977
136753260591021821693032522026671148472697842856215321190174877812337693508
187668441758847848538855738405838136079399899146514600550640609222492578149
184202118518155976720620170503084137048970773790103528278573843881942279723
156223467747548703939508748851623405685713190232959722133713531818560409198
200104334065244191690215927509789502865986257667982362488428601702561638196
186108861283903896472795494379313558455640756581109827177188944722875084129
145422121816318456294096727481222283542860042928824108447974711519650076758
120512908544411092347150148404712659596735865681130291937494864016897820024
212789183271291716024090064828062446372305911075696905406374010203365389383
127566309231488832165970119134046798546224075636584282798824557343046791476
94266485400910808741762340201943066904089310080619835046873416182239672442
177073589417021007463632322630557977632846681987676135690591429795635344178
196598033447417276723009040037755850750083674344139443306589163738352608867
83810987051193920700063975229412670473757884458754885580370596322400695095
216329828959086331749032872878459485420716190618513454627051501762372728184
196922411646029763267528252871959829612181297549121847647766345429861026370
214171199420780883666723818688427194470756885977469412427335182658839801652
203935720355437371990057832272100749809153812259863939492748785656897554288
149182735694708910785522077623664488042417928553676400546914657339282386554
150537179318472178675204773443948971729999274097979099462636405147162857522
119168665175075615537773663224115136746370542552578602927592700239621141333
216316299070217278326310277900393906447408902758962522635739817177826674024
203562464296782705988557710083163266510013756399234630636478978866743232085
205460363988942757025154268218764432248709931789748797556709983342212694370
196709057263901937810700215267877162759092076696342704670071268635397213794
76543558831690681861807568765518865999414565020631310759605543449864594790
196632759971105688423654429850414875647342611680235311940129386076336254042
207311028694488974314036703471907433408515689546113456044408126307871058507
171716805356648956453594530181362538502790220394427005343394145451714506837
184354446339733268411630558591097144004564134409551521711596248537524950600
120878733743465206345775820670331501354725767189476674246927494433285368173
90607513866390506767446368870314430856262763029409528357366580717729050234
214555866986452039764890582797985336856122919082164323352889832226529296710
122515869965952892737812387464725803580277106178642244058395133781872621140
143723347878406168965389967821657229846347003467512385339065481032091449209
157618425288447311716839423646741549990418307527703909064900921575820649323
120851880798566470863965179654463075137217424411976511408755007971226774127
143738691855015040489684139739371946616298271411589322719403537661684438905
76819087690528622351801600790840832689869769964598088406144268292095031339
138603952774817551223683918559087559125653367911297237397710006711552587337
179268586141395862635753692256772733858799619442305887874976185418212718913
152669307009590181165186113326932110169402658918050600709194667279705731946
202133479932783998955219353751167726640652803449469553238285872586323876185
143820970564451982626568228658171417471054920160007370826283373077517653047
185853089406649851027685266088046026769199375653767157767928176248428845685
210712404442425962478155778580684601955024071013677388307652933241503703411
207344156468528592599719231305335697464766423200381374960302817230644668272
134648795161055201596213864117780673971038846945895972265862830416019485810
145215717303025808919982891222252072497299379214750435312416312084288389746
126139454667525153550726813517775144066765615009263021323267686377311918645
124523227796958030068099653563184169621421099553513241933638865970410248774
131239651352182713769646827624555731761729048278134676062909607809874544984
122743876573414732856653981111904274372622674798373503367162676845608515929
140405251387600622655485513631108967759768003621187315553406242743910682673
147369226557309005632868438334349554351209492467249562154529510871643083329
198260841041641315717820135998564597974841948938225493073455849203316376371
94162287102645989561973929355389742338171155577770137218251991438405486194
189649428715252621263270491022819984963427512985825506101340932045716277876
186335404979031059674439468208976461855220925114695686648868761719821320524
193085609139302299310407066647110050352375568599714200705410809762869172067
120879054627572185351104507643192597138638326110140136400038579643259449190
138154364687535704344043721644857986593517667845709960530197699344500412468
129307271259395687198614157093995177911736833777833459508736969022121667699
95735968781151570530259178482150069359776967721756134213030172781017712949
83491865430513805128314633492145815853472623053628431695103447085267773546
2953240576240517402269269505417744420330309621195368581437
24
