64
2
160946959420938645424150476276904890144667126071325754379624334432767773809
332337260741256490721767156458207846929734208723637044361611084694522079673
15375
2
2
154546631723280509463277783587795682990172614640903061817142696598094041136
129666409661552378985849847803527026807978738034909790159938938216180054124
169376195018550065642136197800341526393587347974483372309691709
26
2
126396745212340003704545147925968058332805104166946578109883674420553726888
423957312618236173799146087289299767940225878884696542263156574113879882245
3994011
3
2
145243294568922808942270583681755553800134677596425935890741360754685068642
149114447956539380019580834534368386440552677296699115099251340835319399756
122543451680467716933833873781056718604203819306733256836805437
26
2
343678458656198123494999172050867485606364374069374473462513862366446289326
286365986940211074367322545917504810071210433680465205137949348286446781935
1386098931
4
2
211023062028367765003924849223551346191989208121723419344032446853081690680
200401973348399836934690802299653836286160309086226246742316676231606395216
164561662775069460711539652451728502739690065292874684004189306
26
2
101812915421262562265530306861265233362823587339718282772780289473080177970
411404576498274130793982935083001631189130374684128634748240329073648976877
864128772459
5
2
140203349484425322166060537409963999218052111395452278986507827165494007626
184126580236583261242834328262217688193695446171602904629840243752938392388
362056011804969665112765110989885406615881061732957466332795440222125373
30
2
211268323509596590105748828276298016121794859677146136712734858024818222955
366320872425062415091279997662626007571207729333268595394331737819225732556
211722445004428
6
2
177052557514521294706067720126938135375940580691316689415557941123195499078
94142144778293266662793725935647706415577319414849087601591025273666484334
458328592505562222909883708187422893009820601206977279874370962602293053
30
2
214792912151875655673159649378829019797839043420447474918965217330875359657
52275624288416634324867353132213615508708304823765696598805928513303753252
40684326136781735
7
2
179074632474861716669841606284603923391568696381181555282740973883287228277
127587205198084423787021160794506250315651161074518525538080797895320826677
733803023543817344412191081893888742044153644239315855609504040910091630
30
2
78929755807196066362532074244536897339639736637197380470809678978259315070
343507459999827943189687073066116258451967752977554688575946649834855881333
2321258677634112062
8
3
134801229016790302900270645600514532380136815816696921266115646270616127078
87399840698581612477293133097101168281641036805560584482893679669593404234
193133976537513941127855577655395967348692854700354635251680636663341080912
6765885
3
2
338849540277222273143628147521247304819014600166940668961277080245070888752
305747687872861320955292941096844025622251358820561147154272696709615623512
2781633843467112197882
9
3
208877241181349265019713702831913519940900093124988131370872230790717467480
178778750121715262126851503715816979808423665337779506723436684924469275729
196652786572357070551481442022142357803843313362871619983042960423606829426
7761725
3
2
84005123447079654114607018622808564456859298373163520538343634540853670705
267385366508164491806573796048233296556766805497271099411640937577118634699
227708376526960518511645
10
3
134642430925391081265080537613305185277253720183504921868940974691167328555
87034126914114917141057685197943248517453341595285620027673253929598273134
173981145053118836901300116588719986639136361819081188255449984357767868775
4487012
3
2
310583752969253078130964403629155540423068315950723696707112789697822777276
351828721900032404053172295251989447633050264090436824589961333566741075996
92844523443759446387773808
11
3
201809898970910883106747467846372897262776070450415284074958434766874161010
205736240475411999400912062137963721979816746854422256339968388910168228203
90574541010341110064130381837072837880786979618575112385449972770161388374
20374304315227453
7
2
239197482603211628956804596805301229119833188304937720753984800760934508874
325012741034061474979578075751608838048493757265669742587992024554067985972
47974568003831629491114610158
12
3
184099103841653532491227873645256344944751993297604957687898574046058654570
198441045742161729881257334188185982312746587554451060475098883789000239937
138624660013229608472852210969323872135174447495793167211913565717547529538
15842095392961597
7
2
232820522173573279764523405794461598390152208859516416375896655964330338068
287137485193307269872776531661054312554359434809172175965361958295161263997
15655925656910048609831396867717
13
3
182374099648719839041541369433769580318019977337149255548663544976149340527
175402361173205335908899695893230801767243965421272177431516388199048311673
141806497858552036202869714729117329996578530877461392316855554031001948216
34452580080301638
7
2
332001378554885319806487802738641731131519321712267236368795235628331945875
254909953875254719427780736580032284000866690574813955742998970874143303386
255663592447528837941535400349915
14
3
207020637001235272497634900349323627607003591612748048304069020348129758534
141847422873280391227550744842432807727692306789040631748472864740426076273
154326156001550818131391841910266142135846916355363727461638619167171687223
147910480376441610746412349
11
2
264657584327889013435451014419608649316330107073144513185112364976460198368
3032768219728805633992884216846260699653168029546007056146986888070358192
977618375558846603720828824136683751
15
3
191505780806515724895964951773351578231721824921316330030262854856198534477
142027383131556376266448416715777166244372026849188893598911846315188844359
201803032082831824952764029150369457863849368075608919767537620569944642356
127514874693584918816973629
11
2
229398095363906896191554413247631458795791720819317995869234551992945794068
326281894328809508719356313484446414775440736133036835000527645364705558553
280391771568617895512816773743857125759
16
3
182677780387774603435209783298193835288668423515095235670436489661179901048
211023252200547626718676417324370675100815231560518775835205342920789418610
140273499587347467435776475300761776410523215289206177379783661440187183409
106712854722765484435270703
11
2
239575782990945392273188061517730406920946949862467306894718548181750759430
325468390189315633619127334607543349276929152229162127549331607314862899870
42321766093603448246401226362608902882537
17
3
184120700442320139904872632202650014756074344684841344347593531500791085177
198262189657348505511296433972366977859248832754781211210432477818776469813
209014381825513425209481108939982733475210976183568994634266803013661579879
443098741061118391351465242092715325
15
2
412061396451405373275733927809751547592558514870925344180480037270289599283
49445608919533419848055646660991317376160686516605169274800118791650405636
19345597531227102748148109535201856235505852
18
3
95992250473887355260756531994919462996630856097238236795353378358826066745
196626609202145412264862970552672869136759156244442741682530559877505841742
154311575320199735752746236563174227851828651241565778001197209405172250214
224957612640532032881688072067774269
15
2
66566862184959643475831979772428392200197181261458806181807912183757659078
207799007338522694622855909629546472750077900487966718094200780359212083615
789215629252356323166496501062499311325783049
19
3
131419453654854183937854270162643933121765983523741043779533133023323322415
92568222875894071633053022555690861960859058947276173948980075629357843267
117174028267987938940963751458745482057637379115642104774095412745471149380
582902048949480318132482204662911306
15
2
430074933790548043374876507975930779083002389788575320649463807650430857262
141769178049419132142534483036078108333476029929723148963376716157321579671
520017920744838065599394532371824204007614737490
20
3
99291500777234496502660998207769294682013209029731904981594383175566312271
95908775305033048010530404491669675215774659020444752253311497672965309249
83533003681677979176535950983332208096878024271710296909695779613760322121
1547572363464208343952897531310631896962514237
19
2
322503058639685181059748000164281316750331949038848672055936850741114436359
105745262180441901490212674664247718728466597489959624639725005323173062772
125365547599435997349905483153822278259260370543140
21
3
205723081297365286511726458181060093087684939576077755853212503452924792660
76790943201556635947017471749290965339602417923743525022819207803896412231
188025576903550976262160889116244920687201286821329818688096441461986064441
1858821146359026898834910825337955522045366589
19
2
224354551907717551562584021984081751241093756417574407131750535264965184711
253004306312098960743445530947313464355733709417994634609110179655324480611
70323363021497302814041183895025772791107542409909615
22
3
181035892241491255193261534513073303701939049868224629453410072733430991430
177391846327581277315424483108639209040622926040730250312773422210280681320
198730695618545820799817835646434540521329058984796304742897609664853529721
1125170305602264210262764740284389954250495606
19
2
188888448504021012259086966268607214206268123266433288236344808796603668710
185455009994853663180493298883342516064918642235369787867160733395463972482
6643991384261392836621132165267946996343627202233795242
23
3
172194451664118967457751065095847351990547542228470837988868077549847274817
196688671531665161782147227366568817987636619808993265406758465428481388609
171738885984385465756077670066718942413052541486948283432094230361810286420
8359678744010431304318708213552785155700215082037755197
23
2
300686594128961676963429195310187086801289983662112758853547075074905731141
265960444871538341408016532151842502939273992962573037780233351281233732184
3956460345362070018816782795134240690257873702153720697960
24
3
200379863572489675573006943979731919873035643991452722838440817303277221739
143655360687119057489194995688358110757036725559485216526244590607843873382
214376900967039625379831242520118080779917353704087017150488116352238908762
11341569003361480717734987269725809399004217208469940029
23
2
441991360042707301570979494964919828582572029646995306518602524411404487436
25682180186515932304286328446828055024904439200575944676120687398416888056
404583927640317938392780114512591167189638746145007056868562
25
3
76701945050100800323327452115080313095484990592280341754876190408373062507
124489504365819020432290291159149135675590906449527710447708362727875049592
171863168469694492813236757906329355549737519725132951174647106117055762241
11332200481046841349347149631948928630773578701376083027
23
2
427386352071839318839110295611460657207058743342451997105301924680375025748
22673335114104118673718415250697144765177585687573285018645465272921799909
326391098157721208441584887627014278186440096649269246124649700
26
3
99642733592065867002848708707972005128658229871396072879990598808807894584
136788495333012543973762436901575527044303686707653747679281958129666180186
198228272354890450409574973823809409578518650034707323493234954485419767864
21155817473408620861617302988377279172336097150658217829195660605
27
2
18189023601851613794940528829977177296075911261110886530599030114803341417
116961149391543229745338637643115349613342597572249811617191643101509722807
7711686145813149133387694266325034200832487270663809194261278477
27
3
119120379700759066351322312023608697277731475988346919195263055978319730228
212624264660729731975337597784806691332758882077287518256804955252539667268
143689543996932958861918274671193163888112671623925378220286417928545913190
27755562461834977703646278734577606569872813638182668027754393661
27
2
400716631818042528820145325077813158222022280597293168543337138510120368038
407515653605508145479828001806115564265911257395861661192813940854670138840
18996564946590348368317792847109183234894197507539814226274926063116
28
3
92672968671796086141092938119120353889818330194507837336896477676503512879
212748277975533596626917329734888724538581829934492712986917090924810357843
215929907110349878300219975560836287136750464384612170027369157464378387304
45356336423432795679874725646722782780220570593257169392272487501
27
2
108670481085060176799233926540017971765603319668851755475142784148206398563
152670845362494303181884452389878066331112035727850377266237881495878023162
5935747086689522236145036195597158782133174346441778947570420434138822
29
4
141963918260365461407699301806079120677616602725404452608428724447678916707
187847857467475639208489803051028394194660340849582784715691723096220382828
175258669303167281239907705448726772002439399542941979678518080129021331564
157789811990757816301130930286989721943016936172993163990041812507401076029
0
0
2
50367758810195313700702597699912091204496480776803760066327147321697999425
244908170357456267904171661755600981606107834129067794495553506161812634295
150731123950765765794354848143832617046190417085645355016470357770526833
30
4
127718766241968308350044417316598185247914153257601424486899495042432447814
145636480025968827040655524148365775289992587185739428690368705680424261441
115205495836481831320299818559754203155136013986240696064356331598107528538
184500483839890995205957369520853943121088845060286428388055112719496922429
0
0
3
26056900911998119777556488809658291782493383429229325054551878522546608101
162505664862346040525644430870082505029693622447043242429214042483329683076
400053002242488339394167902279277663208566142969661385141832935447498465718
0
0
4
120933947926034178063773381018030942466767232225722551172723836527797554770
205654178110047669227294056175819899150434211106848535891922438730371977573
142026086109479714960352583406514134914406373876322087655996557695529271655
182801901885556774205839241516860648310727421242203326507238281131447633714
0
0
3
152745928793449869445539997171316881082116249590754620464439454751332867519
176053044455373815737188913013445069134965418973513762084617267170699322936
245806131196217388822464357688330118525757772642148941210843167325939540853
75
1
4
152710148584524704145551907376793925461940445834958016663031439123752384820
129781710835154688605806549786702562572605153797384447738362063200778144299
207344078005587399368267759083391375983428468860298767376522233344137058936
157762981585143191930013357884487673168979016818000279080303156164619030065
1400323389
4
3
23943021665075081711725268914205999641467042197613367448476028553304196294
401332157323593694605544113523229289862927599899773831668108993860469159053
232008080792649601202376818388378185249355111008079474464685429573282978054
29097
2
4
120761160782074106044303051444119352839254145194325289424140005893057622858
138376409560794388216683507311439365677654724157437591519702692898248355632
205342599794463659916553322985957985737775165468264664367845886694988009328
209333131481990692638068466650220675073913049896902550154796704007671147335
1667328829
4
3
18395852884984938879002949981596038946581316438768400694498070466639212782
428795632311239861069935320073131221823915877497035312451578367859538173194
199528763074541851603802182950945148355729543660270787715714118254367325001
2258860
3
4
119133966663892380290237238313149684508836105817311917252279204682748028786
186217351983997571407030099391199255957006440563437392421864517655211897651
214509412811884996986946676298428699649380262774797781356735494299484172115
122487327096631555634581565605314947627788386919002168704421526762014864458
1231971699
4
3
13683952245849129051748160277237438971214273404968274727362791815270066163
371484553758652595127435605447660925805100960161450352069891938785961437820
143789753414367678265975146934843702240156284021555687076162147271450819091
4155778029
4
4
116992970397213075509370826355437370996510069794325972090978109163093977401
97635023835949915785400407340631950679566755570687396529489562197815884148
85274319017542751378065634201338733529829891395060474384420472692296607801
99531441563662007732116986764563476979260288695872772461169677095077375828
4122853500517432637
8
3
47301055275123525308828019678482209804638999139127013021542454575056942544
215584860438068817176100641911626559260766838853692910897173364126609268140
305613441198426229614659261351560223032973573120235352750595810924678869546
973273917673
5
4
126242167033619399790127148747632805731025301768085941929534020375666309223
129712936533271857794318485176594449742941198728240855114687489183686087530
210967492526504221715781084829683934352851983104245864549393469298346323762
175520366127263539396855027975910628164372452991559891028188150687444453745
3778649195713358653
8
3
407402849524447948229834702453034596820928218850586976957877473548519651588
404965225612246078696426781627809491506757741415132864799932906662492783846
230009802649949617750983431678050372208200705081056064624440373920324409705
35998731289494
6
4
94418167551462504541371224160846441099814475734112265345500774336333693256
76362978482248274292840220679273056094011262621406887293666230773877387065
205563780984400178290305604932295025008060183074878565677706370380165628754
143834669053771646876990330633433412955550351891456781852942160754886732912
5281651861302038359
8
3
141438314316186593575265585370437751285331906724800040320548436008301790082
296741284310180081731739481828998203519763359563063043868521542918924179893
377414816422177674884490271029405968540209361486476840705811780302067630417
45529481740948906
7
4
150631918778840369978370237466740781772576428183845276809115395329908566901
189834728315781048939376640867220287652604780788418442893988303539232258414
116986090776413946613452283434392664441815424229058019639409443407539091057
212596606786404672268551205290456282336796703663313956018911176272026486354
34472842405906624409181306173
12
3
210341535704877798027304485749840876136566201782711557248181102222824344069
388793405519491940213850486254104325103560789918317494569872062183370478062
207450803764450069668789025849204138806598068272024491075745307171659970969
14474795391144609394
8
4
177509285113691908802342594674057450835209767747572354087636089102332880975
175444233353184665204373516792671002880352812130341102463396492997062916147
173822758204581538147951934997479248156523268546315402868049729486639033201
212590839059732211056208734602922341092688307499778599071160301819498818906
37543513896273117891435317565
12
3
444923005736343402346371132980995807032229400855252351460062055612939177081
387080422959904088456876674380447381811028339391792072320619900530961700339
332832205898124280978348447731909515123534286283609694516248961467149189188
189983041565130095784
9
4
76369718148129954487993367567222877018235058007337637347588225787971261239
214376526389831617905587768285740961042830601648119945859728801226228529218
99241644569311745819819391379450543480293473061231721863863419724093997931
124502878815765523492342128153762893612603993668505088994035425254070895173
20865423535322582827655395695
12
3
226449455398480364089614913087099582797398900925042867665114209144067307052
176729394725659007036261490829291167927548044123614270774298791485311362965
341250844866003994073894413806243781710290448186668720493259153721909834516
858335857316443891184332
10
4
182450689381890850342822938211973017603642810447294884920783470008661268036
154505360993772075471022895434415786228240478025307879749520737979354800974
185997816508492828519487983515121493745963491603368387528890663551073732182
122307689376901337037101113327116070636597088185086209704973858633606450517
154705990093182643809490281722766507325
16
3
98381537343452340195710659547871200560745680051236098891697606235246488196
236729273701834828407404441588741967188722956095180939847406359684312846299
162095627471030290704885725157260859814539291555096946116137510765597948207
127088689998698855439003072
11
4
138188230382416622384792326770594771210703917134370704744166802026152425529
76342082287375772353642634328917715050745409575734123341414985299173782059
187790971212793290081499165199396419635194012250098674874414594745823605625
198387064850428304178798607411200945824958652517092877387058345121042295670
129367401277865720114814470691148218685
16
3
317370716049831555700689396146061841884580651420382178371419618679344502342
128726421030374432550717680976771371172917871558437195993238739318220460481
398476014664410170306270348974670486617703601026429408698217794790831822321
53848242151770765112300731110
12
4
203561869815120132559917164631450142792011788825413908087854670087338543690
90795611631731897368127734941472065673867150236235745820308728761132212587
134752049226007994531885337152326351854983667334020719671511741377905440630
143952834521739877992198158941252108878983895214854069835731209603049347192
152062664619153920796140031286504223341
16
3
193958666508930342857227738223096792438953649925963373414526200171767230515
339506655287296160586004137319775498141633854157437287964171345098557337593
433308062936121715369457918977303271347133884006570371064335186019865827654
6953808626086823146064148133123
13
4
173836936523491245054311860853317904936603791818149943548123849261338620971
212562177989136064001755359079566576774401452486885095958931522659549791801
136422729519325713756202435915956338910046240611074300228249195660703318618
101084822622357530077548289966129748542487814194896536336773599600026414151
492229382960435384817477619931477972972379520317
20
3
59554623324707549845607060423679861012396497462116765212571294124310149528
97427255721956873718699581997963375982652469374698178938814831608972845310
32593696051102249550551077242871218059117473435006195248966050654390841723
84561675134284227292827100338246
14
4
129658483560995773892840046820867331840548805660641712901845768037645448300
93997536461824402387064116216234750997920921492079975997791484328382329414
151019280753457115210809236807139676261957299471590212880402583750886584683
132888656158966271183930677362044906829294312307618773381919051083110368823
378297673868460442430129299704741507144299665725
20
3
102287422535306452287976306103608461205106032024678653461224235594782536983
41002429615524312392640907343272910411312245057074856378118325689215366584
140139823085292730694324128811013665051540340417460104780856925500619934444
357008001512122020908034945511597498
15
4
140280239371699525844585194127204761809880526380423824449116827969451737954
83769736543360097121456260274681529305719135920049219428714411256100498225
140376866137832815331440200225477634615283756721299328049567535945724883527
175445286146063511385611878636561683588701846608114669429876896711666659955
469860705814295081125023827766463578897857599286
20
3
178697381278512120432107529020576559803961080841754033189640493253429800811
60215607245682734536350542106280878388310831260250501484810782303406174209
7522980905280453965571352899398121938767381297452444584935190573618798464
220720980510504730516472352224036461204
16
4
159591221282650874002976895971778425967595405009689333258896469675088302681
132902817405314735666552835267911165335351037399108622139913444452887048760
150571499618555351939690576219227184743641018713418058478275721596901739362
87385173025576689004211931703334460107000960620928041942752894488201734977
2756115901329161795751818546327903371440699217756679126333
24
3
105835433868661948938916929557217125346821984277993715308741034170913910767
415018859852513611276124013807279382551841706679461875227430778427762445835
377876164731429758113049373971864519252866741238144008820451244855254368774
43546590266253990463230523790900746837693
17
4
139880317527825077071939524100360134057798410649699513339270176267067078763
115537638594047062824898349339578270245528269914492134647419686236973126705
86937185470767514248840573881362962556119639669953132249008568277162088535
87302492125224368347782166103409832372330734322501229169807728920046160199
2505574206480958545347023776228200684723331167629014609981
24
3
417231461685588264451955813335281784006667378360448174484369493782013876647
130617900116046974016039395352739339663370495291477702074367534778797045670
400069569107868444432345392866999639375617613536921289516430595832312538146
17687141107431098551380594665155466579168094
18
4
97641304773727810351587027706214915393680755652909104868599870777149060982
90450577822105945580858201990104865845121386478741916419091011645259403340
76357078994228547914854994738472278790952212347805240917404971055090987589
150998224916604697498773484898330150180462894071812157857682770864313684329
2978350586128301852198616563023436663515996125357939192933
24
3
445314988836689236037644990579374004094331624781922571038279669053819957223
71771575347428019894619507563813303611244370694578972500569245351129034458
358000920391624041019533077504734111296614257462489008155973120624440805445
561707263294043954896578425251679599844367796
19
4
83493426875696770476771119862973561360296325620364026705272940609542715222
196659634705240585888329073519662612648119116238158434081713461446260583794
99788102378124968572537070183423553972988066220338337180498731121346245429
182705920029572210370040640700179845298708717243192849381224646613270489158
7511833297018558718766153254741328349760057690568372108012952829245
28
3
8968684890027992907124924319288584192876546579770428288685460825916682057
81522527341500332809717638312655067522130899435458345399115046086340229315
425669305334385535631309465502993865646029841018633215004750756115527495064
641038915904091165059228735616033759727885774351
20
4
117179958170755951056897752782993876193288529060521542074278451669250699076
92327956863392205935638570281796452320027131691056002993958385655200762180
193376106146062376348474459673205738654735237531281035701626498054311856747
194735452992137501487568659988375587427839946378823037651220649378036003417
10454474500573407506671206180451748298390746961961237750501102532669
28
3
219262232835812869521410601890312474863534291373243396255663812165209936167
66034641717467292052639267024277599311696646140725767860903637442413843406
268056998131371772069113710242796768396985803078900760375616973808994144990
239670795308744565498421517109455387284950719934191
21
4
180676809986034057004142299894413805720810699319693735764484380274127566451
201981935852811097899376322652293337127844877389123191471544915188192129868
87419849280732104496716445687389841834439403046028939242954211515447717992
141832890595183264677271336607092575508568155616808903297343075329111903333
11709078266350717512055811875616449341415513488655878079876016846710
28
3
448382035487478368587637986938262678352972332209903303494144628896845246472
58024948909947924764141544992710123268919581388472440032778623370794826174
186081966223195605827932009562698070452029702897651263829441707657493205698
28675633752717223844679342056908878424069880722290562
22
5
83727516621457568783679685099534756757630518694907911033395489035913938489
129658049443551137216190437101880960699687603879322990497905030039801317965
136664613655290335196666834851811203578346521352752810702628519371152110659
145642626375127728506955548392058534031432156762548815334597951197103606851
148935034025070514276898370994725829656327212772359275779718777217894278973
61
1
3
54791136787930022201303199191127156217644805685477016747210608896617388935
82120066200878756887877799226508696515277301619476868531222152671534122728
302054933948928863407368798529449650946754789502478988544510824888749969031
13858640325244570194240252413998364670294049686605676122
23
5
128036324405084266171742947190481775555807676521971131905229447790712746339
117413835084807127611108831938734891397681148909171562118534765979617490757
141888538054890145131107901129743247265259374032543036244012675399634335829
177058811158272926001806217589223501103846881877747745015444699470030386760
189579013030335575083752600484712609038357931782866180745197117832025893999
61
1
3
229172117661370748804888700092980742801348587617056771139713365058265684617
316093804255304127093952779857913889093543690208743270275054451750852932957
152286685561924749771267991591930016304903599401166079720114983681945022250
2626286999847885307274890650796778331502746699981554878431
24
5
182663896226733182385777917881655151792247421722437330352353129087153420098
186143237519188080183832002385876705691657577142442029166304817770641575530
159583453537713482447392701665884709187110661645813904303349164876214917489
76700866529647164211262497489128517217224605407502137288644004829452777585
172215534562063321167810198397864582457644009737020915893662932466950106982
102
1
3
27553564639146246428607121717807378488719184239671634038400451530019235875
278812912932754561037182088132287111683799149181167859627076497726721392689
356896863602199172120974208931597802980730947417370139054092399258400415255
1213765844430842281857190713229646722703205645737013391852981
25
5
120514203894146200568668169586860648763321543845280857376343631599315678256
159784306221844747445047226064672546409729558971873470680843491304803545977
202017169752975450970588962468563946410786492440281880270337482694809254248
120963304996094647471755731228663623915993799592738559589006866955843482712
210849657762064788115060007974970876505599413455878526233376853357239283512
302599191869
5
3
269312862579259926568876002463080800589448256863369432311341488726217559540
185941393336370650805596550709755314243728418300762166420315263429186142929
84498127896652161121626879755949335666029829520654225507495784796894584876
335704608275301030431281153190621407162586742643695483869500963
26
5
193079648779912989978201451520807312176006607568518702377398211677573305425
131233106492358368898755950700942462981633472606677929478702641063539142251
186032589989994477472385671206105664923679625334738999436434445027600852041
156327525856215747573130077157210991500948615911925650986009366895784837491
85356763813378903847260723651032884929709585159145092318772946249813225551
478560210237
5
3
381914500620147140598330159619446156136908002820964324231288338133318793649
176515599682206050604209049490647061917977247864852531522696301216452396160
213981395954599239461240306339774784671137657196753769579331118247621913173
64180757371854181789207352264280688138414286819569874750833757375
27
5
88807532300227788200534263357840417529774957166355578552758940984549532502
200373555873403552666695458823685315593593746665382664343256560255007935095
87281865445878873728635551498481918156990475837713821235811505449426176613
184271975960676683793994093955586725584532304621293651618485362502870921302
194803955165072781080379283438332032291903511494254205194993022131369750389
525803288879
5
3
291632804017041873259404902348956558275895515594514557021856865654572846493
450155516933277343591145954653631967441469396883662093818168523260781694705
24794510606305613900472578005596047326854922906127478182737677861920542603
15715770531956068000600719498376119088488492478526887150419595065988
28
5
198447407744445217742547473753845503581221115773835582272812578769788948816
194858983889010881077404922639298905331089203471153975495213421653287270448
148810585742896929125864342817318609741763880597263893796346276286655900466
150633696236517761464289974504382589630509442875825903367827028009467587404
191402315260964118224729185674601515091172880987357302487046309965873042742
2091924654980063116605
9
3
385923653634192893536885476272612685816255357364775735127603150536525560668
316063300172530264743377796460826043250470434509438334320516281388340416576
172273864897565467183219290908238677072515530276375602160384320690648331131
411616880118931188508719188166295182654171938197716577849200783263441
29
5
89097941151158702905769364874651520196527300660252351218992867396856341315
132860407623042829175966936351744510036615307243745137582365151467144693109
172089610547803348592769802285036897849464172084478862357200978268206031975
143911583157454356795568121308191476337982059801421195311439596470135967287
120479129730485329159607383722583341872874286371700476410748822112164926007
1996014612982562833725
9
3
173455517794876424032790922775471541280215415516418037693760400235906527180
344874900861802554833201379354097212420328234455207235840394291442361883892
36587654999120213387303482267127083268130386431830143400736666294928883998
1761541223272404323007068567217389342123777007251322264376927475465486159
30
5
157977291050533174115563636013731924735075711989818701374778831359417344581
205660433436768257782746862718314999186541424031265874273106556399494771825
172186822420843536922239559923960872768949483779266713699099707597552305487
191643818687593337771458345539780444372603695443750779238880003899077772645
83886938262856962159917151822669837354947845534977842731304851278755540853
2051724950877116053840
9
4
203315649280628306199356728297064956736555558833592258058741830418016505991
328710029325871578760666022702284486651819141105937883559947881601589260368
165858206618864765370103206990058616560478310260323661054191039585106525322
223911597349184195074351762171957874667755605923509398651707582583005001648
0
0
5
175748099966380526454518011063924981562210612456650844250955565583249073253
200021734066309423705630363747357791958642116073166484043327687307066361396
150859835846249509404639674421302868680545145066497561440462212023888071270
115448785956178863316326133160267247014054212955998034561905020286826150219
181008250742031548524779977194558788103617547947333439056184736768041956406
7072450800486159756350688673085
13
4
319378451150113347321633268996615583228472110082063737220146769604842480263
383522445334734121621291401856676037320258537294043808975356922594190223806
167848904022936992595690994348097120279722296166609237900982483471177393964
368865587440818759486490997843586991856116202753649340838744997517286889626
249
1
5
205487777301271764967095435171465639524441904805338005778285495461862716786
117291142890960680110035617007372674411059595277270126189462246038048106359
87191930963689622479844471843003194829985638078852342208627492925666839110
212583020349294227129130795062637550653748633322671471684667954869989761907
85342419112243773686343509911623642958701249667166010926638796266649442629
5640814371018577545458517175101
13
4
137150029766113481526541632384447956451056079147038754440481689850225107528
212865529498665573338422047697283067991318677963596628588538745189550124600
414876485368808958720435933978858955376448434575585498952805774827884104534
140524373944607580305111452132305359906329766465462634212521112406957957526
30477
2
5
149037585558767040017805829922594806772381137727373489488959904653867774798
147106552630571755704775406613349755828853240252862954080512658905393166695
188075402664755868623809184878929395476891354026692148972256154541608944181
203858291176286135897058394225986065676800187598336867363195948652803159127
148776887836858531590100240116933516753090718610824083465212541329114481729
3740205487886096521870713971534
13
4
348144548108495178572795974771243591270589659532076055203680250294416740386
28634631866692782716806056964968743106025104497814328852584787923361068478
6496435674057599668104841585680725191935153907027681073816332722759140040
443395612424030537223730080094542810978538919805187458230931014153690950744
12073052
3
5
212583767946528220822850938461643292376996377699144729417838214855789083223
205447011016870890584167837756863173553317177599281795319530470760036774509
92251152187375821003017652144164736149909684419794680636186964182741041999
189821463613045209710160155514142415829520112016827672600917563795676023881
76790992266719595915913607312128112989315010546708718491273517202966402920
29410796406204496443790632111138465201469
17
