1
264
317410367142837237993734856560174449439381559244196621037264658650009374614
13891053209710021200953130075773295531136564228444171213056368580739336111
26397902756140451993749589020499637255542996324707427598657969792335005481
196164154104391209625155656973715517538998496557190571615959287763165833720
257702880456274997595953536379573736913116113502859463221706798311143409840
267495408862678360015832747753624920878565872840368845892041773084091225682
294876395727728693294940910927143881423718552168880398858221015010186882871
233294877551802175951901441765261165223227996471473876541796384480466212166
30986630132758174977005703841820761358497183663700801025713788219247818850
430075963591563550969702174044447608512205992146897060865571078391371169724
105275976256911162904647529027330565575773642824300936306708416490242833345
152181607747553860460482267810726632442797854916461247487556163849314284953
355191376175327180882599202731535239508893845629223675621058745737202896751
108843835855426617162210556729901768799782605659025557581864278435176378804
376967719809392808104657543748971225077010707315454051011263628780392428343
416681226297097887256926464118338289634591828115897189645085043009063187461
271021687021060766922854195549780186960845167599846407361057729885554901052
422429424348819158959667442237091929290924733675080037188166987791505930904
290018645711280656582877684214916959103088880189626848572316708218016382609
296228241311985960577568736014304241415481716951299060786954148728497621087
111250434442426288755083003268882714316787594412668790610087110814498162867
402266831476738888392442250053319611934108341605744378262289284055971057606
190247018994311278779397191820279967208730677348879368559169638858552018443
303135299625035801739402455272028816470900244973493933333883086482174359426
90164180031423900466291452830225154514328337579437884436423936995052692272
35979296085307988469624902104404718238546558309349258129954837579156896898
56276721274540348475443932320645345422940442813520457809224530015584410921
218684348623255492795856555597971043839055953770558590492885410520280958966
387764388822605225361557764492556289980041653170095245476536415686931742713
204440921068551566230123062286797255074605282540671990134865424192185334716
141203598937092650956380923841080096630656604321565307431339531808245601189
183451621837215876165153709569674324574580045853299973397755148896787061150
270678133804430576764559766619726019453725116295066733933255170439754581987
359974840507488131402094639608615991505450758042469972527191817910994843988
35052083577761631157778813986366246848333787503914892266853481906387225791
50102254793654765365788987166540966841579373839276409654410654715850374204
318410407987531799643643298084547402022962971393055223139308515405757250999
343030358621640149044522605890364963151460332298664310412408121150195495882
370801336888617605379710749056556204595128519420079703037588876599292769416
185522152959526071342594915788281352050832574516503980853928479164804982125
157108232945712279689693998295102696545149530129491139185656296371716350441
356113883017292954409113177753659145480372769884956409119834447039366963021
196050474914126007027087973150740469144683076616388146316723241174370025702
216079700911144261202694895662145098988428994466466163682443651187622061623
32201855950752932002062735241709257056553614180858916174322588514351465789
1451951577332661139614413227932544739060271680750310169632775799625903389
88535315097500508088431613121180401048086662961795527158114051633241942233
355500225265015669398081785065909199572194350611956523781022254278064242962
111476538399710394493428109151539195974393854216049299812378852730908496868
181870454001014999975781341430029439027343449013245943531907457567015166511
430640037926132519416915282054243512316549036504924512632435754258723613428
174006835724472654213454300933766999129996727217765363682831164886161911725
293066240380671518568060427312598309602252166564907180376645937643984500922
448326027481980976706432676321611107430381809538993274208220275951161398470
299322480404756676012007472192916033620008945624590087630285983736866505029
387317015011726388596334502245402059224093422333356837427100346880678172613
82034360244559990300988919302828559626938643880553914204474622749174116973
342706875010782702060200959422434164244653139115634001364391046528076888458
68809766826956067017105629796256297576484721836353681947507017454671174141
103502425313936309909133173930200797396661983219130912795630883824456783303
390340995558285312616350887415917383602877261837497054843893670173363728537
161906371432776191261867123251062044142231937725967315814169535278582129488
21089345641891032716837343436887996307835858764923235656939178229864188935
135025060961436515357230747776375648277779304341025254577717846797938007804
402713790655662055112608668258401658006084114831292872384260030571004249228
277466950332625867590465741961595737565881738183374614103255179212445063049
154720277006222963690851104408483436091251814177230737550667702082462195205
30821961240502949421474140127440598009645985880254843445538326333659338673
399219140858771170512014511375317306578408455757837460782001298909408517094
421609133688822080338961452536406195728280961619537697988382345701987526537
383172020154780313459246446351346068744873787124216446510205269097286388
14447738165462001428356404528090186305365683106809809142362724182916511569
81745275123304301101522045246951923206299054084471508358555074386570059083
248690399931223643578010413846655809021356793688679877124535899473967094759
329783340992049397136201554541745517214338991488884550958201754726653451171
12656990698383366489985245947874404856319310088294899636753231922992876448
29211120842901642099707620396080410795585740436093211022662027295482594543
205120054872029213341129682045894540650869369725540037285140876939812902506
99782185073574145270995075951718452507329987860653154398821685805952150826
252232420201925317344136214847374024787732908845684538851840517550649528839
443419624871391870400606913966475896793495044885942623578476990525363692458
183981701977906787566904853455585974926151366736473431536434703739478421557
273225049517949985566608202376013903750330060777383223518158727563464410661
318026503778581066945323716352505965919880913684027225043013504813266357517
295318091407669430512462800498116988008329399393796201066975307066188584152
372972707933170784728421673457843466415569143112099974438341675652484962298
16946516122157896496259686779491969634365808600922872571251442081657313359
431393461951125598614462098100895086071638153527768737136908675806733864145
251284152038859455326220877964650931364115431755114184611740760862374236656
358231078022283496555030875876205998798923597431055249338128207881106147564
349564752208208091632253828199544663048382855085981423110787546907929068933
118721112523848798808260486303458488664909294382628300181937875102691516017
416475431996447781441106558425330195828409072030270139255568516370831978094
135101399706056649870447479946886677269715967566721155202570872602212645654
191594432325506091393468642140175235507271186524435243810922908319282486588
218339147862620793971040211029212750245036411882980386260611594775190049127
6091236078457688011227025644078939435663374207021803163818657033060383067
330108795681553420068011150173922984987636178884419601080435169397243604361
165610749089762207501828830135059646039242387689802956272337771843598937951
434007988524421143330266893093037732891879966476968270818092996998701284524
366062383906370101431470803575004502626572887052186093273741209467932388269
339970269281069538761580325641763272810600746535815222114635868458218941043
370629167937292424885499710054942255629756809273301907614460824757290826255
240413119092212865848071043570813661024228096278669967006245220174904226280
381288361223581158450566009358636100978407552579854729851248030541528907034
281404352147493450488248520371229078356986054000420185940918112674501305971
390997793377644228427350803670470382018677247463200003469372009965905636786
354491272379417913240925607462296949560141174027942779225018660779268257673
344925173147770488155757370734844669406745690497492924778221555665749932122
230116072557353523966382426036846904792935147653762266739778085303768525565
272022520337450956489960047199388224814779630197617169050751186982404977494
237580581623849846261659707069080055470589811384726186765885476202106298911
300434137601999697304559986435823446266950514704884859404514987100247306402
441264925447102223693162638017792280284161922711350758105502852718132805586
211866799094136139994456542512967806759051701928265246944169039503016000424
392871118926005785171762912109158115834661150213036209573502739072525338749
98641836468586171145985882380688221569294267527220794612690508633312885141
130400567415204414531156152305786197910355919484129756349753519933894032288
192841046928091425720058412391389074330341986554285426845567708396997519800
261532044417093213483865796446983879041918632325585484666584050920645636989
206097561121478100618525567578510738244616585000463188805639283313774855636
375346990037311450441582173047363160139943964189847564300453343062090444558
85583221943821365418528678476914158146543408514805507609316361095672708458
98623575552186984941347871393782319173160339522935784581691281514069771858
123969242994195648955255364489778462317424248461668693399499598366620825594
203373897040339130199467769586536212797161105119438251476822125218799970490
258239638683584196073880707769390605142263087568383033581349755731077335547
258970894027989343996153902261789726498794373333312471777076572070013404323
322601452211436665827774799022201422368218663808209259774143133071222510506
295699729816309739820263034599280589237357165530862842464641631517616977931
216187270139384154273159206714326673181390757713722373256604125284752312686
279313028190469606760554854618287101870559895777092122514301854811205899220
134720554359985986654097609905311525828135255060567609070653538112561580943
169095747040969405607488156188426230607424455999168227729968859190774286556
192249063860880041392923624475710479693474314391833221028434045051858822824
305216641284586144203118337499858969039643648864383843904518594257941806252
20562899227943645995993876194749247564278113783953109663394248094725700726
17664047851696349522680562971887645355112525249223643989018586054494898948
152775668945950126922699043356845701962426687396792246642372371653679803802
242624242733305519012072540186129988683050982792347882806696335159611258702
125447712383482797028168486632985811611918934021462543278803106777658725843
44746551806778198892101204980084126274875460247424093423132114117040186578
175207841589929058713948737705368113958951150921233395737103325481329802275
438097141211257141789905933436278159192700277733644274129501691661852103925
30448613949349654826605396585914162024753744215881105277509226853645402252
437283860008174467786438477167705863971650942163676178214101297138201843090
256903909315586912073709449503037912258334822264194379253997170543609016820
118709401791142784505304304480689284824909728779201151707104114293227132383
28481334207858561448585284558833398060905188080065959042869826128697835855
153289102874599479566004762892469263041254470328525310731751617089957890408
327639729711290148220662216747259943609203109348855006910348606753093182285
254955769013686487955821299330733481864764880294206538885570177804186989971
419583682629105194409427219784234955953832264995809733188584721075186609983
361291869275909928500120615925488023707917920366006771802101285721494229537
4834899068746703203894341670371940364595643540362612088738504690589851765
245717926874798536127818686694436277686292307139060329034567755212109331183
149549439644422246181172172416923408093418822217891200637425630565208409829
140397051698646374738674369733311760477986077456997983641368589925587406898
56000791532761090050092682123187298298380884454228672915154602996151080954
110130464592231807593624933128114906979936607155352112608842717033791086155
438276941894348890499505156604754849912656184777457876519127578829974992632
203274136446915564758571075204760990753346746046313223679339553694270222777
341149489409585431701049486979859104248933256352807136308252947490715000819
127304959577171617977894739331807741751511708645107830310266842102075999631
428811713481794278346503673760623784210753112191878318429991614033658294311
258258066548525601003394483451230478682991693669323141004015634542076265318
356409124234884378076351489424793368134232939426218047952369215086776031244
334789220456734588988069471145184733165053990593557845160882143439706762316
127892875485303816075244399978974573253465072674308569712019967937877050398
237815214426563473621516245263852357914472303018214129395611569858525208635
14595457270169445996372756507032231323511731469549061272015557384293647438
233701102587475129333674558524294971838726743989073063891387769358906540454
70621703937911277792216249662822144891300715288072579155576339494352255019
36168450697825456328732811236913635109674861223372735764733355893040020771
289599325887859086550942783121442827640290116372345247682461604204547895749
85686144056664180934645552405113288218601971466057520603808805545613965142
399823470230494632201481084089070396543556493105069551850324658162029635904
238757835776616573141623520923069044869300890130201012607273816715164909464
124673286433911050562729201212233900850891402012394371498854269837674207720
30574973443965412337617435385664425947704752307043210382121312762787934757
77342359495866802787738833290480899817961354880133085891869773078383107626
255663249817239764787382441346698536006703578139833403326633656075278927184
57471584516414133884659544758584548384088834939455331056217843656832653220
105917905284296239677604250431133637561758616318390495511142827669465851353
286611743766080346175938310498712867761677900184943570908735683636983245911
414947630245411254580403811490189337439404167061507678918447694266589807755
371755371679616755374266354090381641327233919786183905185792880406136799442
354446487139983294884640577549100357048709821836485311090640383030935304013
321314755069777866233294383678105489838758703567511012599534872855415740930
210562927817634205530680781983820250786431365400364065483671682834398523828
5156151461229434354462017782988426309499803586459879530397612999419236733
90478377073451251310190492499250525939725178086280615136650309489779287615
221371647614779388945254628713089193839993498964217197058282823215151753563
365089258823015925982309385144770456493091517755111362188373992050422277720
881989433866626753858240839220188898519965705886234558373752152555365513
344761241650075308450208812042783190403843770325774768864725518467267895026
164883348580122366051310250286154096124185353101105016594716725578671052099
99687234684991284443001970403177561429192475842407983004243239844067773893
157202608425730313998466690151633495299671639278761891710893518503874725613
424267509471698467720064572216458201709418628214718092088991575151733890862
355271039421013394759722052105407757385711451488179908083505734974256767027
234763505776657512771464169686526307341147018186490605273653137641126771289
79545272501577904005688694273277243506245372593797454820597096235430504087
345264227751271921015101410181578417595612722053896389683869491296821364095
204678390762271371759371516540104924437142306787645926892508686472197867734
353605878218823129175996273421420105557812915566234819753040697992002555378
381918677140568722671515364374350617013336849962557405072303520297698219338
394475182154980542976277227928306083163468150589303332127560787189733062706
201118736269334692366126432431502317269441254040009932921708770912528658783
372216466491775845467349833716594922214680477146338111175379671072593781495
44133762471949675455920306813591019983052571799670032053676618642386495990
182641139006232202761037347837455688264695071956952925200106358339500750079
241528562097820798873245926515949838177744659154583384368953968495787461142
405604251711069529547141013716892300624026695866832676147643705883787999333
307803514870520823927631538149444827417072610310798545080046308766406079406
332100402683947661943445827192683014299071399858142672306125397004259075276
356300259773289331583423945594833850137759896150652607748913633902540184962
394063141884903162267884410845566856045970555672316696944449240097320314840
411332905362401359986950987219580921927634509884106885409776261146377135210
68844592830528996083011011845317240174521137532971615513795653970181367551
337076872541974660886677151514821812608243401528853604072143348603130957877
103715914212254572242685059494450705647464374852429669822661513489737547756
217148000862683593837312205276519500524953418111648232943478170322844854359
284339914934544810350577526272531487040828336360792629356013335937692018208
164030974823336186303210863025484435200658663018979140203437649403756820060
362025396155619826305118156489114175385303046483948465175482577013692836379
339319949824337295203680302819809079985444365029349577461854042937022928670
80288920827099322154272556575177222832462864855356098995357643473790493899
201995656855506601056894169937528361348442240950854680470235477028046065296
320212670915667651906018308681249453685539763379557338682371570929280493815
111513599694290146973555377897374913465137116299216884985572518479783668937
271107244683443080215098536150460127069972410437742136566780531686320796911
218768921451280015302520004353061690411651375253202534316777993057621468733
437135187327508082207689500607666029755781587005568083614153749798754268993
182026155162579333375164941568134189547637443874203629907442702742599408088
348587490282746291135790246221123716655375256710401301053074654704689824554
208597483338195828416195090781829155836731425480078940094718795328134029838
233646755941280343895986511015831782055199510078269006375958690913876398640
354215045230155860798967584728151684517918972373432631904199947495224526944
28068465981509953434476158306674835673564199275858838581553063351799660535
297327834389145339643203021883544549035389878656276354493458217966549029069
304034560286178439455416067359806943214655416695686414752818822570156316813
211619879113192758290786808646167092917504249885371787118813468736690585081
230027250411014357466868376971808712505023549015604044920952118491588864086
101345795905357643308070536219915322686568740809864597187671643239999036428
224831941647169669790268735837809579765866813660614408861492186810820870878
46879226461787433164112421659765118982201239837697762165719765493647349266
366394713219285500536815867167212770744756089826985862248253076436415066120
430018273174269922681537568197294548678077155522900693596385501077678123377
8093855573271734440087247838628085763820138333792014967655027863361521826
228683335852882640967654630844951790261620320466592872067559521032553235631
67966148766167098341448262432584702312519246640727773475355163432664767399
227566517587990083350630819853145235578915487175714067393706224144012246872
356044296314439106046521835836439942271240525771457012179083682513385065916
122439009316631498158642731099810160618984201993344641941822605477497671936
425700500624583132424272046708954454592929002241395301656945947620124590813
212084429572737132991355024732628142555471710619063779302052959568388310426
420411264339806995463414132012633993905057397338190336002105520593925892840
289340376820291829283680373905085884969622290722653141612170098125308687156
429633637870814834140917334097176935267204557633095684428283351643249815520
241869381667402055506695256241460275875749619436135494030264632208749503521
91432606723245884661546771679486726880609446098290160124032727334227452126
105748678448951683513918588165566816675026647682882350783528398815334832233
244308086391756389542421741490485485588687768615983883189937613739415818530
2597543856251529230
8
352
203562489674559428293920787668745073674946273545129565118140922398275299414
173892177555378477673440020870211002087647914058490033169361701542321286984
138402615030430519953628828512675199371193468868534624401654393972814263885
199980995683816566710768602061432798019484297051259283228687970184486282096
173974757848325764155598099171568999755453896715911675644344774674278010201
196825952327609815613815432184690088061174836479992291454818500036415213624
116999947979973225202369715161931483400141097069527857484764776296469709640
143923582760829533944756329849144842363251596727152140134805469423775275603
198696651627015906295469090831016750425303045296356349342861998402443966041
208987016736646625040674066623474303683117955925897752104365895205012525170
179275941684907768729625688333649705792880439013159129074836731686357986915
127961406085330373827189867811547679655718159638550323438711293800004675689
99291524479868390012613210287657608528944858139246452604267357007460125041
141709465437285302176158158291648288109273935858959581100759407234631560022
212748685532434240199224955511018386166629452379548512348879369516469875050
90864280094851440039104220024312330139437254971575831042227297189769664346
214350292140718802314524306552491592863995401551320489656327322710584946003
118870671949232602298800643051882333781217462552891448576906507600372789842
115385671678142849966127060898433159170862773322611891713320629084160143733
184231370904881946108248302723237821074815814539981753439726149040368536883
95805467856591370135680447447644040148722062268531885051137665070451214455
175588711260916803381809855168478368847486492898618491784152415638655619650
99463288830460953059216061448873289573554994665184242351482532302058646872
187784614043315818701892280947208434006111605091295222958901843310969778521
198351588111128481881519011919218621005182329873097968945326493820030698065
191338527072334007319936148549599629930988655821752623926119972095818362198
216386363536199441823010846747269820448536823208590902077645735269215916342
85107467503901911095514370772604386880344167460062485825818537274584295802
92252038711260916558611971877509576706238433770397184456766397685990387504
159617992715372531679866131611169109801330120318285430234713359076285033338
196936517250817773170364988953519274790068372207273481553790623095099638584
97723187282191280507084755789574026922086917708673998292169272775794976067
136871287123335284489616560556671761334533118402591901427826280463797013061
203520700832448406535322318057812395849053228406426769589369309972896510543
131467653195169950156002171108093324185998665918767116237169160912211297847
156106832248677199395694363122817032400700705779582664671250323758451011696
178840380459313058568712005602787474955176875658733844143634604498753964587
122432510125983288114001120520487368785690023299367700793572568474768127572
203714896054496023482327741581009916364890638381324202762301966209884702030
87088588946053987407332404221986531061512705535191729038609553055768147256
148715039398184513491068341162931286493430799947410798709145843967974853497
98007879922198730749214777864288654641989229812034644016143117189972896632
142144519368176716622914188867343111620180812803760961599283171795157674324
115338381735750042387779107171888787449738384167130031502603285443144935018
214169393517743402499848179047275448081055215871383746523113252896535828047
173713134537095601934051571950264878328476663616149608587086976644260264313
189585617803345588529505861912357666766974858987606986418516960261216355890
216095112200809218880669858918387109691984072470001344745842054196657026872
205426227437402362629285125786621569916925714390747930855888429635102454644
157824509226206872081196035476167852140628145480117671303346013173745088330
159806223495153755859223650144709693693486446763917415717236711521511823984
191202104070902653519605634040118896225126556880684480783908642637896373065
171944991494298428517777119913545083217727107237450513944157788535532244597
192932964649925808498501593335612903561583728618415729201905293017124073811
143787004091783832799186513410706866850281819419431838150715976790563387479
139915176725708100611956722945746216583262404038699155607464559483923085646
173967803037325247518049771864893566393107699921251112491893765337017497173
157749318778564092869709527087330197889800952645031578579112734654343312451
99477497866447945696344222561628739972117141567584111570359250935979995704
198248519291267071360726826280882776235500680003946055304820446939405047097
115385401225062667096484387844881566253054713694714686180477300900767230290
212859628887552445525145245548996901443232126946889035696810810754342341996
147355390210121238335730711966200785066632847977370775917157640993805314866
189827878196729798928550146163315221826501768106284300813873636344020419923
142178737025410618105291077429278383188526289744705131528621221609956006522
132867037872227180664038386066029949281324064394101077554443749962934081625
207426249483126729043411543827995202273369427082085901906036586768859033964
128050316087063408354224589229305191736798823988451467471488878580391309872
158011795975822992702345870036361026221829013868908270701795181207009514608
205792556671868443882489940599213017078386604915402779182518916105781398136
131238873838547451190555803546687405401095698336947002815973161081849213545
216261244554655045041248775405475650593910875015455509680673483344089338951
200257064254650923228319915233148387939510556796336480379226486379258262634
154174348250764866387266478575865882275823648790732135553260848203082117708
97635297760164113265733919019806722529421762869674274995674159071963868481
205784714999285429474349832533950530348616629843695454135961495173332421236
210961457285594356586681642402339018899756499391669465576807190237288883019
207413254268887086730492630232782186875214497571251304758327680427537679987
198580178426784690651333076215829921281569784363176060192550393367854721874
94246268403220370804059606462145892065471779598529057350692340547880114248
90657736783546420513740519727901342886082808508644195979964137425375095918
87101937077042369575494382435864671715152991830762587487786526942924526199
186024664640224661014194294300601229075448251158375191662599412037968999220
173602872051405863818463073435188258272859470708746527559411230861303183176
148908370100579049769659460742024794490138450429420235971392491092320924482
90830170609323513226428959999360049268045418699975206377739788624751313488
187985840346704059144259027840583748783696357920426528343301071962712602161
92651288471750321925798755576667491394270611947715180363324494231011616074
152316562630432235989514385157886181126803247486357118782168663583620359546
192947198353699203900623474331592119410658880717073175464964820401269654890
83665052965250180301318696129957688104833329153430851545713243875585634872
120707076919639074808745023669261745860574482944953457864714929933072823917
97951129318004549104684062657393667254994233482815416420858664045096692089
145594104237320505272237351211105095202563266740997180169879451669353620529
172117511451154311844924833010493907791254533285659193258114571404607897903
134856280183064674336481869882094315573420356640041078924351512400798835794
135021058855885393961018924773400071890075284139876818554011806731493209420
125987506088741807237119978935253357816629595816724641296468309923148687457
97931906791208507176979700972888823298054853731574733066973427141727120226
205302376800965713856344801672535211165789713595352073116194354172294952298
117449994151459290024604308706719436653774380083781317121600692790955817327
189780430996725325817335665223654420093037694141971832528731589235946055727
198474956723360829814444114423182472084097023792593384017897406628061141552
90490910962894365582656412020046980893269377166069824662038182597466872433
140080789989026775284195969971847643720355485592729681723153438781434258034
124137646319998244240405960514224222559060154155989244884596983348335431267
124455370656437671987503169930701173027302925904492901477510768398160907092
177191288861789765381669627709770894483497537146902836775764939223877439345
171848476796586666397352621611074558131536363056460519061869045998754481491
101513856275391540748874627861622679222838893205983975725674183718653343042
200393481281199280462908985453347443549675723607235711967897212427431407478
147437733252916240515883937245119293100626882081587234811330324999962112078
198724258517347874872567175398554366271563734047804601496776229550052038982
198345064962878627820488931122348594635837173593510971043902254239165469743
129500175148326894492502024455379421739839467933804563516604351923587868278
181000972580793383605005596991866692707201307422905101708178474806480365648
101175562948126707661823474190212411878782395837359214034834011739011247434
191429114084746765019907289295961138903111424578486728862870821099699398988
198379113692579209470905938878637611567185678368087360006146394310256850554
85564006500182283112474890455740971590868342666417050856920847670555011699
212714659239597553646509231161142963658502863643641039547060654013858278450
180951992574297943854313826795034864674225017596828789965948602081267372909
205418677180044756691126281981418795332787270818560196927107399972046135621
127683770865444515478987447584525967910055375435324535071693667793326650741
148914726453885672953774577218445150929228555721435274548423792308704791109
76514684630114903831946213306324572009451791446418105751728980534404741465
133351669773507645656903494556555575239999651576367805916153414186309988438
76307929112519575725662442231814324260615733922350751160923812121066751598
115199078843074656606060374042243226279649393088774548740674733495374076505
172186606121689733845460710101118165977276592789968552543654332987036027696
115516802642693677652515625307594130953049378967185366534232109754922981232
194908479620807478860630578583967068719319669937736496037945236134549993830
101381916914349311085385318640417436556090401199816776777607780609855022154
99450536454438092172937439419526843181280626494034168927927486670435141705
186010372898760407371289267086258081065959161664471800823115238693760086618
122756788488175399441989003337756877093375138949607449014418707339807518842
85494204237625327172592183578275416147667906661519890385762643172186082669
180918318453615058775585907075212893915913168553207269546189281343749779821
120604280452200659636271231378810703301249573518264040183809098116774909047
85536588135334544462461593351476784299933137219247950173551009016661553249
194686737634743619358230025096558552608219937450226434801544894984955055952
216082930189175661487344218739593203459517515816269355062234387178935440500
76783849999473927890725510942163785505985130810799955122463761540498869873
214563384712625023199267077063898122440847565365150043501013379639064945994
211099651556615847541660329426692464560782385107824278688103924134639326255
143620766861816020100851660384416282571456435258473481126231675026877329772
127947598710801333408032684454397652562448409381844556618897093643169254473
209013869476694280402016342290640100265456265055498008698301888641371754071
184513989823640970114919061977731484880320012293050050390491550253893512558
187639832286418092702310485245259883634825759757470557847358449796755574905
140315533837581540345845546379947400735155804009656999306554408654003582823
200428177998965305486541035400178657279945481220170192092110069067001638739
176984428770680628885396238413498095247529090299892984258941133194419004020
148996662882238114991048978623272761732609580650235714919016573950334036536
132991029092786227801786542538514341069550973642211203136210537665134604613
186315459045249879879500127746574345047648542584368904838186663406348037462
147332963721469229191134912615792105045613305489761163627317589787371784314
179129202067304610226457759853373910145172988261341274180723348767954583864
133041039266972333649434628341910808116580731078284824004006347163803203158
152515957237195309660521059859683729918605097179244585688427850790239096377
177204694593624340488906650006469288728389429024649396177960824492026966103
175761657872498991051740709855968614475535286381364173805517375037010964803
182670526911238498726959930781052046622066916517701811383228899905455613807
150688964757339701684726242842639797682734692747652312807103800259636769137
138209396383367867554695487995491767121808251849923236996092649244410000248
198496419269293326965309298619163174944568568212860343368235275982013425209
127725666720839484043595693309932499573821753384872797973676934379713885029
184327971431746710862324639921720262716428033688357540396238570321538279734
189780158666092141443587218852282569986649334974821758677411713854960137074
86937073327905919515162156923911585188710062524857168130418606612277638755
87178152624522603135996256103142705941500476970796590625470309115257907782
83409014868447047511587109596859435130688214810975470717739255423037493105
198228277636130742698443316576963934260909863466683427581041240913603612231
212473505156873822791603908794051571606540066716519735945058614026221020975
208973163119822144911094876305368433163435656527820455663993195398061830755
140037793303792720265507437035351322779594918032864957149998145116409516117
148885746921923055494130020658264038747126921864893873883207659421636065141
186045910104245999375914039914067464310237978163406726805250190766410262630
152316803787830076784068345383395111356653046355701395324053809038357849913
127905358574771670435557414181803326589997151998788202390204056855425474927
201946618119889664442586822965705720159074652444686117941420954437129090147
184540979033982000479536820872336523040250637364683495484357244276215740247
124392936694271160736922568040867293199826826696506546838293262682742550889
196481864192671481856442894440477101527880806414328406659449277731276288837
152710797735241862047363231017302509276543683106088225099797542823101549644
133082718705201049299074352796626338660385999117071450919209634569524761131
203561625405840655785585456733708324272083661689477015296156181564012652342
147105686420124250584527029317085329972465596013547122760413899089563899988
126041805212894868994588302073917378151362921188831555044811249402952382571
143682450900977160657677544524133423737889827963735541999069196406628693321
159728662781385624258716643886340559378482452815715972939121327847169675827
146988012601682160741201490084599629962885623694587173972873895262353249329
122495354079248472194928904627571643523386675523607664304017040276969306168
86943732951488715287416960915675658812745843948283246218553097036272652408
200346192801626128849664018914331353082929729979394834123161715845859463512
125924739857974210944176418846108444845288980651028186127441868124701870128
143951002402668691175300781457136994214037963283173002271911057109507532397
125910505758512133947834003653524462297027099348025172309654285516591363663
152626658058532025398098099886889525953665453365049742058106870521196533045
179191857612817942605103701945625562587844541709754483507246050845897878639
207330219631628776359559473001581751748984291171683196519505980899036915063
131204310242429674538477478582106358934742989597393755561405704403311085162
89028656110532900484571667992333424383102791960498620821964819946967348049
150908608910292888677247005724279168055703282904830025418476186746393540655
216055460215086457856381377274408880726129852539584934878095827696218550315
173505623616562301516397839783092648663664469386880851406736050876893779025
185969313129627531955898046598160592038246130569369007280976155708446691441
128002677032787474010275364262808993124523212856061325699903919046767833718
152468698767505447499481720199797028350926043611195855591545708452315615287
175299517092735424507347889111004877746035698700612669128958245961309843250
99711585934518775841750323752389894511885596135549354158071915866683109488
115185329169950165486558079538443179766895354441408133139291294874002351670
142095429820501109869081187326935789302143883234876540510442192972394551606
150737009468363080638181311368962004785952888181760959268791000545761840722
200181494468122804423187205800862049342845549814614114759194064707256735543
86944597354300007837214682488039357400242544353038580882060064291127969589
210823075122628141883062990022768301360209529964400783923066933343777993845
92431379878873188605983238277118079363916060215921541709972536207399801429
189723276655266906657027887476740592000815223863570865248501325057137854514
136573521886337856269938846454780367729843492438637125257178261216990216558
189780425618037084465185300060754773504911859083941210781394563145952743529
200373769975000682826111557473899605800111440650000187146086002984728883305
186294207343654605959235725100410479277478652957394965237634407936312829529
125960111322454231771934646635610901734674780018671871139882839610184792141
147140359456254547922045523885772669257568280175991335916199160249805202522
141971812470976253900754214216047520546069972592229208877962827358387598937
184050145506218438086260076111082384212699769286235257193465740856875314039
171710501043983994193388181389964605022650502694949855805440654328894411343
184230618461254341366673253162921873547698844243102774713872248026963275378
145359844853771008002871625402236260783110123717898216705183320247326759477
178991381851590140850290313638465963086155139640603748021528716878262257750
92458984653126125463374415173265383185882553668806237670734210346853478506
196419611253719717127736885619424732642898776694909852309364442680516756025
94232817065698026166016434709455844085252166927090744099793740460628595017
127773518968350250529193855486572944013791863612161659397807132584525049685
118973714001600837611478150192168916049329579943902175359473771640014466113
184589156148112976156018124374306835174739876071717853285875352816875549271
214088510209007082498037406795982535123072848931082377239418375740098041922
92672806172897181734293219474680941302457416706798397167938034941617851495
122730127326085600402957893871177144044131635552840992691803651381884766572
132902439980928809956053938489898371032567107875117575531364369377612096110
147009307258761139893144315496799565477022694321972536619213951531370835825
204010560829592411050668499328167360382744611273357389027729386694602280299
133358330574021625546548391130967093863458660526638357860166785328890406251
139907330026170837990759046448157032208002266145136823609730342614005402967
187645985675794625212177634628528886107563349403889585718655010187347640646
156272129489063040756567179805828315795233562330702129390452047872055395924
147402384751005462777087641602383652500986525090064920037973934364940653388
85563704565765029085580692382145086078901353583227388745866008427203553393
194948787795133374207175086438288626183424538644560260887756515333683819576
145663384246894575461340769039002906871315002784209570452125974924398385218
157734029233206947484483369118474040011714287239060667232771909022682214211
177523091341620530124447119466781092423493298259970395655114703356196048968
87349670462562772655731954549238341432576617656946758300469160534630230833
90704027118534574956438808012396871220141510639965019401956543184169621297
196866716076376423409499913401489730339802144053578978402390644315031558447
180808101257202334484022413081031783340188487612282545880392509661523635266
118939903294527701563274275668424475452826793161925505707997975208170384439
198730238015984811348609114029445544638686942929106180459990578705017630810
92375923374247754168575062218733184018699283400299441470384404010618671946
211091752275009423610629718996031335397734876254314471760662482630452203112
129658160771442786681057195156309326596943554779501358393445893125599949893
140307767065489368475135857177113063638028001031546873958470215708762585145
147354399849982835644043756257636556877374542068622740303175988875833717574
154270724553908732521025415466919997572697874069837510656827589385915092812
127568197171573533900587463566757514668463603328906789669381081199918860122
154428929122871203947892286999089026300867020134959143032743015050912363845
214459267611420804223284269585499886295117379599910542077579640886103327098
184291949908346967312512488419449651525654049030866963590785638841021847658
138652025508007419701318353943290553567156836667613513395693037426177692472
99317541137396698167745809157646785510624344437172934540604896823553190980
117400008207054467773178827513259958854425197554248676021207896751373899311
175314043453101563367997539808168552364424829642544900895218430217533281098
93969304452940465312938756187452609635511720661186209581104790084218205258
143849277766725643307255290226070156107246137970089540481898959950551406915
95970864183084572089207974294351070645478795255486008123560864959705798219
90442650450422599370177547906921581759642942335351391041814485201243367533
201802168299483656139770436377339089440072187027003798663035498968737206629
101320824745888274463659028741857555214823303614046557881814286877272135021
139913373470284853110744400931983987346887483906130705578442530124411784243
126001336765106083200382468124191833186378544392577391669988446718768592943
120706163432177345308538828321992788704679031593522760218873961520638735947
76500743281991170836499421323070226473930103723322535007921061706215012182
99305277630876134488990729818305156485608981586443193851461630756090048343
94265840459788353510663298022202069741055027724244503838701359786777790581
88668203718285006540932058105948734157479546262788955194878042770224204358
194970082230866366290317060261534892210528844956614364976569858812173378402
203809734731080754349590663520865507878568915422548040373010484650048574541
214460806643195993932075716987405622120865285634149192560773705216688084558
194873540563316789105069566627734867766989043686137815141718013622497662027
136856787630756126972084068317119946604241262304012858960737121361225594689
159819220277971828989699601203370151859424517466854566199135836893978645105
131563743806569930878651305928351564196202005027208439070128064321486220921
136815216658846424253325082545957164284105278391705126617692952093571633751
136809306114610520414947128273777062763987707964886449795573168326208082791
207536951985783375487726917039375102930768873890156228338162025532776198003
179261707128070893467277306098693482225736728248316507296408777977114948434
124426952761034426581626272308757635809396762073677235436945853775770365818
129699995335099672821543378005246758809178456619030549837119646196251834418
207062344225889358426199172360735925673648992184615767153717282845630290531
216102991444036187917810191547831862398966598164112125954991657848868005732
96192342868676595463250319489899475132859886551634752078180155902186383175
133020439537643885484806914071263293013187548216995145620345442366047405633
198593287715252864860542561371818811715125235006396014390151099985884566604
175665359776069308134498275496695221791582486301567082940475780502488110155
133240570579331237077324364049425722623118596771546498205094782786766848838
154069204559996969181943089202764601983360270433538915218013387334765211758
90912804408724473516929129222459923552880186843856991170129401856377059914
193195522326300749100540439870321591578492978982956151892411697784493075275
159797919521802677568506640830906231723288437353278348124975279508608934999
126138397461703530264818874452359669432419609274649215256059433836360379235
203770027362974332912529435566255000731724918962758558553132202458906649666
159839928372325815059786803089073673786794562449618046820668313923845579637
188081546264960242292585900442806328380351218457569919881421072115696675665
119064354082788684659152420063271735994825061315791398956583007317584790357
203521373333722020369166478289600411372366808210840717855690702334092265807
184222742128648346077456734805515131022033818374771080824624271768895579466
149108408794358052750790102862517898772481812521661892714566412431616601164
216253881949732299847196930135310369342344054108193738644535067858298680164
185989427669958873233105874476646383024322229163847547742364915594491998003
200132724889698287537851211454899720629170375555553302516611330998690607696
196666675673204609743560987467557593385557960628301195743078595893691372341
83796480910035961154770527059687516337869455991758403414019629188264455242
171868614387534419828980289880544710625478770666316458220270916058972369717
182718675456402357214473723533297962182351015645858382619602050740843206483
87184188728597932318173586180222706961246055242572352072424308419794663788
157604675084946687547115023345984341113554819178946295694848823204644351545
180752596281784812225925334760158494521286540237483883170686637206751497317
126215050050691960833966030379341370453365135050818616490873526922510430323
156058661563500467705886172632318975462497041923664078780832383638218094928
147348598931036262548217952781427453721923387014549719856147322538683417969
142088960272128836667722766554690101963444455709150180402415755786569346168
117124878812100249939882908352244399384980759400990375357572706499855270265
76804505111483063199453167663770098688736574026633241055497612332581206389
215951716144759777302762784673394201473106252888094945260479069382979838317
175624810323061145575154892679690418161133377245714779977234263496216180078
182519925793307542802433086228385202451835962121664393099319721279103578708
115441371457861304792943070236413770942591905396991494095217733694957712453
92389992132206731705531008174232762819386077117252405258740936566250229076
195121139861983515035864734995260735423646522374248848523003951424188466497
99497338293730514898988026401007442949563067840048451463217092918970495543
184486332477649771369700772010252319761625563159126164856552225844436425028
214576782434569866566465488035346141221236927189170865347299267047816973109
210872034401388785337560002772784301277434292634869531282280632343055004271
196508578552382420618496940408916152916643002760498407108559517052175544145
180697376019470452085620269928043315450634702752252289086823949976535972205
175402820350456484742386720489480218800560580726675532681264315254459682422
124523124149507392269202482575735195545027737964385265981720316710672879976
136427984285451083923006160398115115598502616524758092055664243852831180647
209318332265268957989839458033181357731836927885564936437320530918732094067
117193087468112781986376319256439830895313104759551809953704886833566331992
120714838123245851826003947063591282110185221624365494421110989475852928361
22981039163360088987881518141
12
