64
0
0
0
0
0
0
0
134
1
0
1751596349
4
0
43086
2
0
1900360765
4
0
14708658
3
0
877079417
4
0
1957927560
4
0
7227238781819108669
8
0
71189230815
5
0
4992888011425200189
8
0
233293905279855
6
0
3549737231195993206
8
0
69914225211749814
7
0
13394045201048779323653700925
12
0
7471303820137078675
8
0
27919204088000786575601782077
12
0
228574501065668216662
9
0
21131198729112348085472552023
12
0
540629249531405775040787
10
0
132167103875246946957458505297001135421
16
0
187141640256731863903559964
11
0
145485445951683783540120508443898574653
16
0
65869988067566613660239982998
12
0
65539004558370296416837117264431957847
16
0
444122194507129993120904654357
13
0
378810501145422140748271755739672304765086285117
20
0
4666625565717925286650865516373331
14
0
304903223315875360152778711214856207898372361533
20
0
897785448797240516921551554590086953
15
0
652595698840749172577585629117740917429336433520
20
0
135923649916007924759330075380757351543
16
0
2217069257053003998026123661129473097557252605564633431357
24
0
39201142305698503940318746554223957353757
17
0
2439187936838278838926849544028916954538360898850164715581
24
0
21737130457057762581897698900066136591576210
18
0
1062919400121018471084009955202647985016954044235978996051
24
0
2793703422954440287166999637593952728278855358
19
0
10776964413659013052856434846612244482386663558120398128614056869181
28
0
1047570593975012266943702246311817197139191470503
20
0
12237293541065365655881254809426983719537482722005774961108068688701
28
0
217761512014425265795324064043783348907967247945068
21
0
11406707306177105922403608491581429931427797446325103514260406219123
28
0
47233972720161939513983731500830475658941953446786018
22
1
180951476568017335821889391662428062028049480995808280789646568539435591485
61
1
0
5074761808164019804349078635709692219296899234980642427
23
1
138369376365451493257863162135009910490171718617568225191917376448599453299
61
1
0
2855606819828458931989739566001285437057117151587163426219
24
1
177184016936542983711278867105957834358088559303661124375399572813394819122
114
1
0
1381984646705931875449046106206044092774672957913427861505274
25
1
90574568498464402541509957272109903290650570323752878939033502504803578957
297080929597
5
0
14071027406284647227531661799044973897896355328437416134888686
26
1
118912113254587451368877105083022077169634407152768408467311853467878521448
375714165821
5
0
49418372759514542058429453484113061780230365647729039055186874293
27
1
178915841650815885757789205510649947787823744744125536133495913740461239339
212354280241
5
0
18270371608583223930529654904709539178317979832390585162875594282228
28
1
202031216738067862766968938605474341108456062228674136708992360638366511410
907299488083138919741
9
0
1876482915558763014853832254152367576988692233774030164656215807258667
29
1
145505643403205634915690117780423910188177145957293531244344440198922138733
1613043106622644384573
9
0
188982377910670047401452698263951155168460295376339475963074032668106860
30
1
125793147619063312870993802436962514961600612277257679807571351710930383462
1429075024694351315571
9
1
388347522357445750642909684597089597604539698212909409178965928544971463613
0
0
1
88732066355263403476621730549689311498094158084405754132110460301595521652
8891009057090770818686491114813
13
1
28665417207045743757221721655475922904454080397977333111180307164317541026
113
1
1
122384688256230391659517988629222812853794328393265500461758990102619959631
3919729450408293025562212844861
13
1
100369913888141960851716385559780886916894908353977532434366421869717160260
52987
2
1
140113820877445612259356681281261108892128576141862699675036788277256475222
6121445687065299263203811604279
13
1
187040813844546944005981290117726646846802021196200025808505935562803298231
10616244
3
1
172077609058734779440466235189829922025962207029751160200850962218569061711
16494984276970109232576664783273494396221
17
1
347465017614687952254563172965772575776286449026336820976689220929261385048
3635412422
4
1
212542116544780827013479209506689961211341677743576615343909101838741488707
41238381061720797821748326427170170951997
17
1
280843867594513526457779558678155494502315756334429157434084807714934039973
204967390774
5
1
195169718322868177347545919683628482647183659324130911390323289721231725393
34431575796676866499672039535657798415410
17
1
362539170203650480055690102831412739947084197148557472219501641252252945474
85110697151563
6
1
216136905475620237223573482451068111043440374333084906057739101990253120838
124692461035422652765587363096199348598504630467901
21
1
269982669714821274089834099923081174535031429023332366212849315656280301071
20043205486239983
7
1
193119173868587691713618292705854666039431736752685329586313543817536100182
102821341442970956411082824134417848972294312900669
21
1
359135650468757029653840610218761744102613407965157919023499991504668661488
18234210187750853905
8
1
214121887166074764924059069452875116575974072251654129856092093013993678458
131914113281140162804619123453259963685304955777106
21
1
383085568957726223838882469948340805614418061915864813252181057429819339382
1945357724711166039486
9
1
88882613130365124454122284642916902864742208508562862798839508279641077554
485847866930252196009409587122249644272654073829444660182333
25
1
284866193285023724375208880134916733231240928738421380820816263704001897638
176925796671924494366807
10
1
196702824449754861651329775372222231209325397393136314099734385838995699545
642992812566774228665611162400138236375410065781408638853949
25
1
251750310180368206017559079586904413740325121921595718263756330948396570215
98092102702485764553222072
11
1
188048224813337093803222484049969900346195646591623219936895222422362606949
340807493431849949334246894036175122356242594358818124162356
25
1
24766185491770584973580730365899287210695761242551815930202817984623578867
23025860620026907824296861419
12
1
120858702284191212515370443029033388092550338006438489361035916202295903305
1438084715265028505176859514804018518690856635812976922253887727418685
29
1
178449707860846660035952716051314531775803344502907376055466877311361968095
10067663303633959198397704450634
13
1
159569540651045905204490911649466973337227634398983075999407140039380317800
1279474911735706491059734706718517183942333445107874809549184194801469
29
1
250712392129265125549731889630309103302569953413639844254689388724272883843
516344929966819541896166304955970
14
1
187985250191349065010029805857790398372845883216641164420878483636115433301
3112449799332210751205913798982065189329904058111910158365373554767171
29
1
347592349453747916222286479462176902863661409083494379976949994597449126948
452649694606260133091901218477027381
15
2
212549259035029417175005870333941858602264727177831558830484616242463722287
152786392141782105014558236370746822971596778989859649911446376278497119825
15677
2
1
260039903373187300614808602215965514292191497735580776431996076551957109509
57409112482539478342628663268292434333
16
2
189889079995289531648780863063991972921190490856938718849746112104373779011
133296349436576757322984258414817669474938396796247281537829042238538205018
12349
2
1
252152266396994862346264564831642447449423482445248570747931913330121650334
77310088363952531984187023620811578374498
17
2
188075211526146059904915599786326740428284611252987231109727052288433547569
99636748486838308528672649688721074722732949390962663403726287008366748979
27753
2
1
286124331635119032503878639713627062529854972400803365213609292715527142076
21129879407341084500706338383842316280612758
18
2
196825843843246224956140260746588642069580359785358213258121608365956823160
132965034109955813180659836784906864214130407892014519505108169570460325750
86072963317053
6
1
289449450341366675332955826370448663138310841876992837904065697494757058357
3208099725498331795745003638272367617314286820
19
2
196515454699581148471103259418250482823504764165977953970559883055618609001
214577678865927987546385099218318578212097243048083866413875191803128871033
58778276811069
6
1
4887746813603907705242824296455083727726462746439707189190650253188392122
366609920510785408463481658676669593990543654260
20
2
115640956373348590863599013918279351814865269175676936910833546109873767000
207565204739954604825135004713294103952637524008524014853724863037658975089
62025140678960
6
1
267662753284442389932487384755165110955566851764271176101146471092933130377
338531971487803608063305238575242475837413272126774
21
2
191172858214877278191724414315242649772969683014069110332345571285014246455
193403983164580273933669784527166795688956534200756658142330558555157002083
370545895152905622076733
10
1
75501791558440181270290548818005003251517941216523137571012482688977677782
32009143266112046956333101672941981240226721798382087
22
2
133303490656862379287092546358183137950410318280246447418200028293993873967
94438113901848385356784709954116229415790393675030876848231768019133156470
265713987830124416295741
10
1
343890491120099079362898173882241472153042498047672088672013500095377827814
14262746747292619677243580744005047626664830910863411159
23
2
211036729342290740817753960483749941478899449469197126103900976074344981039
85432576432398339337302050090439769591930009224229783201256542780298784056
563887454040676042237528
10
1
248852258715808228455854146545098769631470709384245327406028482629504859366
4968639040700115005064038516758446525209147813869078832311
24
2
187826940955895919140578959440497538778785999533179591057238667870337650026
138555450030591020302532465949407293660907300745749486091091908980542632003
2423208609977886847890123684003133
14
1
233584452397393406364542991154259161409567392789292314920177419358269064545
1231277736669235250650678369615366645509996673961181690437180
25
2
184223631070957664782217794869819698231669784637707872239465925563378329928
83375453832193028621007901725158212857673040327858240113433366713038950504
2361665062765032906984136748201789
14
1
149278588610917265509967361591004210038471235301312939851541159990049649183
373675417064180211639936943410977008324619050634630226546676751
26
2
152447077645265891685106312931827938564534363717193904167318604707881381988
184452063566314924842342916098908972489085136822122228024867017968667616070
1628249655543451081861164817994064
14
1
118906339171069328135772310286594841201004186062214607049742634521230626473
47793733355218624726784837589220944530308913417939632275545734707
27
2
143449143935870142768274600887294730689362116774610558455958818264017107062
87282192225868623501132233370993107136087408610916762837769097179622951783
8919972142912804443606463169336938285448509
18
1
349355226463166054227785331322073690169341338076940491072753123061389653668
845849336547372096092562857311874128175774755852085062598936488930
28
2
212701049425612421903448715665486297760963829213452319510340987602010911281
180965255608949899425986426774773288342222185332828657581701938012604625753
9351028990260604079605617855615452775663933
18
1
416761561808681157189530078206725802612136668730828679931753653323486200498
4340574884418438488726857960025572563815194731545575870279012375456502
29
2
95708362546418367748497235901637502328258165375658079403022678433157115240
173823350710412656195042274814099505082705635853192296953964629417953542743
9002657138799240577702189797255701563011634
18
1
127244712769640022334300711323421145639468530736507460670706848827832192669
502692199787201208786297904889038983662955695077853691521314657665079569
30
2
147099166985409935783963901345744738867502114535505100157325193383661170744
122307609985419046371662058752559763859799932470382488083642543769536198726
40164007152722909568311381339414015091982875921300797
22
2
102668522240908693884743697443479322077225700632126080557412364197605038304
337028539664524074819687697272151579799960072629015522476082654147892624936
0
0
2
140301859874048129349580247332624631404623605976611998986040816120902732385
216006123922842045880458023408658414974550036953251014349827634753871181398
43567650936619646699974764015310915897092027286382397
22
2
208307871279377031218395388637040635597999417616264759245161857141116010830
283284138724643730553055979301596299994295148001783138669853466511252503125
140
1
2
177384167060125388170070608341220815773373430304725736022521102411592913739
129485852372593566023014072819375638570297178592893275070621700900622190424
18778070614047200945149155433636450646786362546345805
22
