1
528
73374830619740932426911649516967790330873062441883960190789880240274720679
228405615498841031772899785272360032470394288598832661429161753688831596214
429029509991847037013167559047960378437627228078527514132918813661022338365
228319403163678985605088723249849757501231354653398027034934540160257345960
166023626278463303522511486790298229115118557430108230518446854414683163997
340225920357330472540800535644936528534981936308735957598641601742688485126
19590951123403467222398306892338615005660586509301367043986646627167813844
226239284368322822392171540210827119528997563540383917133798683726984768644
344219330761337690567586136409939538062712739605171739821908573642206565727
323232237982450588090014210453849653438585998531180608910242636390844490497
187290025158043373815527163248809830168734697963810122312416603912443431291
1421101661230721786963679134910041399574869388054358262496320711886265185
299128021072413344005220147829316962571719030184279446877681736113757288515
187025876244059330382807382071512647588293596383314357811982211764219121515
18104903661193507627573088302645484001921584910640387029756266796667670022
145208429054736376591134433225339043473928264326433679351880459326861550024
54893054544578062113397130558564769525192800455781266051994587299781060748
335534427335927932667087556263228395163636591079852971990360321088215391068
422709172843491783353689659011052824600820166553116236866808301534441508468
428889891832843210939769690823644114582455371053024381395018097809943650073
111304926617988398305267668100510696703121124416850030366356908141340019915
83300598489539534564471513668207758772779896822969122111005900923485813986
37474768830442175761883915585441274208950542553422374115267940569262024244
390171958731836109125695394158741034067584713606303046998364932808480679506
414974728914691475805385233635909784314277564803715026749998839205484714122
223774520354966011470574601387160130831819771154331632208128870720701810149
299632797677089160635823836204885651451433368388372483109820916893276379307
262777093259427456395386883899391353808052613500764567540460604488945907586
178977561946584657389070548853481165276736392077627773447640263258001702102
258661460440302685456186780327986939978020813879862599770711400471544568638
266493443033264069183188241320794120460498451259461214512623747372925141506
399207354391035382583694440715518965678079021284788946448761365257792274547
37751953402249160877180304724298184172180117606150163556467996173289997063
430506209639340632914043448298278183416744653091967217014135570933533879500
392294742169699126974277649115882239405401050594039546780343484710891981189
123201230137786349196922815992296450324359018789946632999487366535999985678
52750170537546055976819043760466745776870922308612997939931177529362838794
153629588691381003801712623013421471219984473316146445975366467812689112554
270491885848413469884280788199665599549032280191236051659041114816951697597
75935545633805347803557521228011548961283656750836190697260123598279738007
88057349324993111644240785231181609010151927198773703853808422959701233413
280735092804523171537394005454562393254418610231463145465344423753551780086
363518367618001247238796131700518788133012671551610072860413784213282530189
384608362383723248142398621726973511731438944033698904695983493855935248209
290415252378342041729509676431714775141993191446586453638107739876676339660
405666265863818712248160196116502722447351967120983807461945330481646840161
99459798674141528350758901573413753680314801786596077320310187475527805945
440781128949125720426791630057453863622939116533877410178909737005922463833
378380158752396798021910879876817748286034232379384430656158907126538281072
379195867080410401209742041001579178613112054362247107708492167536459896705
177242608570104082028820153633157308641689217102785705466359283055347462302
98522603312809815877165520599768484294305154976585935485523364120195308610
117456716296377945170440323698144892872123723621118914399344691901740733941
272140754837809288554008219484434596507840790164987299258671052018306200774
346819883692527580368663712013468152946985396769931710236381665466771328068
412564418751636012286897205789722887455944306415738202612114281480184533684
280537273721027080125829654551615665021655246713377456962105746784496940858
353261873451207193612868693050721884639367193480142354184412095065120156411
140826506402634124952317971714001009651554478393885029274918553133852367216
279751568550640681360634333557995906245265412609584463253040163403487266709
76893228527363995428102001928630799375867163265837634482375980031546498526
31780078649554722184647022135659221072766134568626476902849651951686847771
244229359092792164910439781874350940051859650214343106187925060471342455498
357685102675604567156332244581909865760550309509526039356855429932069947186
288527909826085850588446111560424127246611266989480573657205598559144956108
366379310795194154405045807958814474749598733681422583973994343063912896009
84782852749274417231861142915997843875747539460195134693039634013370165963
276398962490486784672329505065697833987765757042025921737338536312448542619
65534075551443125987408171750939558793604267256277863324871732961395145545
404097514861559621132871689267239176902558396256905563362647150771768177236
177263499186378804618943614733512120110713610078701929271154473842034613703
64531222465869089302831265501690283917894920602410641644243204325357589330
248295295609588639080596193444699525275127773684401041547127463479077158246
553704344615824593778543466077233131712322017952878771519748439277099349
299737468203760108824057223186687657068377889461496530506386541551678209518
135261801021795760716794353622487292641840573123522376734870648377304688269
101052446555875645000543254069922647056508576059996709564313037883387870732
418139904784631494486266066224999598852344734730124310068535071654130045462
205233486915940591596068067812458693171964993174431275114720839490436855102
432867441957662898166593821119521732570720354176909302169124587781994234030
305609496216780903219486598709192313583613616776090598813588016017571702697
303764445688763106138045176994802322850426819336233411458648715715064333997
91352403521925808689427354036015352781668579201858467452896447619968515750
434112781240274724579474848321440808748332350097731036547941776807059263073
297438785516892749157510752646992348486864515147216122244048631396709306224
284893434101523765788361031391479225382942456773518881749610633075290104569
211538240275010692834145717912703179195696165478363821189529505439712605151
451303589821726963267180678060842563193375027343851639114853642625841736622
292609647111797986519644894544499805654278334549987963203782310463123095484
201230059751567552434669400379327555074665227533574439444864217876259281482
166972209895486256575172827348397918697492955575800627808814198757576198935
241942590047858994570767780708728687256069893397262175419678247570021508737
16114462076257269630357334536050346374622038464431080553671218852430783513
24718631145632144536636203037284204213246690802296285400189534013481983646
133260350007688371291144734765072256974192671951404549560048459798845007028
382391182185319971317012885062617714184981039934104455747495906881447668901
141596810295586222509553974295929470685518370212128415231531885931566476667
215547289509557415160861755623781899444404819366069132471863111524478767874
24813710394389393611094926484868188443195121873518655105890195940624520553
49950584323555196496468784343298108681319307169991618552031866519209087919
150874003234568458055051609532660533755226935537294665820401282147920410249
156492529403207923370032144621738424628127331933711290691182478349141692189
150661226153964939631231657915479343295752856882459222868962900526444625515
294579043882408642158388727186708832392456036891901405730092612069400419720
378398281470237119214481479642173947939554249583525917066525340326438211257
114295901849848981479040070931055303644400181395587025328461593018509767787
30571369403424732906216530220657578569073555177203899085504858293505200137
94483701021043396489776904417878515208126754584372383198276675796370462060
356931933000707490774522174492184267912214325657819892348578250942333022977
405379070723702175416487898719825371684984887592771535910127137224900173300
361318702645605662354726573517206929735392406291446165999554122208364600156
309089307711960194601108285622030323532844036558979236737519408271204228288
2049166581042134911959719617722031494438678707826692314722080269280387503
400538829359531433698735103136928441678701357088351507135040915682360104585
342563501278109598203151135629942024118943539877951352792513304266296479549
303496581470842642279062564010039519162277274784179263163825482330228316797
185171128060597248170301006258312628076736229544035150374733293782682316180
192358326750733861593326932052863104720391386966401785752137516711992685939
375893636160473685632335580776564039330646442363342230288607476997085879541
253529310460517354803543729837884666220607411769146624451810929656623121283
271470211473701549666623008646357298967995912830870658636258231676019328236
438505620391261601210422910129162206370248786914447650415820190550004123790
55485977899025178073515999719343845549262474149853374691944986614059817460
395468992398697808236858382044398077785276595135042675399619552646679266762
70198534583776589954443554916394796615677469222281781649358672112936819178
262067003754766307996542907703952938681221275712837717358541201959615842655
210822349702276499995923152799537701014868035848571952962646234850898899111
314939024632690122031036174880770989320217405966248744906146166588381623436
389983043992577352076818535899071470661990314884862037427124689144843758049
47301159708807215711386174894269614806028758979888336135172827340202398822
7924149715203550905102101400836829558216020061061821661525086404545651484
416990170841708780364869535822876690561677061519856049875916274796872050566
185697092032158042242096218290109042903697187443026840017116929770136498527
450217808501742276889781659945521967808136390187623823696164952575907288214
93372553672997139929414504697455803492131737755494694317480365312261471301
229789403353252003492029540407650977661483062190451420060292880083004046372
230067660642033925223635277452220237267056555159617650561326330589264234876
127695742342084892406459030578481834486744186776197018714501744451716902651
172186718382815565173691055653126813016297554019015299829803176412034823
44724087786278640567802879454699954791954712826801936797414357687147715332
437889971274187219999264105035901446160701798603760903107143097850617705769
301920625116972700373949044698003250213563328556167565955344389796251698900
206277574703551292348302844536552827806647797682563612244582395920942483265
426312990503831303144637826738994320623140036705612368438628899666731747805
422509627992815067959288977928555331130809522774938705522797962621123235226
21036576415002970994344657659441777354845782125103949848040120866188174168
247442546364333522147307468603933362805116501670194116014838838729145805571
113261793287168732514927320802424193127260068507271199564998165567182288514
211022941608098460769118079983745014614390648278228208758222505042487607338
66915128020889599202380801252657458604291099990801690238969375681817531680
40010147179735190145812846489265374095379555034573723427310165988860979921
394421287369956766374305236110678548988101665617296355681400863509291773589
386927328557783423362487232933930135040785019641564696726798076419458748590
418215806448030037550021799568074919497937207174054699456796434575298596277
55177356132324724692924949558794910858341008378193346914499278974705700709
327770787985049502960224787575741930404012310037349834608120893751747986393
118228429348870277561254699552996560503052827903848331670993847457740835209
12924241874027586493024163272930394260536610136085961916789449612234054267
81115844710941287072813015025916871859782515883536486062969073559838859187
223518042729419283689982772773488304154796421722225751622195247429246160187
142219922804350842951490363092495220855163124827371867711343359361212490523
145082399661473777528519175578650381061039525625804767717724437264242329072
60982547710309229195451687159876494440613964140809045354457775502185695108
289522574642429054062402112954956715986340843491740230939752245398235417753
315496740572450955795495656439972592579563615162615284513871808164189760685
140224509327730703318719702853972822894956662197682289875809726990751696292
37879180137784379266817208419217279939404713354236643837540357964410454161
265686429069495508181446130800023946737769615926617113322918605934223503652
186120500120933243749959532643105028611153722140044926485369135594331251607
133439037169232663015647992883211381657329565919730941308097265201871987993
335166778957161595260399806693954520133837221041823484987781845937366497869
414110063899304559849664536524420241038705304303844936082264027895395574823
157344593909348296811781047452526676017029821322763303168025683137013862760
280392084823669016309655270427267402372790818334928272621222827565484373790
3662224245108834830971291955134383803960016892325220687370539357513251467
27967057933329586062376206980087333423291005659058243681940195918444883587
394872931147660831692146938666682632383746837193843134307856700060364574975
378578693638464825286911047465572290343449680667141764741107395743374272097
449624360968995780931053263963828636512779000189622517426844868078974978441
185022807054532186973863207942164623300255798738229038295264305598429830386
394761858578387961618008899763257333073140542660722440708065089417498611323
397663195494273434228911336753303058893411213020546810125251420217099480285
116568817456793155781831648426394912473887572588796196898402029298844256803
67351042824198134851676673703064100960493348047259484246330519208507175381
145160258577710295240022349850245138882702230490002987692961292707530468722
312056414233191412663482959485571235229377589778112433579281981629880849812
56648478097760735555218516816525180030254030245446293490221098461677609727
137303215213486362550874315874720712367920260063276192564724899145443227422
425222028076777461237706051153446453787499857513819393377403045723460217578
348806027657374007103161365907994014585983756693987946120166198779816477787
294111136785464512868740924944669056747341178438512896197030956587208055730
73197350387894629585130219858023025535051903277635364946803733574785402829
223752956369352008891556736956716398231944845609536224350450699716075252640
415595134310808136977017930689988149883382344794308526547030527408092416692
380691111202110283598880275949422724178057238712842060139081821109102253275
94215750668288506582378789216883144436379828204447111809097040121914600967
312420950630437571753078089152217231360327887071323237817146444288122772895
356348413430608454976755933356901533267373311200162737722875577388412403391
190176153268603796401022764086561966110356802957695847883288770585553191620
63480904368000485583626246093218826774009765022061588392966514453393194032
265067227274402667405718014202510192300104346680174486619124791087931155642
335214307683816562160401385624899331766398959788441643854745538331577496354
413225586596908949714840153555200939242624568213025356408671348098845812054
327996422094602965812275702119637630583104543934755010786562985391824412297
243709544932640227982043060213601441244370660037111537474193095441423358873
46333842022106611171520231286175893499285348829904411045639022687294524716
351467645032723319459827155841530107799332869842507628015024516795384290030
131824302832465149908463014496241708278939540366047162459751878882389316194
405045190863622974745199110872049364051196236425245099437974361830111699086
404619404145237633283906675515907174869843969211941476867115243767785949283
45084145418100058818300240929609038601981793860553633716638551369712936681
121085092924449332591907384017577543076906626121707899810399563345716518710
302836567725696182645753077763290217024189358403361765653104868700423653473
283134491182288273677847202482565754158799421775118506315895592917123673362
80108153633461805789133628788712506076812321349723015049130291193340108338
169007664556423493130500419344896103118011772818322508533048197614787983336
300187903569933318028624518686161859540670777618055859777641100952299354364
317198423928450053502277646506834555697529864560067471738620572374478050300
17374282545280226415984282699740174925668734309269385168184292487500440596
118900862266022212158078426174513178135807841924557723003417961804768475906
93593581824369230820525376957855046537027985342803247731239613452425853121
209779990922059228655172079733379490202362993097077572035890494633824152416
230540940203132253684070541004642845736821153052830175011897149047614932438
35440206655448387955240147531682586752621876480405596877949141025957320422
319872537385771480580241686584549050204670273737857475337293692604229752838
369298606524767675389863425452266531161137542762517023678980837672536475344
285900742574843515913482464411247009099233189684507302839818809871687583181
101532014131759383759737670633979429445991593666051385915161776738888424150
416789539144694774886915566210021903532082233159845755100360377308959990635
131775843104871051730879761727405261506612176346658659628811236447255632376
429463289246947887449662335215054190621896444005851994761496663437158482295
363441978059707990787444179341385722355134523717606169592344833948451039877
139404559514920712574582388745177291866604631894564116522618274599459125078
224224608762906796077770359863918925279989493635592495275320757104373831380
271721106565334390865809573600786354417847415154125074293896551320967143598
274046610107672985661739478434082159256415624645556728048716431228904927610
119826292686335220739365498347681389224489680108786150228392250621716611616
157577705434305836759453922772515253652062846280148342376999246264667580039
415382405386241336485873846988112924388624368244820771407285843847650255831
91737156973713771749963123091667179495415703420554554057049116819443086376
327798667009240056468555407378428533799130823952949498328257069011906934493
352970215783509581136255143185029113861706710235074426083506684817425531833
247849355242244065672482639243840964997516065688596427370755827715584326731
198038347400223327749755990701119238912261492229499241699605654170788284604
148685523201678136945115364276899192222112623374315644975679034040858563732
421267656733711780258579537114328235798209681546957796754598617047340204936
202386175445426076747917999633019403349362241364868611235264207338379555385
49859147355385318519903466933647470333995712767910945616441578698466649910
452136985136123298452787929370992091381586745612080071347552000211313005882
337879434487609352717306405663407987255448728649881873611590816596263241325
70270386972912570191249655488211897561443519399982111869064826878664510079
389678174349386351260627308755003388553696642471542541979214418524869150789
244384460770581052695210984009162957097650485174032955824750954753983817760
394850289822881664919001913382048780880448563390688004819374342927138477684
282109704038068296840811757950340125944475381845373787476989586452025679839
83815196078220125358740632723733203470582171871841850023109993571173696314
203746777972715963009345884296675581528327798818730983828240609584185410496
57170734903372233532139412042346749096283239751778574548829391414895935311
371948305430487604145123748229183549636183587337705026231876346905537976596
18201199158563679006527938122762895622246671575866760115605514602314708552
46241143900061585859499154703905536191598372570537024977952893970926559565
12270152828343079410028186068672329959117089922484716604322590231565630370
129758805507908826553066917651190780829686037385345975814043290651342354313
301881554100686513531103217617509401507877195023174543945650534909231966286
369268261563259367417495916220884216226828982195831846826180678943734281762
415986194127428344725730174500632867295155759477309575452745709198324858566
315094795605405697162397879906752033173876146333451014905341831033786811955
294168356592438905808620741865976926852562576777441200234841277995523186636
56708805615139604243087204059049203086912816391688107931392201878432597962
193571488749841232907676136909255183295182985595381166736291353457630196443
196314852728076352097088135654755051040166458432293670835873535599664436125
389985383548212149447149031593379420737113220553691998307404029116473888854
298716936276369485399344535706976477736149652756522663947450504869017459093
129168396791212022864425284333183481393419209198761824506313867992167218774
136594711831491759793761007778000135294337471241977529019030547850294858528
324872522349749022561168023896263064971301595344389496885264342654711012832
274345663259800439786551899753276912332509539807226337765759044420320773174
151919728509105157737263477655847152169061991621472385902357450729262522300
296708215322889346961872720383344306256869570372114432891412758998077577852
6836990534703653685799658588397156461712534296410993326031438683450790177
346727024195408991711691713985900020168576343626489345209762984498480669351
186811047314219759504781100607539054882475458556665271395168776198610552611
125253672892493149411697837271656517233160320839409125455085477242033464048
226206894727094612107976992146282647428447690876670544292824449507820442009
95689842168874391049815485576833284021137996884620888526650921086815723648
244705731582018130105472529285487846944104515621699583447140088269091904254
425717347136897157249517980324662756384632876290546759744503669496853840337
362909650229348070337742238149160078450842059265997822547525134392227864212
67886652200665376880739977430647881882442431820345241179454531428736494420
27255168936942407289215353850755486265766019717913979806642432330760310421
106373816879710398477062557442981507113954216939248398207867676454413927767
167733074315383447427841368539821395821378944176328987268148037172410261580
358515911705232645764225707858465562346234466941196681977383554510271426971
35167214351094763704610918020133812226115732983899975488791067803506887757
445635107041373551496590475046188567650588274899464533602691801953991384998
104964209005992431863252631393143656298304081693898349657565611153169214588
382140039532897738365361491573657981582100118626535546662115135643701349909
310840069309485295650187169906478130726468192559052689884882212824733361816
27972150030183980609828053720623587751591966968855742044517034680314305110
204124342782038453701829246811706343116047773369049347967601895044991420112
145633302621781270538588891934624981307214329872581852113991598730492395296
351262240573061312947898471054281843828889216418122411974709005704657488464
344832649847915940175669032653061732326139163793785113537211358450734435694
41031495757030007943607625168104728209775520842207914072869223549382113539
40134432746053572660114751096849965442030352795095778886393910338551887551
104352630101000962118585583366346486224822112631938656545552280800665499498
353033684401261000063086311447349425174940620400601436998198998939448909077
101786661648982239236572251228300264775384127453972621488893597213148026323
359025379239390997264575913382596648637271119077078307015763408551081370529
201298033201041457598000079973907759796049982271531580757901900313869511328
443243333740919911129209422841749648721085487672806284259226074595514284602
172654357731852249426248044168157443062669595105788024467638142166687634928
67067854884418908607535065576501451082637467568311888301429043292976906980
383253481094443150436332423735136785391532217874337788592963898333953796797
362935496014881965950566476298653857510400578796183245722955180592046132968
154657355840999289407913855658354203459748956208532604414821018109873439292
3487849485959935532536571323345515137097390442980029728337511567978276878
171062016760893985706886996492484589999095519146376934403729031897809144044
365047274912880125950346732833829825147774221374284624423405764133637003286
164462079341356894795409580691718525718070248708481983077474175575945770232
372266674192506512114809193019965199304005885487016296692060415436913509513
88286599935889212819519823485147815770796772692193662806940448219924266321
404800044001463657223354674004855933791811698295094553566186881140035643550
186854253734643660440950149584744078931382670684870740986321413849768169312
278110753127737851236233029979274805608100823012603207688452683786540145521
378106739315538388847999218645783350299228932106366830847697261991991846867
126868641322409818263164424750671330710168873231808683136858282344428573268
451976861492755540085104319376003979165884238069370710099304136780287114652
397776893538947197712304051665910718527243147968061053911352388320075843847
88545755776100050539871917382029310839498791473899256597492517213732793278
142645001627982147175609541115331579199718017810824940809821710660701923062
316910970571176936102124662445919225023504214941967867152154266170103064708
144191696934556647915893869282151250376646215629403615508937783769881064201
220325713942624825643274551342276323268812046239795521316379400015285653315
8763067937080264929746143987746440323734792497160517410804281610568464354
401169557130863319580730960000970566166389340149030699907145324348049257189
335471501072831793255968662554396879536527506952226339334718254580163009833
305554628525833705865927060000342593538200998350720380212528810891644676804
102264323330830633983766106050220448174493052310480977469745513487701565704
89192347717462860477840395321079573842130370762116603115099086329515708816
113659931876826761118919990970787010077166041382691184662533218009406154233
334323712880020707585956342093941829966224092847732698447328833046006726914
295072129940857967204434746767457614095477735261975076783204227286930124470
328146796456610844345034448663136413233608948458931962509083389600529950733
206411394136308320906428232245736469053818745758176994218756085469434671527
68494174882688822180037513091885444439803392336573566313421472341236652520
5184566454055687525524470258189258974671779444960080889702408869198957926
268864331656777261179654026484210860461486295778589543421409592698900947631
120349106474663800479242421781837417631819577024130666341194796985210949150
299101594237629614107134554215698447315437794325625660831001726052853361040
177710539211128918949868008977433789077869116280220698977723390989411585731
266245753420545903196861910924311901469743677642322192192455037503990085342
4305425887715237098695473908031837237655366370324071412600985988608368815
435060325447729079797501061693196133853400543098108819463702175017124556851
307361255250255541828740808972169647348986219693737603244537936596015275925
59518782553013270861591614759661079327007937959980099323030618032594771455
417534821024203510429654160765919135973810022895941297332465066200440154705
341346503390567783316413654761261827871178351703089867130608339792123881662
439975214673968170226358655330772911052991061769741599430479692307386083322
242081422471625498820197058429799269660117530377628372005577892141188298380
299330048108987241807905579188560271480202268138253019745717346587803923343
98411088802888302365333391860032682587912718425467911534450759748366151954
422754783044434217748308710937166243813013972659606171118150972821651177753
142404255523884795755013960131515747516482758113584292928473762445504211103
245905187500898020085630839640128145398816583757367931862198078813302054970
312071130837985482730408744266131112514194166394293626423029619609286322644
414679268351327322731004745399886413950473264099051501146235605225217926160
225578821976266571015562126936864713870460235074560736194612071081341138747
389849671386310839282395929939575480572038850192404022906093911723594147266
310614914070224453209671987679573878569567920947168528724789679590917395232
352793536865357897083116841107764796477769496920693447274659381091223963191
332193331613657736506138591345670803943622856582773741490704648074739627182
432751323410033220480428042361657184202130208814851179450956932886610688333
301460673839326705322695610304306381125027591068975835000384220464200221916
397095005936413070666769994523527653174030261399700523600939667724731927639
264536065861821166426508569970920885965679505088749163088108337071827473289
407578487515655677821656424555046141040030210189623877399422747719253266284
435781372757754631350215530608166775573522532456866401007245960831444814109
192580333475818186561334156025451612984892712104839533779674917250623689362
23777447344321058279777000415325670137544743464287613534736389176241920633
439549163163326591674076178383368443633887460576816318104280927756428575452
107121328257883165804370225538984126671073900771588906972649995000318132678
357067784625441163308321073766215690991718168330134672562570940288285826917
128745054663848185835390710555600123121447324365724521342801023860592222478
208227721884987671514490376620026035046821162548001622930838906828305652068
16482788963586322829598019980452464496020647647612903066404794328037704229
76954576675527420356946091087913304004668024900130448300234180302405095008
343250299808741478876221287655935099194513771860805914242613716809818468035
359220464697721541230728803002010567123837321772603438011181055600025659944
107217368266702273096640538173171804123937460237325679042372851290208143461
334723112949583245074071074891742980357882910509828237658833544865710505552
128053669892200117435840153710136060732335550417040115875490562664196709341
166275764222563386427446485710968740031010387504590562262497008339796175316
206962321284019107438886544659422138742229593022751735822946820324674491832
131599605190211487999049298978279064951405323321837393094362164157776571779
140466354596601148746835876074092129352143109151453739671205513347218074555
150832875455158016566076169142048220404065473649927333470437596869462611639
215932268468267397153460867482262903010536172058503206793755375997577258919
245262870392051297573098827521683582477879176636616146538742976974596592268
434772768131955005601764688227870997552298921075030987987466004090152111811
428696389675998758355225426930891573430606512353662632746958523006634563764
384507189599234755801356663764510819635946625638234673318910642877435375211
5743041519412492385654488996086382305556808683235823596434863114097954169
132329329862471248034302872576264315359647195595599715427320330125066879453
144637334662860032142669791421610185152206312126940850994378526724952655100
42137718155431449625194533068618152897899803813324551610694992456919802685
386765347914226393383930804948861757312764922976409165535868632850129095219
75655192075033628908660534852473682203719639970925812779328528577299177064
322165739940277145303656771899671046456281324422789214179950620455339015329
426907504555333909318433562436328445343303934251738732927869030444726997296
107945891603159985304299257323108801054355171304122369143535995683321415168
416592231132791481270570240811155845284168301238409394920084996254483496620
120993846211534459745745651693113396775686956007664613449090537356640740686
342100436355369226020815358568600045826925809685136570431257717245345607398
114229243108244988653411045666484637793015570117750561204229542204129519417
54009401365164976419998307187650799390596584176614485446799286653823927369
199811895286691620722012745387170908425262400481472735739246855365038793230
159315418139210140116036751875946770799236169806944414250038847911051586477
417610752804490123866770527172981577129651233558792018733039787221418336718
396370531870371753053841234118950705710470700231260530190696228923880742250
414487578574144101236528819201774007357216907461196782366637280996409699851
251549587569856514571685919450537991142625314871009840087680183191737842512
166442378027128359713896042955238090594298172110899020273151285922744659735
421081447835847861246461199388721448207326354161161889312868231308559804751
20943115365326316052993311495582822640038736153492908060740454624023986021
168179907727430694717488116991713549071954177639971952026096577137417849869
204110809601891524689433115693308258989355797083782566131741423893473375684
134652117376484367794653257253544003112275954974137482944071737136953487204
88041771127496759819967986243319947032201257807382718666780260037870876565
340021108724850021263006345625461213900058104940782815143181998361129603656
130844203406545798672043829095637306083207771212590538011232861795404596613
337220595096741311188006542501113055579111702340474680573920029251313272566
25959542436224793870765625947505414157482786594315753374042060223965902996
46830874347607501008861156348518131693720920081827446824338469580595450847
267743289238664850132421714973151668142928147506555663378704977386199985830
366808234655249258182104766674012885397524439086473023457050209074405696337
427015644127081586529591102844543198231785415016692716793179486604746651224
70749488421668361633057330375532831602962022988749357793881370371301432803
150682497928258229334300177823265248340008296654742377755332565538854098385
114872889945771658095373308793352495785403110286739964500738834121200977823
218203301498038975439114791010933733436507291283805795793755157286819602773
294507654610322831074269670438030455431138594538977324523980122952557318877
180947439832614760666383611651976325279807959849320615601706175745038469362
229694026552964136587257990720857446978685488075490839284209287506868790294
289103829094284342998010217630341745055677540139926988970179190128535195631
24538924970619641194511653074144571370796706623668311666394153747768596301
136899828249514675242893532823770222233744411205272243976822554279937392053
206085037794557158643974069105119779706378754990715136429217017183862690721
229419075345384633492887054969211316189921387176784487056627288436656757410
170275997616106201503507121428745650200765460031096831261090853438542348821
188899033432091691194043959651227200648972885559881662631227372357921343025
107119748777280059230328708675964887298118466897488806363958249222544264298
135837523422628599454100479727811290217907456658622674287360521671969760154
177176343394792122858445487459710628722295120239879179838640075398884102017
384302602360884809971661692731534421136179613201773915831692088591296827916
269027334894230143746600880185816189815369192489255628917534782067234088076
278785313886582771556764479921917358094068061119455109011224117926520649505
57247218985880758241374510440756718926425791578444801907001691108682864864
43209572181424011267633320602333146207312962736574715652561680460648447336
39207714207218327828961122042396272778340718587250786485914437567838484338
264702775571777386813681794788819381047992264323941122386085519909224877068
49047698890005086560507952808628164813712970477691241781403988010290535857
301720986533569603858148082959688626640148712744111172431598713189458674942
349033178204821578621340975604358583032779332537245972906056091023392170745
42286493451411766266676817676377129985241080146374582287050062831241123713
447849084439564947356909492981508423151734482736543661573766563703447597207
393765248530637201055832044370878611922520334862892252697512848051585917538
100880394934533944545733483674307821468918656076558418244407895199564429466
110256032788836842932178971214534143241568737704383418902256878259055248318
75100485209100541150811445957533854791353786647998848452302473649197040464
219931161910678950755132163969119929579701939913960382006235760182536973297
54231494499748129605066169302770846900490633670647312273955378392929576426
370748491895903624873607508466227056139273713034544942014704581817514982642
153421041671661262803568723900537754462871405685023044983871359869309115838
64881030112002893302359068469793271995374097036515400461137629711917454198
48474219052607769208995468625042548243756270036718725103058292435654899644
81369767001662774133788784720034351729863824347154721731123351363950175009
194830057537275407174731972038155453966546635692744849230227563464964276468
77602326957718004822533593675763395358377255581568551624755416369338495098
16711128974522553439248294993489806411138391436484301680975062055490651174
319421202339689722789602982262807934759381815099052797134881679867886254648
361015404415160156810538146763081896886223520339571780582093507206796324363
309060854489120418631033365654669360099529302707263570390772700115005904530
211557100484746181454972279744747629678590268002940658739574210631118977091
71642901945101180793420234699833603116283475941978066914740946641147619141
415693334147634044603920119480378065351884023261097675040086166201739407148
198346138167666359633523631680226547837996374165042578618976115255887840300
136270959645987999538627711750798781304683459979094730042975784082067761437
308232100666806201617852780828486058090557290579674870947790447258447055979
35623608860016478467007167636072446168500508721709397658897585317577133367
192493490336770358659654212600169777773510496343562053494388594142638764725
246592472922152801818049966276218560406517367457032249628253364341449278087
396349261981868408246782281870901964236394972644790429157916692751770639584
56626432049406936441176460403312347582461600072396031636394859055704952742
195113236293286294322277290019830471806312662508624062337865584971034958480
216220105730111396568678060106800017424401328149231386369976717500064018229
178369373808428827472358823726126755303623147290971203630890462610833227582
129372125769891581384359006685045480943261980005997470700041941440093923418
404845822925141432505679618090081178700992208654831056208822727181963645294
343403791850703444509866102732702523378373093616724225185980306864515187284
84137842667217257652152176914154684997475774869538263123510253620758721083
284849722060767398187986905572720139254154454957423318402211657212774254531
254758618420990420398514709019293275692682114289017429179839249911376426719
74666572811447226765048767731689389832840040322277512058352497867619255187
414495281035212634769196249480252610173277964589322191112602840044783111722
382996444725164139466692958572846247415221874129250033916161690650843856295
40191289026233651157413607456037828656531722668935623877282457616723214282
264720540184152958476073804748672211858611839992726424110779223105378283370
12315413601153149689212331868468264070484197929184262238103689456657484266
204268606890051157794947856397274907388342498089795519750977284546951383750
267913936271408643177504193023565747264933139811079790825788281708783206412
301870083562148878096866781733696779305503249931306131261443217736443688033
218327821157111810501708830693293026213838021136403169344049398824930554866
190234665752749064505377815396538271645875634782269820676324024896497193416
228583328737312303752084655663505609187066635007735781420606680404106319524
62109056846989302981546477974740843459748081328790420676498681323378879472
39843187469094276240880274799000734451799904114330851131518966454785978132
326049713902920916306080769990827937594396018179394218512840900560526181807
346865226203005998047443558526472369594861852648336940874449498661165349837
222677797314050605001732510931473529567849431477016988575937675744759433394
162603724298515809818456321456055220976130752247124171559338753328592760759
416299512073321019310575102053099178808152799038830205828518095825933004776
320214060545733804903743760802785286908390743998107029000565570397330939037
262599580850135918295713717373447374532352913730184999990977613757317820172
320745837678470020763264697179191960572732345726245242242654556701956703412
318638271142269660758608148487221143488315893635401210209873958054888513727
277285544373187134516333684091745615773135770957167936398958645702918058069
56328104225876144136317316069158678413749169709034215327291752170408093448
95007233493298706445737247150046108037
16
704
133130490593712936082539212479703887883938584262493232447252738882994336354
155988128979493393723907133391417803240890837135130169476999962733078803032
212319888223648536327338235085438430196028379729895265090175075154342336878
138355030202936612554560060811092792996047682325182106048504588147363557433
182567917449176048380142454758187878234566994981062586127668597662525508178
216055212001847185344384610483818613428021082945478612855791656904501389178
154208127573219468139817675106559342742158348239703690572397693689140301653
189766357376423806751542326179684893267451136133319591994438045407449659463
119209586174679379678504033871275956682954091331142364987450793769251778901
127953559156225935972617537254318136077114215109109130280415846568654169195
194907994968324056349537462143807408068345055218185057365394019438260990532
175293234693312554486152480765262265615016812989151054321166022043827066470
205770564286634151625333062187421087951951804872436310345480038567708538490
132813443725505533930457567285328840246737870181521344603382817498935815798
147361219878913360413378543505358888597531953502108199147545911410281432150
152778494274363009319805468951316666878784719519967821044500813624233456744
200243667796787817015400760449654234873332033873568487478892909740372158566
150701445728407934486374462100698834869525673440649333133403782453781820762
143807949762060973965353755240486585068434299878437242656928423301157513333
90691380705640884157191773636623447030887763086959932582101573525842768967
150908231349158016769797624817864291337706998551402093501717029186797137510
122273366002676688285815542955711999939453960546706455590257953120354780468
143449116676411446266208111145739695870206764325954454336127356321607213872
120735414367039430953789736631861889330459391552903434368088563726823879779
98020070242771919745673481358810665587643221112898702441021490393108596278
191623328799423617582061304282589753649285866176464587456829018079154684529
99704173837838857378628465777958268830594260486176397234739901213652501097
193396865845230857878073206029156908549760669975472820326216962615936383564
135117811337696397888202553519801403435495506036311793940536970204070555969
180773676453145908955955325337554247159053102653980656976293030221670987567
173773688250400991101030564745511131593551863458038794185223496518503255418
131079805943636232852288590862868804616676198570721474703562858160481327699
96211754131583276429083995968112372779870124594809572203260888060019945324
159555982016335510259834866486013072313821676901740865275625665436677784650
136594654158962728855634557460097608499123996879743025793712322229817128240
140100899186403778295965978294536514235642364650567938018830599504262621554
191347015147201652225472955104807805418725213204194772286412774724716491077
90697743880828574592522792305453357607262841647699996168786464785437120601
99663597768358428139326233750047959194894232452779922344184143642952625005
175528272331517495442644812562602318371693028688834792243127870873522565931
191622301690278774251459387103384645716611667109833850166033512234572735096
203575750821762682645876523838729029802124475555390657791110012983389147209
186341575845292184966611199682076512328340097430795622203104314249028982841
157796897306764677814762597201161659048172670013809494676127270423573646664
99318945715427113302584920565991962073663016959218413342351610049811531850
131224745884086260546221919169636803699675512545775062421851162603592896614
131074149390528519436006529735170134566975231417600238359900518060791257676
194652683958601476314373848556750329576088437484242532020730407216837977935
127906271003319152609630080640672993136729507040645539492694644836344091980
138645258571246184892434332354514412296170267496230210172596048939738417734
184466080212340203284741647606362270740336685777415276293827334410348227701
173844187563562028617330175868648582197268804227763512455535732140589531961
133330965995344409668687043665776339444680633110073409678892247667063732598
115550933420499620904126426270931023297094713544172082444370821529041323073
90642421943984861422413184620037616885549898205925585039797692332329161287
90628676275521913893139170467052676272669618753036783147772385884472764978
216233147971175574610362432268481561363176584692352763233215399155698592047
129589189847784889576246019728930577504117119284812178789609831406561932649
191511580778573677704874749575566791859887377297110860729027946794422072363
147181068988121059090701169474656830487603122106794641390191356191002682957
94266972469827473198986265140750527577357052714834336260787902420371405400
212830941808603346727403560766408415794659876404003519378753320044680931375
196813417834071306496079759344470724171884654186180931911866418773726292015
191367778722587628920648286193352833283970970732124996126861721630120624730
87302948436471146168102417119732178978289491810510587313079997445218251638
194714314170054667786928277874644486282218833769148262746731639846868365395
149177106244983059291590140905926899934049941337150461072157805406365693809
141922077789705054919094940896383893415051163666711128282751836852212745061
138202652282508624992527179041586513131289189154075085230855284935604924016
119180770513157648113840089497864253794177929641595877997586848674032601164
210747178891053868644434978341442558284908528644148089268014707505854500981
127559405577234004374129000429583843365088116382386349696135225837950227527
212500976394269994447823556905883483740865196865186768757345268819807322442
154324889721209581575810449170107150921748509216789295673883113199223584085
118920222618693020113723226739680148639219900770983788497702918513761483345
83369035702857745890650352450932916820289977299543758972596062299049452342
212347821243896442710089976746538892752682725583620654613014729437420812135
189386006880250366246255331868073720463279486293892652229569445182858479946
120762805459383231211186347709081027464923942194597574775153184971579804778
87412161919037748744556548025431339096171340138545957659220265350413509974
132874723147367046322842590455114206556177598272348530159656816836111386220
136768084974136830122068270470827045640876017500905662628141948820901613879
159363107598894999815476931748618943233629477873656840544754145916500398151
207116802923232770928518313676078652285914855462676483287409001073122308683
214549582367221123863269279512811442281528772321110538019455247523190432593
145380414975081432182503818731135216158109756827512018184791231051053220912
186356865616973635443987956606197742394508492742339523117093804952026113589
212320827498563838859508869576669065723989992065420904153952242915641416010
134608001300920934648949989274588648087093233059186749516615470818507309928
140327827679867777356326266667986424926595356735563010978412491759738631289
149203743196050844998451692003639540754750746929434056009164952855265113964
90842656416519916297493547189172806035685093919401129080002256788123579466
94169834405476329418148107103719488202865993336746017128788230019855377204
138313378576201490313590958924880580269417865405721550690857914598163560275
195024567873049538508389145619257024065406278015231464874199895783351744884
180958218760052322564744442528702963104294683037786350375353460836426862163
187792344817404266798166235780194140938017236776457357477208676948543824198
129652303086657365515898089258828996948760193822639891901542753077705324849
177397103629538372519313228791459001762297003422460985290967935943127283511
203701382600071705640200630830870342285913378200025526494610049593528038261
148920395717780207735571027500495868316048448134385264494628457645971031399
157865996899340375792279791571041755606981252622811068668075903568403772724
147450936867067892764288867331643521066409720126558351525932921523507050839
150797583949645733741316058052611028662412314196109285484482227843928312151
177149932507631890167061100582490695604459740327790248302849501581549000011
177302015272289112983435232017241586055085989809922001210868235000052085615
196888286754503915848595049159958887718800721059086434663476836545123153492
172159325289667093150679832741696608163134193233631067270225376678674523504
199953768246387331555867748304327667356622218837269581648179357976135480176
83533223858396044701658541913842945048590446266691674177388753094517409136
182814925004291206478872935307615456519355849679246323996583400577126983287
120699098557037644879869384481503907403101637855171546590980656131075028328
200139629282014918141073663164957766739433778053458567995691628131610420568
177301126954424794868789933064738791341085238026000801121747661660417520455
159584127243060807404148145411119618773604671248112990388064254350603994188
180930825552057770941109774201894827911894038504629229083063910488588963942
83388281628315050283449708882223454977353434543809313355197782688653722681
145491978920654377434989180530206720502039264881846402479540096677353769290
88945967940353101210857810922930862789317855409640467135756421192620132467
196943337812153940065072069866969888236121767570043176278850565927149793355
156250446852828829275651881644195961437526315898861672434144193013852825177
117428127657244654980517582858367596451173793820195608508521589870587037769
171752877776721303217744124646283887382866050755516175448749659263993531443
117457057782192586647288478466658260027063890083977629587689942620746895706
120850933394390696004693408225698553680112395509498411937530145894576706635
152302594959628350937847825511503201388537530626229930933327714575770463054
158016788608262671297847271956265813372538644559308975159122474665831987278
125814910120269301833051934375555383231749285536056058524605987420350151020
150646610368897231975501929793213089445907896097712836793534031634714817846
143613351193134392020598922024141346314224090983535244858865215897705858115
147465470829621778359086381561337549068022739318293079380591561535521913448
138541428852421607317700689566764078627378200797590454191355159948634969712
127691538805758324422154261027286964893230695714089838980754410915913492568
85404295454119795785986839383382150590796670390908897009216804887603786032
196475146129478133400520967978854048840629833110299781085197932014989047373
83590182652323607241746604453378558681848532700841302041412574788245469284
152537827033905535927806393539810801763604541131713223092579073934155592006
159751011212173707444107480624103518218324379057956437284416161053549221754
193099469604730601743840889049157228181326717349567354037379340711901095020
194914248202293638716960571699384359978973689298946874607433811849637344821
143640936692868081955782204150316038160172416143372447178445913695244739952
101325974604576921335361731673707865771208607538801911973323162491704260686
194727743292817315443373790277082792670544997831273626068416253226021370228
141737180594336806960591611151101325309649896700993248559466635952948139635
214501570716072647764031174631465709464321138477694544280674934627790645592
185845219438040635472415172644255152882905831255872200473562685846729212237
192926598632223741880767584641586875049297979761579178635365775386671274344
90801570637317352554340691028161396412745442426245116905121017249101542499
202236729266494392117388522133908282959549410352823546656713054789571199826
150866657235208347140258515474696174334883443837362313667674869728084326987
182519383555956254329463819582565413495957885687045861611272152286212216952
202202545725198184028317350347159396883980968231825116084297637515848999242
210953880907910154138098315505844556424566832554502373038192977220410373443
196901733340546985936969004416956790195883708925661183880486998043314047852
122673561440376775873618521721178724697088817458175561255037619470320297034
140059790110792072483140471941379952632899798769810097734072281582251749973
173690836647597357175199985983129475471670743836967911887113962583183406155
127926222816780364130541037861773330996446594713221803452451511687926853953
139942510431878929951434662414895056081137044671554840618035385295441445493
189779623236619541076243722618812397460036045829555960288558853282733444932
193258153236082767978852432358483763867999436262683497780817815559875226733
200131483684810394006256535665252385057941171866426171819532483361388971641
143688623676558362409860153368091063297287225007592393716466996348655793729
189434507493219259825803631723493912681386174948541190419057745196382842416
90504766045789206713703445109246687617453705034496520131025836515288378678
200250539317235886300418096618766776304670872676988336762863791444400895077
216282946254900032193105009167308522698510471185047253959710202654913751906
85320883717287305777109132209809224588419144246638568736514423261365496934
177024865960789607340344382458399047860400132722035592018544723536055321965
186212305447038039518733246658591495944530443144415065621334723467932422009
87185511230482070599722223345808508312482655531044110122297929964166071148
138638653370740721695733144817500356140931419842784265955851399796710272616
126242194938078018329688169018920757256107872800149877271295206982871961945
127883919926919645154154785219098211206321585457224745898029091488433582948
180580289897904416696564280082613856226732036875844708351358221534719600756
124151614288696485580263908159260767277207079363267159214456201631914943815
171953082526650419232005614493931843430270218124070410936318299402387927415
171911781681888828332488572460330093083369066423286813115627553633199279978
180607144324968765905534091602373174780976176044319228494973899883313910337
193196681714748190957706341263337632974247421578570796044771914117413304390
182697567527939432038707829510444275510772178175383394078002818420900452693
173857235354532200207239293204298268512373227476699799050201847588920380211
125772445436115547023102994829717591870308836135338503637396219750205452596
155815643683552290646441742245176066546865545571828261602589449353641539383
115303445015753073068402673367827037400540632870089951244974008402943501414
150522840519703687154098747811136322543422031698001989708314141757025186369
128036517763317262670699544480253780196553795150800834635765099070228685172
138404013161834945689951779389473965735117445222264991451204357211885950320
200463144734347398621595571123691835919101248005130101861287037780097582902
88902833083021868919188109005274467773385721797754810419950081526058344808
186053460912404480482846607209856510218344771663914058097784309905516555567
131563900300975921893329962116631798277579340783132792055586434233028406884
98013648809342346639438132444857820395772791549580765275009411197378590273
122534937179239780067206644487956175232312090567149182245110927566901308250
138486160754088052163074630431551975343537850666764147544530188454507408204
129520903143392236003121489261367638274518822326169033997049172425943708484
143573183495235937432721604670916012179142923990967217185300002101710447191
115336982448052475191939181127189472312040072873810414454901357886479291445
145587307927555795490169113053972133334947542856217436203808170161254647108
211009013239855462176754038902737082291615871019262580412976867636950619495
124461493702783910372715865006170967888514216553956613314503172248478967126
142172182910834868778289666224679794565784255632230703216922260752914002773
193272229162600728969281552134590820073271705805034767199520427917744564823
214508978056817282292272192926367038315960561325929526197106237313122714485
97703262640074652594477345093130476264977735237714998038234842468744320601
207392606231270212058403941728142258609125611339468625487562560051887091789
141853464114876400780874520796901509539380317815899747347718608886409482807
193285468072426848311472490367898182744459320656644191348825212567130296410
143925114631320650126633464222872662864187404621022008891015035353916400185
99759924478450738349586870924438809033794512882416974617332516015827346248
147438217162467505167548733835200151412191828300080370173316390042528086637
134677049297148637653293726298578843116773934726692173407058527507050933114
180986414103810028177051844872500574484927376955061422953361250074225309496
126193530749262941695565577298256586213277800701737404861788927768356991598
87315348113350238505829824793682096336185220448912215065158752965547993975
122674478513418985112274027864410251241892769192988780965497805515302197367
129748094939380696773720707265394287452030237785611338232927700518121260899
115226418653633293205629240997099115231887195307805367985814230407293127782
117304971030023428711541269388472639293980395823296166089392490011270269748
154103628730127270975113269459545633127971855618873858199850195529413654900
148754666924751146845616867570021009532835745029570604857199882398797022031
141916578902959422638478150671437584118187625618084604718559758245489233972
195080511235902444022395437351326806876575460384112344393837687349046240087
117179234899817425602306400977670323027250376924715711414456711383111452011
171980396326745826465781363162282975869852165082670043819350738413481512537
205708471653084966208185901656797791207241395735069692214054910741296081746
143468763313843571364101026446073320655559330841812472432130307426237953901
150661468658045091281737167158891008155911837526111020090568612872994123854
96163872311055002733804976220091028443656531010946939696095115980491928902
147100190608564766904484267199330904297760908058506490400119025775565492302
122474648328505797639749904333991185903671436206756461267124188333910161737
175706824271608630058599750469130096154589967499138079193927827979781038949
115564873609417111512971073699657342034456773592110284787045038511703291513
134869162170568893901978026575360848932528439538817682912631527858269610347
151012433132667373385907444115878092250627135528084063167795144068795756144
115627579064580981562135121267673145086553612034182065249103756324659282991
87316240113408760269143734972856375377348085694654717526981634538605275976
196861190977995067723391781799081519319404290229840487593163310404751290741
124296419011821202043085042266483912992512429117365598352268722597413736039
154187991027131071624722882110126244615882536743166169496568892248479005305
90455619851642834203178814987229792276083131331073838274743523090499453999
97856125749899257719877489075383367411425409030423334270915579739110011255
92472681884415992938611933141526334436471020802756258022579554718974495321
134619839021190302521142535659265266392621938987433854765377113277555109738
131465928492459026813113490251417482589616116233728773701012104178121789774
202181764337495283088768515852359410851893437164115397368918686513876781175
189724948466025475015846873207146080045011531074160022351651842849896351023
122246031969386384431173871961134141757722068356345832813000581072712980309
129429725751950260736322622811666332034447287743041157179710403709742894162
184217757170555906518036651833076859583277241632403082435659728855600681010
99443308023233238345183363491083238370906617182190555618869371739994410351
155995977708818590431623168345789662071938812230689315481614256253931450993
212625181504988523413383494678155426506196959822971741584613160289301851479
195190481176791989210934565959109572180520638870097703449840399177653440816
157604458891116190440863060409141788827559524361944819251842943953593719120
196514968473976186458531581709881635944317895983636134134384152438713378382
181000461836227025545040947853453339612989187075085174165251377855225031781
127581728194111301508655776946258533307811733557597982240140472750511122538
173946229936163444596789264857832127199174821811783946969357073532418994775
127677167465482443912902696006641128874982212283957703306820416670510109794
138409704039830236477342168196883852699320716511597731929659777756510766643
182726841817513588892002750081899395270843541199615810719637620251014679404
157713785565268827818475407889679583034414082527954144757866855951703488560
184313516178646510488898118313588342312741436448488508475073709447354463791
171758916379493433486791901760340653344903421196207466774014139234333848375
120906900474338319304974326201957386808654468715519340845205762020747135092
214370005346528589711186314250735284643887726122622080875794079432030713188
187584028988005025524023476084925722691584626645503955155348080444654965558
209167242510671210682843014347095693318014292713834897765338101369461421430
177239469216675780398104819457156371726417704887540313175169112503956817225
118720018082227414439847695010432695633994069263352950884796621854996519524
133005717730869002377782464028212891311218689553750620146111860974676489802
186217562733311469209773663183778618895814456898428177615567841540740099923
193127940064102947623344125543289755775030345447079891123719380611878957136
120665474572850201361000831781506188497707316723891620842147170933137107267
202194726074752295212981131171012589698632116243906794821802666320329077365
147424521394812247937183826507008036383934506064348631373534662042085119565
191588391977304036224026446240104568981904262883215062696635582554991326540
136718858848423873513569860607340775895638146803551702376700147461509042017
200400409237449592340605552746818261145301364640149150649328523989462116458
126062615344176562310044119909878202868872548598748449258266238793568177007
177232645621106142007370237773627068589106206205125388345897970139304906035
194838576578853270984193179466767011086444732895296894835453907822743405873
196660336318454544025372586584068903465753882041405915288120713401064712296
196590511721412871895489807279977956607686253210507353630803424866819523170
177232355715247318914774500728445382958585895669493492004451872782427777614
189621476412929201604598760281957598420827580334996088980107416040840263489
115145133862390661211561610211994663638781087436141515592198938675197273711
200353227025121372326519380397956988837178109253785495666443816319240589878
172214191841419306994517052496095215717273569839750867718269153568577190456
177204582543019209061076605101460723069704975561741872447272076091751088469
191505484664292170243836454693402341638834764569112724809432749788141146453
143449061893823456308807820822135691795209032730938068597781639253254365764
214254024069466987446670849656765449581495646306532212830954058522284749154
131329704090353481575209338589921717696483541539016613355071608419272189294
124165710984435707853902729989574472488871870127291815151781520320935326823
182747574649529589922818169228460850684311804430864278824505052212289951851
195044812909613483239478848046662252497494702371774617722641901855546823795
120885473623505434180296972924384428095524659861261677405173270326295610416
127760151034084254612937583496316677877479983347467987612616966206896236359
85369861933398406375608028281460259222418312298849352423611428631248192852
96213106237253249160245254606063036684106794176388780487599840860763336794
214611781939284923018701895370577004194855269704556512211026246816548878645
131348925602614003013795434976163038852591737017242013031089429890442359383
95708786208762482104505236222241265467991858720423774936134786627285767480
120748055202221047350019543636006072889293878508830239465905689252719781424
138361663087443041213403074440000133998185656794172743602089040280348870730
189813100435696691422941912005107268322214316663716563941619363370841490995
216233828063902215909349987194437039439869541502809676081686092805626738001
143661962384350051795793777486687614731396290898263050547447865662866868548
212748981869618981680106627326287675796934156871690376253552709225490376280
184320445722103280830994731142778478966273641843091405377242343568936297045
193272580147075694824951936112668672511082593597516991815164365597423397733
199952817897523251260904016757327377715833632746706988824254814710834608453
94342051815366510515154735994903558411184353123842649024021673594619836523
186059602399103755063104170494110333417180960947939135517169808975577041255
154289707518988845468564168027438750550791171782048692127204765211086246214
127690537514210522512867628888627359772617955145824784288347089707331775318
136567047168198832771117410036997562478962658933352294411251713685848682341
146989470009482869189091099108261109070427108617940034962572440024229761391
207338038761562990592085660757669610807670971513061166991851868263466609458
172146139650675921364893469082148561285623835237001181580310417686028439097
129727200569392151053081754269831501928990219384938892586783242699521676410
117344900606574916340545029785886846424817996469143968458406426403255384140
175375759933723983341707593535147710210962337290232173363020770253812027960
196468139596236082797012899654521743532783655609493703479324296225567892589
132964474585796667607058059528640359872683644656606518854552259611513809970
177142630273434901524843113343488758714503332571747911940723356898127859529
175687146262151255434721139331391769395749255493008030710319510749189589301
210822150398507609788915371977027796214273582283699376207033367766418928177
184327135055121376406996723885215911141231731170189660204010637832176887385
214632807645242271110532114977670476276266378961219052512139680175465583926
209333132329804750436752991287506163580017475693706671102082094848689127729
124067254213157600964886305110738104149447005317478566404713572054291669616
88669631650935730294094241292726987484780677879548407975275095731847261034
143621490752696472098914160862260706249515137559667826005659222193091078214
186266199530540100041456723283938860353934405065219398937617215626268861555
203942084481273755364000745402445238621114993718995625686109486458029698925
195169340782367878884672277692402907697267479583409989936631968441494564432
191332162657685852564472794436797231206617394903669207309516317091295473510
134634126743067868995321113643981448661987712923300424190850949312950194288
156044749414012315414682524078519819851457560183364557355601859861537048146
148755480139795048226776030636950236791933307771613394941636296391704261228
196661094868043401021481182525124724717226479665153690576304891963412855120
85576921584989244497710425975433203193772671105953829875426966856933076302
210829032351030422377273508554966064028259442103153162202652095625374877508
94107290403056285679470658207481800798151014115402996768306291522524440377
201933485664738550449247025043021294924644519390537874644883801500738340430
117428262550713926672475709235094862055361134892547969114560886398136763978
90795147408140326967112891605479880105440184335776632658171687670080160366
178937785268586832273230858543343376237056471044807730130873219255470750039
150723230118968871553786473306558777635804181810334807268278048339820898383
85361967601469754403572714731381281696241800379987272978928890637786437495
85182903022145037920945963282765836918185297823571079423550386181235626852
179053277999960462037825619155515974682287412397440056047213438603635742580
101237705309607945151684082650529098043819263234022578698790655709030996346
198647500599717470263532756897291741378481894044050498263683284966242215500
194908155361402651374524350941767185531013915655326166490541352521751098681
184595409704360812030210317961414760588892401875302491284245701741362958439
88869566940028852261159483075025880003692802040138663348503720252878900322
173982435874927974059868111826455133028160841768219314296885149426496333355
85417774603770312177510411020396073714496763423166110826395853143574738024
145705175870235844983990525093874422253571818197030982465545632238552566637
195045250992687054214965120490143122424626748423962045742397233557127851350
147217385701569591019200342926532860889439568923916025311000660160822731121
171904987060008495941320766355556088341476251005122586901175122676422301001
89165690449330901387864486496680054318227454575051950539862954566140843885
207552105169787848992161816929647004644261533592377404929571444985726382951
192920025674565029858741206494100756358267908574942876000793671163782330957
152344147192201144255226433428527491229603270848613118809052087315950890358
210837171489187386708229448895136674899885482339368413053138017152528377412
156078931765228192484539902699231247297637141032425773463793979142645510200
115239925254594041891946046546973017946769863459390001221562693518211839089
175678489697536903078122201887875075037949539074107293934394873494139926633
154517706523432100793360393439974201264810905153265640980641441711104279890
180545133301828427351444255460820158979702956664131212148380796688488555370
145691157839149199148672166699616287416300224318576523558706783508551975235
140115271256818902128503982810080417056442939911777504510497006028771184506
198614309084844620123106138959915367525894920876553427950411091657281859948
157783121720525370471771354933823021750132930869871142883331507310818050881
186279304052828565725683440826005303795173412244863000095837376546397569641
201801325263525281310443590493067976808116733982289223789285275689837873752
198373179964434188726553967234673437898344879967364312452580872715911259752
136821386160124246874299223227552566086320488636574989591861241408732149333
131502192984928242800106114878437250913279521358024919953424061938496333385
145574042064850280718303762577765384187818447725347439749028011286696908148
198605979214174974718232726760507994088970421891930943517427352530379564609
196695818971268322182368326463261798514311242707972229741554679521608816216
156291534865485248848675356853843776137195292914810760663839937690443343158
182807854879613042033398052384056814714866840660306892293442230433445408629
117194334162848786270805902544417162196356863968243079987897403709997926457
92698519774513820896037554574004402635104950565235908835404011073961162830
83513939735921597128374263094297305425208400598929889078623719707923797618
88875114253480641375832430002470486469578636591555903992226830008020579941
193375859926023872200288283973807137803164636568784931722443749981247657305
122419057639226967987508371738435918144467493262787884536010116153695745110
201718726510517589722120335500058691783677010390667989853562581831507267663
191595399364214358183199516295690949197195057203951995114167558649207743559
185818528444179179420563148355175471070265772249246314262917776209803161413
156050005229611258969870679907369276085676877369317038246396450918086304337
150937592438403507901368077591394052815400515936114145837695314257889421159
207509801939319034220989484950731441903018664599400495444978606013529675363
96130736548836615405579702574642158738097466826335466963627637115681454433
201975733910759418719462505342652481499112162683136233174188990831976329589
124524201514299383000594592527827973727077304617477853235683496412567856962
147003381756636670519963727624899566775234925168936873865109135984457512495
205301165174767506100234539555661547351146175365572001872910477692275616567
119146934285943429852021870223209483237700707762886213699208241941946000497
212409692636606775948476464057318600279548696931355529230449179408528136545
142067333984154358484304375499676465028929689569661873403002471508819785803
152758278407984466902313044864733247609453033811537369988287193344969887287
184293293903765252460092542265884119135511786600499816869272507203020017512
175616342688220540612010672761310148272074207044616711087768177261025781569
203542156532603372984279536755752984722677450356129787381568293406216630609
97668994431286878206245229076005624877344879097202957656425107678813518129
99559557312212893172141222795793935450782349568929827992308132684175399031
131453013722301420510924791059469211654957479178016109487710989359181869874
85334552713888300375813741091436478646473284280374120685944980195014763609
85625798701284273167844640732863896524825002311425854944448706970329905457
83437858763087329154009833861355451540148488683575187961960304332335429487
152310554778122600605428830411492763149197225599147882798182033139168278835
198261380950629333591127045163546457606603213791135299920304862893413126259
127967604445429980332345153053061656984103532099809804289096430617185515862
205440191008097512256810819789173701659818379599378308449671716179824634483
216331552906520650221200306122330402513276549844042833884815537531203961716
171953056513705993667630068190315703145356681513561567696631707183122895213
200470479321593831472560488201900976427955550753254059494089291186059111727
182802654433087574675324334796600982768718882762042026975095893544938197834
136753964054988143402903987264302026863062620524308289353920395808858391371
196687836517992822400977018015765223109893339631359114098611926388038788952
195184580013559947036060250051423470859665697810688479224630307131801482869
203756326341215246462149274511368733244207023967789472271367386370895984999
194956357203695876289071937057975045041712883632723233522261430356050523980
94093945337196018624852423527824979392505821349586061823527350838382778211
156167332816573564977338070614047110230126489246223238821101134192355799398
186362119738410249781987953283438479194418182423496803959370918191561001557
83429855235858829451174565057250279234786890092919146305369055897149599596
125951894116116774064288842853838005525392425560412991814329750054380122199
200111398295324960761494242562912458636201469340925441230152657166824321124
186238057249052749696986094779038440416118243850041590067860115118540289323
150709719693909970014898231039219079839041203072452765284011808467897571375
136877706233309440350817467457432984445028694769187644197773566668581127732
188129836380820484489476485938987606374179979097587197918691301215748698437
85618893492364958508366821059185252722239951523463117876331301708408442186
180745021589996889439769067759219891128386788404267203805671102208992564329
172063696469064912800397938301902415023390754983896535818799724350827345234
129561529455843784667943202526476858227267291584472473583986810178412695393
216061094433037786829034806175491243591536586173632056245228711297265192044
209179618069947745259749375565875084437216638508051413973945813830576074290
150956457439353708643460715463360762487853308473876776314357063178092900981
196820157516748891314787881644619699367016385596870520780539076556377903440
151025857200015677053783222880488953422854601856923814541678872440627086665
136809528197695531209952989814506698023758032501170408516473495324436346488
159369771010808630554742856986631764308438298842817476212323919464896017716
95757961902642862213254968652570314289278700466511476388611213669617061931
209186843868020424668318705669174048321067986726808422057384449074876466499
198710073261842381592651467078847002400265454047777187402482043008674907737
159832162544830044966429008845215505349592074536243867854372924240845292119
196632622118558264191479425762490486673439689747469515521331828196566726257
138637735063205735167173934786204104894122940283767049228736327976351713134
131542579731301133694280209104797368255031582004275561289387786620489774671
83651815203184500869998357685068398978157855769962094762749026146218764394
87315998951114440694034761935623427697858480780586207527697802079902120301
209263735111020041869128029304374934077587399701003177591987653375399381878
145338301546884945081581886524540431257385491746858262868890486485567106659
99297453581668935775097295580201949684923013121237645840421444320014788968
134875259013388386144003614411950747575495584187002642957763861499887317879
134890573226520261731730519524535710333047257108292547238352956458120329028
191608097263359945371285273392848886893604356021872636229896642361713503091
186329688299887426081945883065007900792863771874730459274069660826130924391
154484143087566764607163606171918369559609426613170323688345645024313303368
115619573033398853931482127220441419426210107531212443445485750351146533242
202126925194169642284658807392419005427203243101205296386305686077790845295
156030433791338808989572317675644755697659471437297922793346561397677385528
203583681574037607947169716546247947403811090767964870650773002513497675625
83576139899534272367184107784822723091521675206298946405209124998848016466
210836494562768224863492110151986813601073263720173531530630378049563157832
205314967529175595246758123551116092555836451900877134711254986065988515129
182540334166125076339238229585153207619198157691679597716447427683548679525
92383117019219086836376152445838402018634618684164107276412262530633457997
200257175382146243500547297235014062931897943850979265340967749129741629524
76763284168466317861925493749264121432494657848948534303565223063808922671
141895790905735501929268091919885512607810771243254736168728056887766314040
87268869581581457228546772789412903769658369692655531267973717733574657370
150695623333460836721104793385259261792987761397019169427656127028207830102
196930802596538116352733472231347590830023645954724033660557946655955973738
172215244966791418348880841422790720079219349376036568362291979234596059245
122440140136901008189332501362134371651554054781298069691368990969046330965
96198622417714590708450632525783146809278309056864166133617952110918392171
134993691743475169994702296785793952556108431081046908545353963232404593225
205646515361082682415685083926778310783618774041437514099995381120633293894
185893990508535933193694840698423169716437939623227391821843377754834556995
201808391420819871061579331701693125868479899141956822916329589901437268787
207185718757401657918579443619482228839675382219154530977953843658053732457
212720510497400390576845695627310665374688169250605030730084601178085798979
131093749703282580339867740086237860502461171438193077085837998356221940597
101256873964549695019008215879825688134990364533876118806108832254517398632
159314341379819884721539098852024580115744142100778607695533303102222792035
203928040656112032226087910898453725019957741329374159332950790487633589575
136526611487366463828830130169189806259501713990226729687323208403989854296
191498722345645946197918889978363159981350561124032508502010684464293490500
83651954011405411177594241986176278327467796046451313327301055466910869870
134759030691784374778717751311818379740946707373462466935434230983297749830
154235460970427215120569440812007886067226614729629986553962081545744903012
173704672809725617555023462049125389956384645866075212350231504010854813765
118905912285493378487623172710908863530486527841685084498347710918910310517
159846641281027427319242930604742581337873859670103629356057819669272486993
179130740144717833702225338569429339371901051510293345356576015429435214947
141867240935637845947413058611421515315984471422935979433422403464800334948
90504497804696068929952211403705725186738975181767071569157495270731559535
145442744163873373721052086599218102043334580747346180835558567237003854692
198642109330710269110165849339072634279037373567238410236633252562618369359
177377908671504888890399516528215813297660613415991394467282080437556753224
85598758806169258948166651298701676830858207079507730979143960960222835033
135083255754814028583660765304613510739307217274982546428136431202341644378
136429494173372163780100458021152394129344426387358882831439695656171091303
210995669132482561802287603637887695336660155118529366161704477103587751021
189676470373105938461343421604042664441280475347665514298150137024497402471
184100159176547422202640144265347507471234938922340710966298708912827024240
178909237834226293994734032528515270887185510124536195472666857020354685036
209097311133678098597232704227875086320792113576013148726477123139320887116
97702587359132452408512923014825725112875343936990196399619845875940422741
136347246307733652642887545181842323717066336823001837400067076489776229424
159404659703552373287280060661352201442810291185877716173491325913502281301
177259613259290613854829487455450071462376165934423246998873195632906957107
120988998980439944898273856166909585321522818394706393684315697150587795568
186356996931502802005782835026672213161459438228152152392293739011905826929
205770505753139990265905054160292266399905704150315802815280899837718918455
152543834987948849791286752547452893603494473941972801732854742866631879285
159597530742746372745709653630284729614038022695749606652889630498154894128
83513564717242187375473761805497777856970231958230754282989194287007479408
203886598600342681622608152599621813092619545346756739289780240906723085133
101430096557207354270749682161295322965545623967284096123561255067225510509
92678412703087408967802009843838458441588414088993011958577361959894082673
122404337098126117483419065180464321684170128614704701257394158058981712474
99546806546290700421720645068599044979164626390014363106684380222478693746
115178105996005562246872949866380877439104970700759372309585121852994963781
154532509443254508920344855588757345161809370524731042097284912983007262818
133013188069388932544355706143017452079271330806235098977411627945154071128
156202512694569405566890713753958452794353061443829674646839137179947783224
124075616407333258370290298070080594192585832658596115531999915360683897455
182732670838022410567681788522840801432846140202225806224589577592408067887
131094096925269751366067669387057277095790167346452589010711508466059532620
120713039271287479074112006856140768162565585334487022735940441571366876527
205702300977228509679947373721766701015827069755447069204476701535872579699
185851686968664272227065836891827155526232664915509213790879016851390808626
131583740316861798741853970691643627619496874108399228596642649784514197337
126165765363937090605787678699422814419316837210257180676519443221117491521
95799054864188567936800847799785600481429800418819703091678923766913188194
147471805353223482612970599681045695301008384089991462041175190997797258583
157700815092754049403070565572225243323233428329203029857273178452195497588
85611646726045541684951825657282040905696314333921272044496281217925330797
143634892804740018574195669388761012572989891173658563024461923155332195445
172152102983494802415810047914400723593840444689014909900957580723662442829
101306944890699999732496240158573207276450185609653225109623073708788958070
189545821966361342197723987384112397188283071887200889448606448797504457039
154443514868359078450929386259458832738765362862458708730574285156647658068
196680234316487850752633472636467323682409646454506587314968601937153246295
202023859191845732592907971199876345385313252700644745982743615987096104751
117082395803993153285509449725590800697963806118273452000479156899220369777
96185438398277501720282477698766077533284535431519661448525679110787840324
178916674575239345445927756028518584428351490923883648881641578463060831088
95798973882307937388389320703396516203205529431032101845552602750597363523
175741389249521175224570762461789226930435562038659582184270620745557424216
97924036363127766172972765926447081231405063372569768179774646600739415402
210587605578982464212178907519853657918418258818651823448285995882255775281
119050147981657123728066550395388893562826942746317374279538803431372641634
180572767987593880782280330825530643878823303587985953671504798938004158286
175279130644651275216194884776100611266392219843597553064133823292339479152
85591503230260807969360895194023939649462634556804885934248576437627810421
157714836686825826264788649154386745185293420422089926404547054552587921478
133316459034227031276939562082826311025052437137209131211893310762000999766
210753680431375254745365675751521528861180865920719697124176685819332089961
193334665650761531016918706097843004380455242607223832014741770318261733720
155953728952239909666908753809727829915643195695574230277735840123832579143
156168816345894602126384590733363026601395647035360157152632226579924607538
120934294816975874678554573033549092502028113161816797250105379799432843863
76445559109223174211791675305919826026796204437911427633657702542361253185
198649202761402492528069732034814979817069293415488273188523770358432749880
87101203377778214460340084229389780514599552409748493244192109871120332397
215924246693187224014533777853136460187852660836417360085502817197719109939
129741139802150677425342257007466386780408753874214350051495907849800991811
156161916369691580999782111032439490980299945058833476385555525573960217446
142191893462839308873262330425003213950952787155457468760737263037849023338
152538334113110171809007150421064340062536423189621532949175902960511055731
119057990592492998096669545219418988323106701224164499307061403039952233049
88925262185033592326673063285624843293951716163328206381602339395078532912
99781552066303423198573667581805827142791431763276774909908694387017729622
198668310813292041506611250128215602938288915294997476811406649612531942468
186225675039874392696518560126912782057779589572058179006467636574301147705
76542584688126587789041714982658613133711835234439578064043946092539699820
216288416991843385538299970530617689089260149936703055992565090638997115223
196494531787088614720730752683044701984214534914542929585837036540009005933
126283606868740871654143627102534345138138952391917456684186392485956450918
175215965791346528901768898055668198705979042267431750008317316601058124882
216226676513555430649202715627611828009193015785814641963682915305441735217
177204503433713004852300340744832004783157211278986872890092288995958732406
141709013007462606263842299423088459332470349428122331210428718319515563378
184479486779270537780311780779545335921984540776731310983498470146938988144
89139162194146058181874117270635095824107699195578779755434988499121031510
172194612812842463421719136827992624489150292685938226548068964374696911989
198696190662018539253033351527217764130594766492747376500974504973295104340
95935685015190157939027103040698427020311641891617338800511717613897144681
210960865753455129044578584124360960369968992984691300060872247083065495393
159495131174712667752239574020695367739193597306458227331380865600718989894
173871740647111368517281561035627484078102724408615665339703073115344497265
145436519796063044642034862324104469056409915016909302019500476417797210475
143703182048549250442336940813892158653814227602441717762821660220290978637
195039374457900361129772663887768857400927232551162322674070160912836614513
200007094061989779011962906045044685800361999809958588677030470082295513399
177032607141585153699305671959480630159934401916612198103785696194146683732
173974701104310953104501551610316801739881603660020203392421092969684021615
124412722109002337247117343866587107367459650972697783179409208844946334021
200374716114140270319364442739071255482365309432617881027130063763088363372
159529619684514946313882408057203822758711052042428735923818432008853664330
96179134813840246317911205867769037200273536980959024928262688796266214008
200449667393329354281007268759411971546649817833491504708554751415889707338
173753468710055254538249429750644548955091781608105924966604867906053882983
131219220228395904551521859909719186874679683565929763230218661309044706867
212782820296481194667775186815178944389872160252770830959871875637640258882
83652056490106281582877265727409665718949542713558725990010779710235563609
99781602937088262855994128935082645714301346823811813668663304527713496377
203547716592642266093392018487262879746068172070602406921328533602248248377
194969274589739441728080043426064327639241882030408676867737416594086652257
142102733880001317387041841870688392574142434844700751851503451651990975861
83554575635468147566500943748610311411319673962915366235787212692126781291
99477193224330226451563009966814508369802098336531044792108383942658376033
189545740773468604960822993653968594348701375003162164479458544792484673144
128001713300308952384295656872875039705229167940073252653828595847755293752
207254925574483183483305637094959062868752595916810270696710032969211851331
212382463314205518123565135991967223547295311390149437984456241241910569805
96144515604933834550411547415666216844795962610434891379565327666144948779
131274058346937018586654073490777885007303126220953533490520762221331902563
210968921183647821145762615841385128383102152736332467060605422903197396043
95783849638563122695329627226340127916174637944947619546317682541862545455
196903195737117000823885164284743630152711384513487670988150123251656445288
173891800217370295474047069597117691067113479402415323615572780594043050573
205638942788606819553568875813640473104577508269166194122473779889129941808
203804536608898233859339317668037020596653181104709835091442436689913542222
131135936210277638648852298118938074134051641993630645898997477759851450733
205488583984465591366758098344224757541928689344639391566476104869792072807
214625694637091971738730094141817424682472182483854036152428160523638109553
99455548169257516407087445083753466756216194874182649048999543972713418819
136864388638016663044261695166318797083702035221205602811303722527723512147
177067577230399200744571098335440457853030649478507944036431515808897262455
192974238664281282668793530474498990386261837293887002180150015516601898580
97717548242505249957325461324264672998641180072893512600566471941811230054
156002799830035090315691626656327342387053731039724975846531205565403445363
175396109941682591234143192744873796604754840613360272276329900133567781430
126034176821605535704299883246193498964254019847377382833764396564545957176
203859990049963502779622413948059287770118023318992765980838069260823189305
156216424031164597864048818877674920191695455172149491657467703823921805426
124144657995892266637432541663350733029053078491420260797042696938052416845
157920157738147267800958906675605125138782764298078330577133684516463928401
94170375101902587440532218253077096086846231424175490118417154329630045292
142048006126996461288983396125440786403579782012846919792312550241861847880
92361283683889723594791379801045507519186703497575706664376369734328137828
122419059547181600923654460178033674534912770943250162723774009875399078990
117360537383952817078079910851396952693415626233445742645724045272362807370
205695482223948182225089362001884980696619637777921219637382497721117208913
179205631927806982726377025162272878093149595762860555094435539198822992483
180710296670614412288271723513796976314255593184483282938881987129203439190
159411774608922756432845528678852208841994151165361512452507887060561188913
122708586217217006135887024620691162861857433237119465703840011608237631585
94217739712728633910147071385412990303650378236240064012262920995127842625
189580275925446101499040952605127161379064296667225124526143398557872712811
196674811074992493260253923693026486998235141257247606103068613469868999027
126146222559411864452971817513823112875387091004530454609278330289984784695
196702558539930419466986909006831649034631676459189730236947212884041889103
134986519580680070373905913793583214786168889205794450677480494896017209650
115557973541007306145762879428507832073162879450220478584625313831548693330
193140449356761357117229835288454528903537225256367678435522362766724714324
96185576876094279013579774591509093947304659625355570984215584856033805385
198635258239930865930513093358676433224516154669624941033775333789914968648
129568435744300529349664686085639450126394381080844806065139413132355385441
94397486627247560492837280898133676352524698281523852047441721458345062219
191511796672498231720953526447661211526372831617819032176992918044515979127
138195486300990348771382851271059562259374752877117219427088754040656586343
193119576773214558835113831303726140025807040913003973667266275808394690937
83733992914701344703825162818005489651160264153499562139946847380743221831
191194180054388473747988084000380968248921326311370605243606642256986590821
196916506453000328291557250719717474737703898649249878685187019616758016838
138368484470649134002043208438317454395915901795225436662658310571403212112
94260204280779733081531143827386704839563920854140439947312029319782617209
171759994124014512395021162437998716408200365657357654279327002347050202450
149203985703539572202406133179231748342084568398520216446539637669973610073
154394176793977019039910720739998438010426632854092536795147425670212177719
173532858228859276745002983715979305066684215129470455531158430813659428471
124448689311060303062567897953739724624356600756227118756994689771003472230
134883025480629604591693822431456274773419997880904935486042600544432243050
122287927747130810461217321107911329542729795055665148480877398571276644913
216152030444111567503163974103383454926395240958055124810864837561934313038
180932036126305353223517974372050028932520461376954035043150594261629953090
182498037167494996830417812144402246321327467873154013755814954477445599857
214557375819077378868741332719472307981182438108412652748905018649198677588
198599811292536369485917603887806091642409436336416814705028095443660648303
205537223754351301681593581335495025495705594023578671577854531910751117921
122363230027669103255657063030029743151671477703916010998906241726912025444
193064800274220450220176347113882686238628737338796298744559987497557976938
124358532417906647306931310252258518268248991173483171692660663465199227696
205440139186256473582617981397820631316756578795876545154144925587731007825
119194515880522614557810811362997339930939419659845360197148018450353122647
129733431354191575050962752583348099933284724024769605760245800832342784376
212693042095691619539254012632691381948486984794906503719885062822130246473
2015559840278905718527490719701990683636468309919305645373
24
