1
528
215364013839965105039885830368434536331177092921115009811760532867605696038
61761597033140326670287674152818322973097985962956695822190020697610546000
428478197324407888549407332400755316633015182124640938901866008602144725316
26897156516044097185000788119518629131409278151952861280561945005829486889
217503148330597915606940153433056700292055844100097090610176635804562878760
119786783919289072117176540087004568004166581832264597110077066905011949921
694620113476979790389961253658213909071609120710086531306561983934843764
185266580056793438197769213462587315605402364259822003039187358577543771919
281060119311115976516858100687484097849991269552862158971784616881537703162
24919006332992554567272711048166009164115514783591419787689162207560305277
383911219108063724648775726961856803142251352789513517665947035303284101935
231271725752439741054583064768185892198259882973980459649998587551935056703
28720220523932535769083047002404482467570983951100750586698989171688875276
76660583750308455356149669084121026387970347445362675361683222664986337414
311240697997838532293304528228366493550814647720529250086299585238574529823
15639534789036696554081502093498681151550545540895681204134574856899608633
164764946357105791416589502895035730341023734398352271711080556469487488380
31063936115717956543766550947917316666190018122739273419184330907337517601
217431009301639116299400879565637292681937414607639157538599204936391925099
274562730405561145402165009202713657359256773906377805485400988440864136492
412845378938245844910646409470969810034672334352674277580810331136942201778
82368999378157556971614622120413990466268889869967309074890976334324633038
361578227829539795743863898144722855810045604171994349382414862768596654739
87495248213327288968612792151837171128681867634193911452663894191708861395
13603122145605676401057439620938225737643889898749630931193296919519883561
1559226995925660056714689362481107497902401912579677820993365529221939004
60495991533650313485411374892424944365621457414971464342359079393936374631
210862338631661974866927934241929300869708150355125640333695816957881554386
254490509992506599732089374430163961394063158020742326611913079833305656119
18382029088285888700351758008749185478812214667031101507531178532959913741
376709656054964581631186688405338528229230766396835344039939845668798480464
99829686466788051595946961643872590642009220210303202781948141858216672730
90937764728425642464485667112991916163662621964028350111532570903831165788
385280400610666788997304412506655432388735665879028059049410081607628079433
289572276646100040964939922879612314560094621537412360866261006660318706002
57161335447926690030634660864675703338043883704729319603410598416300287042
160560942993544802135229634626730736522562450536712603726046301005016022690
331858579920252958124933026586724696163767271683242123988163811155819924337
1169290308384984015026592151608015547035844187597373114887806984129173494
201025760065301678557810805758309636066410129708447316685003313531153515418
26346541736719043252911139732510563719460929507250984774217016566390343268
51362368011009370459762323078603772305874134681048978408817261781476244773
70798305604220762155998174983180556141901409925940751380241615558529819825
421338910813257671186303058555961180372788381953958315925161509752151055455
47748358120751979790572801089150162652401722487368468044465811026606820244
100428067412543746852718407083615747395118528938428376076290784883691168986
337052904948333738128128233483474706135048133040909281767639714886225490924
423672864792352824348442752633501913410253389990233300850263503844685755342
64360766841481960034273663955408507430359477813702405316130888481226307666
220610222897381001690563939149163689343268634301116875247856972348385594184
172999017682588454741805925506924942543073221640551899984029174077748291609
67936151479560268124742632390763777410766780414108490758185086089217903827
336420107732979538136665017991711830533490784625854006840931158057672095929
150815028449195476094762290550483169047948929716505848653288133494811062612
365553502111892900766970027270981755557440397020293268507705041507784822310
401876683046081276581881520536105866717502768644471660948266239935958706332
451435685444417944099197623023980549660529956763383699386989089888498335439
243219115612734088177254833944213324473276587413463587434325290979317670174
17099737644531161697037702312305202102522653096262878165432754679561192456
277882902289402289644608514398817839149622531424103981000089440263660415602
246124330725548497220640516433179030959757877976348023159843957080149418421
145740234065582134916533164522232188255218647463937356997386128447799655208
192550710259576211797549246488522693553447542566109400375102570151404449784
335526026477287766057891924759703510771109929817322583865135682113448567451
269323750553980254545061893901408480322197169957153688218594418901805324574
444114066628319041276247937434145095206836775478436685735066680960553401725
448044134363182768472455908792291225319508805585993851027956193725297183792
34830973313782505139125221222317306882180060571167155287420320524353078010
223512426926991417197999559794019024689055135749320418661182732577586417004
330023684321834843946682778906117529481894031612549970814479485004954647517
136556213023328467311170884925248843691225594073618296237091319132027020639
335169567828960369199741323370713251266387821257103349350895966298722629464
62663848504479796446838693494443220459287288859098982597000512256284834142
335725497945427964688722122419314883818120897032069892856614287320818802039
226878064945799978858096465359376575453668062791513127999345869967560451593
86695030413460549959673990841925731024892278252696106311310704036416842552
450255557950520547921153715727841308914653540916973212753444048944593198024
96350381194343339294869473364218626263012809601133530401694812815064035463
11934095567850588961435970845542551337033083554411283741497131365211065762
269059650857429420458369475675704857038345265158317224642497729735367966175
47549120732887170411964251652816745482495045614201830197798343339593294935
6985124867679367959465609146339849976677593295588129102016524288520138340
370948645988578281196449647164296808291259886150191985225939279682252689873
430277489391100627974121724791488367364582065408255320024357794594575658784
415360575493781672491803272930338896543333996278746552424261770918550542327
416769643448828089863955171151159779313221542421714701348396630545259729508
407227623853403499796315677437792903161891319521368957806792018668627316480
16211153924396010050344713351740368094902222231685379089425629809216491017
285054317997379579239392055970739834751330398102301117528408074231028950493
263060616210316348705433407742152522504056444368855039641412044187769399448
388004068015390084160511243021781386136436483243344845963422585147531630763
443748679105393515709122892057584110367753231814149869818489707350253491020
320008572640547194801504530888288627661398558669279553500948962548131654306
263395255201077570734955321974779949117623193218592100375249971001216265310
21278489658008952049347827388044763305829587460794951094253292428184369410
48043628450225658238842564744257659072229303198063962664502128759247152606
103319982921741532667403957001440361138843181682248786987889397683011040552
268219304130609091821965102328147811486479977683866252653250179799891230811
135836942606576760965669713676561593655146580525068325808026479717237533815
269297137882712797460210810552914057530698613599641192063925364329944447622
179522223526501327575371856054393563978326128170465398073638537477852761387
314565975632503651785447247112166767979655690326660702222831734624712241300
35308242867973609379761264182397158107171610238447952233479749429140034257
274560330688882850610070300851196667849887199963269090107518077803023566994
205351467125476976715365740810208084276700437931985903296091124209860322878
240929017901651384224244983925693251609091175866736716270268684677327441332
154856492409968043854773795879667015179943781043864207783888996282476555725
67761481066378097252522984503270850483571931287749758929565192228534409844
120170886718156233170721766229842776924661689661540658239170013846862482422
55681341923681323832830057145562972136049104609169274169233700190271172790
239161195240110402207236971622164742158184176623024822650413228316330509756
445543213967972810813124249349971809954241371233667064124792660880292433654
310252977276119727967596121524039287190258591342315795571473008992736831236
15510241762988579107679522997516349997128665277196446333937709206866007482
305764451290727906819185150777827958108946024350663944312989533166055033253
289105110811455045829502040568168514133367811413146065745104887664777221867
414018621529960548184923332007014200959878354181126379898141710728859063205
419048589343418654016497281194962441503726882656154288120781597101447663119
46555083922473169347649556248586633858466168128065962139642020744064126671
9522010700863059905882696474353036189755020696735840632062097895368398336
185025012123449146356910336705100635603739624835898361661882499639998638636
304568763412934955503335840863838929121559425621863323447995415501004230801
234409683407756826581279518530487245490712702305267421212640579939241920496
281155783851885154063803500722067778843570955778128648714645412926963977160
43985360701665450749235104719993843531719544417681684531261506013458840439
100037445631371440780880567856580485936831584197853482270032169650984061524
440126452945391802372654002879394216345307900937222170585215544286015357337
205373866955972006268359694089964283951585384318345232402282738752092026499
319203654675756178352273895917714594810345065337890753527940083730589670801
384777392069747473410580759255739895668768751151486029584964400752803592531
84509191927622052352956265971937651409634248016175880508897022210389402572
130742307784403282458477231747543506706994782309345404380963521743977850736
162610770726296238240611111039187060251426732944704103008224942111928037586
215586828749893333490271613880502814110410553611841710760333689334037400653
297905963009246828150837889545414962789610347657985603617147279141975204003
262258606438665761449961080230967425175185834544426441872388490020449872456
221860863559224778580920368641160707788594158840648729256625536817665346727
102037255023769530195349357990248429248538727429032977403580922415740762920
298852181676565648887064166105499687595323380043723186085937999865492974339
36609711587137353193761861170735831497857198541548268659954736268774641520
54799316343131961464355357117942450026882704195722448571153821602083317091
251439085712656112547699351478137771591889387874362262712191821892201635351
23118678432056591645680814440301612469645582263099026843929497041639329224
378597902397101084231649044957324573889224958080586230274537414949211279456
299220734528535286898172785987783954682908718402646833889047284344112206997
189205544339781613956780271849301644829798030643563390165087838758053717771
420023955440453879904554961178973259813990519841977231019767080982027495225
302720634196358361109697202552375966045540945871974486786079026890096659409
35362405926613393148765928444930802364854387629941567266786910885113474819
39971186931424524570570239530880223058048792848854235159753956277191298381
316091391830882882073544325090182622074951786329994759234925845945455142596
368586386873093243296696875316697126359143215058784226553512705480713246227
11757813625453888191401913385822986839917607985714725404426364755971740165
327786220440842103962157228812227685668705378722701081375989966578247246138
136585297650530993802136580091821626082112781064295826778257908782344225072
394421507156716111410889041517945866267353436979668439352359383754265077810
324163567819692896643118644316341460807008164819693395254142303084061946590
25447363950160160216020113938804993759343609645557593036682991044935681608
228641448237581231473204474513820510880944911052047426594577427759045690934
297400290815509117637647902615840679990659454580455870683131883503057106583
327414819338237928472581598689289023604464911809564417406657833311605497166
20670476355931326566206792026400168168931587386329616997520706920692563934
430231068997361229766190543359121651284197179724199654824843903578637310596
451161261682223495701886429451241707989344084373322986682343265960605156955
151505542086641143418394006764560511521323962130427100552395883874043811607
378898416637378264684370634023465418169516939553360388026031248441213887841
430402397505801530912792030522091201088245787416934235846725380549705430090
424750174570039383442452568301504753327439050091505588871341119701867704513
185822272103426209661271005914824745084644752245915487622038592455252876931
235184711817930201352859461870204485446013362302866638226902263108669441861
311154810606666710003620495611253478560336759097871842282546622959601259919
393006195928351399390434029214763256523979369587052353235815446211682492011
58310387138882145153013898255530096923605861542294837434315588921660846935
129071014814182953360561898991842591556714889315127656416702936062492877551
128310436766570353229200262573387871590793134174428465913200796133931783798
372258403076906830771308844256880486069788437508898438777746256257160677851
329527102491025743093488124213039653325187480912177202448005463597101436557
441288109684643596737660777331727705203646362397797861355225600411581204856
180432220058620297535271353423599319433605216067812945701551250850711318324
60683580459356335390041925361040095445750658356264233792651085336749751774
290331299132934942302222090693423709692945522488865169822957961513952704547
228174912884420746384515609208373163649702267175768706372437655365939769088
86252790844475395786349844041163742969647932467659919815709292517933327891
98180317394323377612926887950493983710164585879025477979798947437971727204
225396154288335386168127086834112794484969932497622124546846574557133935592
399374262667394449112598027757207765525544551965118851302477586593025045086
408732654476093411229566637728289820777330371874985113364592393153989456396
244443152551557181705291838403962065274483159665375759297564475216197935580
330124234168710059351947551953019405598314924168288978805191247281501906811
361705546698870121556228096579780871871410418715121736339506765840246931892
175108981443580408848432294898946698715884156028697269080345027458566809954
357853489453464164719381128035121629257652336880714597118152697755901504747
201141192992880997062016494464272303410642368377983393524607848411593760857
76969097585073052416002199406091572332712581978693829917891403609886327896
258551671760318024110563603596490061213611841222332079904286737853857642183
174820992134508799622896342912695667685311391285641856486907242330525545374
446248449900553497924767116765352318463576038716115621263316951605862438544
184584323703997683655337786106700692854066818538868048515841057296512306544
242562073773053258313415576160542098565362634349484803118553056900067917111
260122945209492228858243284578867883750881664597137919533503289519029899770
389105391264224860825164953057322082180262362951438030774940416031694932090
322104410007980080913010977426135310807748529074691133234664223560194643108
368036087424499387311390025197605024358384501122480233961779065763481762169
154287068661073872395524068840123603920848370157920310823242802680365876892
396757269869691421869883040387811398394446187724736791816237547974026570563
80984956858646277846387448288919561120450084039376526096435698518832877424
136827026415741575748810272780936332071523190529661811525567294254009480563
105377824546396596369900981825533067958683441617373834154035720660385785137
253533355733269442294657153007915210644235092186141220155661746511292213061
247693594662404628525733164541272321832911784566845065478388372706524516719
292568070712812742820617535009206788456250638885148046020805327061855195257
378901965410026984681487432175871546953626057212277429885804426723967616666
244426861143181748472066257327704017697180922083446915913651547281190913171
405605740409491573263773536800399970789777463292838449560025421195560715726
172319735270292161897686172012419120472652735784583873791594394950951317219
45178984872932254407979884883511108295118108950092294288845017381224211466
27189355798531705441818221219229494957071007252344223732878466052792264502
116251212378393294262193861961505097358853991278360770227892310914031497099
410778274486147629519005020920316746724977731943998903462814805722795700014
333820210679155899629412044606939689807216975681645549710161436553097712592
188632548386228533788224320516073835205438224602071858743437666185710592783
442588010701634158714644612072301363530017085648398193455598675169454497885
123547603176716668994658227254895543258353691657606561161238530316464145247
131630371408697145067646238980002707519351501065926741053356139779151159803
218055426231034653336955579043859134966317592603734716971913719529287541337
143009212566201891821974464512520991246747929535055973901049380473942270052
110415453778092692913978019174216227229689748733386498417621217760030655418
76446412082595021329061307066570364530009736022722575323270024607950789476
428102763597760469372450804509918473946364462701072949020602229913510886128
398290997608197599769843664313144398886519612720823437871201237596285080582
308171847631719232422206465531857563276698610489629975997601136181485713218
174060423867679208598559430247130071878851639320895752135186940960792963511
352348979177800988977198536073125237668436522933948400008311369443584175845
275841839534647970504756321168870368040374135100388980380704007705119269648
276819266152777159850077537043279826582890878322853435820382856759839130536
110316857480703828931964844800316461227974091909753345315860169570660579228
164229640395570057830423664238734124751854724290715036377084495589048122044
2087165785275502056067233217750575440066251993605210805177259741775208673
421512195723268320431812723829620185412944519520213821726178016813192196536
384285616259621432023331408106762732751583012194538787749910380950496350615
418721121899085555891478534948719665421552090684416556206324950851617263075
400144868759643379907806746950915050366820761215196524485571569409949605602
101421636003511072014371291680739648422198506342920384655763195620217344930
261953782308538687339366417623511729849002044757569337932163296468593661573
272131496925010661173000869097422163040589439014480954401900112572182810766
3836095833518555245387860876640770920004689786600156883224604738566145647
359006629229694409969999573756062673841231295418749745008099692127580415072
15735153004999378976147451432055023572154029665140114208481232234599412748
70308160808091818654881022531931672467701356220778267703026512203953879492
196759896573354797455931650052274235360352779608187518564171933988185742243
182460819660219998114137743381722926777438089750656772933398557776822278916
243372020523354960469545500830172524968105819866251127739321568653731910223
144580758461260359968986937909960744710840004801784897190969899332790806324
263060378203343096837104586927678305192036603979508491967262215172186862715
211925133651971667116766660844964859224168488056061234925738199618374253998
15979730371749451717476719802545550537300880803402225386255395788561394241
156092579366736577329288909452791903342130975984426539838182219524953494686
335385010813081601098103448474447805979581538436664893236374910172289149448
216076219764208538703242002629760537176548014735460612534316569803821229476
57947519900190191150618763246082490331251910508032237174115557217155617984
343131394126006093879167077802316262313172512036877036124705935146341307778
445514938110759740136091357175908012514394483417242844503864710584810940561
173738148659530949825931900025814557231350895512900676659260891929364599891
316775419128626809685566123563934129104154251378677120053814562589839278110
142402561035918206531133295964594215206083965745287460645332768725322922359
243917141720978401411449379802145906579337561190993075746300287059460846757
5570858430924383812580124264086014041899368675427628665280513369747460964
386140160004369499507928366421920167574663094595083691629098942165759439618
281203942056994033929574854640690249071669213359205539693112792389443816585
161709839831862951559931639266193230982418057133247317557442758734608632503
89386208832601621971665604236781090112575086046258808643863013733498465284
103691859969688158902835768970964957285925957171890319597585492029620629223
327302963233336472669781121406610735541177101957506408558446350617804845987
139852257032593944242673185295896989818407568395440089055134495380612517684
242641260032343978506005516225364055405726107547971360659292055113760106849
94434090877935385262578164743707998134123338808293847988162968251710635015
282752055216387844749865947544973151950204731348213885468887797548632461688
335696273396073647611618478683485930893941578069839680697594221337664610754
342332043613533076362657814939740153863522947555415582390535023409207799576
414573338141731760356718139972167365220516667337072789745613613286806295793
59327450441152800461739813443247696074434174098170254140064810403343666421
179626749069487290024278714229172834997845023427189260649996016753074863652
281020921581899055565910566677489912005783232811077777715273331717773281630
113950377175386771686576082647560033264877008400036885334413586628960747226
348966070870362672689091060782737748946277982704325918985368880917160614908
292259688583709876657085219518787912123128922795085112420048985308544621280
94994016682218899464457347864480391918725364045927112560608214526533172879
16504685815921477373397324594464781320014763574922060081904003905662628531
37770096154081360576155648837807409201474114929906631215696478087190141642
443430628030456245660345258679678800516005744106106600788070853073253266298
339300763067654364496545628389255668768074992885478830721666684495328018885
296560544397553309552563570794801406678813513800733902583265332347827882004
449568441826045497507910431424286745626748607655072589644894560867215327063
219713808274599169550049597307868159552503917805356240193908884329275626673
231081827137863304907003891599100616497438334829856822573114331254795383648
446825122881947312563760141867043021683240352353300757169556004735417169168
381260371573888085605792101430375513935641688088754979766033405836007444253
430032360289883402023636829012895166289653780743693065994210579088582082763
233563275032676311403147221839719758618500187939966292635499203250186187055
220137620519771782361920084325519137319784005832657971381092765828797254765
55201193581191543368674930047412398572802685514508974487114167944781500534
96836534660626927095270949039094380542454870269011347492918167833151490931
246381590157581428377634547481240067128919039306609947587357907781640296182
235489394731270169334912197017569164985073002189835487656025319867047984504
197294971614079793464069643351198176119527864603266298091491285160377605302
28971938922485882553914537008018425103837716494509083723485157095699199261
320526606935074640863286391421670805313788189236452233570238565843289631247
75884377143967983816266298321832704189185954853810384764518553078885078967
311649247353053982925284491506601932401530369869314874497503525766961950969
302966418059201254216454570664753553741704517442486611265149182700934507614
288982382283034722801114690899206105178501918974618146832807144665150143918
128414616047535660161026273793171819375620150483509641256935779882190611724
333829223172533876261805827628858234156328543539196206511116081155855767661
441685539116412556073730989789829725613198394548780723298793689191060363889
17510954156144929891930124953254270837158681420765263693121883272957397087
182203791936413289062340804257684853533234663316482869080155445182678807581
115589375296669593458878857359054267684283169527130636450429247259821663975
305170081454703312588922032872239787983178801232507261676698912872970005938
254934762988797187280195870083516980146435205007864929028685650078597593716
421778496371910061746226606511681619447269256763887363340525825072568572005
397813143619832048282060452106842898746087701074835334280714418834865013010
24935022593548579919827410776343638869985251465349036046094768081617471726
89890176300868297764483624017743817193340484906495183574913119440076654262
425190026913465781692319526518591122975391961269392022092270614403502265755
409194903696355346450279043522413323571707722334588492839554700577075235020
91352508173230201741743331706405221067385752917382589148746755474315043239
313401725740499182796527545197271246526489481790608942440449313811105685823
405864834265752327549414619560734208771936882435892474685761900037664141657
450888272541131111001933368155227686479988094895241973521980939858457605322
243327987700424608464626955596102224066120005999388974090437270415517743732
335472220842943460925590566904344642865554624334947980543233185635313860521
369877501347240797313836591487172073253209145542000999632496549106382642679
278593948006774798224370008140196645199245944700909406196922368407346041272
332774777519769210759311207511275677921321185957776921006341903279755094092
6129497877298087529184871764600431549868475210436669208828529921319840218
288049172169433796369301825713626337175848241746600773126531786776417563280
399864659064839121182320488177057498276011298094284607719863527981934797682
99670016761235182869390576244507586078511120350608727364277142783240978765
124773081737116667043009878213869822756397887829988682239700024669638481254
356417356700841387532493652887508054276412357246262066427765197606743991310
304472302741822831269145596659571216933595375924940697101926700141861577147
288116839887593933094078183858842548533896371673079254358984702019643365640
83455806228146110653429083124156530434919560353354708264543097067280516974
300660820613176486062915880196571124803752342210772487544288688845414048079
29634041934392869880535958044485247639086456543566373653584205807688452265
140275389002424677560063441727909034311189041331888013516558882714429985219
401943718546743200015584806388718830453949995959143276907978696902598555761
443049764129367279498446934604293202898753903722447208314605840341772431613
211028945995549606395501381047147423656012959682338302238878763377843646486
248468251969088203769013389723729650021502145592062039996401270040495473976
352172296365080056250141623044148892904383039464137618461121570097834668566
96960199723770637311100957083637370125280269965495731380864186249924189178
415584001512025364911415744754812926161616700559465299911711217713520261120
222736955900828348374012195952023572788725041192695507192390092193156951798
310757783324920374361512423235493986699403021295615291459793205586874197184
394229076366950722329185294248961498646455763047316990316475451499061641443
13443047170109718720051476644887713121218146402261954479624728746404868179
35973872498027173173393899066818694458136280760931533998446469347304957949
311602311864742916761231570521852185297728964834022208969089010807084365436
57847250371862309078807972845133511240350794484380159733043821604741271002
289795847424700846639479997419436220407947676233160916249838703954688125424
213084477011510826790615185379242113109641232251639477395086206352420374916
401785424349598964589843332449203200290274270337911532914121768028953105540
31057810538412344384341348145834505669965851570165673199715153069512994871
113664432450772788568369573739487518271531960148305374944648415879576132006
78487637748251198983319438449679858192166831068566203937463253391480825671
321400452915160095405825056585286737192285677418462014633060246933064318374
227525191534035131550932984975950200430414566611247999762290600561943246413
14678532767501393397666194420839433465361644484811257464013549631147836197
452117891003598647983834313661309133855057628240763599474953443411746296865
266522921706203381108802994056042243877956011640551784296381318713652084930
446094559537672700351332623726234480479295993142713428864631486234258186908
306819970571719429185897660276967670580535518429585669907191850489549855796
52678534901621896348427772347743258668871009803385153647515400507121987052
63176969438910005852682229106580603870074971875042238007262450990321797594
182312724032635714251235914648261689067277626392190672256371776640127553900
100013244341730046559999320582913385262388950504540489535393768884889482927
353079090474142156915147191396360084314042252680510390887333330840918552206
41956201862294772128246775157275157700117897296666817173378242123555368580
61489642174353942295331956920293803710754045173239272491404123570990896326
209572282870414772924057171835400862629615353150668120469366059193278705195
331282170993322449446695319586325069489916206376003082477796402149694904434
273856387856099658982976235075190685847624274270590536120625498284411575365
250507384897952607810114452309316525557455097021862961106012730243125096977
304477206484995134793708844200595671785846191076219539104888904005957295682
235545698281658599538933336423525462351898987806042305431784269022361255242
34738642476795960547149555458286739620302056449283689116390516773101520560
347166972287277148449403912799705356422940010166922082569611512370517332422
349630502467480637663638483935454900370406216471803449200956218018171274925
292023505839507807073160209256748666673343236660614558777660984651201258775
292735764186661552753070133696491415328122943852529345324847085226529917919
394918553463411635167267210086367322071613098173393556337358468915425331012
85588289502370100318174774375753308074131166265590246686951985610423870606
381286660745452054129792598537397648630551006582271701435978542284756907384
430215639417249756961337794412164271982465309956732614909040432712350715361
226014996826520106896968005567985838247576220789689036834253162900676457248
213542006532630549846357079334702873406518145221711296092813670929497680212
192907211090933281490593928188203379256320066338685956206956577464365831247
28827344802629549589350972720512143048708996282959700122548904503026299758
90304206667337084178845979773814821283013747670647635807121224480868206497
435837083914927141481368242660414357542312833128095915421190817745627874223
301064987641759573797855659598982523390139049418334736929933628301396837071
221852166375833785500223267908161461887170913756633062384455709538965986281
132339253931466870514458974551346784533219347738854156008260423527722208417
338199569980872911417666549838334695422934265077237312483599774325206059131
196338768415176681880215368036873294153572779608482803279235681838386964672
15103705338093660821179786926953322573850951094054985223553080773352430754
92131898019276829562154653136068750578920718073715835229720491500512006150
235042684985684842527951201334090967566697516103663521683445462388035028802
163193551025914871849407894809182927545056596291084245776210348231048844751
356606497053341557270076827361764820622421955627684962354324381939104186208
54495355295521205467669586501254632889924021265687581705843491003744195352
188173140115666254037419537857793758543453626324838669090408434333968640324
367608242467701547085959854311665217945641530495615289196212945998175851596
422414603159747621052099753184344352934445852500280554744117278078042065154
304510282401672551127017346641812262473984767572143885846731656196912321060
67603666600136415956343741959373135434140088596965800233427295255346078000
364768233822537734601724629741062712817609735032006278347455757665205073206
395995087479040073539163003958135906550955823427825069899307018660772505138
50294990206124014465949517070744006257333013814832842832393411957404069679
317755282609136456736916937490700195680796002307010173287699061806619923319
74313489459825892839254576094503568356006521196533312381635258134100925425
446469439047890129473270936449874691130232484191154602467466238831769512799
359406447772260382887822363490939220918635641251118339137367859935530613380
148696062967553843437063871872934377262304825249977699671294303109417568130
93441213874761874012431089781254400103557774321227049374788586750126541630
388131746859895478210779849301959829469510274894247828885021432363506541023
310547462456621305647452177620092215645756152020107032426932663896785142731
81776584387675013819258490585615244378812528066886275604009987971253795068
334763636709627409646083489656774894424977763918683456916405482309436867680
76562696800129173869869312950371917637485903918265095658857839316645323586
185206902809557806291749488142287574423751315879836042886352551856753681144
443782105011992738081197892524035024200230434743314160790251941687150854946
41270641007506271626949255433597271110314201409361735260522808455587951816
355367575780410490272896028459731192947238277068679407862159462601747604085
66198818090890052471730104854280683691305740736329241407439762732746980389
418135778018311533824095182277110091141314984716469640808657189842649500742
75598610786222425555475515853143575634979697575094760979010591165241453970
87487652325839109242836638425343786239995946712645648576169535748361626035
254404522772051455169239094961122156232941382738459200079734514192185568824
366477135403985273847927123325216884386304643713570526564749834346874249448
120731962936500474153570425040048483604598490870240173571756550306419000445
75069437887705809501776733502535312040474526676999850727219821658765535288
10342058121004886421731455565175624105279083140373003385386305887189293136
121941371857230408790404525330688348125938342668675784193012683852856462195
250730045058905329177006870880565240659873103494149500030306775812963110606
183059828923725179982744099632816431924062289954621265815613470351792675996
97688041952185022262818882006762832393573033494020747969450538500476213392
229956032004671759997286256452783427424429277192571319408466113219957873717
161064988106243642735844369134773868720577284975303670650546761011328312265
375420049054163803626144930124162647904580939776237736447621713853241835937
148561923177238598830666270575860544489722490641758176755823031504636030818
353797177204896721356628185941001667189861244411438521206764291064666911368
268914339984260659543692362523079154549907190878187730786696355437363803011
279857887271919149769335710339979931831972796869740679381380986419927596587
417951301863490131978110718638477771550548937272980080259343071826826582099
197825427347668868974209917924899836896698613620651883358072182161824347459
136944397670702229980312726188289932234017557740082338873417268840081653398
137847723147443602638142580445013694298433631220413713859972904026689533922
145491928090120905269901922896452287345117651456333883572261356491960743388
195930313958320021554305927590258961615988079833561560916992621463462550632
315407134064449009210680155276403169859070141343467679753439784571459593034
122665292317748045314380126049297923465917160679111529414370730203580617195
384854840302507889309898756407076071182614620727512135122801384175481882158
404181416814967377688914190177216012334899977616652971601429880595155607251
156234966810707177156243607673465524255367285770551497931757226082418741575
422063473807626092029282571936939266544129626855561956880276836339334445268
191247027219398902204169024513948531298382264484344718513566646599696937058
191249515396391309685649752283099723092462920469971010913330134632944765993
105193162600314838924992170972352287581205010125818288681692470605593099859
422211857668303693848975235063435137877149944069273123901013604015735978036
343268068347885943983087143497237040133883604278756199599546697511468929830
120222726147104579214163483944482792483653481509492615544027714111247732581
160285952106598085537939352911978497826081897622404849448510609365748713548
76813700546193912961596602975198363551829976216230185327002264561028858043
191477665578368641445849276427481503932199576266455133201501430006610792047
282762027142815481728126019471181367917116274928816790825442889400929548922
11289867165875977613541551806452365720238688932874474289865686340439444013
215344739301170180639597534986699251933428218450949566781911243105479665263
266330486403517259044258795201768750345370513219700158104466648654049559929
444788555964015718777147183228594378900738713598178518787315588511423396184
414764816610752086119608592445341749759841245931746344948975064837851708737
131587005468214786087415911889961772138196675450520444691432690927122447994
327753788718628793198431050529851374474822894686542986677338778281073228687
376789669555941952549478676074369675076468669944495579698086567625304811339
282472610650239869685723484562117987467824551248257882555550253125503374906
357998460225233550917366007317251724301895570639271858342663533091416554731
54392922379844251772286158656146798735848710893565966519517697476997650950
28144020910017956034720830950758489298124067476291593780042836980720135134
366444583834638225194305485433668564359998541883152667715346046074441399688
273386390465129494742884183596435339339974197374375826701476623937755897520
183938001041023114159909145123982053034965645745573300746159820629890003624
297381470652156686270729525142764338453447414987640310811114001071522609897
155488690090510327419294974492446092152885451166230631322309755877543156091
132940478619241008131867635483895166518816518730977330433868173989891747955
207965779237327505348175000963854888309898881687961026537362452323955256346
208069425469111362205153170983563425111001888011934711375859810558570182592
27252527638017032924553547933208774404706793303950595550942056367528151810
242714362103189634824198179842531427141837194752586036611848015747652927083
270029276586030574221512322634227459300926421639320037749163625487092436412
149503330335543787689527950704194655277109965406122389854418340270047331655
400684829517838006492113610158871940253111341067823303636509286649910278047
92265391601765057041101997414344217434317492163665746718453557371763096637
315470207418364358035785406756241965390804384523776411508865237628708203812
202032660205617889703584892656095742193508208252057568307456033678981332462
404249131343026027994950847139112822108293390490509626796975054484205593825
199294584859642399094637656890622166725353188081218626772653465579192440931
344625258718788581798502688423325526683679692192669186169705560001263980115
242570623598111408527391736440854144212183929510404709454093256461721502321
181077879248404923007418533622314860226798392697840603944292506700683315053
273509666230200546956853183488200580430037989088662555625817962867468422402
122114518821720097710377054208999550162139728432977447439473993886236320550
395327447028572538238763875374703165340506685581249218556365952342238657232
212814862482114921235556354392109832664875128503817447612699882468635611591
258256715822321838917629608467915953953280883213372427018473013480461480405
229062555891442866119521617591010723538032224021281454945186698999350790047
99841897071262838815763035026940484869151868617824750384281772153597905131
236011879586329373785700432474142941030828173288460900724018512956640603774
272505556849373640047695832256011644605286438765676584393795119102670905654
360298416174646931017372136328226399140405091579105325345390009627709366343
366550169472286506344987214742516536716866810258880397624876168891052340891
207606015186841534780009963804661899387517357577339270223077947483767247552
307008987851028382411465360235229982863972629327160410109415410377556401797
421395586842992159804865889170874723832482763402627962299634701416258729031
393962039846423135496780772891124565870447951109995351729380287477370171349
304550359923186668210771520739559734220498931521176047566187221217829937618
15456278487708661282113356118121112136234129708022551945601444431451746870
196199668381143687439276307947910421714565241822439936773247469820133542210
74910117869906255967361689955222165727177
17
704
179150848254745519877054139738456075616215445422787526704201274579704956212
116979891685139407983126585914310214389862800903176922572226785304696223555
95929322253462484463644968458967756781484032279742603742217235350053283668
141819409888399714831529930424920146232408324825197237674131602715836312645
120990509670352851674585405423153973441765312639424488978199921745499616879
120981878512335330085871533745743485462165216161070590157300997083985293393
85549287831411558914814279291497099436684354877198205020599516571117892655
200050387645637002245691543360328607615649287617537690671349936986917062248
115337332167121769525523188322474668917770984403026604322233284215593725252
92464915718418981794723858895642491366210965634661935414220554572180117047
141723565701257686974027770703443562377128880847867716969829761719335403894
124246624625970538874919275884480631387439422100006331611594394053000985142
120866436327170741330642543857251134576278087217000163940531467042152470379
120990888061966296269190148652053975289137487100241028210891020462730849128
148810533004099785588938652500449316748900553792913894811926384117224714353
208946089850211667449813543747268237929376407921650891317569664735851344687
122390563304302242134242308720643375407881233215543006321717147314062259526
185989619758767166660855843279028651693803038331153571191562203690735598201
200111536588544993681932383078809659546549006385888363781144087897760348227
212411414614694605971021766296018887531535413648479728407909935655259680870
118920089631050612641678140321330046120388534264547524354422453170056223026
179192475776210749722298285545890814279192600753768578023662637777238185558
85321151099553768235613516095159413629327556742029795272846794414334888298
87281384171537096280009628186941812906668618477602640522326264420630359912
179274135778314585444284096973285556311559413925812894849122068362966361925
85479942977156306864209558743797189511565770461291008695160731689150793039
83396536835486645193178149174451500840707504224927577911128986950678046820
132860780970674892778054427359540680217806964051161484654798017509635028345
135054835531846118233417467255435251760378252628373069446550741079987615033
207454185911736548388625994177841333617568082366655452899498888662647994698
155864141575216461886064070485992731700681285693769903473375921894824499785
155996215183061173880683920476527850618187092568492658239882613411252031572
116993556671547440709208707635731649065097832289061400827856687472055316068
129788504320005671267417544580603048862439418620965223342091988722391279209
193298643374893433278399199652334053656401402610822652876612565824580514372
180986926662908272584820835282431429203573453631767380313718868281793213550
177025676420811491989701188454531865403477923335827900132254891726586015075
216013860083156723937655689064278011228220321815608385461271789236003025777
157860037381333927592061086579449592202438799851951666324830034729777191531
85507148919348600247677943985709125239989946411441682294603436165313094478
87157633183902410544577051170801590776622688878103445900792376138230420560
159481710309170767233629559737610712675523743931817368448527217149278172722
192940346742900017704326315074950632566658688485643576043765365845084485490
159783846319824511859189344446272684929549929765359228715331802318343271523
89054402851361710430386282677028253123678016570948075921824679888283531637
152662379776436304309035443662008435738610095013588821031124132336548078391
173526144244880006094616837916694595192675311840566947514491665259713943877
129278429285394947949130437980168274531109351327761629869611828056895345219
154517572896021308220863247408170645094588295240204578460535991064096358770
92582757757936067772356125589764000348157862069907161214099594596505441095
92223916651227850359625339870164293137556635787670541703506400803198219315
182464687932678349372040521165403348613087311524944831309126443899274290738
175603782400548051057350465629206215950006003263224212585795832793300236378
198372829393407119456719341766741288702951929790722611193401210026284505450
136828558434539167111644024040901106186134835231419561769029312073296135481
189414635601907586545932446532169639137813452451657764232218456821045669996
132971020805261416884644386414511838088814282587035279061854554134983166791
191180511365604773684437522896292077184160402252819820956051681952018032759
182780226297396343720433734099455827554436022273189570251575314991275127605
193044633927578603699569198959100357155237094590594800337029514652125590869
140121933821310441430511207101157513826355988795665953881914578036022727219
76440110888094960103074794962730233720889941513517707089699417148542636597
149107468147893081803683715746501546216753632085946349151394455483459467365
195184202350532260865467998368256162113292798087607307540004675544408019023
131238035657660010064810181873481804652111271008947218384512857659990290287
147023924922531546619454921141815385613738465659021487769723820377642717494
189538625241900429289067985758008855758460587436348263162612828907922409329
147187919109693840479078295517301880606811886278634062721213059475228419930
131507986636158459555244498288168133593432192785352713324969694675689953109
215854225376869841407721488854292917539497043068712678252515975917215041379
115414003644878782643738073177636330776317456201042012902909974770083915081
200118758780762598385893354228963377400684209854606377980694591394043807317
216365175226307192748092126583372942701009714393103215669328325087927040086
92244706124887255539715119895625268484525085665684974446726509839420897110
187971824249364100771113421346484370199083747453010715822044629630296816201
173774846894569147913074514830162155960885733433950865455585557761687500624
186191193795901864668217015101802719374064178385985491811000556950716696666
184583142379432077865992934243806187093604646570524693293761978203225671023
87158142883539949220038269493165580459234793774144748913351681141361756236
193403116012394905425846283985953731185439862018107245916200743911828451449
185851531623962883909603692926525588955577793509621389260439446024756614226
185867326798017420391333613504158867624238401258664317870940942440336815688
209001764456467328379762974209225981444948539924598601025161994329490683478
141723459863987331691944439572937304424422246612499737416908980528537087796
209187656856294188045467917652370572183033652251199364848468743890580040567
92637052876167722514775302950263239641073843468129193838030987671200097105
143496917160825494440735455833150630234994914479523154322000261873726081911
175693609897929646880668497428799099404476108068254343807168627545715519801
83665321621071121675914756611313578005983017771332248698615179952698389880
154332196521624076683929979244243194614596850400783393157707741261931767857
191194124042763252903750378284475534738998848754064050678537950249467130465
88965302119084299744315107939590943168975101702543277002117225936381751667
207517731033776794029055509510350018275634779264499592749805697201211062347
122535632575326214728805575951129494725960032990194521110433822986114524522
134994446214304965456035123561597031264984026334365369754904715098970025776
139956448946919512572835143519759196769971494086549608998483030761964856409
129334532827925250353927504992002437351101745080255859635476267660791476531
94183907624785705792963993718989867700042221215461940712272052202102871663
143814529672071074310009643371366503898046250644855477960406733570017808493
209035003956292652551749107868260835830627730018998218174928021003609135434
136615063057449744575258743207411173164379169637022185920084140597084711025
207441699757264970293889843596135949323659202502031651350485612419934938727
132846250074538276362270214970909798074062278717683605852668721534697036098
124253492972619403524544874258970807331424814010486599394234086912680739656
117407478642205896264817789007896855290137708163299294347113123666056661338
145491978171199275389379446981312468804869166938846991931927798225957319012
134619977283008657981459962058726614323963102743336231052819403847261312590
94156327372303965864349440067028317820222075030507004912087518272096129624
115171634043191534084294659159421382131697470242573439533078157855121032491
184328072339440457891692249040557192583192522500898793030888527705828325970
140038784308854524619291457208109134735754058490514073330890106362243873333
87260624367607617463350228625872649270362657994429344130955059806228658279
96240328616767870318713522288008395227435222141648687990546746218118002737
92437955257439937453823795351301311532358881581927174626216492799774520114
175755650834633543713338655043408294290181954027552550887361076075384752201
96156435681068769698017067948579319489188629819632996029053270823482898497
118954896908328131639441311024936724879639713446207623671079981005723233861
157582971689383594328119811950891232125923854862027590114649619769465516103
138506656833463346830672800170112102336908031575446835767007350352065473398
95743973468378927945048983300993762378009339259495488879692229295813257561
88711142926903536963096896427956593652474105324586948574108072961559718768
185900085231644694612924944624533850608038466232601725553333565270074095481
127954426200038234579362619078288639352301107656969204585879273447040299845
95928536835646666825999697278685326758313874583549435698198107245975662953
191387564694793033672824562523951062981502255327725089272138110441134650445
90719553741693539494545273898033870886965627858734332949972553585488260163
124399831788593265468099837929553113848742524775918456356523107711617882690
193195959691130732340469075839335697291575832761449251721309902852060698725
140343113542565013477097566499440263983271572034271610554474710384203556710
127829465998613610701104090876500362161236540439327209174210690911121652039
191340223471894501665273202354902196604591108616140595593437080056648463211
131356899520198042171750002595580712501529188396106114551747155519133546547
193079413295083893252983900896586025573339623089457947787048551287418612803
143509991914220489647484796826943486505365212480643891503912967029297736772
97890361401162491914018635470361985273766602999736763061121491126554154605
99740403700754544474564852623712303189023118170613752772164654943013323605
122240020132087327504471341334602668558207531959207637072213381444868068683
196447136408086371793586994844320802405533915872562482916539740714327696963
96013408856910748297793500020266649702931085352608028352076554781487289172
172186101347595406035610880572252772266174383938126922600011145492188715307
186005311057700465642227873713850612437149390087997515702951879630370910551
120706728456370866096229953212417787936162598220154312452476723244270385258
207226940619991844111464886073830353812493508266695906918373081887564658517
92493219767449203013353407955225041412387446555529585246446422665582637104
145332214477416249535851539638258524795844278356045357292791029232986435681
145422719554113492591447709684002650973048347210139517795598037270285011050
133220268362976412664233006519571793196572095526871622746676262841075914552
125924391301466743704732165137799450514123741485755072310312099727868450616
83507340746314821258534112124380084996145245981019143053995156262748643687
203549171384388072991145931407335425014681834610709201535814197451213526597
214523165637076524174296588828269661576686781764972423223098000548576578121
101498361668450466904120709009611943933102997404064187231294097452492805942
201981041317850201190579125035752465734752226527783463680665906476697801295
118830014024938279927972479450743096159217903997328837798687385025709556566
207275333514075299072561108895546872526815205126343069756525208044037240145
209298623592743785858558936978738289424051059793336967370588883742109618028
97752677261591374301534177667194222234238364251839319510327517349653461324
143483297457763040261320725658861211584096007595848118533427011073135491381
159729822040157779636955074589997299293153485171148679260281857080312352855
126269804233321142385084214023311598315700220455047877544411668823529576769
171911514297330834046766436545804813463180286035790667290799927043787405434
126152230229880405439029742937619443647361688131685857644100657504590194804
127699353823993055447051790371923582778569245008443058900072647693228339274
115364939180122631169233890750796791981526285710390120896668523721037276791
195190133340092971584721017196096143525236288760284551781564273676115604308
184224363526975699969053637773496530851680257899295194801858233233818469491
207213133535960488136199349804033913038617468064120923723594291152600647799
202174295490215597591657909725202029652873285327122859966222694188851490901
76543394755612550823079956704279775790768982880526095223696027445429100865
131549453163360841697652859706689756838545880215481748945809193909004420471
154201548828714745746052011616342935286950392922259200713050151520842696560
138492502882385331855368488551460994353142987082928785683568619788768457298
89028246976390365971351328693810988103121771458356199414735301758688899428
149107711861473112699432501183951066557077080472890367530269803893746583146
209077737576758904355434835685334100508896612346983725602922056066723432567
209297297058097818116884704306063725643419763101592003033479700600169522295
155934021545546161680688077187437315703392124381377653254834361646234822755
209014301670569892196143681291449418650985673932153061983073888004046471467
194741708734364392411022051971558401349673745473788595124556560942404432213
97937137755989218873460548607875918619027704680541447601239798263777936234
191311000667234626009900774702923133190018484626035950809965620583602481742
133295431639967287203042571414820802473060956442039318401958685261448178731
129492732213135231094777440137390869872555011217272253300400860505672738938
186039250695090109613216660895207350321926205653469837982294028832698168175
200228840792864684877945988880987188860857346406235860983434097410834986054
154290943595296773183079036286707253995798610795374975237879903070408886130
157644600329845694707385766301793929956158092811770773987954947888675707216
196508582673498707853238962382096822210004845477400303287232344966084908650
188025791197167561546126842136771388533030103696482270184509164888343467371
141723376365368525807714244958451976898037129574833748831314949201221676088
193327788459408145519756298382178231123754444872144499110236613251509283657
94176334939147760310794056627203356314771188157814580064004697405560865383
200250297519393339970840169226382859790023906520795520605138211295577461353
138139622750003006826287325281430313354283210744384035999684935277662719083
209077628697865063685969339596294456564848070724149679474458748152678020983
150709776679425271531363356535244337212463454809602720546164921521486652213
199994227538131836007037695641665693713588827417104978233541073333740460657
187875738341316437429617323697503811116147617387576080298459652509213411914
191422289234901039738726887273590979193784352432306974096179142380317333616
211029931745744491276862917444068570980849934101124730063116938079218381134
203997565833392333985180144165440766763686029721317342874343580570076475241
182587514376325095865076923355537858575936904320597255924038360508191421047
159715344982746574209550709196110124505554662011346759719358902822567565646
92472573917131715862924466422211594030561548689053118318393230120516208966
207337659332513934431933937333055631807764940346193112772293442834611656529
147257716411815811885953918736805608532493593575670649867915459180851520303
184327324403325885236131134885824606853007553678874137979956498487777196629
127554013285039342607565587018568234447496527253982883366178667042015766393
205309061594126374074010327031290256781090449654332755367489733907838104116
198634131093993541560918260865299985398447942699984980725290619152046110571
89090823328591523672330417886707373941703500102571038156108456792654302064
198607598712802493230112002350855959075467279744042117950721524282482710834
200138871638612359159933092215105997210507516527414612878684752692071778658
211086065614037376029325964880394930996039365226843417698772619412072771919
200408278305676590257453363172070201146393420457918588210711844084295815526
143952459092150348059617398007276917198793988377043096790438195192170753893
99304141002305172141928226295631883220866580652674805448521175265507107418
115214099208156091628805025478589631339015206595312739227716037097960010576
196792254789251421911039112476948046258613709414059219159961263998271303749
99394889327604961162707682594197957702052745065045112675093117181311411032
87336759270112802402451149957515182200364182054758255232898666749615090483
171974056223599899245988495630966210545678168843162391882210409076655343940
173699551156628433133621327329891125069774009567181400555407837002520408401
117344763055620588180090938839730796113654498914383993425348611613123036226
171960204382675164369790246413071410651415826674212975033636406891761317170
142082434625567426604959358360038486670677145830279327438997753728201738105
196923523308503538597385143670215844279718444969140791844662005477203999050
99456792322092498094364190387880656206783769314740155909193212651629991760
90863007382621398546811608812464812315939942369124092623329862126444113991
186024907785322613572492111620986336253299518605430772158803349737921074790
145457279266869384498714381742462306199041349005006497374679058978880566854
198219321876409592481495201177009698253367803061332813176574822120854998134
147160552464580741362229729909461771814187054897284996309750802073691318073
118885612796098023942939057535770977916754362459711766634885781471390559594
83850725280418754780779258317823283962109454854911027481772226525249744752
180800231358983587589151158082386448264011922305233795105411559919648585294
76659729248879237232394264281007569288966895179277736017384439391495878519
99753727192741728465584107527336616077170479177201636899777514479574199155
182746362170274362056244868908053273208968883171622700670181385061880842564
210815121624873857684779991854030269718454873644234944660856622112673772389
198371998787911120437789339012330787978993319570596616215613484851744495973
149232394852581635773143597046849298502835009869872511545867624016634916665
189537733118495294560914475835702288756295017738800838036132818783573146180
97697465719147959443933087396220651817257035588246164123449740099330857300
138181763163292963797805765568997414416429966005097785880616344433315625069
129803474668469060136161412923948494459973773783482511810816484335792780867
115172683785732233136940139888545443169037059493650451923921261883764667462
131487445706567046060833664335155110431650930788801958740217090114443692645
93983436415904445548937229814801044101720683166142505306048028525896677732
136745820702541228977595843026577345126753261174631658482841087655476942406
205632528522903125655327537805048154922613550616336022971934791107359766089
216310306795941412560001180468129457836289277276980583240334386253275948087
216082633528219939149671802894200989158057326800427281602341729525495846761
90725757878814651790738846778811033149458996917776282352435862776779003961
212755887524899165232934424040087434221737604817617670163965531362811468105
124433457384272744907470872523958063330342436060015617837097090737049795186
175610764416702570516164519451271913444361912042284761839289399016370171179
185872392307659336109116538512082238782379534601336256171225237479717499715
212597656238599003902682824484326881577134466321424616569411813931104621137
76590221957740054231022926079867556906494155727011177503604614469105705544
158065741235477570997324631918552624484006669918544712542673577064606018406
188033318505934822984193961712478651600432480942035373733153115841529726277
117124689981395267734479152127140587625628422748467514634492349778027376462
93990608695903248319566520929486780921704938433185454633490339491637047671
186108482574293512849880667272727590635865359087250293050921925218457565254
90705020859807113489518294620576123565389118694794199732178338397486204775
152489455618649305264805109486465946152809741351886457855328079831369015652
122729770405036653488668778568728182669964019891751693456723056314043557942
205694127272773333240460628286346683539344076810586629768922620515675174728
92560757485915832747429831840129482758394671902782139347363714201778872645
98001083067219324479563226189762541942757970009985695179434988436684956994
191347014000648294328717507513698719453415381137752630871550576047386354019
92381337667678870886269519497114617394065509680705313758045961443941303604
194976469628277954763551821706510609892122484506009833113905771764650500465
115522867383388470116311996882035659600980032639843866916001571420962043699
119057777110909139166615591688165369806408652891160393103485343386721212026
139955830872254981062374252426516684143025657196809095787300388584280455511
120871696990030748141954600586669771056087261999389513051146947533296321859
211009201880883516327149617295052879634193663489212344888071485635078417473
86902163454757730229729192683590568491674985394351793170927189944082646646
198510467374821998412100257819642737900661031355322989497467252698039734857
136855898570395231684038540994965180343555454410086106235049361145282581613
90898161903290830173316091360977251632139340084245554402680673497693973060
101457106104688105430311799035973875920724534582236035922500595251674698580
94265866585054241235735102978690381283180126440813961519241502672403457909
152248297218970011221244778186549610111178630821817445545925187175313206121
178908828083810107044221006393635199815011179649881665748185721416063399794
150860670665845501706427374706322977739170280785597088621498311893255541067
120492796634396179529852786899598903696001427665816480438770488708225003627
187619453517153537811170105357333018285012973933821432463838137672370894137
212825008391039320032011106410034324905022456010506683365159081076914419065
90863653160435270620391158916260550488239625941316318464886371116452886645
209034733321800513283757845701483311852832979958225544963142778324459153716
171939332857638146687272579902871859135416876158844044792235528418722461544
127600655980102554523420632838631120367609164800169727503860582656615921745
138437525538089659700320290404797964747587883534301510576665100099599286884
145581836846182918593952624493418090079102790769681777257688438817444418884
138348157017694257207351960483729202179910600533921316119806961344899404851
203872799608987473783130251008652980268286170388399368667244226383157359944
129707247862307721949113177373259872865594843754931817238422615490414725722
150735952259738863492315330760357243496233465570540539908438105302264800313
157852514824346827795243899099248780084283582518799466224531714018294380880
200139709948754126724999116363701563032133595610471766832802863156315699544
216178796379680054276558915685525043898624137772019781693996534246925562987
99685143069612628179174699220985898443229326448760291309921760822984131143
143786216790360007182455583716982589033847596670006866334799084050800800324
129671369033254776261708567601181574259704828523061248580926543386925740854
173919948295608946599980006110954827301648337035696339792110569246609269827
158017646589959848008846298723767435969382488582880243524817440791593182320
87308633931081046038878834493569941266802009376400306458358770661879071864
175306686970315476763881062267147652022031722681026725150213440873096238444
120873180208781924978861399997481328737944325788563271653771767090186898769
194874079345138855351758600118972029722409285909317544931435268848652613705
117132460964655234895054309378246310286011764355257203271985976822644103759
139914452303093030356511727339384191308889816534764290652157320586319914806
85260299432687811269958387644942545594044913549477098324603468251510370616
115419344863779656969705992636423300205648480882485690751966163527470363722
172167067748979677393090728401877287679548230079906436867578866777465898081
92327691815749261995159628551007893980070136612023479046281671586067468641
211098843479783741985180406660274002785550731954103721327868955517145073496
97732027960202588129846469837599080876898555049530738040254994935926123593
132854740446496467215852368464831505072494065313423074435960622348053869927
189724378089259037076461417598282028279405013058880512034221008450190664020
186357215554011073979675170747324579234168601649666447468539806334344122217
191297730700653726891801198043241127832616130057619420517466911222451679595
210974049772098090217403412753772531909020375515959550307681549610900213042
173733009375222406897209037740572409543992264456782969423673223552607800402
115626313514541217402215671738682187472614819751799576629001656884041833078
214632348769171278168439942966250048525130061339037907249763877831313799249
132812715065548140145528216973998545390432760513003739029094918303857722705
94161967070478280128288044015544991423526362303159987527275345355205400171
122308742095822720622338157996967198859701829595497136459044307599517969989
173492465369784130300164935939441910106979742189879819845366279827784944486
129728410692370102204771798064771226404504627054952883760464855091006099555
76487588385045361611248094104847910783573791501725712272573137850207392848
147409795356532276700651120553710149419000157586451515894083521794045725264
150874398214802727198664624245249918500149725435231504564207855563265177453
122681838578004088253816479740174857171008803667163028696313418105627423538
205550463075511841773644205360959054831670547892504288912335344585099210291
117158556718226470948133218877754938268608183489089188856452653849783710325
118940930814216127129838891652600682156915499662058497845589508367190144308
145718439217898441022707420194404931737253542022604889051839828075853540431
150522597116258488046826735112881448865900824106116135552347230660083278145
154077342225910693188710977425598518287522082596757788065153742317969043273
179193173272282580281084341110200349716089459556889367860567823977938647413
85155075092808942521600728160255822746677431417333079534517198060816707929
159376891605096273545706274763919733381304648897427455937769965219505399414
131591639060068386610222387631911469985074732544024719082146727156533188419
83506906130353036713244133182661181550833327487247394600155790815625639472
139976082312936509138271749056088651288968485027512496952145920774833916790
182698210983478128104588512793783772469269158804739419509681617715307504996
188041242630613697892399354506075382294226783222561323749519453204537229669
150695596485464715455632160557271557618832491068266633655476315605349852761
212623401406762373905969858949987063646229229558817434156933303944073669938
180965628090246604313144354614086649954212284477235940104781747269257030983
150577454930344835143750337511993961111305222245532657845252861292560338539
89111667682742580997694020651508166938450865558177561477855294853842683722
135014590028181678761432612893867410764444802705671779102746624581527164738
203575943013825419488707116780112361557522709917120584682311848215135611237
118719291300711019363062294548082847855914994599747150979919037095976988979
136822893191021952852499108915042758651881164420703762477551987727595886931
177411341309576642915879639714322933086317639477277713953339553186226846053
187965111301617321580648944493395071022805285798353530381335997352533519187
194748984020530097711934245135488053195423005780232224913162760433926164330
149252969317222331106027418520781269483387744807497675651499601241403780417
182554377561374297901680964457561414492468279965042276409320736364690097733
88792862099668195113106311811931553749931595997007768297245936040226551623
177155841059475042383856443852259400432992270840174841317114194888913614664
196571427154946768660485076364131051462973336628486104938238664665723130680
124406328409277392649341060089644414378423453641919739305026133034265827142
99393510895054808547517887449521001272345718648729583535713968482346880594
200000941519579101367430216835494037155799833751236047532860335195778660441
96191806843173111828399361584906697968073095290511512369528352170791497302
201926722425436035279676561955866429628341253494343110308752453701340844907
154186986871063590742301140648163034629660879408161788432976124762968452676
209166627783128563005783874665837767389574414733899881889107291988527953003
195175816544248941361609640837609598341249502551431591981989220363311410993
99671173415908028860515491089493389868862817095231287949333387845177929281
147133488784840517220932501878104425640747204543790604722318250165791708769
85342990530105182674676051944117824204347508645622474395981176573436982840
198490295873307659010257019583915959287431382458843079511585122987896031047
87371267053690865091381677131684793811813303457719829301738195603336807792
188110337921481977819378505260715200672510603262772988107173358853707410265
184107327778927475835380414442775179662333993183179656395719369750506785658
124281560729822798578824808877503846494456069865234977466808340391731419514
122597565155906455394181011773818086295775232229892393309839408288123418675
152296183459691413649234190801181316123803977263395191227229713271306415696
97923471065198451257256892269724886976464299277578363772351807225241094214
198283140369823126016402966085217827445437494458452906399927022432251371828
90642588335691006135561639846227366587874730168337603473161554094602999144
189502551993691027962783273857856184933207139619367195241244446636623033978
120493719815538311872862528627650963227832826710635558270101649928942670712
182781898545873154155563348262260984854905560015020793966585291127678465842
186307556386618557578635713473712675056894448707552789130445885690813696852
184562302132903621796155927290741453798230291074658833741749574880225355856
122390055379095746036275513297213835483236820794035267844444592924741023844
99290686845705656682358243358272643842454124041362518602483777910500386152
125966964505823853044528095144236725343313714458228529145964505427346536279
187847696640333878281925609401753176597285024473183984928778403268697215560
150999217410087957099570523710765238782005434165816797009249007657601562740
128056415143140896340770548634544700260954069938414453968778739950215057202
85521490680770394348756917368957327621933009392673961140744850070820178501
140412368386155753704592880899734154293498902210365279743106753205724474954
198380030939220395919788356143020018569784009505753028058049300420146913842
184341554201869747456637971909717916269723644886516921101528416010565414704
90456667086994281038662936269187336583939391994688564348331200712215914317
97668154251512651640179549364656106682087813343781458401691459272406497893
198510274243205460240987286880577193229772425963172933138402099900798227812
205557634013298247926103976726008483300626665673399974797220593309076120142
149163650466002572754257232656415145799567906264525030366823510767619632949
136415450452582829699286623505072373526322607692941372345246409525420120153
143923557270676664400323814855876703073135101440322172700012543969908376629
200008600760363592446058269270917033201089821405386524546545224527736304951
133033972280676046772445336833278356938035343851379106221259920522019693355
209331838233038033986726086750576818065308007005010973430613026680065980463
95950459701187835429056037729028034653905185670849141446437242319977665869
209041934976541560220630139716917115245984365561799084222687841563617348460
92417491917850674255571247219011422688894112626680737135548066431685257829
175590549610374336065072794937587656331644216791803318037670645556631656803
87253690711702234002992937572480671578009810400458187863875001891174836326
159845616603147586680344017772996624321184649803501189472211516231384450165
141839953485828425091804936187533491546012693157208401078500217473561807693
119167502112655322844086896418068075584380018862642954685622456589889587280
126241763879661682652802220194183175018292990278584173089269990706801881721
189531800456666253772342981010960275633633958944004400722614091167546169409
178820185892795034771385928417055132091517722206509618736189226196934011746
200457157424013646452747462453158473968501194843017201184417741232610629709
216345119140111609600783518384453662297447887482694952707104861425024845139
120866681496229690894276296231114034624444244165072761814522390256044634999
149252374492450615504022651954161804119713627100588528968687576616180344913
83658150885335047069248926845246870417767139646666957036687965832070054727
187964194689795363417696395776972331821136814321035364329536769809865332578
94011528042658218591865942983526338426491979627536359575207448218407758671
145580643653793158403337949227563580729375189863742212455504734147373657194
120948938192449124214147454510020116043383269687798601475801013498007349609
198697001254005923379152735986771265220860707854284584890717371698126079279
94321675368261977930555077875710394687109010199351793353834868036063351142
196620136408756612678368409015242820489500365628915085663835010503172438104
182588998954245713525065607766198736465757709211334399956316507087067892039
203893664522384523735720175992221927760500797565907491935554772290075914288
209179621534514211293832533789663061225980951138257065629078807762560697975
128043067342882797455306153139490265415872192701920726244602474268049102647
95785546651077169891792246030379369617176773124910596615792072211561788019
83721240126473200825588263171215156438436377502633046268584916184755947316
208973860282692214713394727893095939703370248469618816613324657541215965750
171925317492165272862385705883924168068382354073610501964144280110466027852
136409280531290063175897096493787225487851734344746641695427654038779418696
198262435037838624723578690696744929012502035665040864287080773137705356113
92623248230705323595864161834593757880207630314711685984927083637794304559
85362751222369072701767014076157122063875995595489023918053054908224851538
85591263530358754675896627117808546917334826554034290596511146949924515128
96019395536159442535980425188457027775310715741287501902648691189259785837
214467815293794202372518093729322369016167614239329064879771381099817613420
94204636445077621130840275740825836793710461268845247207233031361003745637
143688625875792985663936675177841158125709551656547340490955724115515439210
189848504341624062870464095135707895032738835701813814227963197576164502345
135125577065312480813630271373457367368847799561862905784792355784709199178
207199550478407933857594566105165668311806783552999544885057495444232883063
143497314529168881068339842196836690024220856403616287288225170621687935297
140094030794808780237121098818713725670202919527413259950506231215790057840
148762489212019954231812148335178417092951581261639306104390657222789845861
189869937289915777948727946398158406616792314395598881945970621822118740309
191270453758656594561362392356149164317992140359245810442807462108512536900
97674982713652752547633897079053705468031098655004661961279757421971915833
177038459884551881767028966385950495340451739387687049114718443977740546347
148756286422205406977162795689908526504900826943012416306960304852590355027
138589883370723283596694102915895143281783562215772585200665700594575622484
177136107852459280862631205589609194064432732168241871212985138312501152087
138623393112883038990077642633812223397378515264331490075478797207742079812
96234132246007313336148088639653526386265400059243905752664484416262267719
92478640952518004573073745378161736024015283786827996447826683308238852723
202216893687670010896874083832164286217180707141748708549509197663819872050
201719286879275079899244261111061892761723072248392671754882905619115041356
150653272933715250827953663783259821405424401390130637167878738594960272753
203769162851418805672233552694645504912778593262958847070563054290151625837
97980324331223603411093348621372516740540223327512152171940875745333559892
124165659794349015249988146898313959121325049525722597760736995807503267144
115612616915357106300327393708378365016376597176168614561268369739566172984
195190080355657842145727113853447830293616635530224631062091185583126103921
173478318891823055825317876016839416642192337290046068840625576645797884769
198337756812281287250678525966770237661321322549591335864480918463728469577
154111447503838472690032834580656693678234860279299113042686204746532082758
152765151071770492786567385932418196497663720235010126462662803975763355974
89028442754865537696978894943720438079506144637137508239100635983587660613
122535765997685172388075334538933722716343993276781671713324423039269098085
87137740193480570243752601847146125593658292592209366288461052841196734841
101457671741528629822565831890314761348673892515418140514633671842292846444
152324329307128820861636437114365181545506574250061897926737213274932208712
205654091849049687060087321304540478538280979484967261933465758436804539768
124510156407233310236701046168653354876173613383422398600387511217882101585
194687566961254806395266828573336935278744675281209935473858230682056224306
83534134601618648408963271104532297154920699222944278170297211740239449452
83340750823973243834210428495796899286574906176968192374057494700338791023
179191474993482322450980530836176041450795124243586422817297345316092720750
97772570226161541711975633694569299164669237373876073926074092116976626228
216351018944851228349105693562035308370000848663730139993066766384543386467
202092742602629509883514931834737375113960587406039608294863241997992686933
140107774800849152012544043948498801331979969117967882373711758071661159247
145648859154785275287770379948080407262913617489749803284366154576524499024
192975913856604324733228453001892964729716575308768895592418130417060245089
159852896647293241198719513491483568898054752392214970449835032087349901430
94218629509846423356612696199400489421808750575763267236039718377656645484
147154944773509421383694018735636921084560173053928498330002883866864733282
86915102858449364163336499612660737733366271351739908078836022217332307535
124060409108778646208934747809171787795308740643749989734644384588233986643
138161134696417070287316985502493207576549995674796447769884034396849727307
87094955197935368074267840618836041232565094413124451081662891773918334285
76342088722519977720671988744366924278020381369958093475843363217347392626
207074369862815995698492890105182452141599049823998136595545377066308947788
194741544548007105878273085035190082075100465366989619185779101575273990711
139963139862999873608009020954036424447247712165701813260686025311680286295
175374864978034266659993136989310088855856200799510664457950358573165070674
201905849829539868569011736337343127348414565948187316504319228821640729449
97854261398956355035830930976260806363796962713509402996886490435640844866
129492950208436836801460982509532229852491019177834455550728392399998039631
154317500292095613798888853349142347342993606796279029189416292382042055031
212519903336106341434660586908608781405535515741082742026826113858208287028
201753394274879000940420816255484332627047394172759970308810684714298863937
90643471089708733053103557251893123699401805729439959202898974864492885807
212582907765159585998054565152887712550514378578830345606419803622810932568
198557802403231392546224381998505487484113635561232251081438078915882148471
152765528645855814994091984075864693647062880766550628680997639107595748935
158066422397393848225087755241940892289650140367594055075477413353605131629
143593809958563826377905202655363947686569332017137468401077829641727857487
86965298171933898095557932305983641973421651412673054460367956609499222611
101416585091381958849204745891983172226534652984143663590058533906939208754
126228960012455514535587432002311629186895412141147755080086140616466313559
205695853661292363909720431336856758199596386426679851983586675429997301095
178993132777431499670163353249465230043989674031348574605063730618841648460
180814274440399428409099791257925405511409124142166149099479601483129049665
216336545477620497452623388107037423558061011028950457423812180668115727203
172180601528772724668282098169662515507100979328578055819429210558431383157
136878675725545881844980901077698005802933984215948003865604447992659200561
210961726147111673385498842681769383952317348861181635118493493967075112790
171910943185843799244091491046883269720783034188198166361327305805598380397
138623360568045910040058766074271628364882535953187215796257054092224842832
180841347382133694400388283189755193596898091003834585069919829118022808385
127607687892556108895489050021399624336839014443272993379395394766957340993
177356959851788131249009446235448504097027128245020410292909111863719447892
171911025977427342094899863850825181813529661484518641120035674731188283447
173980393872094729831495572925971383929379454987864825516717159544265920632
205343841001077291558844829987383407529529179771318157795640323091435579695
175755596072721045269391683614155045566043354103514971173446893509895616053
127974478301405079422773890159814422099220387117093396866294202250589782343
184313866987071445505114620496929883275555101392965104078371105439973208420
120658414018007246651630207559914291167355401560550596881835930972904904049
216110777715626044275282400351057699108461251865994523975771497043410445907
88931276548708038730055124065938448038387119562924037562972437347474553191
128016352135860915408860738338136408214869080481754427695445697785805550421
207214024266489206059025488873878340356470968306969156645622279132989114419
182450749425987334321981299904202718814947715899328746335394172885934027855
119209077068819935076440503329766661867952945001304199204979278342018454093
98006989187512875283994212202113853284182726303051125345177821145456666680
175694042317103069574807940683935592808012725324251908204246155186232063573
200353445432468919868918427300530569214642412572170004619585278774373398889
129693529778327818907343457129198076871642176229788895785275129998208877943
216316672942797879516150509870855606393830410356825116949069034107989342026
143952157262608812385281800321866452346619894003204011262856131348445357634
129706067021509451550652008887232012452651910409439114270677762836603692653
99484446697694281266532629573000270929709586084625427505356154833943738486
203583571110090575017329801029255443825612906133364371603186008748186106194
194941289238278209383635646259866217999806453469358149956338241160428616019
171765818757285089835420352356781984068316733175301851261106247927410028357
184334629406914746756806501206607724341835800940097470960133835605423912038
214136633923629274372195645060031834614548211817449387657200880889113694566
140108131490269209795236955351107479748362473279443747556155213647917118251
115586334138759329303498472755460714639697259773797759484973617813604688961
187958020017074435703697314487463672304390864932918963002091513498253161259
88718314269403449800000003671156132705350611069848977775789892358296392550
198393939024299003150054226835187169389779402459765433124491985549678308418
76652827393577056408402854842321386536281585387164809305118833955413967222
182470130548448789373447362615551894673761744408069976081828968539041524280
209098096871568976806811560871970931444272430521577726133255753914580495981
127780476929985728550068784648383193391521545432870877773358194274148446786
177516163472832355804791520705501772123235218646551531597589091446558783045
171904854971211541356829424163283668407334009397642972267819846127725005876
76812721978897947642933124906517460279592429735720249265611081824166967642
198447757075233078673202803848534129570113321152959925906298723025587949875
95757104109785035640710779604326207515434421052352455533485760592095833397
115586362590251571609344880126109778289744284517620089667761017164870666801
131356769687847482723737997985263577295468781446780936802500015153169379400
208820405611959236622398724788716017446799521744252198683678006799590700906
83727840457903247925885063877274424398160612133996892474351069573362042724
119222720376579874730008376044893639213924242982289531712023342648321847891
136663675000214264767507400649335606669926572978587060748277719094141340521
143681937799344173052112880337618351246166018079759155871115142157830940747
189725214931618692984031762471831095325867995216043790549636763543715672442
133027256731445628194329407530107258125878918195151227626138519499779228783
145366851389082932560722714925408130303252919783215983646251125808650990947
193313773603757788730488922752033772229254630358500084637372309186047127608
214605224561653857735564657530175249912128098463586408558790536971906803795
186321384753118736605830205428096678051922766432932546587818780429487532113
145442697074882616922700726536151936130637654460128759185283547639943672939
87046265963661834184951661489256338490329500213830238246570588881063926352
200498813697367381505273110681584000051323290913213589990602197201490961993
94466047972405548918576385040356896831985983542596921266471110743176018275
138148357667823672200537378022089697604528172163303402607590420451151663736
92429353648231182260042808200665383772141673523873143036931085744943298388
96032659321855999430023037724510275641688000254449340607761174136524977730
201994743105598217891289831784231565789351807763715147645119613472296226890
87075517815613717125843781493829957963645085511338602695690870801509938530
90642180679579729967327439428122747635429497082017553580392342956415080528
159687950744702658765646232958738605573602085881287716690702660636633156730
95942642474249378359758943038145839876601939954814956454414260998645369673
193057730553538945180751495006379818916233483712383728480042141731376689485
189806875215113386015122016698450612783098727056886571669112902126261125495
76357211786510550234103494428271938978148672518915991850553530935185656948
175259022734534910871064999202286359088072871781768197681248444085322541140
173478072856505797055520709067197179863418314128750707755931029262880747597
177356473280641498362326721176161516707836682181562456445877524421537837381
187895068426461210972772231053415914658495579307927370480891178191194192178
173526442063897882868102066619897994417410923687946493400049148555669562985
150930205837450795983224231481721753682486815269368105105515265407209796146
131577515626157843376908071387479197299274985083901818413627384443255743304
133281792216361624062043651398617714885524648120516203762328075965798441295
83409610821295344136356610857165193752139574828890903518035909447116344907
145483214317137394372728240528615786295013567925324632792097190639116497731
124469011133175855780267859489157140146411986919169601227030861820598507587
99339191341491777747028140505842214436064642384173059075702740580604473678
186100883869120967558838326064165946093378231264225129874873481368683558740
154207019989750297618314413639314377099051426326054958759723098198595683951
128043577685496308076676850395521484257491115219274198026107486184266623064
212410578000733963132260144957339169573974105726764601401534703508075458423
207510126742961620935838914658830463502847030259221047188733987672881513065
173621768346644127995230084541090951503939928739979547542116229051543737166
89123555549004883606912345971742208903373429777229342939538188837275386983
209200105720653749617645195178545623911426605974604278216465070215208060536
145594480224915869867722740842310226771540769553516332264911436814052124464
210996103126572098371231070528049446913451280436589062359708755357148469299
157721091291608657453699326825788594475604479895223544722263380975381725544
88710099781865315013194302101959655763681749393284422826188970972203610166
173478074647187682966382664572064035391455122075296993360225272558147692621
132868467814054710548879768602322228007623277405777559541437870341615997555
152674700787151545806450238865992364311756439540506525533343669744985260399
172103792653772808576126280789503025009259259637130297170985221994656187201
157775678986134827405036622205201190147302251152464345958933202761262592054
117366361572858474122856009150997677729646251875615952358239979545205879880
143849441763845097193420806168832441815049265985064208162830285474085025379
196619572230257430389161280504006251308159887053221482793349110273881635185
90939545122378455201583819522826815106427757158807413588553840841531282997
76355402942577415074701558032210488831063209604534906112125951710804206925
99402164096707820045187478328064097647577222300100870081005988046039185754
171738160252340986369898136906154719819151148102503597357920439722617361228
204032105933832399787302696349402661021785508872422402058030847280232674614
207337175950277944653925217782912655864625699366971592400486804443520183094
196660607177940857301260065919952944536557507309485325487664770857243536975
132965223801278836210997976470006059460582295685272453207145352896220115060
152275613428895491669115801469396540720870616216877293197363114408261605686
214562951343014001000389418597583591308571813268335053355133549617406572857
117448859333404997703777007250684441544015546739769296241863111287048792142
196578242952120360261908445138721857656926729073099548519260559536941516130
157802857984530049378399020167257444861307533363810820962078830313357014629
215902861224802859609956484938122853317383628756408545319286705002293970033
99484691653570514300966029260713450608198830532162696842031143894226251568
127754403917687528376152095658797872870924999847045248328438926649959467832
134793136714658094457832647568158456033742508813805097322163162948717202287
200131216306299434524987264469418905821454992312561759059193959444040607279
175251124097450303320693936429785116835511178828173181857038086288275033174
94425148690158208346749340433850567774695933895082202469264087450823848826
99712824514871862055964818786289098150321445519809835159035960304311353978
177363297644625037263241511643075821885664635311344168260929515899433666896
200014044058997338852085652587752696330175730540288028257620507295176748083
203563185394275080210591170140548695007469117418053938797794845864198295108
200407530035906560330997815604459944585699148722290997617700452035533566787
186114011145445158991227839254388667089184122477225626522772086798177428058
191532552030723217225324245465506671118086813145427399240351631898877572215
83340431406828814384616988442777823885247709773140873756041602209103430468
122302108247534245186035907049850034015054933151470498010592116217304667720
92672479929349658070382492119533420178317348543981297978327023098367914070
115200242116508040046347655025446567976076470576194908873556321094532937330
124352058554944743169369455371943562672094646054560454496132262334347359029
142191323936067703262431319958968533962199789990570316948578563919983095915
175666091260424911265354899443489622848242482354903484143123311124841715769
205433210579026038049200844558615732906895323176785283784725617032819210318
86928985110313100248657078940523144241517151223398521458838084242831988857
198717865718148115845808383005279111682353515815334016303144316673464756330
211077410850032055079160067681601367462099809838265841876779246563476525433
175507585845455167736494767379253722598796326747489329996431422557913691954
186026016725900659431630124294960848028965639618831588479819612536252557359
180600996417552195346687439965319775621287817613633886928456126481008911476
193381333218848768554921615452447579105807587034067368682023686979283218230
76757244536922615926128669915319979638185924705319207926222271108705441841
83388389888876952972261149168239791652661746402881524871985074338196115572
147216956992095073881899047454145528891333577183722582219382174293911892561
178950540469552329293073344229582134186213672726675804207927275709135022455
194707570701892129339246280212639279147087558651109778301377826266883057218
159362601998744575284879384745115786560708241271939384516536988510127673672
101313898129020910279575167627402637800230187863694398656848735384767128934
140086725943060580966081204799497719505642420217755727267016038592884009035
179157803818233055929174078505532850045398486044697591987380783211156104814
90649813401123677331306338936722838849556746729666664494042808767319196243
177362889131298436218258417891109902547178384029844487151852584367331624242
214088464079724901737332182097182218395015883902506009815469504655801403770
83519873750360047163925531008682635787275952205781862266506358330168854321
92651885172821349539107475075073316178716825424181403583772597049932984654
198716409571372560425523199455306572628029966691839591912855131938152926273
202105895371566366112986889584089262566965300517266521576467561730865837903
141964159625838780375052890179264961835600033539919729233495696968850295374
154414181719441781115040699243911944148742095989140419729915834436433043763
189413399333855061536309713350077379015514528462195715208990195043065212758
201905152043505810815806601815648223838657389760086958567080849058497516409
83396423746881260036372863860487682577274846332535365640832159545486951011
159797408440047606946484940487542326491337680444708414047884839236943311726
214604825954199453211340683998192074507425217744698060721035748805284817987
1256964135659664188265298931581556205302528283934897761085
24
