1
528
363424851747407621750192000941630463307334343463916351859765099014891225529
355967418981058561521162943280349690336048725741814904664292191328705718945
220837235748805100058993094135719508934830885182108967462897039043806639284
387980164378356881244843862615939601359673358408029503914867369192051109329
131405047021280708919594647968604591482808146818511694395166586142663259926
94332904153842998761942895209340444865542447783061989972323973365178993997
251398752972428765913431178046722280529345891452723186871584918327960788441
421746200874461706194177530858405177725973826398337086556608899849677377513
381109239514523881368631833158257842985648459886281870220383386232156743481
284021236245622941235694597507874171132934250995657177379885257800285788394
139344474600327736019150917272119970887740325492884948159858459271503691773
394920677314911034001664364873880291386444640628758415284516047682177424048
95006374926793080554221464986195549631793134834710535123466069578647267668
328321076783790427928945536623549686983763028110382180239975599333857160554
45877323995298474784114689024979505016292793471200153525093980174370400651
113475884746213781661880996961660697817641262674436113121180627163368037386
378320577333842946207979674229702130253776514483015006938857105414276497358
355982626456136786739275764337810335931968902979025158218786944638602121434
319480572344652710162398095431969952578722558416639700048783837053287610666
183253296734873393744271586249979462637021996507228148803925329015174161222
425175419773357304543885741026913416237215577052822665249817489575606013385
165151938564418403101548785857473250990398405056458953774214836488471141469
373147840137735222678854582055146011466788247262295443997600289007152252978
267457821784890780516990820834302674622812850275594099614219005643742352365
332431894930021287955148747683194462102353100874693372788293802110702844027
336403832580273748598849333003641985048722746214197052790331590358334271174
386650473745787670364628128155703910528502303593548494954282673629975474915
117528360924374228935261213054471046474109664654815155439341268991446252891
270762042730800123192640129950630821442858642124028653551843443587989873218
133604312260123362147100008836992847519510799123501236170978873691534386138
69820818776715705400627362979885471738673290687943336687813263114077442259
370060953869932586989760370923748548242234796017363870355211527438633024095
286307078658565065851276432879597829949958450659359417490729478231569912248
416690222121803001819091055710384218044167566370772686758788799905416397427
252092756682928011304541169764544141312273237044773300926628939830107712379
71910640891332823323502283354830210681194494118694670141829923731505020529
412548779742040340729762680647758942625562766844608333813193856363297305953
430415155484235676228638367884787221057183698257063151686754863732384058056
415557129370180099147479673550767209588411824449844849805601843519946189892
67847514624733712313987234964418177384728278735382881160054168733865691382
76839906112078640435141241699921869487278060995681662474490838081042812058
225364335915706144538757283499797915464817935130940329395310504869709741325
233158778841358675028603767952615184406825336759976827626991285946284733771
116473416351034001912169813537651985742509945521347149923469948419312608494
118741116158496742612009399349220796706596085849136528701139414450929722690
149048694508299853148246426721222684067046323455330667530833249884342225655
369997148718735273145888428624220506823704779010325781013027280757133858067
352577667473265236562051246319811631602272803725598001906068291180083497351
332152053475145435344948398522677823631229227805513380125399397114358540913
275095506275486151310522045585456814029174261013909440281969990157386337402
115751964540697550444048626499107280520750332089062725931344556684359242354
265086927441812168104157363940617094827481772857680818329951540711492506247
422857375119263741127479110949618369663368795090686036817457707910938209477
136122763092572336540092266025947502058406128615881483545151019558222834187
166590557073787473323513865907464078768264849250858500613764936082113355582
90170169714439161950573616254350534067998470032148595490400058124757441741
39482028356676055512099412567991165762070522959495273948388855417829686355
302623651328339370010544649517448523083411837602869993586353305353589756566
90485434551303158942026505799866786453229996985486203409542451892457341120
256659542023380553804761673669725206814258821425438157007788230030491422416
5779099276780257279202160928736033100587289548006265631249638522964163159
146062096888091167748743071764788250258253957298803553442985169755195525899
241397078142767891398048484270471500251411122456127310822384447119535128942
320704383354479395043040263574710667907737563413723777447722690248186761523
101341642292749263280664196044643158282901175710980255602462607752920571998
44134385016942131197588831988709423162740074037974534099603130329445739494
350388102650103484174173847856686020435892167072460171707248525084582584687
85028038797731549485136437960008739362403842753816299343833844870100484293
84930287993743172191231729928352824552588556679391073613228439528195128032
177303062178988743032019464195982643402929799435468228163008513734503842681
93455482591041624214966848258594261527157705104288371593441124894928851084
244558297755888207048683677307061381612459600806832170275058119419254627004
112799066898899564891888894070318785650750347711427575496477664616244655696
7040119643876013232472600509781403735440610679987515158861401282665154145
12405028123687472770774819432731765155285770267610104281932970806523827696
217338567207823984037146641974598768042827854512756234468963750433434811376
111509098005264860868962203828236652599615673993761788084281424192372213334
356353148083510583791860308838838699818622169812422485040119805588886549443
212420993535685926792137572812723995646378495253496326180868540495181486445
68622265992932326116697207861484841641407748384972529642519933399438733925
154771426184666214421526442303550917550550879511385108350276171052306029844
323227780913344777532028379476471446016517081408886360764782125243522221598
197172354694476802534308246011544253609819863325873691461242954092363948362
144195437030174505482923157904444851530206411249075894412678771491148094463
430651225690572068640448852547476423979070129460263739917004021033628786083
5573576133443178140462786652914957941248301266340585505666510853136644276
383384509472134402823145652417786467977381955890587199088320723959025440752
196568519284520350290655596540999170579650352512102125505147195831506172772
333970096847903840514532767256886257329819395710917215152191911051319102598
338154376411133062320922204558742136838008284195614075526603559260037539934
251831218426191760777293355138511567728638059960288891210713058505320134251
414567822487782294589911978143726509683339521692264071408181074396774327747
305752471296198287359000646926307193190606216744597539088219464536231137734
148118508350153856319024102345548000469027285089475774798070878048340132789
365320453640219583418014017058486149082008467491702237757218824359359176113
301445294898898479217441388310591232595720744187203295214782604292832272505
172732165413685182306015621397237039738524075545663343855260852763005245403
215879228288991629653445619371916901188862955555967243775347828392914703376
408924046626848133395429275159567967165116228886611983318627124525382672376
316525467189663248685989843724248342695144791221623597822148548650581611937
133179531271562742752211116353681797546163798637881010457099280441610472797
371436954873605815832202771231129701002744905840021970720302661620578475479
107933673830686181001507345808430801464699958549742053712297522995669368235
360315838690239470037775183408149936436119323523108599060298754700945927285
148142223301768219963561603067425345050040641138279341847362089195586425453
310426072905896566330767586729360956477488871680982416579059817130096587152
39709075636784818513786530908462291431941483393022000184458978218946335396
126692422500373940274088254848937862609138491340386607022548725380029028841
285501591369041376691159916427733649626844028292594922163786743389674621599
384451982725154746309694855363368830001439997112361172200443750163917830267
221194393664216179710731270440318761646529269924127367220194252701916793649
352062513115082175946640741192549074100520076106618376872542172531417168339
162917631361161857371916403559140436834772769077009052503631810930145850450
339273898864835572910201729332424925229820316838850956192166752900088680048
67905435956941055510442786759933983622153609347165134263599889225023868795
220569006206189457398602917115481693759486065464523375262413024724953829431
171104813702401005939805555597343525159940793840109270876398031853771463309
284721114612933241437508026402398124157687016780074411967744353688859487415
114294363830047248822265989894947646744271365318719021701422993047898815544
95128504846740494841171865216352009485629730258268515097910939822070066275
138209533749575294565653193669361267598716675668442509086306454216653068798
206309884763036874148460696246320908030545779210319623754484543943164096707
218755244486125321183157841514268321154633030346811481562874757052789048480
79878172642817067258655182717834969135325848874152634531367646405859044404
390771430686869368478236994517047279402219853225235361694431830590901310785
163043170005350376061148478668260239843277730817051806713971154977275905240
288900277344640653756605246058830954404099273797934564579832274422583702936
256980372984659423101837301457701479346609977093649114992908822413476983626
374211451149754825959095618614289953703767184310240500605978890310326472816
337565412870253901842564888049012366537121965871572230795465891156053131550
87147063914953592599429529879229066442969884911645228365823526108664300202
74370466002424970185925304066501697180014972379301329454118297638373786205
175370354034625556268221314628331243073200930476986296141022283400732646157
175152927931285828571418827098978846583600409586710121729783837596587626864
311253958211128581239325931597179992988836950166435660931105981440880493993
233244961474494809180420444419808701224780245715793258756741247924115227276
381737984139193486974433600843964873340005539942306433540089115133614373148
80298985614066461816683365884997896378449542850062163349000574747733664976
432652714282470611312632563366631641636025250487954144922039321463129051760
155313812193005234942480206280784341193151724797884544586717190340459124882
219676368445495792768160876756801977787512658010393485464386671978107276030
166177966588846448022079468909841923060376136146344726848500711115357180159
334846312964899681601560686053669422206455013831004259318180648876861014263
267849443871598722443722677165843680019289165188959385449205450331760749218
344492678856664312950022116324734828897162712873904513012037819050974349597
243717987982928417406999825523047111935467634402757013220077427671052673448
340951964275371299383479669782645468131649961058117318512914654432854192178
312574398820387214551405210639127006866701170661533569830485167903353588394
149389470523273856255787819039794714875656235576424354987629260338403299357
410679893991195043371348828755095309086813578799877076445896856256044945968
272571585950146378076470685655573855242485192818585759117375808524459145586
426322478365933979014174138920797151423363388349524422753635858455961111923
440941768397373702343050424093379395453961463695354310240205404643020758551
28310747784041562371518213577144703276336329036510584909001504111877101728
222241788583114152637443462840191166969101878709079705641956608802669007345
37105431264413343855953305984317740393618563238733901939484483555903685127
116283700304766777508213097490458741439467808526857840581775287868098317197
82964795020634830725348642867306422420455891265854721396596338371458341530
415856926284101952210524748189815370715381525200115386725604561737382914915
218999034994559830954732579950928050293892281399835253285074335782534148527
368795393924077531697566666800049267585554398240661626940226465387688493781
231859094557419676520694984603165904255159189195518497088832434081036047062
144924351820386351732567479872824981802331254891221840019625048807535042687
36247257166891449390478605260198029726661838847509715888673664487217099978
345057202324865530261885602222610165706797090910753390812995688644331224767
113570670925374439124691452314237957403938247875860143423228330093870821010
356333922802028220037328945338020351051878664599285098358102394487257865788
177108998252535593412413523076962115721283414249574353364654744485757975511
273643517780413796850812974956569863202760080966806982071368929164191949279
398394852829271615865246464740428423275080745753902775290062428121098371203
313118707031808795489864208933149393387618877697486918441669923241348361574
364214364458381094851566446939627749908030489036321500380423922916850010191
124266849737859692553610295168198105137233798795636229075241513297046067064
349347299663387502350459697887891124028776814141571477958897882619496650099
22208568855644324083039212158854893370389299691803264409493120954637548471
241963059693361643865712780901705806256444999317904858373762808017759002282
443697000417251679113944916172446625007778307601453787888285753030808104466
307118579246652489464862594678796571434081709358599710584357913994672770321
29774921815641558480440641498910548157154096485875608308372350970047584914
199011931191646575296729972348958191795397124912642921178888453652442584906
28962033366989447359162219877887045472126606614288770617491699098994794427
310173823527612750248201587729203770741726146152866442694923952787083023354
79144939709707891290483465130352845386578377781683029352878677039413098143
134185130844760818129424224770467151152843831147023726424541973064204848901
194635694852415135960337369902283283287366068031475306677009445525051998556
64028334394722471583832135590390202804695353022926834677429158849016377851
387492346741963063352569151049951378490862823830789449702991710641861458586
221890330809772261704149272023504153906355716168252162019301606632569358212
72746261203338048392712565864751560827512492846790265648252482920321149026
413346339087392579088140325829830656498776302648266574802417062820270868391
169591851839952760204311507210947757948466455320770423764206074422640776550
24894709849177007412587899768622355104303516592957015894065967107181331500
206609303068414197727542279419502694404190822616264322582361721004494513828
314652974784372121134308804158839954025139528827477387629492768572658408246
176007980071592459344251395173915333409863237611647418747954402453633137202
143030094224410850726806114622339691623021948446486993104384319067513460962
358398350665390618702060836431031516120391370273565348413752593960697678487
216864321373070426682302342487079697541327804745498609362338010389287632531
83140345065734352347284656875661810486221191401840265886406360616485407874
153273633803491051548273853429008751382312299826033368892275498996802476872
51868679242969167811612442756346566291740849300070448880037200254162454141
186689398698860903309470288684979668993973705498657814880800504241320650329
216607868432023609266817215529783839259124875840411908814204113234414335475
421266905718675785285370100424410713009778963194722165230554279858294781970
10809349365012039637826948017682984997328899786948208328516856319033257829
28302517576201423274691672043062097500482937731818784418340723227241668515
421094040699082161844880593605052655156977144911326917834874858125158701550
132675476068651131057228234502137610411857893151211084871275696013026869300
178093348531179719872019336027665851516023891014940099175540784830599421405
380767723810670982269309125683076613861009056850114759011170787169317038832
180884641800719939333140285597664592294064907981744946081775318473439251042
126216968788220276754090641142056736892237805930728540648333024957353546432
225662883285806197206785998802664740272952891887698705825721355490165546471
359807435691925740712609241539918667498422125526340726898056811969829945899
187632670955624897478399786446255656822028087763160107794997985684647316774
315190658654259077008752535948271939568148808208733982847539254767538073955
116067031518744973300244195494076013529675928659738150580661478583835052942
422819223873111707385807824577943929735783998958651219505393565203916991255
60443242175406692715003011963307070455372867414901040466798401879544492914
374923998071145556412357070451361502373110673758913402388767667519549511864
310631779400854066565558371761528700864209301087461301230019544789680407708
29086985301712308837454468881041776734092355261922929211480445597080298205
363260220545198404748043279716439239191679652139367742678040316210349155620
82220489880092374772904661787690653006854982584002002091600720403820604572
80780603804276637873104879134504061097798250721784243752280400981899612111
218481751404757255807712941159063701864496827516737751335986377411277894475
233406986728723374995558045022630535074980235060114557134952014134446861037
260363254452476557941085671824718915001690135442930858452021119182460049070
430352955077818838751209390216160496276788797460508325543828532932007130591
76756047110366836163513202357087696760408646899575742941918183955088591536
308707262073170740920936837534440628500312376837312550637245573971058123967
333921314756722212959003341066237393075338330840479661416189474929349030271
243896515142678089589293085750482090913619434070744340528330125738772165541
169710809941474815154401915953999607719562672800426366844365331761650100574
352125827047921027610306261063408468306939252234955754754614543342368650178
205159059666908096759240637605361304988279070051234291576111766190560329665
378678031228096854822650132582602968927918384214905498066774952828590607857
272049041922637488027053637035348797551281788973540322588235010033122396644
375441941184990235584761154353245655172056827219905078151117400024448950525
20158886461863960306700737938427397351830991001826490005091156315288460967
204240122514010053147368268236175016174302864314969045831092053974691475539
338802866854097857539179293331854008380362510472000373426162962690760282465
212041599157521077661861533779517488754140070087315893794919415877222915933
341078128651353878578041735537239553507182420693897073883203959771249153005
195482329340464578334881174968714979910768130507677710816217445866155518355
411077896019736126424942639643984820103164898512831297571108117733530917730
171302003838815348769343957160409601312221865202056860954168560380335102683
230674294569272456250034343809823987343894831079809166447113883324533638301
142852430948087903752746154767941380744515054500457715068228813177453634984
206062201847985992733087172704460699859527361966758760075647587133735865176
376984472135140056763031718483511745179999523306611896550100802212857463677
141689440983443386878123275002211239427344536587495927692816899114447473687
232405209299686327954371613528281327181801436749175053644089109769793461156
324497110769733688579535439074047511453486064042237056272591371616061866364
346067444112268506956615834441701895090855776000837490190586862659497604329
116863742772775828558712524733070090050858201056099857001700060485017994182
273847188877327226703733025515743376441379761554218458712658721975678462315
142214487556011626155889768314497904273473670001209685669334939404517829348
59187253047335365542230714831916457226310923722215772767439134378447750773
121886545283586384765484595104416746346557793560413527010259074542520799010
429527976348101771996734954128597306179576673075232045075716336559409152139
180429266491166196892058882032139496266564457197260251925772433086011438879
216703259310119080251305681232945948896081185185143571660938347831894822106
415241084344575563647272937882484752974757881817899907300477209857341932993
173159203102253864397422240493261246792557745330915879461569682442670243254
192211936833015226469369502963771261756968880545326948739798089932927795167
17167005793293942572838860137046616597016101078046648700937872290282215152
5929341549007657807363908723358692769948768419058559171318834432461323769
238668350057750878831389730175107299578908843377421009788663487811922514908
331893719325366732229455493720001593266854561208354002657161698117153918319
386805160125330899292298997582513697058206741272013559174973969570693230495
125937724466414045465294079957102747647216968996476541852732358237066648272
367486529605676074511809484137224755631106503614293502305068072982478003831
242892099480451434030619469189865913332428921237257477549852652986056539611
60795807500736349844670377061270180324093438317260927856388323573620553632
186407464799755008514036764506477673586375047872673779779699452245697443563
342109174300904814330673158814144476307870499097923632653049620225902292127
66989532158132572324400502890422897346940073060522835294968590443637654500
353961043223141725734771911135693415482333966371464863037269629243138092426
185716291489855736257607752033289101730520685866175953177215111315462772089
34320849917535657204094662745394050656793930968551925008248469683933172975
91473434908634956927529554471716236314964623403641589485208222570549364549
292500062351966217387639751748027241595708590740985724245947925487723770890
183631867977651631225805712560460970336895395372716509448753738678107171071
112069657817519120265824707921331715712467763189596105049727612280237425110
435904020986877731491097925793291718729596916645613442014283687696995624036
288701690050441172314589327604868059478685266506793208236269197726811475226
366622759276612772850705141670173636116993716133894439795532065479597541338
364747215389689470183844557394258080135011724534189805812048647666305349320
252495980926390999316574088380289401765029078814833694792439672242754864763
415099106490382924090808451719103176756828819362895249088668992624184563081
161310120739352659780504773830057410994656395825439722534653455910048618433
27601745846906296376356164152236429554102955718273699415557166378572037915
83319166975611521096505968117089013205416699017174365222128914072573615643
14611081871189950290398107248353917520790863125079213013479558101574905025
255820514195962583241180589469525429951971071849435924507376463689797013196
10723205183966316676778945945732929313611742146462467409772914652158474134
392741321726143135316042564755969661894441543210812874463111590579710891437
328796649245954425017033697226872347640015924944707547305357327836012347086
417212406995415162129553825636295385170844285881571409500627139151743349986
107699408854162898605042867195580380031407929343054388588539878764406330381
224241522839077855551536794550928844250088877673563761383829949733752380395
365827147736465090197838711295617624649857570046084340244780204293522182396
161298486486961424219506210375458155854176471294616130840495136318731096519
271168533047069475707146549184341976918312514886921046140513313819364352926
152505132279067083114751312946067469772867305660238020862461700346643239265
444494520775032287884096883012476112676043629475705478000696138116763510055
285705518378711917610603304584663021034726080098450338865708918461693562248
53661273641019321612213630060274880110885224551676882274524687057184581096
33681759333388909991041401470985923696863784854729950546588556029720285731
8661730543521370217247714852041203756717603207013528989423182911754482810
238526583609201985758281594198838118292654462430728971097579150772762077969
216710163587441878492851639750972291673460352388602889015521540032786946301
348069581855498438529112764997002642675081157523048264921210459352168759108
197816064341398263532981268859367468202007823330956663680110689865607315635
21521664432860490082756173395119343345638233149487919296405322804732018768
142125719670660161617040612809016364802923435607275555391107235376668488948
284775482520944292861156249514696255402192753931041228574672165981458674832
98657852130694303497687944342371769376809173017945087042901582899562250288
189610545327093150360939520289985700440575673803897678115931418125115407608
326798558644534647727171306834398505422201641931831148510129067182349852033
292652588033144612003825446672949203286237524573862737261688288851755994972
418903377780569761602641818788045221390748085060198408396295274095275643211
18043929307787558918375625519257683114297281007521147450699822479994419144
287056660200575136415580032508526749560694031310104181937831522166438136566
44474304151351634985943945542155930614550191485234620507746563602138878165
293503006386636503989270561473124192228903514353308119650411396506921267722
289664866990687814132355629099340075369854081792341631031753980606689902311
407487646380034063401074780019713903421304075491917278015566165009481518724
316214342769343741158880870981350309530980932224854339158232168433354334990
98519422290626439523698123795530351453081940649639397526102735626303223007
104372192368395647869753072436075602257851015873140578907749723728380600604
385987504441993866692902309606017748917747327122539557243366396874205116155
82726414790579003186695801910688424905926313103712935537371275318352277664
15289291640930195600176945143718299841639872424564606718531157343969793309
140180616804065997327487748407538283997875789645490831172006461785791721717
340591123297560596722159742101041334776070819053759920087931769431178915053
372936820182660781351923847573722360143691555950269480777449331668465554789
286067677202566369609147355441513842177301393835460015611271422496554132888
275226477927346202816675146578551048094743625652437039948084375735723593815
86966850882153888854693976335610984269234818276539838391335218065358745988
233388758957399988617154513139247327342320721183116202416429593069041225753
198270578158982978291924327715165388653963952881194401720414558100745983212
235603577581199703872664196139765008511744812176135853869000935448390563156
120019709255681874518432811604061190715199570658441050218360315368019676858
389040820105798071774150607786181132680699870285528450647111597254746896181
42644442549025289851109072812505013532816553913980125934919448391126420288
352479427180188330658343386178886882442914315745691003825566966961469184114
175859069272540534508792758139243436751624874431899308940023012220305219322
449857478444980233318452380734582725257153999657453454886667228281848375985
363265907530091907349212912533641226311299058916986889909853262649610297414
145810701346300884658450777054090490164232861413744171028301338295051395241
175817735312863045188707144986571026588825319457111895496955006309259803726
359949359110048698571512265894022205826606914203839339111487866753401676163
186727184303544778934470526967037248800518894614207468587013206925367057880
46911556818718051946451902729828535675434374125681779350174221382125044244
292738444443301782238039869150772444290056000837791392144446714926925102083
221116801435506618404468510466501846275209147872394627006162848732290761903
297746901898190436031605967891576552544336219078700311472704689604227432558
176875161678227483318547021553454484782861581426615886722362349142873576873
91625768356449527526564558578954726667119311377468576181783513937044907315
54732092096319596715814186930431416379548873797762738572446305270984164995
424579953073480950367200471196964750367508768118335256258719591575627958998
393055394226742625122620024997621608895041210882159442311760605515170156854
331308357286778645502340907946060568988840624715366465302246893185682999109
416851793595408049661581939906799755489261944514114055040340109491606262573
389390647922029755647139921125915066892693236126841919679475598091366401998
305467853457285061916830188194364193529871659473437996328262011749863676909
391465767616821625872267914844073173188938824556536886813569662595398432493
70336595255592859394993013066405797928346946314107254129463282506404308878
365599743953546775147210196204545782447530469935213935746600509573618714853
413502182778107553116659693886925813696529364935831097425614424007066359235
294484148098441441597181042102630120383825517457966790404079631826350353315
322688557608279434398549043217519251743052171192866988716773349139946985425
338641091410609992480472128402893430631554123881055748658854178179304279040
281404822376158858468137097607412782275923394146133350855229745821131266238
14127065988598180515783755170363016894427551166766775733157605257519070386
224649963121753399189955956870180124346414008961051771736631616765951583863
363383245882134121340374188211344135777730370415328999913297603745211351812
215893311883238977775160480615237262956869555484984620712100680600279205451
321176884690009000496130944841892986431900600875233666894859056940355864582
69436623363197367651371413871740478143543749736129846527013430810890993189
433439023397863965464857382666489473078816664505861524028062996427959796867
412479186186453655563520298077690529502840229085713453668294895002040609095
67494437478326738522389729582780396406300804775735605258985461717185716871
235674198479756508773998933012087092319211767553396504814078087208218424591
278247904514406300334043283132596580508444458385654239647992272918717651642
149731987176965594014946939428862420682981170703409539587008063491125233148
422944758094134762417642254514921160199094907773320838133071143147375210207
330985876699137192042334252895877445968625204345390711740705094601670651718
239890794761217999003093547796401617014262680374639524291931755314716687093
17288822922883433091481915295164176792313880891343239875208775908760196984
163962647933981441097017007137457761896156471107858383025142881982696675307
91882946681313894988618619160572788851284432086378359818436309203488552265
214073222303004847411213999780678227441568993382757855345970074484478775320
410526136445778512163947111437998941986355908179840886448614460373501598921
45836132673247516888328274559052120564755628616344970206708126294190782765
24925509029906725036276622514197784321154175178409352001351367746385118362
344275066120678972147953903041961456102662187419744597349361601742576308952
45228213964439069387409730651765750818668708122911382942249609344131491628
35267166054002142805692138562939890145364971044574405383269312585082647329
326297623920113748184857491729374756974588954106319325383692772437193367462
420098887752262246810931279091231119481085738013658236724512678127128987995
288142565968551573594932863272394190202936173077884374976387330154513899804
340919053206041826958733010638817800759857544301313526944769096876898496119
430944128578875579010411368906314790533656447881989796066088436054009819788
116312239263030551328449295733707730945309353923281067219771173864555443758
339025577856493640359862122778449914559055520449809421210534601555470611259
382963315446592175399358384202367781544822071230421382491715639088973585732
227864150719538626930090839819527262633578103681017495401357383209585866390
94664055025754899141805048296740188229200680216637170672374472937810975753
212047311456268794495368113272992905152423706917807244478527216567795580642
43824381975988640408684070194012107487801350817977228818461602060508401854
32431773248897776782087919432853146273816670383302484611181632568973162180
318654252869794830835420519374175677746735406731596123631434455513923847221
52595203028822037823639792806455479332802216506089071332847434905437977794
447711766265019164836484480609177173760425451875813558167942717284599755991
245390671289280666746305798282033919439288426690518870266641584171847615405
363404617375737658677491657312808786546112141891097632536649191877126105635
201601615293095479341102481031884763029708497692887565686294197942385035300
426307126637251546126616489519747428385482006277911916782994005733488041470
432713598677078718132031656406714092175803282623282170367722800315322373080
43650750406793365296952851271501832147861306161280977719312410354234874019
421755946948691211025559476904832466567920777581536497521576928159983913987
77572456570087391019349677033712325252294622458593092449594552313720998232
219353651936802842557772606782427273174101054832346825048583777707520535680
286486559531536140113131143547174658227466027484472120278460189692227347194
65710958333267844199433812358608480432079495769193814682319623600041894477
34733406825423569779599507267362530065732705378819844581388491767241152532
430537810205529582526288367300578655119893433173368939214831904172132098882
256736346219069273676088059583251351487727554023149686172268609775423850828
68395733702826175608515798389881699509327686997984509250629219821796848954
73994909365131150534348234892581092710728946493985693830677469460879582640
393686018013797019651532218084898649878026818814419994452519501613090833635
335794364125495413939666906195207757628995580203227982391660625679643688959
248630140408700777094226101377110396549320472398911162294457923617816941014
105942560437129379754153298621044693034650717889587708836434643105813932747
239656816109681252984884499722531311315520718767931021585809372958395597026
220968896382529224873413230831571354148305683877139023092124280147155011981
267979824542826937432818240513954458595895724578942678432474657165774157908
39706639762350480586701614048576401624524296152908024148391244022276287333
347824532339370243802852990941525145711770920283539079477349991767782103746
128055453969461085980157269135236192909271330007805700205572132852938476020
430334773007669125002076290538471975848937718855658516831490595108276199839
274477025610801993388684456913039372610526984125110251933862236962032721219
219742147434422966168147369725975799287695117010102858973445124521915681164
407989460024858623742581844004136386675575997140509472112791436665825197115
300001079797756805008208127577944667917029980958829588746816714499421675813
228623385422822924548747480363255143521821720343401384822305038105426041776
195064285157267310193753736112427129648275679092545466476681357535898393796
205763754197704816523947952985116860187848536360700176025826199913032908840
181600039357467490200346273772978867258750565589882788478802270453535927093
125276163934764434862681726170523674951092343341439205786282146798339045967
123303133814917235995565924036544057579956757452721410291066480867563111335
251114508284524936230534682825894725186428592289302259249630854119660550598
244734993193081961892527854345173723153839607990249322490283321920192844574
78308088779795314631884059219051420192597075092538680056816606679370478801
69248033916435398334141223677695043805837591056989702476229173979575780789
427231555257314393278792031563340547442630896663281897018430738775946485431
56647815809401691647942902152887242996115786562381131600348974865268659733
417956741924429082746192911813051089813296841002750309569941764322350477941
375518285891119023249020903190564210088047928577193852501556778408278979469
92144114766556360358003222200127451855653648579014485000685638662215692984
56177699348026334589780405075899921924753825015822573984781635213393159075
26032154474670171046589545590194004069148550434937848507944523580451435991
340487713227578561490735928645073548419513060732543163084448896981428761016
320039281104013067166143876699150213527820184056790565305212042937380416712
260539870753284178690684784070171095744427843512750735981175795787525158286
34143877254646082844087427883674451654635369364589304148773925786318277494
53713130476004667296752490725487963075668405143742326717835652101543605634
113032541837212520808088384708557704988041316051689721544275462114582313065
427284688727799531821537118637260227686975399944034429161880044930885358209
268801478363023420315374038009067965298601467939084554116914747260901337779
158635417757473148606469813867039051448043143643327084553915168993410277160
133035147993784891173792673423338362463218920827479111357459874054607760296
382565122596497983034075900117634382736787537697325518611608093343190627430
390734541005899890457760388888856424809220855543229290091424386119762250669
335794176402004312060426107512396348113652673407438985623633431748317232743
364151934118911170163367646405105814907209136030047949117347918055944999358
135659434671505449776517267732157494732149771778701275587636292560777547798
434129507077148296833854197272569091671179039931362364255097364121056681668
221905993429364989070617557136413629265477749025063378338041913139575653231
194212926979065452971840487426899701071666021438546421516979093144790915825
276289219341134978375850976995341382793931250089757542595689379068772609370
251606528123982569538894000590135199411511673517706521509518211748571478518
210150952802288865016417681232735367919002015126171520322552740454988429041
37834990231638005662579514576396605500220829377124864765425908734235076089
341722220542985073573212043911723164670263444760226503423564602022758255696
347954395278431276501445130292741724221757210903572400402037616604467321510
255405692044971825525987009120393934005517640396836401851860440063626742403
377666768986992316784800408344458962390702874233548520891969918293508176193
133358436377733620330701405119503441521239133126645419602942916760629488978
291620464684239329779005891474225811123846853128891603319489443387366502677
212455880126960705110432815301105455669734519972812950848788745577581132273
210924242893244422426325962376927979233080935341443455916150423435171692607
59115037268193003694718971380348358560688022520932033368831151885305593689
285587416175128763323851127441342363543312041782132941412971088368889588611
408760896116603684711491466326672340085837123287448472933997339599661527736
219264810214151020404365027644791475624336398173416764385365339512498528565
144581412513654246331317963451465906749706803981384930672912491521542037180
287438520208109008210210106505374175538602952593229556330910309503989496969
15654512706823224148140881827446651272143175321399821143190603070163310594
96653283161707089199049540640645224709030667588236167439103468287490979378
427665692476754502400896654341563956734883036083114211044723862337110187922
148599123802350738392924575476144288846429608974818888927022503913958928663
378211922490190130961211987576894823448774794912473285990479465490019773733
38479043730540998055682672267536962408327915940903212453979650512885506161
397835909943516693275341563304418818561693877872671102148239054327044096288
368087193770170342506453703485743320223369597479025544395909951909961253589
93708861871136535472919437381140334689956179277998989827722093500702848861
134510538278543635778838422499954393805639566609627524548991640543537343948
339825414220294457943913539032557783900668168756819066723500881192214383591
355862578825158210519127905576986573401356592679614485247167146540109705901
416068530692403311945134385289891321530681550202896556746881042321188719749
434508540602075932544824280142356446648175287140051309903738325443900680789
350605608854105322608345929205165478146969176421734156677814645353378527580
315890679888083815182371480797050240773854672566458550633831037910105056910
403438091986883858108529878619319806365453637946230359840921581602387454923
384984552043909742586820524385554511343680250827884826582130664732811022031
292618271900116418537262008779365159591772950787842624502674515124413883375
217052907856823455351777006093903627121925898256694552182835674288909353696
9602730110753551551145270987654346214157391142482453653898320288338220706
414353131285588597590433207529851949889904598375831570787865230280971144135
371855235285141710083677344180772706319247087720723066722822310560105959309
302960881398861571788728889014128646235484867051959555239857897185043438077
421094978734106352165706542766267781167255968182217245755910788086707353201
94182692559067979583019950274783654449603627315162861217438266612546716268
148495402407558312055171148721548154156139258791118992044625274781030093546
527878454725109087000352350579301745
15
704
216233558877044230175373940595810635997749544799273572200024609828984205894
189545282978510515332441209483017476209389802720660949557377223730152237359
136374395391206505947013257554701343558912976973826991176140415788041074039
149010063983277635779010011059731177919966136262590060362457094256949744432
88710795587675592135726605165259240950656497125705571367638522268988496208
212624156187316445945157794778114535275688572941042148695870408940592722761
152724739703308011175991848340614049777989664617799626926398979602828645172
194858282593932222262827803587315572081251765913724641816495600443310682446
188027198484551732319726430974215433489621878726299936586867972825850148907
125779568044563433194833037405045761065009958679460163077075188041809810801
86943462511100292171453363628906103521531147569473976463287497327870759733
189723950549833012529636545236492684167632062772495298393403557226258195253
196653220143513141752628468146359538476550335329343665492015441268865792339
150929389877490146211389580447830298424604486197325697421914430473155393142
171924397245411639739083212627005373860803324138579124952421285726264584774
85369029231611716315673543714840320681113353223992359603620512633030340983
138499697810773267948211953316807860639173993966970994023036777878910946610
119090804015210490890857344737335446903972119350561549905937697241437914214
138486433834134130980165722975267433274899498635614694070012211399396445232
205716638380258210455624225070765702530370339541622052450895866275260886348
143586880311512594718985797339450340942844006391474982841045228180724926767
196709645952711967482475855683659910381063751704830323528059866065532302946
133062065494086800571451585426496919972749969339888556357175354290338087749
194886126350164722563347730716365656667723384832671693312473631894239986785
205494545508841751550833989317773699450745931352699706460004609759079969360
138576294928128347260295534154496758240158102735118161785040534691588239158
210870840587907850594906673681986415011666073137748056380233957878388912504
122639158867541784618030377877603377948477657630082050361134421589093069642
156092787065029494783132901980842208473700627898191520920710663907309025074
152635174559532432996844950670335720676896062273813561399245297953121448826
90863496988543189956531132736286100077571064527083485813774182290971576653
189868990406111436213199488513334928248395069216895116836616387107980202100
208952806451417646986396488087718300672307533130772617207371941586335380330
185860266773399490062229671081069915441161626761912506716984713733864502859
101388519464414481549982855853547903057929347822172643568070215534015687512
150770733853089513577554634231704490924606243325260653350412950882944961642
143882978551983976335470712014697723122639007909404202901425337431329371715
205715243849213235765203953996242057210558725502677691712434563300121988186
203740885565271644858461605538286949634114573840790969453018731697165784650
177418649994863366180075889907707032931327992572466156858861987787333521505
131107795827693011286260785747341558757009213157464063097760115421183750511
88945702142829410745357516783687136277594894062785451929423432713902778738
158094567740433689707578250101233759645473710200827764161410011948565737548
154201146731924182277832741019540688154025674808837319068361515472992356148
95805766511154835882060875966339429957150434709793826954854563876832703787
173961487459563417271382606273118335396148703466992529083948761094011369011
120844219316984091498964840687039044857388605753282470547453281291897489461
173995380003740813450546632138339332662466874479547600514319645445106054520
96018559170613864661090628340520709372480029942563045045657284051959442022
205502388234114186972777661116855055612531042615054345756377315922714972748
207268509474532858498657368564547836307049356855525551220225072694930715698
99740432434060388879028422457392200363964038941709820435925280899913119813
131501405469437546900352845278091089144467568413051854433386353285422532473
177171071230586312624619506984703173375920447042040852961636962982409158980
129575474607588543661416789844014813564155284279793073145430249858842178926
180959752949131641155600406656890397244678136485470900886845859294901907534
182312253761001990914279709123599325105964538421886277697237983117297269080
125959736845877212278169296901232201032740365456019292343479290612239644463
182512405008166743780718051826598013504176217614085118962196291105819604076
119058043344958722241133880336646861074393666941150991281587947501075256899
152435159128553412205653415546985486121653660584466459099376073286087042884
129313313680056517526371612232547959850996078352601819787024023603804328296
155975646967229208926472390610188422671868238507939599715077320597531146573
90885439231832373963050408689766587871460465953739553378606333945132903752
207046871760877043546647072926444841119938156643581317716227153735629760835
147361862688717035614526680042173014846832992422811934038327685611036160113
181013943279804252996340053991852529814000785923302568536901783678057806134
212832259805900825120937745373911655346041387839901580095096900449460177529
191533205820516109856695380036457809115844712895967522508929933502155549751
177045951058021362883624759220036315780292869389523731475229533193941577593
143661175802733000264073006537557675094148928547186359480385342552176872279
124488664071557033726153885696726685381416081212251420468666319443824570188
156223953113736068633322565900762435597594516142115197658463329427517569079
101216919939858066019944662975016571758319661869155031180085879792788920664
131251891057335267290885090063276376292886305429121760193838441452378093642
140183318150698119054133368870283142835341554113313501821766000253999806548
199987709752600743398437515457833746272755579288622985657522230417718129268
181006990141901294257177658868403914067834746385980592016442776654312601907
116993642837259073747827599716457951968031668904396880353852593407861020761
76805253025833448823528982922235800028853802264924099677844985980870276945
115178670800665874075395468786028810945100002808908944775201952831776711288
159783743113781608150250383590887897731057453495633730215286130398821970795
122480149954044829170239774279324244722193932376732892839595012416829815128
122645500032033191569971704055234675532258389645055273581516388040154891893
205570601960739376438755762841900967396751351765930091176406737488898901860
117291034410198565122315358957293683454945697700650450438270101229772030842
83789069657052964171845879562021270038789863683745253149175732935957246835
184450504086226098423962650342186136802567929634217049452717906965595649645
212768796596642088113620981493723226489503042831148490952140551516473487696
195024512474660679646961524562500536655273668181382582698079368369493331311
198578886372899382790033760037826741441078237889923186806097493356985732207
124240261239793538660523389635287361471026539592004874261685004587429163623
159502306110284197601089957345900573328013272194336268257715772595913180775
101285022444800451219039109971691479252555616137323880807241268783455029058
101333525182798909204657494702928784271439923321435835932962091385486535731
182787265060736073975152973624018575035137710193223135224008997560013713720
141743895915775980803640689572040717241705048871412570016386323291845584485
87178956708963468500257365181873903130096559945042691583568850447182810705
99400765991274928366456374446437307231529007049824057606531181051128214628
152323819068201555507625068501995513032907707958599271287087308676739520631
179274867178286294320374918366363116334769850389203808253991843509197810517
149032678751734296694782805336949244187115815002510439131381266817248226919
179282545813831259899128159130298023049614198596559963597178284236123227448
141818579291957606556024674821710315819598723955495955903142038399248519236
178923848358038209129705515041329032463087197968535994132230270524842198608
214495532096937068543980825668296506627199090078322611291959242552411182680
150992371133617556003458215478093973188687042462762733740183990921469580654
76819656489230009050728166047839798893867701379654175575654116235393380437
205770505753207501127211216515984794466511592789723069753513458651644780855
156298415634128439068882284142843512840085491572855463330131082574614002279
140424879794926713814327123981801039712087602268537344031950547704875140427
124198796622973763604997312404040278009779941180194552911735982770682426927
99324364979342391261175901326433727629903889102785602817045040451480350584
178972022936004915714565679198674373323668096853659077069163100664803440474
180814657560670496429888661933560219165526677070715899332905527330348431665
127918268584743556121117797885209354674397807256426775916379595582534608503
173484135286401346821982389321352173951880120150030202525002658755348947540
115172230722843291373717222937630959888158542144665093674910942950346605395
140066446675765956373171377094398988176078507213470414042813516642265617718
120858725883156310536544283852012498539033725290274749153708239714948114533
188054667616998819512204059904412327501668173274932770819782453076868421680
205680868136864856657386962901234089382419019949016093663544157560578328947
200049228576117462502326764342010162272335171056353672055464354415400530552
127794547072993383120453755642824219783268430731532165335073613902053656647
150577698929867803639095890112650347823473898836638494243681392299185567593
212473507979274131192705241252220952272935277567350567599061550727463061080
126048678234468707093569738475083820573927127040166200329304100765553541483
90822326515881360693551638205069057643301399001169211497378739763058655797
157934773089130550213449897736673255478436712923116058120058808569489159767
145574610853254294902135724652851008930025612977580576073712130473938474295
141887462185276958011352103230831366205827098414659582232118441348428679289
138493656453528891440668419487493917802859450936321644948562486782799654708
204024880781212487412727946590925079665671080934418253489515293723229308217
147361433321886338081722293353677678941297721487423776248802444209583975736
152296287586799047592105617527821348200864817173895894726170389191483742548
184458965931323302047615654313175378432558946673548198744600118748996055896
141916333754033944330820679895141914061605573646211564779575489145517716553
203961573128013891493588188019827411240705287636260830056416133528821656172
129657721832661714716846921365104552172286189519367799028795051493177248890
152662484869048593110434856499283751658392689725466264688392013357792971380
201802114048482499847336503594682681566760176338491153396305448037826115152
187757082690963333077644443775041609073401845849463570074166568433277562673
131115505320544594606431592284466737351674297934963388291141932337037660722
87323737300795525838599129873260755544554690478702507443939335523087707760
196743805261961228866125264051072086009172603784579050785043539406620021345
207240984212372528751693156736422802888621735223626023416012533503208538704
101265156039525872683671382328965524017548401766913146857196016390540389748
85501968924000425835996633161659956975627342690027574541544126841581826936
212354964899596232257016731104318027869666208245432037731403206786101490768
196496015119721720438667729227329363412550595459805196347130137843579171894
207055367500083331979217126784450845512676982098849209516123858601891349594
185989701666203779710212471046328525628093014489787388780032896148270560631
131500466834554045929745303202283425712638082876259403976511333528551844441
97945952068608273554410199807197636839952779471432233512072470321196315501
145595073015869323704646538124718403641592241084217170383036546101560432493
189730339953542340648232268481730563231331699754839066798932155694876488014
196695193724722205893546336830735505365304976122161745730783581788591768371
200104471918308874214453717139621959718436504493042317588821208390402987577
87413540458574878306544977754769576497707406594842694298911058314412713825
159756621499486551388106293980028042620585549305942937403276891348175517802
149149658380400627201223411152082848601528698689453291061405095553687647538
194831748530570985638383755289912449149835487374279639098683229697719300196
120873557331282303596379969311955190215964006851343998390690028161905275720
157921992802744032423559014611151161651562517524234287703546438586609652583
134862479797074595886797353311228275181810470485755552940213844320374124619
135068721175541757277345701267469885586980913715054871706042796858112428137
96212996623196565095418878049917409119039989214130140772380715052961461551
198593013481121596099054353497033539929898173654630261013142872876590257241
196480997992897351733813700555301888293975828636579477469958857325872235600
209029287413008890318838065288186017916750485086595197708563235387242469454
155953786856720660532250290764055059017382822716417695690243757283397419851
198579291189946468944727855391242862566068679670019445544744808298916495991
209310674778224235842769863789406234768091682158327284433361276739838960431
76715234936716282358380435317152301142651802920685088219905475659490011993
141728694083545972038441926767373047677246440668013055913956444321614549850
148990221039989680903817042152820100828219812420797984935335681459633080932
157582595194706032821880862266607467439257695426100691815548987404310307925
181028528807635915550714386739151540845684550541841208492538072416199989330
156044857874525687115508266082089453122219601126760298498662647582271171890
125973672823097200860405441842660194895734875118295748666655575687394514800
184202792736950820846099778922016896098675255807989446680631399555250217326
124400157001969862392484788887358363989607211519383892217866380660056868423
186065728717045745210871707609928658056923038303777315223860437739789501515
159591866435230570295810638469769560468156655985615143113422137346201179217
101250167869586891016873698360168481241587000285820375822705782191145182018
83776503597781399040379742556250137071363311653528274570535660477279003957
92443830950332749542163029938222913763249249954681343151903892579531121012
131252382340856889170081218009265713392002481315727793648195037746311426603
156194781613027416120167353836127474020753564580514579638911669256381294706
86956624858961059811819748607624146061962649363671358430743016335799834739
182809771642680101506832835184058451342919437674494711843872425669486211694
122625304510288956581576567144010957745944981712408115453617610967640011113
211072181684992758474715380034954666309145741926767979913257596613079421043
180772623856890368160586116233007170332675816342279530411600300502523858520
120844710408345897497903849254098039152720000451760243602871905039599891575
192982676286359236075946441754334314484690740814503186341978293028768596345
203735547255949419021644228534505820406583598021684219376594571858052800853
126070463848880313593542156075622799592672598004699507458177177933705016916
149197028263383001593529699940153575687860690241781767253578796359596725868
216323867241799587051784717037574894666213899641182666839294234540755011959
193327119600434707551905854093050609390505196843795159352522138379226469476
122742743611888314982618583726636798272076985827364554482910091938173242190
118967404419745973792715713408638616880341879677859666507803748313184424769
203777061152431391840036459375898927287773258038180652372368066322802226264
122363438847902238796573314441217444347359625474596883893581259492851935831
157721436416390830881079910293713554101370190595796159900116444565682536778
76590926290144228555291854138520365137235788658883490986490605575672975926
154098533799961916358878253516364553759709153879328970260251038251177298248
143806579012013289369147883621948926141133699866136723978270505604223951725
151005502650445407365705610007891101032720798520581599780569955136674033010
175492197731045093668826433422548899758852107197310004550377572860402032997
184051897919975114288527207389528523637122177055453168588269833427750450282
178777989784192752717308407154893533336536513952278733936969245416294937714
209269638799272173584295284110339390645570919552467055602194255019108753761
128043932575055855740143183885708485423118626638765258363393782152193926770
117082689001582542133185784464586372643083127964644475793100194076370816087
150895285098562018049992896530113780886779576001397904154579310437405968457
140169761715281824131437679398183163001390191548198680588122028463353117011
143440782034572376440207093828969005889644811047925536891651662406856501073
180738416211669206892726899691967113479173109505480247605079943480974521903
143593538989581174102003739224224866929254481380473763447834462441247305805
92216455394254168804892754010283075748498729153544559831829709143266308203
140168731234587817474311239090482710394757847430869060257709484527704172086
96198812095021628930087440142659638405165002901556103212373351295202850392
193395626514498812779410107739816869557631956943775612686945855472242095698
131225099916041641769870289918074023268661033062110468385242344916637609014
186143266170736135729425396330674520711310726026394799085291590789177953911
129561423616200219882820888047645880582017309598301407041346248727589761389
216282137247001846780888488834020433815092702505905501632276922981651465003
99517612508058499370077436274585708832450703631126718079046376165734897524
191395115368858636794438138231873695152359795665117196876355109184767342896
145477310390773694668683174244126003819099261511209964848221257111995569786
120658279431368426913912217654810842566877822078695679673617133712611891766
90878565721148471647221693890888824637669606137882657473346717580196472627
127567979275489224890197272518478911131884829993079000287084859748404060755
150508630713262325392485325796462858801368983477453355012976189020304651347
202112774264336143609502142607452055346581462423907273518110607339030008398
200007521832313379343316656987311018663830740557522135973340749728742324551
115669553378177694363288727572290019740844324099449949226637134621940873302
141875597792988954929564296809557432301814909976783810847825066339754730571
122404691275760368950159392756101931435584268348072019485306283231378887239
177479844947282137620971622517639143205827635432967141246065688928318800213
201954813089180946708337466847125692095073358449541987878717595220752295029
182830528404177812720299020241423815577362597398506300419167599769731096934
146974669409256558891209044478592154474617031591977964604450072871805081176
145256185953529432213568390558061948773303732430320242481187863108038977399
143793339878834008212867886474752124004332283351364938995922661093255031607
139942108136104429021771776677387501182475961312819956561238711057441769527
88682300708141918128082039914834181630221474382416635497696488492043555915
119071959728303913203724735701263042561168242519332886955511697953277299504
117435274555795641056420016434183756410140949289945330339597836389111707957
85563951200592871965494985565182879308615287938481181018258907190677432425
96115698042411208385866256045657815025860536084540881018881313903970699896
187956564794987029312706973672758693445471897955596592074109304618136861263
150998844800305487333728538656413626626499567504549887862753916137922258762
209055281323767474734037491505448323787422047648377515568287502790781063539
177231219683634633379810749796442742606533384467413741140872887834743161719
177253384359345774034237960958087661796107465983061880786982213672169009747
143668651508091690698323110001964290003652711083050311795921708196207948650
92360928886340479787922265638552383854119532710919911410919013895044099961
150736303988364421328065152819329790748994069381722243374707474571611098678
196936544654645679743500047701444649127663313646309544651487291336511599152
156065531625639205068836803105017566235784533494887791567174490424659760469
134993206463678062580860905528547096206336403056478742948649010768473765460
135103121142738183056922832515160141572093516823406270415193782962669836356
94218147485982361638423801993711510922073406751959147503007663537643873603
185893555456896263925194154417436435779948672271535375045771787673726707001
117386179439785521764940664090580460903222104635196996451365767552440818233
172056582522107770432043058646497826211521794271064626777510333058760328277
85191149071706311003251243425478151199652025230604230440714789451243547760
179241647351388823414244713319156867271429557251774147927069430993089356397
86936804984386475222130956207294007935639179688348311289029725146281699155
117331102056999410777329561328114933551075881594681992486939761268581756244
175672419376907338588955348243103860646766348013995419700164920957606457707
156230039125114990585577658636901088629661103352808374501384341619890861131
87330153455922452533396946952319262166391872012838911327932132295154364021
147479217220912977113109496463042425372241201237255335161419718907014825013
90441921674202803908232296824317225250827761800394862497317340589170512996
173891534094027418017488453828236331890759361589971545298346620231997338167
83658448731051193048219803359851159384250846942687494247887842384760369783
159770340219575855137098533765227079569813683515753333648207332622726671151
90698145332915709167481852044194752896588960041413214557334440243893979240
134987464023416503651806626758530310513382583787588001365160233814144074865
152309636790713899970599784516937967403635089033822211287466377828154880878
214163462244739931060799668851312405834664189749231784551602967447644358765
88951763904463689805833570064698375933484168228588075748153534719127336495
182725980572726428972556879478012640273728681460431366654733404239836170571
83830799961493277888479150784524223079196255198558310558066173831277856362
143792851881388275695015905854962675606255647762483585561903086670200324963
131502025561453937038577132884080298198907115362254150067421678659090867555
142027275921205651694317896272577426075575640555115902412988286484327396419
147140094817248440125097025699649198012390084215122993634912351270978211449
87046909286130479977843920172894871262389797469336170900006426269845702004
83872184225926141588200602459805380471551654930488278921613914113551193667
157873790022176165779623579261888205128540219669489155839538536106318778951
83872940689036090828490356748790610447268938790651988146296584777739357284
216179392991506671592475587269329346904584953279390683432188156824807617842
148789823841813620488756624522967145257139017112892012379664627287839634481
133115741819039491776360320894959336311270788213292290463907670374835907162
120478914047627404563286852024379199044253215551790354704467913027132403536
178827031819466714908590816929715970936316313556400974590426817828477423945
150687347154425249239155675375907411223493930251590098638570359175043430449
139907655229272862251334919838594700307763347086737039179055507140131434594
159494620123048869209715628963163883531366078717856135555086148795057856885
99311201559507747630535883933972670505152475803928084815651661627356566129
76321811587410455947657990520645731711412972592473457842621233816916219733
140156876126968154487117758674915042905851068163820440279778813316331878773
191172886749909422236411085874513011439176922671422406554569832767867540271
209041506665749977324424940488554264107409974388526305789381674873129747256
214260811661397325550800125466894012121012201456397892410579311018724771371
156272015429296464438240227282250721603139367309028022239096799369459296356
207110339475173845507373443830306530425703631640552013296328218998626675813
212356121422371438082598259736108659719776191486756497312799559746769600851
134849103043000286386977264903953033444315103836581644884091359857810229835
159853324522876017215430094838066193408134348105864624333735649911002711891
134751914624221907758459091656029678424010800899802818285431445808888689528
193293231917923073721534500090546906879398566865954930852084059811868915832
205722333797278550591456322738393929630912139872313823790662165455630134597
214563684431407244756357409477347081525564401408698620390498528587955847786
191187660698639259854784456952859585000590627783951917934431621852178036334
175286490377678711147978457743723927608620607117061246717552645908076655954
122501204600830899167466765962710956314871605547816512024150779337948739123
129735102754068407909801077061848647442542418922607514067331850831346628207
127933797294752349252629240987974061655962335713831136926123991866028603748
210816952794637977753321515302159753144694000038438971016470628877596374613
186343007039252205048563720517325733777897440014289278938087813525486715973
83824120030401438829308572171299374114204982169041414367546458287689134930
175679132408202085273289230595022460309449253600885797810658790126300787817
157803721642806490353647156546995131333776052823800098986946185974089601138
132902276644382984064626095108426886113656696737302498745762800752447865210
145276805159846744719401269343385842482929482651660970423966049478055835457
95750035042722907406222228616412029597992826015050908895986137874384246639
177204151373881786759497375356939060818478261899345145853009773526825587768
119099432041880070641710642916820702703708658714890847266411286801092139619
145608769419871965132304410397372623674531561376685744241437847811702278232
156203429553271106045096501306530027570516701514949858441304973417311729496
182347061459967485060522740402087597598408691168763845919987017349317355085
128001847677507306040513377330246327672376041788641838699129107847075480371
134972827699653303258970878318156373377001160415987516793090703709793576552
207110548617052873192217967372517579297928259724484182825535936831711302768
143841512362098848212854019216847026010836518298718305337166866856495114063
175402476614024245372880629244817487982641858973784386768986597152970008646
115606281026030179490531321666350403096006588467353623063974333285839299161
117413970289768375126931564774141176858439194475486807670335844764810703467
129588361355210000682468707434021100919467985401587060183962397277685370200
152324488644992465948331247892854069834714855172252161219142346456708306744
95866426805826369480532988688738627302705891988010214590282484629049076811
216123993465459079869309972779384422955955833423485778833046758070183871308
159735481542403623209333212753870099415695713120671912108988930675626571823
89131562522262023012750953842103217691445502776288098962756721518403077717
159583484425384724684505282115408504154627053159982206106025518259641995874
193141335344507867820716774293046719925703356458287498906454522556024838210
157962141352446310088312984083535244327157154577273766050961561287247279426
124495707689636391527116147119094637767509224856866442430942991820517567594
175589117372744588797731377704222762445137824781720724481111435450090154867
189433778101506649030332656021724388375745858328849867370188169151936356983
115186355538543574858590797613196658910664124940259501156806675564235090250
99732911269632735905375961018969953272806565865372561163546622582483018337
216282192316789627897960459376270084607167259058856366276174925600078968692
149238653904782775025054102011086968042986932662650960246519548905291985270
89153127452789834451832800230449483315544939765353765160416145820934551649
203776061963306251801173015716440146643495885495308719402517649626871911287
148762166635532232859390461313349898079595939749931386021353955367207390539
152566133719170609042186840158233689323377912429796909401167383487969768755
186129162654840491081667737743622873528914281676318291500267198026466284897
83423467389648484444268892891554202225145405427405602288572695099504480846
136885068713177229824611967155643095431920025182907170158212569234397354061
92657439859820765005027450213907305259831363346388359459568146278369223282
210926054032500186564885923020408451611214321848204364532329368307386430031
186320923913524198095501409857556375310338844153896810299058703928250748489
193155300707187705277342735396572657364365714149933082210779063616986376822
185908358665166939514475179825551224647381556741905604206196028215727829579
171953380039567777514652289797349271439238259772676540429216504356411361847
173987563002297307518670142994436999958748378350657266331726099808526750552
131488415840008562929180198925361017495270340703326197727935523722660182579
184210770133591022211366687804166362185817440821394540526241163199637709894
198504398030473078337083631033092186509115603311582846447384080906533562474
129451914961240910040703897907709204761801367940111211387287997560343050571
207343807353796791532671800497864077008358310207997624963841119582879577453
120528223478295199053071504352775221090383807619594504977497220963605170263
101499703995768676288237209685549888118221916013270172799157441976362419799
92595700643611624638468394031186032206467950652212354072703842312241378117
85604336889694749158813766074516917596369201022716543626238671260973558326
212348008605634565750953665262467756191091237094565928351903867497108825697
216316348246559705919135476812147831622818377742272479392307932124347575126
214583498955936454429465133202381649196520504477704837114492376987940439905
207295957229378759050927394529789064035108707133554308464546866621524834423
120920812104644962873243367108271428799811250174578135579505483245983258442
154050224102180530924298350005907331482329816961620063422477989925006699841
138644664062041868700413120774821650169630210736368370455107075923432723792
83589703280628907535158981721143561513758981314436452284244343921699089741
149253294507548581732283936088317541557361208028690297711067799210366219362
118857272625382508762286604966374422481817501858318935276417381589132198196
95992596214085903270052562205702565553744103865782311614198321102233355336
191416274415025193428687849044188811805538074154984710813711862789636567861
136441928911505747102412121439460915543071587652157460589448719834093348183
90850528943195740879522822692484973508169050165903397191665794398611468600
209179541720977092773503282261688318617972159079608833054130875314702541363
122618483847426099519194140641630436293219740920143206181343183225536279374
83809832188479161414464560738151807605869196827506512341848234877177451625
141902154389900796186588825612840506387446814340140384774178340694054422862
117089426359189412004980458754455815743365872601763684726617105197622911795
122273721537411943513332143102672034358510049916931910485401179293028005208
150543864535731143546767075404685392036140976910553697765524552948240696376
154050037187335247098341915593645834225750660129322103301098073745935919666
96144007051511350045699243537141649423211962867220048143320814211637735734
96103215926028435410289318912452067899082629348275524602942346660455540850
148915084286924706244919692135052718625692775650900167048545374401687078504
76342305029920870855956004949402537247520621800842991770096884125407999297
92486648067008826569065234025966741203323599428580261342386252303446078022
99429342793079213571211601080210336252296405463130751328691756552099680371
159708445328740425113787725178792734344350081111123283976340470247084677231
122742421665558448288256212028389212181344940985115270102992109321287976552
210594479529949578883245500575599506106742670847708666994723512142405394760
118884641387395295748053166274218064258272969452091650199686256556289652856
101036132857527946806100758538604621259881605996535452445921028334969910098
179234155663194966124273787910494163257510050941779833951896780241717308275
126153308824489524612527129384348067913595159032834451989830244073755408433
95798354538278258674513365645443420254496098103863007878064948398442835297
83367740339844751847788332134461441403385991821432649224000329566334698362
120609454207743521523479347567908922341993001592300117002584699580806817392
175610255026574468819333464371725124319665847846461787117524833016847888468
138528005122870907046521805608585979542037323861133878238978596239580608590
204031291141214868277038153225249700675795345947073783249803516772514157393
138210096480959303653159326077100116725141964135138829991306051235800959082
83596223886497137941100968381450032898972001082281640755484626726580079226
194715337708425582533415851407107349829822463296470361634265400619746359142
138285742509815418573271654257236714261717210516064572301197942259023426114
198558375123531980397099152386268225574841790013579709140515164413244892485
188102821865119806909153390393239347283859329660818321649919833410615145069
122534774161598586046377016878097879007770676180203019936527245408967743285
139956536753436896927773918788633033960472887400525162866179738569641190985
196881977400445132074220153216852278202327234281007642432016840205994121049
129547917107487502730032655789314332247854910270616062733853409406682946170
216359108320557686968908804250993758279424173884849567770955264663896606307
92657114957010836878995863251920648846222796317236646764869527357212346699
196446355417085528542717727187021480371220516489818679453673938969728276084
187826348681230643521228402749680199319770218250700083906109856572773974885
191118018643227268672130870701441415639354354466579516840662492471277214033
149134451797981056259266401767182138863372031364220408587609859808912428367
138202599416099880446471522137826965685622294392979252655057249781436270163
88849313176826833371068808973740900295421165883310049582685278768784163923
203570279019607737645252096649009906358450880834403163778465538427352797515
147438216724728021879901910395167361702917852667895931424681550948370899511
135082982783634781496246353652223507592851880317040282341471162236530476089
186012077062683259267330684628637871629843756942156698208899572613443244594
193374458850884162604879442401695554789743911693737359249496775030255213153
184293136347185726956069601315757755632940629916514085209205902935986684977
210788480773256157494468628453364969671833844894479875614968136070988261972
140170650554367557943489956005769165468771795324889825589832727931032122422
117104149772438497274481806289031111226475490755318657069550553917793250164
171848723423554291053043156493516017414775305392014969461104239143593662297
192975208586836398071511918384611227255755365177411435871067205927296456538
180904407852628983195610289744771811615720867270145872280585083660113441586
205411076685811524591713424213076493960186364061249270403110169394378468730
147429698658516873755422616703054517804545112206518892393342246698392633690
175389910533786716316591192970174777548302919500574356464769546416266245689
214150308101064263288694314469790713145391568842365861060974325604396919623
143565204943430213486913430430393001639094254400685753252635892512018485044
207497050209887951219266695833700968833891053275367047962020163214304949814
90580303704719566905258115410684122134022616417383287884602065655450260550
208939680006811174443588577906163067442761153687377707971204632383282837588
127807842122149827478839714497153724244925855296057255740466276480071128140
147417667978141235019250733253036967124333344635533494832130986791247177849
157611094191684584444476261107573635301739022161587854879021859422536497741
210754781587783056340619734065774584933955075275357933342832658072366370372
124192944843032075100203988378061774492981154211118603295098971032182862934
131321584313476305332520119902069416609744284007566889682570230476389696071
150950720671080349329677639946387715060361547468980606527640191849705655095
157817577482707540690478864006085184802300259679981900647426163824191235948
200193329901932734143385208587815581820003378642772466814458388459140034898
186024638610802517449679125533814410129288986174531548537802277297522558788
172055152998656224461113332781795000443439406776370507282664608842912459106
214619918036549427759073341093699526042147376781398465989501861363123316595
175506515546704164171291730325909706240855169121362022755318844618689228871
127905816373890656207830483489760682932625790694802354733164605847592269636
180793626263269393448237177812312622636342481089353833825002161938469516108
214300742720987146315829624801347914057039244649525161905329977562746007649
116937809197761875807126701327502155337532394659160308622842635563034767728
115392650931509935475384382995402613164574382230424387856196514053363488624
136443783786795653367883965327861387752727546785067838036663362671860600171
115531627139247200818530350633408968904545996640522766006384917077596138801
179268579799158802205251989362004915888228045282587724699359756926656602703
129597388405956932977735230306340089066305397230562076564509085649214075479
90870802915546383307321991356054356679310857784470334370483567544234623298
101320316092458947512752366231718277220877382635451336364738707430942138743
83374940864963046496984392012197767894146097152077678242929998722615106095
159584071432842595977202179114369562738079355381170358460808047936523488628
90601311605048394872242200855392079054897234638845228685449065056089563953
145676678053918212922949938650793548009057710423793469068469005517486778222
118988249118506664408084897442433868981234731743944550509449679066234309197
86963821912000377871152010390744433855890605606984934169166883798352159348
131134701333616409725315606513110287838173465511233105300865139488386535528
85404134115283723503907993986658314961602344739455836111699717774201944370
134766341985243816220146946506928043759503351425434823059800344591206539888
127690620485920483255635276677328771944066290369112193724535906153879197764
198669985386519861595186647427004113675914733759285482811893602278413201524
191533529840517268068553256302745040824875591921512865742331924021918516071
94134944982215238239443492737269002045992917448123087609572538956817705807
159597282437408817308197275161200581672794299917353138746410276302625666881
194686731501152899341801873037136376199084600892332402032019323927908268390
175465023260782755568887422495811467173193827456405556136112627606692592181
147147853253201568692086867755284043349045278469305858474581203219940530551
139920921619450547379934020095107223347583767051152676862452109230810946099
216227896575346955690307711335318383795846251789235858547045050860424295239
205308251319640018538923473977127529625340865798009600310583551863020213591
134619949394285602756280775696161421971207308361693332386720300471125620038
88924049501293820235457033417650241384693728565515335716940163547447650119
131081234606474614010791937936392619502671936593961335644978770639541398118
92361957055206226779804040764120123457139418188914905616610417575395088226
200393510448170844276987989012440887702378681630869253581593677127826500953
95937003207550816309519642287171189863157393696233908352811164059741809736
131480379648263079795984212700795024964702299519448821696748620798990561871
187681302691302094579133380589303664521611095665817825350555803213269388897
83713287239591078545106560567082347957716643001895355287532885923389137202
214544000827753246116687523004927145171090222519387345068383700475528704310
152474871227871226073431935635977640123573747782148237489409147959879022899
177163573624756070451095719240036203087350786994657853709060725235034181464
196633082341934000779542712713853303165909220229803790394865614362743420770
90456483621097192023290897223296596121254716861641315343590269100703299911
184140970934921658624031478207264730136382133105698859267389307373418207336
90918654082829913977207103358850231787109615410464844320707070179993086801
124054075311159802900212693953274607646475208845929485939157828678014365517
134813924834844813584517521494809921516521026977502386658924613180225644146
138264522813648214632704462281923839496388792500245506453472233337420599631
180738280672765142295638933755741394792013497545678061712892939623557850991
205474544804870472620940716157900080018352747523709585971115195520521025336
117180742122435474962709640740223151041476547115146999149310211457101888074
126151985906712068069197256861557884343030699622763655984367783384433455459
191401397168964454113874540060625827817144875379648022492249124599491161720
173656597957900417033199435956578623798832828694968773687845245871354949490
175686629171077762916995056936600918787418522608407600302312352443613465689
126070195116588291364561540423438347901522714399810613790095575921460394065
154098564259049727122170881358240161886457513206995574329792763265935161203
85507714133180192574958257684315183481471938470589317764448657164361759083
187742661105251171220265020529803704013369342416844722924361972872304208749
97862078219466616356274763190889217232426027143468353640873153735630739801
125958765117428700401294136874759443013914949604329133409900240583828535125
89124492825053187286395258408671245146254750222479668709868544113333528171
205480849226037421151367545211192233732543404081324184777276995355749201203
99242971301306015194926278370564288488664347246043090056053978554815968357
186335246891599987514269005934517838580277527220881340185320339579098843491
193307196417505829678301131338019531945496622386282275301777588692116797300
118754206862023266481979635286021333432282893282548486099115511253560085815
88868164157292612031925002415798983472258101321009595625121676862678980214
124515899423416812952680118629043358898207555099336527600705986997141056299
95909480367492948430445345360862317471476670086244927634681150132618481262
141682052984255408465993295910552730363207680602977709298045516455990425418
178902302284282444258065810234462192674414036719270668075088425302516642917
150653269564224485756555171910133906415154869494550175231561115865948640555
124220254843218432338976311368114331228405885642908930333624423406518169921
177452644070417483487467754137279852789540026217137864631286739202695782981
205440383610716786789873316539261674550332846910978537725905678491400623738
184319849455390843917009123331723612617674428700500491094297970438726432346
148784137732887305336490067907733282907542360666855226613445462796608230513
193058053954839147768241245809248768837443970131595788863992386245628548184
186328505632541887478057680266768593361616739793537247811338294156587923303
188012366512457677876388524696868847040101558288148644340541885927979315811
212520390398873548310074467552840372497676295587365933651786420829458809448
87357247970682581778454143816445436524706132690705451103572705774859937643
99532868028492341616238191082126664394382014291871724874187911357271459635
194901528268215890186367083819150005230535398612169299347424895642351462478
131509095797963985485769296122804997733342287225978526757037841892245004871
150536636951151561296730322198792610121514000602271362366290102107266902378
97965634421734310741173309677592516968093464787003445342935921596462287206
212388713258962310526432504240325539431535235629574218061217378169892268088
125786547081916116348861822521834309763534746780635699361253093312314111312
122488188868355069034209608417576599111165431488976456337641820170892704065
196847033934305548625732150356543266954880565828247787028944052884107056985
184514102075954104413893552826870359590890000837119764672528119178044590964
210989309312603803773371573755048762239921246826738990030999442427068495731
207227233073037405539706945082401828263800918203195170619676424409176893269
99319423594933651467113117017364211231536870840764540221109735542775437942
159563829780526900286745848967012883345022908472857057139344402454266070901
175540885704028016442527188759270620235509091155286008278770652911948691764
211071477241104342175523634845049044467457751223785617552489846850093208886
133212478950889963343491357994957718680460307664064416570271558649107733109
150971718982779000663581232582424241594059543048447063261506937831487125869
127753246638442930866644035155381548710981063791166776957004898645843527495
127580650956405738556978071071572168143044486045408499134842152028509187887
187813104402160277362580916349783929002775680934477078450525084150683691058
99317997269201474542372025540427489579596057368089893737657201920286485047
90476889561746404968248124696645684598196975105509882548333713143798313562
122722278822236620425334100296585171082341775939156562564077667006393304169
180786133928105670200548658504339749869035204850136821947722441576200947530
196903167704300200444089963905754210945275129468139402970688086233206909035
212762356227989475573537465652412563618804609536359719960067773019018187641
119215358866795072159238151758378566263958936676572703162054177373053875308
212563255538010916961406065558361302970439442042872812719000280908208501046
180682577612805954172389961556998327036798473479582588811280658860797014585
193209300860036067286737292564520478803102895147619766096370887558735686500
145228928195666798637682269481843148958390796564039167071480875340675368806
192927405659543606156913176114073343876998313865500545347218375181181475162
120500264232341292814595385781751278323488763485008153993784539971509909581
118953388954399043919011129688845198026237564458814683914715056901908219753
179164760758508385913091902553507586153467090400629244716192798270664636215
200340130504894489136705979253564866212971046395586149975604471735467473234
145338815367175778147186568853383550415172943981281855162120914570780890981
210795864983244240264465275989932948501907123641141325122616963357320115543
138528168463908521259269506675220509765063545936776089979303453077365619269
177183958583162259126214145920830970321053498221906510216125801773544271431
182595227965284407351656977346504441389890839199667640063076619072088076869
194811906452070763723988203096403276917250822125115532748990523162922148205
200243426023661798699502823119376541366446471152700914075511179872889892944
145567648864507126377532983438102450252040274561888303470069278484301698145
131515077016989756951538175616648836787252401133273305024556496691951780722
180924353781319231876849525267818991906499921303135107323576986633273306956
150714764457501428498406836952871329533820249827496925230283995064833297765
134765478131597807165415343088738031277109375310296570855791765984530355820
184576157766253507400448648354509049305751555305830660451331209110146348361
94314447886856071654703387274954223942525635295069817874033681640230252140
149099780261339357691960471107139288505851745477891416719415413280288814643
129429723238009839166761922677958186177550287288848157837056777527773979985
173628586052920904630437751968296872555069975553213286416189685073835738955
180772088861356259789652445380677608188256546069192970592695248908150469221
129734775127528914158393205932748847158274427023058262448130139508266192718
138279139431576742374325845469597257765954929354261502275114698946802963540
154422082437224864360748808226113885564792189636845120281517853545540973174
140067173227692395775814004645968409003375050448626920736031200840987010893
99788076483276134588475009836586107967572117821341010009318141464160655448
210781687403087021050308280557700809083160787096061927036227338324669854265
182594606649938724511366771477630443968945812139418721292595082199873249647
76563964449055984604065459912541636765568351784656104838367796763399959622
207338227900001316317197580605505437214837062495406966196483528172422190927
122252720064247417951966308651028525835723629416840338318540551385218697529
154490449618315293388340881364606773729209176187775755103602670195865371497
200152004081768691784920886092013790908045140152040097872448822376976626773
201754743117244499648490255899384902123537454541696902521868931719890102384
99635967174922573399992601691624362934670607496940887723941124657617065555
180792417071332223689657486952437041572801617096592587337433357939706902137
192919673422608065612412922230726877337989551667109907407743681501610852967
97628473533580416933090826382130136874647422278051300104847978456772327535
146982753383160460425035634720425689390603863671278780783266059051853034571
189724108500196021045807839577802922946953375673943456585561429700488282983
94389718895883979809777779056992791114928363543819941785097059161000989745
76735595468094256636427110989430157146656592673885272773919052021529408884
209200188603918002677860107096232268211398443022052161692261741678124234825
159709599467084691575991389003866539378994314223759552218362043838537952823
157721388262380705569759553918347337236924452545235376551229907093075683944
196599028964802824918719137463393757896891045504356298367390701202273485143
101388983905546440555807471579255202555350000680015689581381082035577443692
148941636267378262287309451578155303130366677810533001576728807328413536321
196701773426982497200637323927856116513554075311644002334686205496614335065
216281870375004079745036778799982692525622580667404609105131203100599022200
194837574222994979721951920011037655970190060549310277106302065683749493304
193196495515108963099729309075596077501252771083560154568006624607959467382
122736838028890379580032848068802748426952539685886122189028022100889597289
150652809868242483402170596945983720064389479461762425441617180008524178040
124282724748170166082558844408608486801462879459043651815073136796781852010
99270064373857289209950308481131496471734382110926247008570558048823954037
118891887205764043770554791559070038481827618022893586453304142098108334665
175313264240807849509025229276506260402235903349342353452677520325947978093
189557851265727770669438333335478355201217375081010804461377566890944715091
134965005124093830054710120056617748502583717195666310533950747590056105013
184472577658182052354009818188767964347717852783658659440172626357667395129
189848473581416608936485141005300496984202508036693843406061758293631775059
198447218087388962356957521510615249822822758327987266438664080778822112338
200049255955228871415316036838130259107240609785583058187666719288887765810
207228178236061446298948771995347487279568114684094926362096729788475799374
89187101592951644692332632444493563472717581459307621835732190502980239663
129589486734644214093400015495865100674700335173640401546006197997198010474
122403639619828609752223162147301533352443484669550457164816135107822699630
134904430848112085572944542513034020643653515080418847224140677415126258786
92243112673841738126674516744148359169776373935241388393298798628117695284
180676832931283702421640402483474483263579269556638258820937067801986428247
182815430832703740890076576524853182107776857762487757391873482159159796591
97745209357639125647639888971498608706764128575097907359994886974760114017
136808607236851710952280120299466705163162474121013110440224671773569612106
118920310562246584805872293784666630328214923222648674461217609935681115733
129788642384505405507912038399026136977878118131336488465297604186645163117
90629214538540424865814424171406209784901591754258060339361039765685292410
207109041405739375491967663058487279386950188802495410293971687603807333203
152407420908503968644941101086362232037641964781307217400705396821924599343
202181089404591739334035249670424401196671674388449565811391447722897134706
152474897134783415411139250126578942670075784366533652901098317386117964644
185873879971252464637816999611794681822850360661667265410059425168406954616
92451973675344133130340885357775351655114390266186499087081458138839413322
207020587174160327813262072672409956448295837863525852288542803170631377778
99671035666141918589598551578670410947363099624722011988855758547923317064
181007632028638320779016688399033738262210388350803282246803941388790948964
148879467151967868465318734263528981182764879272770295694049063196483729769
150707946753326559195701814923735058107311366067335171035999601131761789026
196612078623897969056521326273785830428814031477418947138877115797678487158
117427773804297087314408752984894383741479253540013080069608916646934367092
95765000341051797878102199960712665318844148307879024499341501671708767823
138520488463402535443068715015019796522783578414418419059621399338472261953
87357463763853703041628504683847306836068778991765582754258405627649470251
89173351088861971282176130190597543710947654665320069935198505994533235811
203984064067473380338036254221256141963860250237097416610322029481265361270
182775238590446591576720391161740421853762256447827992129997305649113810500
180951475402599823886517183611317166448860061675731032028269733650589307184
96204933695705634269494805732124302252922161514394442477058526923493226320
198509381712491585931520995450368047251564317651091580436330063020621909869
200110751888145987510077160437134238092780952175873832624219438331691223379
101037853463242711267228958927382266660565113730431194386381384330869305156
191346313260510867726396729854593352939253574309000335608815339033116959081
96177997950717783075991641331364669185033833783254097524859650008185720147
182485091128306479887847415111287142449439897208008870433708642051600369242
98012864462833241582737577663501199849801612007160467258424395414014676053
191152962298722008119693777485453750132619974306241381956483820002560732729
97924250354813547983754844654491350406499800294931339210937705010858968948
122701549236294850395323528803861746634619379818151376202528434720971383917
141950541404148170549202905064105460362450144383754629969239443097703768431
214466947090272664831517229413553083976324112986580749364236297404191100017
515982136848761257098296077699660407713786638712
20
