64
4
15932501432179191029445143847143017312095719018058632925316245086740312392
276572948480677675871670990475956208669193164234588557447943085119375617999
152854314749027975668314351962469480388906754086542757623218913788632846924
170656177092211211185383819558580511075867822770783151715404425954128160381
1510918199
4
5
118940011126570655951272519064119829127798303073689884122133376003381669754
127588657342250389921756716837640350211255453971539325407022278847449153893
156305909872699046695036006895576145110875810022209411737998521885164663656
140370714949683486222180145367762241889046832635408788069263195410793908813
157762740521714392153920322497723608013919374982807794930650018517764499759
36813496243698889994471875876102387032893
17
4
412511183687127928596654406025380543615166347659601101695017067839104226463
99255476653366127632111534413194129094453807257080964059265815305899307589
22195381998480266807498935524156604051162507663919354409957256958133752568
2561436975997960790906250001684031936679581743880450036490705741533158388
934977663550
5
5
96019990137992489152115544999030801121678082250519424534237979439057171525
90629861878797751914163497427029642804213346222808175096093303202334592884
208814396187353920255208825558434103091718711474577699675487495104171701870
90843006585681194609747529580569898563809409266037375795331905034531523636
115454499670035222026397905957240115566443829936072502752619798468474791512
22568200889104286276686602576048902523179
17
4
225420887015496283150437069982586686824975874462653322820582874767097184808
243731352304400769145968653826419144349250404487038469764647389676635555391
131120293936820971500573058520742979517698119162751007777328547972680116876
414745625257255742506653541070134575944779028445282202685808965089402977481
210377419823834
6
5
180586523972514311767099717188850791076090546266374965101664312536365412434
191547438965108007225627497263663859953179482920905622808017535521247544662
140183430217032242214572382704713565858340135474094231576446499007372938862
83858009613478709439413501638655559528510825270936977409516376430326673741
96199839943425445526017101241956920757717885426896990281612562958212364622
83958945069483835380660505437777878855618738470205
21
4
65048597457897034062413912268370888271342927420017585289818638126238898828
94905985702826026264009753698113802719100182130045522062170060212206769714
123196888737400797724417423436206186071509445479447413451351712349536687239
136176178755466245865851952664790327072993854042814950818184816436113835392
46918151162471627
7
5
131286865071897423817515317203290622004844621137241605776069339075949705290
133233207758897120755811838870864482463557237168199886447590346990432581233
186210611056531491872544349197515849310632628168492341488701410757519243088
205328340596510861139522765804014767163464257842282379253491645162923381576
148983131096531441588530008118606968360887563149410583513168512733554164289
82171986794629116138859129899755106135173984252733
21
4
212808085851553404934048188507141889813025709119377424869257723430097621760
299062347561638664068068702672829463083406574149955335667891785145369690518
450487554754193341725072015349055770166199548220392382547048572532197779315
344125847706285565898266009183199842907700982345014390689121440282887651923
1351880406110541347
8
5
178950433183889652150100358709596827399352275756156860468612795919978422849
154015575514534384126538474768285943951212983553465738933050120481952773209
180689590594857647287136458950844095173869653383026687048478830445827868465
76425822104760777910507940048351090710972141640736626239478838191893996666
211050751880840822527309658214888735573378205955260106662209506151788204378
148189776513537103407844707991972417152167382964586
21
4
318007045651886976329810578341271079110576176912976331591190529805807898040
122373629019120368360091150215587184716421857944634443629258454015334899373
197815587880014711018715427366345036539707189792113309419305341455022089017
387777183806496168267468965378078651155704914475962125424030088807427013515
3222633416497890494131
9
5
203515038273656919487864833189732164994956923451697079502567677571877849704
209174170779271905482360014821975823073848653739551832405003895614710689593
136780624290234379968255848178186641581612086624752599255241582894432139051
145208900545706846215216549648688429934584855288327570413627199654620122421
88697264749334654111470683001978735608455569845828774269195755703948424774
409857061549042505058755206357042384854198735281807508847933
25
4
171983394863355328970365413847254694170977102199424155342833416671925594611
330995944676313563200936574863114583574491402645311103898718335212386622056
199626118417434799162930344316755294588713141178739471224089853010554790496
406041785086510659971357434135354699526091867210547818873238744247418681247
818736959976058648439858
10
5
157845589813411516401605675325146854080095839617457350541656646712716195410
184085224309773271720021729350029465930160557289526584947763949201847038025
83396990640422844212039228186410637167029422575822312865312773785810727513
201906906118392539727101711670478991226532727753451167164509790597435443815
94327331148864903670044892169909564267934023109941194455411759994961549423
302484580932256683558214683094821491941212617848715802331453
25
4
346132164457438937784509948158314449009531017475097743999159301923135122325
327922779726993271337893680421748270182727384239242163142901014349749645253
421354934770758381053150859547616806539306554280053112815584697411560784343
357681513198987920606811950498987468547888176557060782442236163636620066738
27313756903060770472691833
11
5
210554283002623405473237137142873795598150976857636313648129816842158228073
179171608357437196494341366245238890894276535898674326316360971976617184051
127892256148416131058695014537707452791091302037077167366341757622692180594
129554627525220042936927361048970290326845713202422565845516295509686896728
214549527947475292052891795659108205337293731427031940052941018206131672431
711793532047790676892949355795020634882304710491786771523637
25
4
347631095281865083283851646855362245008041797849789314640678840961435023246
216805075014988273494604724805947158713060900399013366618853021835789840029
82474950925907330417451998824882810473977810674698041669281673035302378911
417728472249472423755109074012117501331480028744884950800333463435320486724
35394243039021569532014307696
12
5
212554897217682686077164508828101842629741766341088104297250574988049152344
143828411625287137723760965465201714377083781888106122159557253627263349576
187992690807963706129467778429283336393189999272030913096853832916044247895
138113901711948000213216231674301936733469604755831871548998265984104149606
97667914560645425485331615767334288716906407427145568308680206684406702896
1464628365212126728491591907712072436688389940876441035416040619719997
29
4
284030110002822440565352600083420154896769134264266012554191277575992394442
382604632684635435138099786933189601221668377864353081421786352125749843418
445531906373602422827253667894067074835604520702957076598553572773405547949
437376935374279574670737967028299340929776404519527123565593238926767360590
14749505408422679206684906188254
13
5
196653356526546357088424029898806378223124539867371367194907181744762745131
214350294884483904357321424158187979656690648341716001177026747975388645475
115379523862140521115326613009299251212949393714808737774879634659429991479
118947509257640079004917279716073677353785688934595304464075602883032920692
101072366918808751991815376189425803378223472673691332968723935176300065075
1977379865750550385299758788337450202120109087061589439324914909983805
29
4
101795700048336092075274267991374346400686150366621216467942928208308997458
134731520306669872390142351595221627124217894014756638098193303319985384038
240758000399337139558550456556424670281556961234777928611398166119667435856
382696521099446114300367656850243039722675687359640143829101201218359118308
281066742700685499388325861651039
14
5
140203403629005616104571254172771842935910392199891971770805915045423708535
97551287399619106099294600034497922579760633667295316044857507681915590224
175740984636831835366555555789470974728974432195241742827042450455867583054
85294754242479967666258818600144474661773971119783594188497406161537231953
88855972891711228801315980111518536217938554465844344848802477745673294150
1843536180096584276953587175454064817111824565079992142153960374291046
29
4
4186913375229698599395431555514322451555980478043910398520587652472246006
361377704490662694547425629680752275857178999088318658265362046939190724590
93919782686957446408987920695313831484301108588667136392154821704922707886
149726958734223444219684122853880918087083467690003769124966063544816211184
105941498621116279737376155688434911
15
6
115591915059891834277809090110246811953760403427689762754632993936155895878
212830315944595788025370524095991002070295140938869153070167446012119887951
122253390472832966812492555691886657558153001957938656701693986089632280654
211085334855363626565942519774297905622480192048185129993806244281898526069
152474790890254064839846727017860829086626651896276436787890391994089228601
127939567365166093829478943676266288806297583129283341862276287482920711031
15677
2
4
429290702356009703199657308737245369995929201254588964244120637176868811947
147261864685827554039102450613234893130814189699103328536046169993117973593
77851350494178522331704744853160621920373898653680739578153978724726210105
163696202958595105105776413620289739212179586207678621650933555253592343777
291672390565223333825231206941702019187
16
6
99760653775540467554920323398239270705375079249839112802690978016633780597
124211894320076913548642921876019786921801008459183509301674146221606915926
209022334679071181138720547871193363674922663041716644927467856997282434408
117165539763192602370885151040476551708673897737825770707913205005903344693
156002581214407983236534331351266306585445296612407682550067866414615778425
182546077874990064341821916415352171764323976372487507432615442741736452680
19773
2
4
24406917770463703193158524690705220718471816971752409997130778278867361311
167222782082210774601531471000226091301558576363941691483089250000334262322
271509370403076482390368996671169214574415634956868304083061050122483247676
203077985118526246600279624757243313252501808983691651607627031483410312418
2542113185151555268765152754433768022722
17
6
120837563580195545245859693848867334069496997166388912039875895736562103122
154043109125648903908935486515778152806632005848719281062915566383997737061
171711387468198650428618848434687117522717534150809175392793966767927079545
96019775619271092875902050826464235486326850430755188151719320745510596408
175734029281999794510808344985442862998936922372838399281135768597846128996
134986658909256468429618445624611547572037203551443450573238413302281484075
19523
2
4
406097410775779940893477732244910606582963740992150063744115011409894797244
421182720644167213034111378516747980527389159924150674789665085786047803063
439942591112838674894259478275849044975767953630565848508346413011811985242
399814174685795436170147436853044661097745445707470241262277993031177828233
8215315405887191204398278615061984091838065
18
6
94335827332275883516005471404838286818804021465086716167351047089557033077
138521210494770181298486132501299053439888694582989174423997074405480156976
97552341919885841035113371314647539319983050913245041577268942147641751862
207069009993273828304997825576086412519454006737827749396527699539658237025
92617457931014176887627141911480879265789065178735976660215252289311625008
147445225701585806782671265871262354688545097285655629816171755301621035311
131217212128573
6
4
394401811024173363435592244615096422984760892686489628824148216554113239704
168854071589429676484791956047778064436419296613051145154660213391829244502
317271874450837751254579029703546724051786945044781698977331238501851204910
390950255834062655951433355294686092943701602413010619515939408744862390244
1185427947285781045621442995386312245672237777
19
6
90954103581124533091397016488660096322278639501607064249042251943898282606
138306340127873013191910639457343384436769200133105289301144014315185729849
90435586283804208549222015320223110233518132167108111389580934772959693382
214123076023300663943938771805228194402609326195736132038911884056064372853
90698150997890947643537177359128371886087875363866907358975498570331344741
193314018866128309592693892850950518280922535572167948401291608051849257836
59761642194237
6
4
149978317146685035700495345466254142457595631313878382381603571898972392492
143211801069341949033808398479168591527355724506353293771347944135942762060
368124736757146256914962688322521911137354114201905430182941153096192896194
50959888429045530142099489190869374045321185434993058803925846248680318550
377454303072462224134217040435238834553272049501
20
6
152496086489514815455681284505733908561517367848379864951186422572163625783
140099986734400048337579881632208889727039836772015591327415127154794902072
193355640910133425359875397400286141105531748551911650761798040984794903379
92340256190893461977277560087780776546261997843055256263057636163500735043
127754058610654916520430690072050161190010824867727428449190509654928937780
207186794291769189999624900024779886274052477312655352077822386748932843349
97218622142820
6
4
120727487812315728470357521177999755326411146242336800435993637489810098319
20564816396292539882428074189967330542744403923995409298683360441294542210
275701105798678373069815672502776330390467453018830367946168328873780897961
270131770381618318379801590421530411944563812828488016773440319937823061293
255485077079100158430869912375319660807824198362709
21
6
145366800733814629036894402996595858356225939667149728500235763332201730157
125985945173841911044275165433211298729019596063739237368648231535665835318
131072579624829023328144477889220019208564945386518167285507384440720026927
132840185135071536475135849216429254555404747911949015851224414564956596592
193133708738267520886609095761611631333038955298956809409527131362131528015
93968767754706311631633756181363167719672157970271267655108175035972544858
393825755114573285899581
10
4
412112967731637561917380213521826045701963772031867942660970576722602066172
255070694261462160464692886401594132086092597428425108509022506415928397515
203785387126687455414571757208597698375930209568319221775120731361603467494
346569011110651852136788339952480954949894871296394862961719671537765704697
75222251870476528090708950454368553423087977291034968
22
6
95991036536186009673154458734682133897372246303915237833335357531417770577
143875623239154510716367942341997374448532457288966503645328838207608083243
184452226382765881557543780512833788382185924603584633604388458537332069485
157728555497701241178732200571881451847090362501881574055889949151091714669
212486692348788874533234991919067921764577567666170720733485449423897978991
188012798713614457962022059135495075219612533474305640252317741402941771348
406924600756897848911677
10
4
450474275674866686267056806250478663177996341416830983120413273835543272709
125559472628670900484645659648446447113707470825014809837386129269444235280
97407609615952445847483185479843901480865285963867676167606183119026187624
73305283096499539330797649839405979854332414368168812723983196410051080703
18456464128352169632255912147242041942407471121774272208
23
6
83858573992840149416722256554665117079892398130596049866630382156153322052
149018391755147903722210130655175314078544532396388456502071150770399037267
157844434313354214963527144752530935134173358939168490784944871671008024696
181056455105616693439484634267460148211295097552426288244397827783411052911
133122211869375754510675516457189201651992619255746343747173987255429183856
171724678397824467131251507886376397957404477462856683861802014782880502386
492425484186204089104209
10
4
324008550120469159473895727689499637799100448546484730281848533151656199294
41224774357050946955769333967451562961922615142861147459526614075537593756
6192392419062068217934205351968575460297152564668697249062889283588618979
26938327974537123181555179501359502749330940890859654265913757676374511979
6274726014014417975095092972893334414291885106003219030815
24
6
205301298928816423309856020385991999738475316535627269743859205958680011620
154332842599018956519034608046059953442406106655947190320795734055478177859
179212239958612773737170459682218081357527644414660370784218831915198461241
136594277259439527889748205271551433458952575624703441032105221637322732138
120989133882583129653214692099247380619014552320626692084986154169653874022
141695908393464662286710394804769398639952033175484740924434931393680594481
2423218837547008650599797693562173
14
4
10671237972295673222328883721713244561474955386786688673573486959355138808
422443127893621658278507784605764438493327992661887566615131930814585433756
76700621868888639939915867892445414262450628720153356537743899624087711562
71217810518144239341181697356901667273168538197655781180238469739060288280
1324642070333190560809238590425461397954671061552326382404436
25
6
117325790635742645090348304511255741897256477373471019844620266796185963599
207083239564284860854818216035329829406429218967317050785522824725216519530
196888335945617053297862527914467030966247055703602687399419352487348041586
97910316394502080044747698416669935009706815192444530432885176327398897995
132991241618377303002392900700808351890704936738648135593732395251003640372
150990915719084020562602785261842592009338775743468144107083390078229313103
1669918973370211397962050959397181
14
4
209620905623641009472724846070605773441160322940416568702524937409091056721
340935744089902877117203404404689766246400496874672038015613694881142059397
187606497698406844560387744338545798453498735181690046973317763335257426366
99074084294838762040748951692220536563466852339557057168815058163945539530
305305095649405607882126079184230259808910081520703018550297209
26
6
177466799198013567864725205371516134389945516775624494874282702287643294071
120651323243943488620525557415277754769820188691643404985731593468702585942
128044227053374865812978683584771668283203053222298835026483989845723281208
188012639896983678194373064241061302265099235674127410247702599345796377899
140038494681093867964961191296491944176152000572744514896598448211656001643
76693752780512304412063098853743544698464907187496454265515656659677443946
1748820391187289663099596240800309
14
4
891430221597695975684192006548202242156246298274706564383607108744435784
6957003646052320716404093242826561355096601699950649444322788723552844364
390888521850427818655535859905955480955120058999459952730326713007656596881
404959767658474959755737600490060109512774228852621107090170481837416461744
18992740979177827777042599431307492557473077360099407294616366954
27
6
115350758639334590442162340507601628583863740052573569494926189493399218993
94004440108338558815631631041688728884047020875677043855260266695184894583
94004515088580405524323096221124075728593394929460522902565594445933928804
145381682951463821571581006521731927638284249049780591107405612537334880082
94224695603928817676361368382307713779517140238165363874621470578605650006
85611106490534699183608324650194415845714367602082529850155384661439426412
10402544200240148524653296510383386098351421
18
4
435000002619862413676320390054794462437784034559797165491535462049462798331
209637067733365611319401739870982836803476737062509481023504746135958171084
380246960523135525219717283084890278360996666638613732326790436365276446984
281053137141410309060868090127577437877339829701174436456874033348868367771
2066050224854767279567821911663387783259617220078170930352261677209
28
6
101444005138828524260462516305804887242487604224122271747463934418942637124
101292682660562732591378874155059545321235996316372606564328804958858602602
97793656186392763256176499345713918890823907882271006255319809199732831799
212554381930795761906884463623624026516323686360502260891005271012738549065
195183362484120794694417090269746467563892360961002784647178316387415380078
155844140236573934912065700804017188660425857688799282664995806793168998998
9011772641727399432588293474670532086098749
18
4
89035688297834393173920661263392356894737132323333830819338969783900068566
163840614549126925246311639807204937145744886131086544357488058369517943273
77059323297081102886467447527568892591985986798754619443735311378235585238
40337990032280062592188527520067278907260230937434313036352486786920628082
2532544275412649239516282154149612843812591928720249718285839294555896
29
6
136801730248329539740759011477487066620663413280494458835719997160665340518
150922490029215216531042590127990336849893827895933877714844126752936381803
85293811498766617292159810258683596721827596485232923983655211899686449784
198344470667065986979985362742862379075690054677697467354992177677444598871
124482145139112189894951454738168890520222135818643814040183173998321414010
126269887543081204264809443065294408043910631456233320972284082417042278753
8834820602971409919220593111522768606159412
18
4
163678186098011929799837874489733917166098320576466705823929371291616952104
284422663147994629634782480233590215665458527601698925448165577335817695019
428195564239699914768383658008508591020451697286976223070432175034737810683
280419072248632912605205624583609532338144031489686932155191603654137753659
682998590758918231609559564895220658002727849446805771559187146435722239
30
6
156002281169807914083823793146327839902557019386448334968315959087173616246
214590373418178588235304602610887902354202155261407015273357147195820167251
131045895172250343962519854693705878568741645792197381499274565468478405234
159411558923165839297241660008954043309917335975049792464437538325569763895
195142387481093224312370583087685457640024521807195951557949074591376687437
147270926589091478021298176811409365355649876950621844970006004525742313330
18101379408130006708886015501516816096518831760424253
22
5
245590151478531148097338515432994895743487484259783534021018718229950738631
67752885640862764125038208663499612349745034288272873302063480577719119640
215055831494921035790126669262813412149329891473962651581776664667661368210
397604421582851975075734492068955193243160336461004917103972359935093172312
142220626941598939581828479189863373234913878542909016695862049138798753167
0
0
6
186334622386875359558170928151903556142090581675451192320761638265764853850
212597630858835175940552922900510524600326670484246851618684869487065592432
138321195903972408875204292771970511881468681163075779792382112150085187938
152544750797927598644994164301011186789489225791628863422449626407574730067
92437978533156623723874242622328087476932200242163430263009788654276662341
129651498284791226957392853250017745022961065957556484775845900060557985125
19584409915785744994670475250435396245186878805456957
22
5
201539330313345192783461885415498587175398787719838912594770462486281387491
336992806989224992252515011484976304982631463654966644584630832019038468462
257097959358758142821159050238337365476664846321686737974442985083148890368
339471589929413100133681149663182292660431317565026995585877572864360967149
40498760219405592829283145070184414741812755318047451167139778794756934297
199
1
6
175637506462773544722661078727123009546289905413493354918507536407833365064
205660483150824299716858748928723894742961622885074967795403385335789738056
150736417197874537202361054226239442995504283899378742273030671604901295971
194818672747467755826223774405093527616665459321042813816762770865322870081
210719221835638942680048547897465696022672659503596504880056283759920763700
150854501575006660881389370991491795577091387900200669008529657351773438581
29680782172439398745374987292020924912283211097206344
22
5
363339939672193055265527481338808690148327908561191008376986849678030804158
720511842103716169844005249417040591252818755417091250375383694174608849
69455044007274758056485002845840778870778786308505196121316044497866771583
284346210692567507675452354681949023780628505625573290023036684844803095471
373541521856052326786368347983967131288005852351626654165622339324053966540
64098
2
6
216227060173959992185910185516293520558257953132029386592832161241944650063
198434783746980738836013698386175821012712966120936169926635425778419921251
133225736275467624946258724477851192005537029949554519120968138927654070087
119187749969663943487497016109170282584449565205773748155038608433099929647
196666783944630643927538974776776487491213962247027421626153339156671057488
216336541578566578533993456207383843474104868138180126930020925812495182917
85647576262542961527251088454931653300663505402681729976057149
26
5
401862026041708458874225022830740583439666491996729283687896308966932063716
274813362461363536284021566406344144306521861892069831734754608974535064013
382888110615088892591844545544469236496338173708350948744543031519991576849
109365554461911875062590356194116722649477884703022593785158808771564649881
354240998101478509289196524314881230807974272329679907752437975151641219760
10729975
3
6
92230015585517136660240086884993200703748122826884472144118790723520059493
154326237189844184979186558256847180029153573730563088012387757503240154961
189565290214604359288226556693054126301214276776978009020311293951284358986
133295319706133374133492690845697666965027783752568340974322663641177156434
142047249655220483877796738632107127441131023639965433097984983990998748514
90471143298172628169741622103480513747419368570290365046746689281465668423
106380871073906128545666298534764498624005587755887123692413757
26
5
123690668238627823209682046580486508301522778497807772098916114082030790636
126357984950185236788816696998127927050378722000389156087268598143907299122
287172942726692226030817673719023580597552103612556587057174442571339011901
92975371677557399301715016558966053923136576791693025756020603802608225577
237231946626536625844487147976580752381269158699287968225503585331904152070
2806300628
4
6
145594264736558605325142183165337158828325950239733406799662734958160601674
85404535466535576567947748950813004286076049496272981490677246385629507916
182381405797975600570738063262990291463358205926147979074501023245271193143
131336523373860914397317273880565741517339149934027432925904537950511194937
138326344719337335139043519966741612455796493802722127037827151274472656454
99400500500221654863692320768087322237381780307792855230677554795371587398
90644126246383041724593448977217047890050727580775295658766165
26
5
147992596459341531796213471825793619427066048954750555569116070434311333676
362013517109557794668516057356474937651200426965974271362895420002343606910
440135329481159310508344635684281190879999427971880675184820535521887572619
195266546135346430918396150663963810054594941064146428805382914435138961729
402438385296345611181119763378325370811759557986919429316519569249378397138
324120735978
5
6
150570554776806503980659690339476998760847548977393274699347547659918533939
193147508861297429185220719721668318153802267778652949358304159079256768849
200049765243419107568360433055978186503827543741609268060159100323289986119
216372074032560015033768685482579641507576436433969650381911467149936053068
173919326119250825859099403952459958180545256963173194109757456222927415877
83492350905346215145390256431048949479671671289608079781701231565783463790
395267598923291473128257491515444024561372659759711598348360606923832637
30
5
23454622145933313416811606388925341631297606357090393608196787935902304147
32660704219034952163916474643133298807073150003738391451473917564807522971
64446873139153113889214092990245163599748188784151386212020928497283560466
304401510041799355527848687955668069658875949261566427576734818329689117896
62707947882685051013873907083154447919268601196397209198533806808650969435
149218323609096
6
6
120734685699812173518001323507123925176578462928048144898045664647342671988
143875588999566770743037141771593136680194157290290868187269893146071220843
99497011716961971561824289188490236599809685673395780108984432256108618800
195168970204479689663603481204928193486345597450152763591515930419776213331
201899648630001082581323853673683226104677218149350551544988811597949531982
195032521686257040493668671704576735286780419485349118594121904681691670086
699700794310182697018234922456285272883348415485680232176773643287095101
30
5
225503819605884650866380338594973492772348063407873616689028353881903996109
301761017359304550658649371743017127959889794687478561758538315259400371386
343966888464319731266511767256109932627592379735052469758839507847097087236
295709587827587087185534835289927526411491335414624293652037943581078349731
231640259548712939377460012449653696534541586376389930982266977839098556225
5534099336107226
7
6
180592994787133960639101692630679478218626525582057748585309026388259272775
89186258573848455759828354612979742701284630927494285418192707360900337229
97476341811335095882189115543102817979224741169233924418736236239856622168
117429473856383822060583441888106774976496938613868010896732020430225757509
198226415492656878993599982194782844048556524928973196664679297747417908325
97980026504736043740580582537398867842869409327979539947251267257259412559
547081708655954861524355551065998052617283081946914970853630668882728033
30
5
413925532686095302197866567851853920335847983680975025494106087268179552783
56333024235211877802298412361917906012708108644139944732345568523398319547
171848090759478177866438657300531816626721758121662547245608113821474197129
122146195735727406634433291753486646866395640353526580289076346268840946485
366488690137856718536602665787114855980143995310841238501757015892584149089
9229710839820813305
8
7
96150635409983349353900906466578287205497051674239413755908547943712894796
209049727467801134431278647617174338736891826034038392352020004892643971151
88801114885073208237261168652016013333097067628460625297116992608929076562
120707288512489446070570903671832494704133853285421998437621618766381659722
145456256043516010927468815337440044883083407834639217273687071260157439796
120886930201507459747858042870817107567687517121847914414945768648630433843
115627582638615171072773193406380103788863109828577607807234173034842899499
5324093
3
5
126450740448524372594311359526652252836589513787955848542711289594852289420
290093682538660683632918194297210894782061491274206788478759526541430016879
267194392882551158367191953460502621685071265395671875198858535620785409817
209924740409828862918270020804037359117778943552227823495303692435934543664
446069315114753613499961746570202310168077643629953155550220016028241306068
1367109806748282422391
9
7
145249174390280374007183367698987488174830650498974039978290531991494607687
216310580399259508856862339032551233628310029925892664151867703324937896503
173746619001896902310876778780902629758717916159702498712901839357042905398
214330127259405417737645120931305882385779235284409201196142177461994993754
177487073703605407506388898499400389184884896976563902640629576935020577841
150916022575543535362565188029933020354346434290626220413383551986183984742
156036446689670186060017533929371939708700399297097463656615959659387833704
4743997
3
5
31925003892091063830297138641175100589587195956924042125137400015586351736
159147046882072744009957618534011604903884568730763907663431563090735278822
386430423053413134367145264305027113538589166914120666197019773041265437303
301752199183308090155653715116663741639687546832409358076262463796974675739
305912804684154950672096426196660447159994887498243134458221215101095360271
304594411463778383361036
10
7
122632154546625952072347212306826672166481707382815484354842521054186255460
157742035172822626277556494345750666402796563640201396660436124530964515176
194962909223528818019147769515911966456123122878723378406424539311690380389
157582191431530295800621302455257380997093598160952283427001174478984540211
200450315057424809184931138172768051340967739892372056057578819072912880202
203528815541555497863696143311514739360444913838764943936393504530036713318
145595555043819572466035171946791866517419981768219058691493301590973835111
7754061
3
5
306083133035009258789724189500980451206789594521062432900766850442802732943
81341719404877763613732315539781950806801116363660479276643347584273584714
338306072752756665263884472853069570331782779468222934346170192504986834415
4065112931214123339679106567090526567568210634581267191322521833861949669
417139625606406567409791771610566827878198323707142118758475372584266896365
124098963291524787354375409
11
7
202003585747621655457029811056394718784956436839172744996746686934333682243
171882258451730207845579688814165309907385889337853869738575138052550194245
177279663995499615716041456136373038045124179770932994549704999280172090477
207096097475599117431269901361254102123367433723415214298865605341690353782
115586840172972940652799260366080343848703199337120732371836832172773237348
180718005828225036726374224676214376316541210118913646383223049782764988500
76321707307624450172088652742068078319583811982816054262543137824630926967
12210442643520829
7
5
179663038423650895939525458400804307837547232415637878323206449739139817413
264003621717327311818841350199332415031888217644044998115192555694307787900
368015760491572335353350048426464113522265368794191475817751875763732091438
373122092624870931905560515888891776882528699912077039978951078072284480396
294637473227454388816620470316896945830614525594098030078155622609301294912
40295163095192549795328970134
12
7
159686872232870456717940390447293928141678857931888268653720640561229678903
173988207072871006964989280097060414250311330140327476536125640780392064846
127753755848977986177987345034892022117731820932123446868464381312713583217
129499763383811554521457372339762667154794372830430656672716611586376616309
85645151211696245696285090929815749344095048893860901464436849001301690923
186032886454040663366288969582570096643796563186209972754911251117591913047
133191664079177930502017219209031789389050431100565829325144271491119263810
24541560508668221
7
5
306273769323034267077572140711789121309938797258674545372984534293952677033
161190791634175558893889646601656154568020565078854097220070492570621393607
1481101650838562068214121725999787992736149194556433605042913750024584103
1562683797677874339064689460888053240321081656329410067232441591717094558
239986192045411447187198499135780313454399755140186092687932873756367149359
3148873384561064081822987370374
13
7
202016926818972890002690700599738095959389015973406873578840208695273928001
145684928518829464707231182673683732311186730528541464357151688294610855735
203908141371959639745876367890664549630666748248338105325753170907335255654
143801047595382609732486277275957109702268909044090455228622767929191462254
115392304244660274645926639778782791150464454097138312010323217383242813046
140087400151132351730180133232244935506496031967468831404173687907043460210
145684089291710862336100830834278999908221780767877915348296531244085425764
28512824154925895
7
5
181201129280191647106393475070629591662920964001668565874860402867208049592
167567512139645517059840261946800987157075584434193318869074975940358409841
418878223782284671790834921229193243838411863673121308996768566757880136090
287694052938853023039665580646252048363960290912698780109137656158746939939
423583442213959340900990161928567689907370453897646967643362080828592443373
3114903126655230525434147124061757
14
7
159783769755323081624297792115100457912299760429374684333094964964810245476
180903002262175071865267599006594342813763285356485480302046634641174193733
179275241672862527198532587525333196562637771019815654917452570786571703362
205571191079309228589405684003678651488194772601098534618219266702763312993
196922816567638989797726197526948059613774360149688626769678760848606445937
148873346411502499738719155595472766316923560084299276971691157085859377479
129589355506938104899529905720438221376026057770645280505724857928052199800
118806282252928372599504189
11
5
52588256431340847842444130255388314255340819463871694434053234548634230919
355718342038032082065193960624428038643573953158542876583521511655842586453
124678585678493950679713608375774115133881844721406642503562277209068997011
296056682828045510198926310628880878685326463803566083989557143237068698889
229369046400471401539676687736139311268685892689501100206562046505684875665
962478558954132412977034521151187598
15
7
127898399728076767302690753084147338900337737921185826086530310858888540724
133075195727456481443901215040511195728363139384991601785459073800826546017
101272460263085137384151371954591361263138740218066488159333465503990232142
134620969012253436253544214344851369552858536409468566101596084188105633108
198247040919792663842977607605375035106193800935611131392051012707229191979
97855581922225552079505556047885472432455969796020821497866908329204591434
178964585981484841379883656237279886433334120722268184820894717752752172855
101801479946594252751844413
11
5
451752131575418402349212974084632872395879140704389545031671911179807995422
370121299115335950906421791027090366959613792607014645180339392080010256740
193421221472270641862323291457474782103143648144802035256181943141346451333
69634406895780336736747843963195250664822209610871231013798598395173149664
49355557192442852761203786225940448736264409661546380433569036250504931817
153001214206928547746341936194921712889
16
7
83415996115714083265070017456723233094682244756318783767579546432557838167
187813239307181932429252859433354691071587954322570092386945762179817951796
132839214572518067537692705782468473417615164604988724927429038924064515659
115448134177581813101281066430449943444827025758006629907798562570439764806
131094692996108937799755604142225719963259969767046432187486005709159289673
203921866209211978951011341143374072013384791485806255531613729197938276690
180896696246539735351319076930755962623896844412167454619018418809958657861
99469127395181951931742773
11
5
283633408306569581427617179206653114841364577623427626890399553469450670287
208850910425485450689843565115059731539665426034273342727551754667496328136
265866918347868905716743042855624021433090369090660039339713700025460270710
63816112278447417166808172693908113982387115731946288917049847506812849132
123070157294746180399800206921100820076587047490044050998913620947298213056
82007380626075360405821840863770041028718
17
7
196626612771209627814459839873967347333673461355415383875921880152028361784
97764673808036459643066559840250432422181152546646966600884513884057980275
177446578393406612909658919745869856636806378728527752677178250144512240240
198600724135741352131458736495108962653253241349489946780837952700712311346
131203637702509413766787388250407537295806835278514933227140777108127953232
195149123471629734731762840590084728918891634149271507501721694912549042002
76549896109161285378102509787204661797247832059917605423328172697274369914
615151655320987876456480525970259261
15
5
413377743167615913596054876697955411828450496684138661118676835582453539222
359532164298243447941331810055692781266420797391765343090008752646978739081
11125165115190271793355637563484270611073637732317951957183346639177926599
49091256277653663493571616547187048921393630581031529248777468903441420081
225699037390083775174042741151049275805407068115436187543401297546171266271
4292913604303827032738884464957453654338213
18
7
96116346476919268625096807669535603032573797013591149004605495995229685601
177377697730165101151331465617247353992928352914076369953968729624728131159
154235737300401207034857089046152122689085383003359258712664996057662715443
180599301393625753306576165174774774429847885935812572989741968278801835592
125835507912846983635452053397735443197593457971566291642596107283007633238
140203917141124286479047815045236495427351149458431863890408640632671662177
184540334515829536652069451866733919915646008457604223702826447452182442329
225001183836811272924361982961866045
15
5
257014538980073750134054579508764646098193318240978353501801826295837376591
414776525144656054031306149022286918227507433463378874645216798789303285003
434204842330613993806688667483235865427059632289037247757343564718634239740
167842923428028865020670698875314288718248012738294274192473066708162453016
326080084084520877646228335988402238853358524031139882778127132706856152877
2119865663649309222414642398680378324446524067
19
7
189662667098483416389667186049512335323001281470501900236305527344089425999
131509174775192530886753796869689436444811638528973732396673641864716764259
119195887357577716850050649257072851768431383201845431465028419924365176649
122494174683680119637085763904729481545237516481453372964179042642959622712
156298442283878233622148861067083063866958223532288403182222899868868049505
203872448602298178043531975246882687439480049302732512096602801078392283716
127822107616537419425602712470795186389742434867098681471860628327169619790
598907662669261374274595686207081322
15
5
398068539093805516262476804602555994073917375186135890294505264877144755514
419915377913189520507243067822952667926244580176020757421467808613248547408
309247145967281138125376503948766886646137726755329255615488323654400417745
275947633184238794280710877671756123609761452779143289909129488610199716228
111400472280863880368666263993437456382540217781155937636898524283217993091
787147718723981633585242913925310499829695183585
20
7
92465935578638995756695487250337558951708209939812127560575391584440185161
94363299308116423200837168494022242239360708345718385340594249531750832211
157954727349863683489632858963984177242495373675713899321014387798574187331
98013891437337447125093012147862809966800236015613648289294150103024676690
194817030951014824684344394520846020725186778956734022165837432477202069330
209201595246961337658682152872022122640318439752441048728215550544214115652
97973239638451257822170050786589100908874281642015478802558515021098795363
2237250834849629611598294624975060945163337021
19
5
122683673503501463850660493332377984163590280985920160419621392031280553838
157705744586258518729166647781921543940194976492964007437123593270901350317
366574789429036644216654329083572488876183890173206700000512260565303507192
421858783878960113124769635366032287046624814581020419263095679097543279123
45107707079719098345843864144697746562324383503439710397100378799280814072
355087862433733377142121372467043881600036943157375
21
7
145483075086465089062670467226875213088964889888080759492629063443045372246
209270124591641868905228635420038503698173215510719769282899272508755101271
155980797774532062290318433662976163331430921840836932132228831039691250253
205494115746268301181646847334778100214683647443879385328798226788264864308
97972398084298613533734348412341869442148572183308742293538950307784378676
145724778708833231770768890139971108786367212962742056655988761329467093350
83505506823279236142928596346104686977507781237859596536890919159214209146
2505019379060566592287990881830344870737754173
19
5
2411982441122764003652818437563617898932846277879835361190708926319069685
164684557472129137017338056720376030926027405674068488973794408571364568748
431794056926455139401430503828641435084621720440810952611054750918488075826
189027240436242719954412954811392451048438416345972786393285286689986145555
201063468331366073448304224970992678600741419470865856851651472366594478861
39144208350066195260088730884327973554556354454304904
22
7
115439936052563298122159490148432244581339406928996851483511251202129417045
209194719198523321132318224170243417598032824863213484113991916359682832758
129811072007832133959357266458047087816846331761430749187109186662898100804
171835455223274763590352215420710622488450869621648578449236442384308778105
172201815314175121418402185183405561750104843177687789936470921787308988473
145463995666794975512687325460943813178080931249555066117904255035350674798
196488685921917884347581914647016416483037862383257223084413752849917236035
2502416608251958759651504467675602337197091145
19
5
163308414565460723935341699789503290394947549042845905472786603726052903007
101187015306403868516388345895085982251977647730384182744521447990391803641
290107220222937792910327229565953459319657433112673235605080995448463647711
385205034585523151844468410739543650917033465394191515205139208043626965695
208727773830538431760052658969396102528274214627238257087141560290707720745
18593366953158857383606810224363963559219657957721093408
23
7
155973952071245685073060810023119356079598402736490164012083779513442723413
191407922820786708272169648692807913579006261288834128329870735123352937831
135014343693271376474395951718532541423546814848951772080997924272038241392
139962358110413360849394251317541373776207123251501082872174617464036348006
89055483340695157519477761804611398741718224779096347536378030994281224056
152717326031052809927879628894990519655768794951158884808187703361764815981
214135022243645772492793837552077910479194137488381990325118518067331426126
8467755517120945860942189697999195098362250127913073981
23
5
273022472504983482397612342729175107069202658119558365876065787345427985568
100640048954721054275334750909941546095474284236828819052694033655378825201
411520590958457441291417930997973931271206988338472710582719938265246067786
18833067929811533904121677672599651712442621244037157544568309865678019676
431829888403623931373272216288491181290432499200149189360206525187133593573
1744127283580095522617526365853126103405617997159379162368
24
7
193354855601621282605874647308194729310136102149260425799423428164696946512
145416028870433307293265916854647410055167802320295370762926742875907061622
92486290834095355069809490019542189235648497957074466276815883573246125933
92658270558227908463008298101243578327979559766622681614017049347337451595
119161487509621315890409320819511623518766822302009293676950213632506088257
87274131733717864775707808969667322637971991114786229135626753958423914350
117125473594481999045245793133268473400933597388394010048982850942408684849
10195892075236159316873431823778444474965556804432511293
23
5
271629607802714271694770164769116045927601059547460033197680961284282636249
49689121370365296087247295379555992430458551769445555458656511491222758318
161971766958637656030123640503674417194002914434823696947372966746598578431
14092332297507576399128225428307465868245946091937937578898366124736765006
299018634399224721523809368362225858782148519528269660510815067693745629764
313442631554581588285743836423443486522121503296362102727848
25
7
193265974865217085951270263819031158960193889047420618286764723539855290467
184548631542660684465645661370858541291835447807121720092316457777080913994
177369526433542863565187502581988256217582452132681656100797928364314947653
216027795934942048392321273337142820888369325105385731338607078234051865135
116939263472502731056753009493866767589968992214280829677962200954956108358
119188204410327072700531129180272502045897172560507556024904973514357107023
94204101022611127677723715219879622653375964715105525456701253551123944777
4720643604472754354284825486143852248036211679510614895
23
5
63690255781947681823164718728649518733229873204103161601461742381059960805
166919136457218478618730578065276249585445378068452784644058439090042856556
423836966479266950626152748559690762569948671225992981793031226802916877667
17972503070789061393140147086862760139252724040331045391628669064120184840
173603218817486848645365215156021565876689703949690467805412841291902840253
199725198334483669505484806741582851088636317385167985436703524
26
7
131198515619156321612269718432004609390671653313939883419878022904991478639
177079519253973399902156629057616861005367559286000451749587782722066207815
88917122816456348515469793622369640375370417685596518155257576574392100921
129526242380782384457874074766680910932724361854717748725811382143234823786
119106653186369210350268022008032827183337745676724759969854722897997613428
124150425122861795032291766443225480051162388842922587315831165919601772410
131460296925807852794036513118310531462339589023183534236279538875940688248
49950497308969703025843407347195858427180491175110574934635658557
27
5
327870416798796318638641371148741540371248482630841358573700085804287754865
158474238134955216778367420677515644975857853400078139804763728222553223974
117579107641426443498145903933217607760049206231391372331256734002160875251
382638678954287167391151271402628720081657253167865563882024335696037832423
292169823481793251697366119500538982350888131283645477229337594237376930389
5552416735915332721104793061662000177258182607093894099341053493
27
7
207344163209439249663159873162907797677744874949701967539948520658958902608
138410624891328169170443707712214435845431614081922038180566022516875221329
149245151438332803314883667255643784795358125381874239692412974307212618862
184119352127430119830863378896124461562920742537646752244865965494257345146
88854925263134209737467892239676695065478329362201439303935219799171815473
131101912577086443788984554178107953012096267753697077444569917384707953754
173844217492829754263050738524929891272242621854414859737522376195344584049
21986831843561475632174993125624695543828014358860093935380485437
27
5
148056205170586369682867497975065033931326847059614343166937256700792021796
90372500267974950463008478441882631928338436713918508552863644418598107096
33875927495276883749189741919152376209851628048678639530135571868668597787
223797093565792570728007318442252149655805702187754614197698342462231578369
439583123553418572326502332433713871874709161448346180520543360034692641218
3398353898931564262844497687888381414661300639222697012496179162805
28
7
150571685599246050872824565382600614242887647632677590805277304459315136365
131577139014123832540312136441836930314226055437281861226607056498954552902
216399735048928400706800117052125597143413708924691888256909581678336308857
215943327801958355840933791862526600454253829320847272729665022381260298594
181001302126698136706391948473827154150320542254642595603425902361915320376
198419635733879456776611849546724464538364133750595805635829662135401082214
196791305715302804247502209417351522402132272508910641810374386847119923783
40424637456098522952778711049378098741533181227498605653057287729
27
5
68653677289057782670955592825235340045610640121485292739096068214063282123
419222958396008924376658351423192050540251205027203106512294709130665157015
176451823251776165783101106321735173172679258969731191973928109550964081904
115968804281026880126818177647729796172895766923079623334815553960221425913
333503875797493622948301158820451845510801959386902762603901495462761806636
4860058792780379229273394829534868818773278472530852896386320882726582
29
8
131550420662055725599064312558508319287309537017766031880588897295916290886
191359121011819920545041663127202502230675331087576472730929087444490156102
115399177678783600613491079098342791673444496918555536984275577457458247756
99278018071951979718685675483206568356284052023602059754958448024967795831
143786139366847416371137494482963978039214750623341335917405821086713007958
175526377553172137322320797604058653276127894541760572376358609610250675299
95757185630168424576531384692155184310322707208862867835058729953941538634
145636910855378885823906595516174619387420155992093580909888943852991495485
0
0
5
11223537994092574826385627275894618361255974416600201247524159103547329595
288313412534885790953684486081437801962161561238452161970189614646959878170
202377724088977978553698262565378338551187725486095755439418569152415711917
362656733387402881896949289421202668322048391805988405671918748324247468922
350226924891007500144879584524646183022761464859999056229043993481506482710
148418535793264504589750431223757185029155345570071655850190108839903010
30
8
117360299998061256313581653927373988427662546555243141859269185493531842933
152620344577217109031640633951502058591950368579904376147187539025019957863
212837949696137451243858579272633086798577300813269423099874316102251803727
182594010662494457226872246875990631294979482081892608969198120807099616116
216143915893474183210603145824540948898454327596590862166196001198911873603
87129916447935053316362113420962251907156562529891544849706944739448867128
172166822797162320416475332807186805287179194960717535628293227750393674362
171883258287539980521868681250396165465983076412128883598018965439191271741
0
0
6
252593354536532292970857856133822371789434977020642913142957245664042036281
41795995703336791665133520626917454396444697652199499355589443658211102592
320521089621113865207865109289544880366144251355765005629042706775643239401
69173247876109002041309530743319526814064028180624610552742227945671589767
271689029857312123383305749207838629433694202533614268085771189304552928088
67868229659966856562891923930631210956093554034241809951712594721687851511
0
0
8
188102626839948497335178420347975116971670428563872856124036315590373032568
138346784583326101462985106070207239443656198403131646057800257067450322482
138161840293280161868808819947538584635653899031304473383207810599020623179
173649859544342413038344211586142544254460215582576898256776250620707819632
131584417993650542220654517912144357236797152798828186517788241787284048730
101526611162850007971857069967505079050534270419959327512726658356492650090
122295015158615339084811244849602616081948928862043169495233137320868784969
133034270741416909604828738279281344898797640942021367977649171896086054963
0
0
6
242024896870039974834446652666207639599975169581803574303966519092058887379
399861701216518913720512698370474011024907786782538985022107248369347927422
178753280933432878270658547296806993153095416554307445354361669821833128271
336787084917787426280271952759440929454830171851862977315672384784605767039
446502015953473114433610730805685485971535038355010373473868210765560498104
269556549354793508394167134897691474262282275894323465838581390231765991644
29
1
8
186074194682443311102289473633367827146122725727036892719367889095211832134
97861140501979099797639270222496790582544239802608587873241475109158799222
136532110450565607431974899375534639319643523483331259608161853673222586739
147410179547764816788621284522023446623723286103774917624182620812763098192
209262281047786048407113290758610398470660011312552691578506437129780222530
157824585042304102599529201268132552282181378541498011513098155848847742833
175699029890008440501023993891096884088350883720260167094493510974992373613
205543828399960782299321211577348709659869025724945107487922692416125027427
1213283645
4
6
428235386230199573529726562910300084727824478212966571994320869937507333922
394300374945917559972564308261084967014562012835245770728300701542806667511
162713356995859723765433463845822299339155679979330156783115137944820339160
136502701333437478996608063774178646783556814883537074760462561998352807092
87156208530708708823804795983821733823527420797632153571350609597646331048
445035085968287296675604330879809452342216344630858760523226398023321923794
10151
2
8
99690372358006942831539128621602558897207406046649731723814147435925881177
93975672986297506188247298871048083123457577123958364713982204901312974953
178812659620322697219333564158065869195439907051913426540550541727289340231
212762890489578567316077484133104321884389523713185693664602333353264367705
149003747569954523949647628005681301395267575827780948639528371048697447277
205771046723094252544465117925568685346087704777887658226498940880865818962
209325691468477702275818187932413052813166160978547250785402168382327773545
143675035527355225286095287283326031874164133605099974402236542818359460947
1245078333
4
6
111837722039188340184844365990787323673014579761260913686507476423538435989
95932366150594115158032100426042718382557692427079986759077508477982414828
279421422955880411745481402623108305654770044044872980480763559474944464089
190589975125934332444091270373371994012234688337996519184411894542574906284
131332155391314133465024534279282540112826328597900348598663224985190485052
309720626690853648792223177433932549235223047681886804637233663006603870700
1698121
3
8
141682291408407453214955228444735162165742178347260857066259515150056977765
177266482673953822813308150950196794989482052895452915308434138128994430258
129666300997740766975960329372816666925211690803247065452751930857585206903
155946858137695670589040686652193128922926113707818373045878289707925001306
171779025640980767094774030933967495709027738320549666711131571772502463098
150853450649203215494866905211284512559272615295007166518109805618551796055
211044382605834801674891108813305298601088742022779879217019530928427839609
122667820567051860624275251654764503366035134244901830641342671788536449139
1197829194
4
6
114679776303761765480114625844526581156498037235610569970903814981976204609
225169500788124010347635908869286446235961577407342894086548462035726939526
159269626032459443194106095688869872030492015156999374177047772382809598493
276726443980687596333769720139683051924741116958271380143945940930229802330
24571114195883944471152680943977652625538067649487798919368169288573487589
431705858582824411664264785769512516867837370842707443162264812052163116207
1346120766
4
8
143662635332407139052719188464057749967017663694530054326214551604921262433
94260450284543000368755986836583709815896511997558404381886919532681588845
203679274925468811117173357358841851610623178144588583561761113811914019699
96087876967388760481714699152626360754614226937967708163136481507553275748
194865427203913964566659799584424388288195941830679193212457158128372770392
171863305609274578286370687672237712766997956112744688809534424273567438935
204010697333269588487995248797449885029854284819478335502987130617346410616
178819562108788829452666892089578712706818868695105929377433849348886395254
6144167128794086717
8
6
210501666564517738805538859049838003230133903993337238929752830217467228
133555685006906624326227591262020559311547946406506723965150441588252553177
448633399976899812239321578822280103472317274897239048672374977934308786141
344391143315572071634942622153799011539851956117745065460296747679665250692
429665696886178937952225136989442653097164136278971900850103617173944931493
429424813009480428791893796150658553508143143692721587764897528654720489399
123977584626
5
8
115302008319497185929991090305788207939938590361731070846045999443221041505
198606795264770131552489538311417508395980730403980678733776529530216338230
175520181103813248058566375535367637738627575545883002465692429506203834452
97890150364785500206047212339234756316550670844697861725941602039380455268
211065416419210892482286150682350304863248227139751648922402080467527953996
124156956055587241348880746064652454407596349705206503715427958180053405547
200345657295598731675911717556325955700416450291938958107094100268444242507
83610895271813648983403355835670141161610411381757373772865003764151903539
5210157251812084029
8
