64
2
150097941895274221165549353400475725898646536080422750924775479681389805427
93296113116877774012985410787297666884486489423470517405825456808699253679
16194
2
2
152503152844224706419402320588444096908660189612673836676399454899100142127
92609528143803732193108496988597504292982250085231669008433604009092799079
111395982363905199378740009203115630342602222314424066866887997
26
2
175470046257010302088659565465304836607909935219409350058974978978191747544
6710967272983517579022786723289143370199033819487983521585092322349901023
15167350
3
2
157589333732041664144201875798934503094156240653431452768252992665647540583
184251829413745737953357691694904613113816195399772046686614464190324164696
162911691568732983181919044120767618974021923597856759952398653
26
2
64877014116787599343699901843068708376159917873456035715889700486693719418
360468718275930004823054928569702893767493602889953102004930879828270864573
1123704069
4
2
131274001584492184620083623002641672584978482233677258148207469601349856043
194830702254550675673726879036692960538168354169828892532680198237128648042
185345684418417528009395260892454760096389625408241012002533446
26
2
286956359026286214479929623045276322954522348215977831615068210953458361251
433896226684484076641756605557627282303352433907827125305102316631317138549
656791918959
5
2
196875236454144089385224893309544688783707173453617630729088305434026592056
175416252614828016730304534109741309527104793480780847289111824133241663060
506099949048350444208103101116371069320676013578499699812879533920959805
30
2
319540323989873616977827737489291365597834858277268389595174114425961546251
449483750303995280870467644557413766199825049538709764968462415700608785433
113642805384984
6
2
205495620860874530826664931764485490323566475733862011844196731349460469841
180959918911393116396863909349877358979186358107289371339614015460035670834
567329262157329611336898136483644766871790280465383339545589037502326589
30
2
329519612382204102470301092813845954871532049830161827408628568526790296572
402279560730220183682794628239985284258139615008166682813213712561678838022
39914102887278073
7
2
207488990780842445357973078810850973773755383232850731132833004083070055752
207337234062108400431107001305166448745335515281692797548393810526502344777
705143338955881568847374552039042554494952969316682268269456387195230261
30
2
341722092126336548282841285785206760576709452853611319674266246339831660944
187375615477173936847733384672767664530897694666029331499536550678015785655
4966210076772965558
8
3
210858068186001368135929006423905718231132440431649805187720192022733283698
136718240351318085762211497726512568538655364924524872309848797593549620816
101299153248883936243314263417571339015363852345122234255229122915066930036
6765885
3
2
314618229687058102962889467512719593667801691069873698605736346073396907177
206372561002478506312920857509133410585026073440324679352238428182879757554
1422659883147272923766
9
3
203907089633815412540108811595704938380189194649248607974351028385126507895
189428196645066461565892509993532419297801611376986570205289721072849404227
101505882426003183321560563582595222828116213281509644070228708192002930507
7231805
3
2
252417559181744786333043705854640033439213036268819285646610092398195069837
9889369724597949550255903392553820371322878803812004260771078861132746853
323457107542918711449454
10
3
188089685551710421653518142568066513730912102105764381158075951749274816376
209165816786711889353719559528371778875351063168515915301513022968061845831
94197337245620501734072349681054237032895176755738361946099837105238931539
3499125
3
2
10098943896198287619885082055410785924849082743166159258794981937535013206
260976764974547733229099437145109693490132609961878166284165144150041928994
211504698679746705189971479
11
3
117290951026744168537011462356189041286786865446271996098674424598420083793
127836524249755082304680650345212679282260608633518234462216535815511304307
156313567552763053800188055300682471972101810943185860149826748849023174739
21454140214820157
7
2
132180338244827247535857232860880132439641566800539453725971106605830606731
363996743740597415306902538468414202978043117935653029839543823830847787127
16176898976917479865674281410
12
3
147443172098771311468578788829932859015586702639135178250514944342394817365
145276945330097399008095066455668927539295662181561115784046003636151545461
177460785845600271201171250542092941393815227318048110459210202985868644434
28802082687633725
7
2
219766067668820608146089703926170891342509926418785776343188938623834121858
3267237720696804576855023807009288291639489775235836006205841172494002346
3258567483562151345046712069837
13
3
180710402088968869294516630697895495459730951012381926079836438902816861267
205550971007025877646108240794074330600311212872979503670466441836049758039
194652035760250871323455609059730618496496289719768912200240545834508824937
15253856822835022
7
2
244710387179670722211209709799070119468293843274736880479837811412454548799
158135431227802662872501816516891062667671528089905878230854534609793701665
2721708400562561253932399583324504
14
3
186286823159965500978489266920980903437003946330970700641147828363170368070
101457058504316645224097002391425168927138896973145936349001393941113102649
187971708398488466852866470923644403074364553060056855778635276679287427924
117663982243978598364036413
11
2
380081431623772508445349798963636365840854215604067481764224502056873756598
44607521887252586318882319467094090544174523413885900496276579351592731761
728889284014002935297132733849943570
15
3
87405153479507499384721517107983547281004624212910575384515983303649083695
94224641781179280425181906569828462437618043501687719737473428598280972336
143923933149144826857318246251750856418502268062964805897752019977399989057
123708702293941463936420157
11
2
353906941392661220165358960890175370988691584831817742433358783803802915367
411609529856426315913839592423980817824242740333933079541866309878195496029
206903833593418029705980070490069454157
16
3
214266101378903800082558983702391960757192079173273427593132229003383817060
196632969854773344431619913152339499240132299570204753650370406860891582806
90678310076196731209718191255226921397595506359289338225804393875019675465
138168371850104963169726798
11
2
374958147076185137478414820626173725861851251853866144183004547012146870183
239341251713282217091394149016730713847956047870030848736194557446348891042
8230475157599104310546702757980803361307
17
3
87047608902307803291073644715570237834453279565692935878553872665268154722
199953359720660144931892199472814526470716491275190776984664466133860038487
136753528720197724154741040890027289242417349941264246753016140314668259654
244917103696580074522149311137398077
15
2
21005243328579619169075741792435776030277017272265670165523235859591307751
146428348407941401657498211350850304903778456213372191851899497641399934018
10651701289668589271195566866348202299411757
18
3
118677636729387737983910472537010456149565578775142226558922567972671870003
191394254140951889078184546141185953039949571422362863547741603409683380833
184091552722093030079739960413341921418917489250089081711408206616678974521
350346574491101381929497752719536189
15
2
130963045910997599783447273515496740650926479134777387155786447997214428935
1980599640065207606520571063441042021179441024497090547763351260905691230
4499692590138924287327599788839151824292798424
19
3
147367634227710201748442099735951543409271003302860487596979989216129463657
128043148023207266627577747873615489741311031015198086293202207369449720911
152662865893059053374205069316704014607049513539659823473536204264947611722
276235677336752778672709016074399577
15
2
377302905141235833738456790353036608518086384381105344504256585083732809887
4589422508151115669775989330954338135557003226716195567996289980436479769
1272523831758581667424873947445584916299321897836
20
3
87192920485327165837392069670372153912584928284615133455702609168502911307
205308464593901442848590390330092877145642398889224262372518331244163987058
157830974774299442184217200599215892549317684220505938303838868163512708933
2524712931233258922220442985203684153340542269
19
2
273467540001310945517800598954916939954509202711105979935846215512810715995
87190359313786679108144141124625971551229960034581934743882529276645155235
310343794707246777144578310874624136071236040286223
21
3
193382685728144699443833077879428727162706938373937485809696717447922938723
152710902410254165962718688791958849817869619596485657531406470679701579849
134656367233821684987067834244678368916773462325599206527399123699020874093
1879919691162582003976623268080913590264084541
19
2
153921370866526160172727487173728309765652637639035402636483571652447670077
69501862407927244143733238453232892342391232205517937351908210373198090544
1956154458755630181949134782669353300867064205895627
22
3
152778440222450298440401083422436459517215763068683744884587659752290678637
184514048473964794422569607645873908619619300637782553670772316781090723411
185907253313156346253045052426370443253217602724259884694943397286175798632
1681371656160996126538791235765406883556517452
19
2
141149132865667531693642822114731488284193935573694728111549671965294381636
193165172761182279188967433810180433404736880934346525418526631897438327361
20634239106117050137942700766025990810528727240389240282
23
3
148714009961536038559395449618576074052125258837974358021069084865699865970
207247400910496396333284517628019063139703943342578755711529707854224766768
207109742455273407675966889363267016867932856627448467751582343711550426160
10947996887320118445943423916877217576337429971415285053
23
2
53659916843839053339885320399475821529535269335013442948155076877264141126
433978741982314355332430983292967489185168141635571725118922945497984580966
2063134825661325751609502798806816089846881977216324383531
24
3
127959869040819753338395681228677306621079106343652656947870618455204655202
101312713486261505258122605127491601532411558258223264474200164825444011331
97910365465173749370113277926259421042305893630626467360672842395387704944
6629154339354791589114513853654730436291387017980900157
23
2
81515457797481553971115830337571515870744698675259488159557456965207767160
114937211895838886297397703509597403033427727203003223335232670896153162694
1070183240796120833740255225536624048124025262796667897932557
25
3
135007118654604211122545121339939682471008089377396211983956736801206130251
200421302472584392564965231614172211510766093722334615417579931087387379546
150791759537701985623940893483741297136580544372508004023859837464028332647
9703912350141974745174938457861969171751093558928307022
23
2
97276456511867806927275815144768919763739570734736514897363851529755867012
107886374790776791330331744089912140080997126901900437957811283534433947678
119824373613289311042259358335149275057760022651202220311714133
26
3
138636813256138597342419140699482124014291897628977257939838565916114956080
156175369810507675575146036291149644807970728783176080890750615300524370755
152627111328802776692052988251410679476552681591482227284870934659506326883
22328958972777170947777490678265923165295027189918348895625231677
27
2
289386764350632471340948247806395468478028611375257203665081348352021942527
94582963382910276590146322491139819156137483987165069744442802813713090384
85003134380601324214215544243669941437896364511597076597373761559
27
3
196509438656369149912860136684517563886211753124639431861601857499909337668
207454641055449904023151820881464662394731948227440929444717948754474257719
94127295303772261540679335786828610571639698359099857847885102419610130809
44551366849967032860394365332429746563582693118687302540303950653
27
2
14237242494520335235068271145249571666696810127857907445611794426520525128
283964423914139567369988542198991874479914448033785799345403453076660770996
22946886110345414039485316269038015210616012538456149283956677090203
28
3
118828859069569922992905524293025307904950065268283040677775183510814946361
172103488816355539497144439385323787735878656223008596621872459752896476994
129652337520093631534619909532924510279605750780656157027458047014951082090
26867164225815123849679426571452213988798007249080023667783005538
27
2
230801611654607308825373851922425178286579234174402775801102970244793929263
312036424249028842625247518215676195768150387505419659600379864183831089500
3937618745318406907063346361820435738979955109679059675116208602127590
29
4
182767013293510241654560480775408904671831369283966025806290910329578016086
136747299817818415886656473513405889929778791836934365068380765003185082456
85135203192402383129554635307225993883513922874775290383061177512998628980
212769228710643232891609871338631360530127350019276107797606798815268388157
0
0
2
325463138881473575658722233059963925087054192847235560882832427893355910387
69518382006494873026262068077717414441762841600104283364540639706351572233
1158245171686715847876607366475077159870086045915095254769010569692906741
30
4
207192674113046364442411884145058971780649360821972630215630368577386212932
87309934136813851060444912532677459617543588457124463387054051521065010286
214578241969591575078196996568108482985835595199419105042662830525242756206
173947579924491845531877855259728592106094071558960102744397341898121958717
0
0
3
86284195600696685073927626665008349010927950591344346854265440546073759459
283352123997967333196572325157972116990201732654418820200812703524184165352
435637572066833745813320054032971311099738079680814066796355639987594967872
0
0
4
136587940624144841628989478511791347907431827175360406188606056455686540395
175521174187566578444871737457331866420496436639415683200381666133974401626
184506225661376773457498627463509299555340467939551180544877083448332865346
158059571315342975133097657332389418185420698573727420659133659228982637633
0
0
3
208918116012477376521279408813505345386858789142149250446738962588547758338
402800731244493984103315865013364024752845295860591147062599363197366758019
207773250399227418960473388512435492930878792992587782655016198122460372096
91
1
4
177417729358913874897230058020826920503873969340759728370229308993609231413
120685862382956269313451441403405411267991099056739932025874376477782397810
157818550775969615793139041266468963078535659158956715753706691161266345293
143510744241005827713636112514049653153794209223932928256419341482637490497
1467432253
4
3
302971966280286652349704285030887333768653721589938296404658324870181621430
98398217781646174692413743529388338407133623135721438999467464700676114180
11493261961304977670800680544117430303152247454261413115028126815637404991
34168
2
4
200008683664694935993081341884217758159839305530193389116286265605795173459
140135119248129770252899651076103890893618598647082933305397774586449586007
85162411764538391047013743314776667248333956794596439778852442794760955224
154421836540483193436153664897544832332249228695373924199437828551207170095
1750624061
4
3
161032106427386890949510532162108416862155244770316131408032892864628489766
117951236179082912624167130995000035130612624194600303791051651690476293052
160790134375543508762327023070575693623943288031677555709262476830058148666
5885844
3
4
154552998700774513691385494686536384916213082624602990813374826573183534967
94253488408606246382381860320925849564933640286555672088782852502548797554
185893800738251313822144150600403015666691882312675782927035760783802651192
186300142516041226128352977884279830146697019617086391892901799491435646262
1466116949
4
3
163883080867232345149593725784072963623123256365022395036006004356825238596
284275214846801428894517348809839126788989331989862792708719359029220326695
233135479187499224825646463621226593335140519216216426464215857706201332151
2278841445
4
4
156015848235588560194426624709441481568933556524720572999300465818565243986
124144844080665850182336907629579352652118025649072433511513665048312706101
159349338553595813126120375788646010137045411471407951655846179146964752464
210614856107825359922408289344240770935373440442525297252720811109808106803
7510124440287526205
8
3
236954948210891258666281606182690088687272905880484570511574421033149738972
330067983918365718118323452468849495699305527591807130692933207127374729125
179314661844495658346123015972772954720777667281230113750703951036194180770
580511307269
5
4
184473148873621908250879021601519053491381567971172223735463331704748396664
149246259553486092686554303801328265868182938479185856499506407167298728296
122632906155983084509275649243362849066817302864258336776029726546948740402
124027574833052785886245261497550692494980902713904344338313196952141969001
7528166391315649853
8
3
433937696970960621240755207767986042577363434633582752139428412085053427055
413052916658372152558146623763612907624250453906403130055381974041010061603
280236825675087306024829479115569832370884971941956250814159080009586217743
27251719962647
6
4
101334388867104587882698847628911678831366093420286430547500726773764543087
216136984561423196769157657396254446862726091841197324077733455119285172547
152323487975425725278969124260467391287176251604472948104720994558043244404
186093708823448717514607445252635261465720219949886319474757493130156199248
5137880716653052248
8
3
230546819843769200488409235035984280709086264956651214358174858225529063408
293953809780699690812151711130703057287118913929988501686769511681030734439
167607743170827611712545348142629978008004306442197561218332157561919028579
28618423330936176
7
4
182747658871061734028153358630580507364266465401118642432678454585321935990
152468804386723680929936868121094443207672862509871338722290362590068623442
177494211349885687954506003716975846715792708339123184623637483056918655345
159833671662958897596205337715899882644198041775340542659235158512057987434
27971484815232066830202912061
12
3
135637422069385136461456196914970379327676223217421406055344548114895406091
424925464564141511235423013467509728439632612491609230698480818875299605253
438362415285806110375854529158512934955516423848853143167508851974969677965
17377162828350605724
8
4
148948836372521741881252480204943680488737326647711233261494888460991482992
131321555152734854040573103289235125956971739378059601829090623884148499523
124255385992776568249756128371914389035717410198765306992153710259444217719
214336865770440615247490753089552309135620254923299062215735800739187157326
17431989390714978283462227773
12
3
72659296271930093783760967978853246031836686932665745418727907998274708602
252879090383434710810062288943467047944451567921470047912202875320057889260
68688238547667188111647488925514687809408414660796658836745169247381749949
456480179928986248351
9
4
133080644371087781710696147570131348028480238543328540044910038295421873002
171716831669029847547282788163279599707849607359876183844215774549546264120
101493477610082786908921962761959375920105540142143538352377209220274412084
76452514881140542715709051135793618200779556443377736003287253266110432057
22065575972914908272696382310
12
3
421317095130027601090748420192655657397026237880721942745651422055997665185
438554816170744164127273899637019539453174579156774666658640568918879051369
351217248568534913158731552747352282346315449210002598460765560579557599855
509613309504332575611169
10
4
97938050291073409439623400431332231696884565389872465985983998158429441899
150481533035350816619796939631451441037215523771469614359227493586992525655
140204755531857235696479218196425658430735162927594693332643345086429624663
94030833997672890593790966191530616473898455330371661632459868664056868982
129160645238198463916450936915326221629
16
3
380602621516958141937299865142923400325466163220576129846577277148669326660
275696081042500870932122164481705618553508084209029108082082447333950309360
347408677889531815694332862748241526063173377357849101847944934394506800095
282459846227924210835920044
11
4
86923568373790065400661752987522809508120162435602830070853725924515918128
210767529538639698240513957530733343738324080827209925311911927169005663026
131197703789286693682640832405113970073127762380405095222059000889101611639
202024096478559957209547440945347303104784882167633700300838116884126070374
72283698176545650228050075097489962813
16
3
151133411542012617030299434700263470602371782308643412792602078791340728736
256630772768142476746462571368169985180439680631490168459757594469682166543
345394887707609669538593587760665029638123688964308179094702989277790007188
61947882237113784651038138091
12
4
152566078117897542910914206541201733548287045737347765534481228591272180049
97538345477076355727949342321781886068961764052365388581010259299360261200
180910663718599149247649537220284884861708961439679855895023048887894169716
118747222019010951012963170566289786984024255393265274381076767688516119381
161186729646218403446217761002269849458
16
3
156316772158317684617126919844001283443849982398017067698387275064931909089
444470315953744938172766155897340563499401656273740927123666516715414030005
162833616848058218358743413707973849920827125148281774196585406431587160828
4319171563535040403038040700862
13
4
154215488903947897708371110512421993997044865232318700055520309003519749425
207254414070198549415470302457329003535640198943948914155305783528285876555
94176979955584130208867135337691225538443993921221367801771945302036669812
129823209564930804796435755096112804008829324044476309911576460287158602808
447783646514068877738410029669185656794191969597
20
3
6891717518106566004886430049006732424015262190026511082042009096454786039
182729884205766271573558730652366446061844123854174745598510303632626937036
367520155172924171863553073124405043486050634457229806085858952780464975834
4431246911989950389032091748612073
14
4
115144457554300078868556667084192515794835826619735778722110343920544340290
90926472468955906765068784099641680103016933182483692687133500341716798069
115412821610690929351419856601898866762207274064924866442840971869028889196
141970470283095449896228780728027509236683996622612708461356076096097169249
287912331214028903358362450587767615462872673085
20
3
146112416867779862591161922701854661713291416481189524359991915071676695338
439693878493354411016553987443841028534250503495363206264530222883314614971
130301787612189755381105031188059211318703898117513804918070308616563514623
79205286879512260205551065650826865
15
4
150970804890121865067738716948864655671931383737369481777678763803335159349
126222027953468855276333151533731773262699341721201937476737727867896550968
143413662530319775743728937583335323604960674322465540188756111499653839442
203894227098658809308664918585286249415912758962947157445640410637213661743
389287853751484804464080783522046962594704995704
20
3
86953632996528211007203076379823084768776898520376585596966042370325268062
157621965521685129168900977584667808543013003437781414820775852013974676245
249755886815157490753616196952074327122005867412587837274984723965849429805
302432491968966633015505968672907422213
16
4
136629620591446790890636800971716970943483310668461347280801732184766966648
83381272667451096242896935372893735837391617363337437312551085021562416946
156071814339305108224754806298618268929159210023232162140285398663637258609
155822646511206589828830132068363200998967025541146680414444108156727419764
1280050725904104763309107214624321779298329350977528872253
24
3
410709515701274584511846045581246068698879834244941336729069930576453339882
254994170383526623818300694365681149003152652710081067497120447109938337997
408962408476156667090482449532339173902508037465661435902134897539762044053
39575229704058865872220333428543228835325
17
4
95908859355773590249240853109759990743953558722375335161430495283793720372
178999930699034096623798112224022621475079793069229491579409905085723469881
205667894480654169615063721568999226681160881471248213915909828621766456678
189648296703565964807556158414134564707145497036034775180697552594507823446
2458619840220477830326736945481729554201925473344829141053
24
3
224673723187819560339360166587681232350103775542673221984932083655780621489
370990936479854001873464004847965081541034540791194109879935234188418616992
377955289824342294502725992924135231254398864807615150536704663440447699106
20901948364804701259078352233917318461486330
18
4
181056408679054079896757901581745161909443407485995445275035424613177322098
87047043350262289727316353150866407260848167713744911143475246066895175985
148927295793514265457889344578828214974637370641188936474808278394237634613
207440780366663295580831645345860462697951911437292648970421066293392599401
1353124087634111951023009485074418344131926075433352188982
24
3
79871504215471649186489593207909569834573368686854372405441061267930587039
80333809497490469788152720505673244937458876538199037066711311582498491954
80464055814698140980325549606846637957141772521527203384951839899548934754
4664266618110692821063640417231704631084802677
19
4
134862372819639955527082979755486468980249117875763917723548236135086253388
152725034998469711303872503052328560867888732920872305686975113184779786068
177515727598408753913064625100013651187563347635639113044509058642073244229
189766274066119195110224729334570516754081359931933342389468857916172225129
5089293999759734377103022588579704534954530767450087629452215401789
28
3
440815611539837253135612094232472718674030192170187062068575717736189603582
425478007606109505939770325968032303152529148805013358233810872904523838440
173675530426619555961878510109187425990476741181806417560895401879827302542
1081757275626225796389918705304735825179324912018
20
4
76583191015117310306629780699297786663897083347605618754571516085433623665
189531937488933014554402551934785723396969423557180827425094458032973245538
194927998908890301651216230948989583433091765714395958008082373754827596373
129823963059557148649305615686282141443651954838572202439911471087889901903
12463240253325215780888774119151212435620577926146139657523233966397
28
3
178286656120504959560215104435479550908046946971631541204000837626611894056
197427360226162947865961800629211293633022778371693925336053694022242382226
376743292265309003836367663598799759431585382465996713542838185205543083869
200541309781284154512354540541775120527914044529918
21
4
159564261031952647381292404847308484341518326342398902475947953985801042283
179074042629369216181678263491906527366587728667085833332080879494867072112
115591862626806399268996180433210708424889240145616071136445258167392293746
214170363993540321178693609616497160659824989143545380855937574933941991780
11092507368771619023214304667729443120498952123130332873667486841387
28
3
323959091353342031947573416559572238170378913169282760414013945546096215552
331360513178074394080693239840220353349937401223297752821789887012852809152
313739463725431377163593338948918651782720883300135424491051004992743620907
3157482760547749626783191361781482838726203613093751
22
5
205295496868253352395965373143317294765595893575529026630670104168416822119
205295688854101992316403651895097748314413533992353844141087343945365800757
200242291154503291660869992760056794060878424559037932633987261803613607985
134959941691329692249608129728020713876342640551941440803704524098950743410
118877470883990259974705738204968099299740780822905156897465282311722661693
61
1
3
396254296330920061422302072049980086940613875435088996306690232697419455359
249343828339008035935331238351444186829359472348429795163803993722726858149
293896829481296846149728602480668762817973999099288022110732917769447662151
10202080494173314366227732018299806042619609146250483263
23
5
92354624277141108939331559194622302202862584498939674906328793447572467304
172220793651419404432066746026882102349807391350929495858477559671112102504
95971403900388840658434410456625096022123698478910413499996063775652274795
145477012796273900860802619121916099675319437011731448826054132606723377736
172152423028365827841793502595364965307082787224073104346250430286704765496
61
1
3
166178655510433419583236425002374422749191572694382621677088055257260944935
73155452702244298908056233455926527476388719950104470126332048542210656574
155943430973235848460870604733835523608698061376569141691461919685702486133
271170873998911521383374665207545382460522567626786059016
24
5
156194803820397056345339663844784020042124706972704802158343054523545237857
210960867416635798174736335372143144196206030564802809081716475499518520624
179281230239476532761814400016441286021509181859673866183914282029998760514
145435792287218857849449161452301698169602528731353927606432489271322437681
119201582519959409846033201192941512214584131975259692360265280578329851725
73
1
3
364818339567185220663051742887340048150164448751981081154916022284571069999
220641764322046115451580765054699209691694521671467431941542862753909297072
290404882772146768099330097947829792348648991353130226889968852200123946551
570774416854993645671122101873536918110430293328745477067936
25
5
216317616842140466617016658877039070477397983413307337926765163279219384947
96013411072637295954149838752912222976316539071804467883554222936532677419
122625516598511650408612882994555035188726667433757138099053148735108961091
140142851685488341898208653838289166258096671320922517550854345757572225331
154524579626071669664807820466709759101679449145060312296360271438908249456
366938766653
5
3
204947568520293534713184842090078389121905382032538105449337629228095054259
346213398162750819428187582773368089233076134454347412995500124180642971752
168639546644876039700548499533806175261305826402796833995031151929604819132
275543447838578283186711187297364657611850090475063597984979096
26
5
175243758850739214125343328691457062924238453069343914824921317318829634680
212603617313774823992461500324346768183359506145838274498854210895231084922
147334205276010746102269168982825521286088794892385408105535391225996592963
184567805541031697584251311824659790238519053702704290916461321054574569784
200008548437521107759106631741286228300797671854300412830228042989197086776
301843769149
5
3
63115561472384281828835244759959697612898451305641633616589173203627804925
121593435197590805087857546160327474400365125289941827912249713917174564281
415005527510566703369186592100374985637842913835364139263546416554562215482
23590205092044565637640745060856923263926570454758918887776074545
27
5
129362300203087574344444896907876249841815252430464271420099890380343173712
154298250459552951513394727916278017733655142378409171318728035548938055768
98013891993164472700157322002205991446129258622553129181170817724278926135
145637017420194921590353487511039562039636514281148351035876717187583718454
140177250696182454091100980738817764998512275148652291200308548958251528277
443193914232
5
3
403320690466695777893934716590842167739200191771393326387877582336683786925
244751833283928754914228410283729077770274850196025975710387572798468941876
421234897017125934029331228466684144502279783314711078326982694556978999286
25700039588195169720296897918687862346309678856554164695726858032625
28
5
94121439299426952207594891411228130478612972774475033297701226761203767670
173981390637759148506439634450819665587808036780981833307387561628002306138
89097375014000986766442193199179636772816140780507068853995020432320132712
189545550139365055949312957511324021776664779634662664125338178352986926898
101161816957983186682640123316692198129542644481450874925871055220533454968
1889742829712386899261
9
3
241879801563515748835820264742593707875007507568618218841494184879717033624
154141383114450556856062633427915894194526592041732550603236018739273639615
314889244344113979141752279863824632720725751715529813477224611197796272174
5664532101782874975714395689763623454091913679372370996256621856130505
29
5
186066591351010343052207454685379582541157576836942899689178981281971189323
198234228412490633486486361307395825810935501193564249918092401903827376203
136623018145933265673619159434382125724062865817998749216672154910306167418
189793748357967388392302624252050570559125088989296092690460142965512562549
85529634795421654778874056974039313560418018510436963172813136048306080049
1536863299696765135677
9
3
37559567700924792674046054499388827233346708174922312291188296277905441767
380265350975639618671927178323768049047670154293914318338959129628078489487
102055799122138461215927819917443518438855969793455874723886863357754426101
1258630235706156630003166459282569254730635473177001687666380509320169575
30
5
124267918893042790679942996119909688207696654204099828873831903455167534185
157623978496506017247304131791951567167923967064533795267458413651269665388
88945806592103547930395322868366246913622394202011467016070809692517910897
115350887463841045454224488665937393776951590779720234508260316225236651057
205700954775918306917856382258768584007692497601598344870843088663523242578
2199088086263632455790
9
4
42708711099518315089244715096165716888322465876867647161180866170326129081
104635942150861716250974207788441007812534206582532324436736195297520959998
385755237896196359035095368324650944235197859098400961163534942875493688252
288082940523095478198735110747327662013751913638296379901567471513405770756
0
0
5
125911777083562081043019401602012701480863605320284635620059142570407381827
207191947034150245876347282228536816422840576962938168748207692091528598122
193161396090950458790445555586818294551913688172803910039890362283718767219
119180662447586763389016357080567070021560182146178069685665415347463212856
196944603351995866441584903250531821897184356884373386856827202232216872569
7152593147113389739892784839997
13
4
163778115169650694117364723366470994094014259534916911792196043780279140061
148367288269115034222116167815306644035361945471646541194659765866499649225
241492939961085899814737910008722779894753249963361367232300036871813764298
311050686111738947666405071773855574771105407263255563073730603845786295534
44
1
5
156009028409419751064746594846516053905491729627875582811841383234878329205
214136423952746657675329755858640262034048458263734564246467513351951833700
149252103957517723126523757495001722834484063877165707473035535687488723530
101174810199283404714753314942122886621481573162472919273828227854984303691
203639272771446479164661978693671649449434681282695328959613197386284624688
5167218956575935401035546851133
13
4
196567502550897794522528693788769771179891622888692141445337013170549321556
419419752058768494166134275807723657399081452275015115680051818256127036874
391141051436641800412154109228219725643557207908482386896308439580352836857
109634512549693393976229003584173655651825875416819805461839969819072173028
25223
2
5
173484138528093325450053663646510230199703696614783644859231545284854499949
173483656723976592550264652171401585587479935889425361333843445248304896582
115536722138104932068442052565415978927621388876558535878956621291913495393
184243284044034148449988450284352528864959207431146411559991652200409879605
142059947060783802179221035919547493375469100031288260160246525455097350498
5900786614730629104448783731528
13
4
228139052507970189958422977438234100598052561903068418817049052157855131638
196965559951831042872171924337583408694910262461491778497376891557112931278
247865239941930661077145489280102867361414160362516249827037483791901980230
121869082838480002933757598419374694263794555921265745376602030441260489545
12897689
3
5
182552734800289433345020369925724222049661306746438785060866273898651542118
182774915706238124313534024330957487352449660008873048499211317291877692722
97647881121964600201760133828949798794203627832352265598008280416333804617
159549810697633010898262255374403044178037356999229981515578962184108399175
145436543067577274342685844922803311695252485529834160986799575044256589421
22563907061142987885666697092015523446077
17
