1
528
435529700790816616262329173177715106774046487786107305110465801178638758679
161648648767520622234852690843876646593479337887291546036449245937865246235
237900811815254039041117519363037182725707248893406998319903889785515342892
94672390872159588270795153960258069533233497977840869499742317428779270160
194753819298785283656188769720414842697451934359996747456732158730097573342
297772045236193790482564385182056897457141970648701644987648017021867946012
123535940424050165789827952436939138374962153275912174272820226913278323364
267433772913635629794142014304464620943098723651199576701572534548185132411
299241092120224801972927160124978490544192682439315357462805232757326599301
384507394362400746611665729385098251680942529926820998377046028083285872464
251251118094854809964542477192797866789784940362467458212746608547641757403
390004114083639559163888419265250530227298288580984465157966808272508419061
436374782168522405934406540349051674062011584394212089734451499764319183772
71896341402378399008157525067961414294834618479155299405223861085013678868
441436591965610085640459930592545721663338560699706757178398335535621472464
433209822527671062716212355637505705707745230843051710608613811182088530304
304709386479378398943380974483696850579548887864207673918399496685992414761
437197682986339932865956688179475690317217821990290400034124439743787014640
229073735356007409427329122301314491227313342274833272289136814752040305563
34345048066298684261261483981614731071885449956837927578220437924908128660
383086566182860862287096858354217325708136493846328846459225209303295397772
198672014912946630588371152704962722474991818991752842716624907464952457095
219312482802091258054945994333685189790867188776793926568041993964435508987
222116381536056089893660313070517652908007318744263089268674647223979489579
254498029216023887145353179527004002151791556144696266911052097134614804152
214453931567508933699822214162897159535869693215546509472866900519549509977
386828697908064566169358024569019469648721008067604260529374836817262268317
97329446279118384925751103206925139197685146488633426523749472587762328659
263630926532271045952736706322809034011019195844331347783732271823293982176
332881945199737134300465787043458196217649925362749094488306210746895273422
206566741731613829551950534691972932642639136461729625353755691518250473600
346273797290857336237501166375638916067628822993022354908607770882540612021
374374983423841405623351062295068785234542910491295513009770811485886960656
142662644675047575354952269968888379829708067991841656694125688676798581514
177858069878021889705242744227005264358778711475124018467576646350335677164
336701165942647199975286089345770366734002061392452030090595341496211356479
155683533218653925295512707391794388793102378130629797021956598521658253803
53493351415860498576463375203102743505337378196389412729738829189166474991
314557465476805092349557410100074046248678274184706945967749483471687883448
412176318547826653609186150665662664525525573820955632552005709270138788732
289614519023392113405032650914185982352461487260348747852254117083893677842
95308419259523856977564731009645653446047741238520912095352644325041575980
443456989346893067127152002167651875758619338646345309238357366210991892263
97024709540146707320202862609044190651641392337556165409138456285674893786
210844096381315503404928227167897484195515330279868990514100916470398647699
86652012068134930372212405971366085466044360060195848475742710479884887326
71587641613298416316691316503644748458162781079398946925469007665018039387
170208231566646476882307026274484052358135687159252441490489580240731306369
80335522306257198662399287074430918181430402857289671885866465919256229249
284405743038195114736823489414501714829128120383052534041544058047133314445
53418600124293853156845877799226308354573410967327550839078423163984268026
11534161104163888256946046500071114430817952814134826588278623577996686709
170959108208809107165139951889046887064761207840679094479624715250647833626
317157586488860309754783179206128366558312113930201959115200333032283527105
290555200566709043905225287553666115025386843107559333292214685587648859933
6609353654996550632265307471839371358793379065507312160808476517619609254
63349267626883094340964068412277556148621877076760744177549559333073789686
352473342422462562120517080537174279256570657272788879097842598430022580415
439998833254676234489383115495383001629308381930668231173007284683373584013
175657180004157096568521669668712515417308540331342992196825116632546518269
128163359266521800745060447320173093658650314554605974458651947638176042769
229122361442784430054509984452050129110849597150427193856053749696874936394
19438938969888647675817477167937907199295776508473027780954277921562905521
17244125474773836364066807099701397179837417382699124307073174284162079707
24776312424579414966723212737976054999306395026418805853829632228382564701
306085793834364927027807931281395265191344771083263770793097830646400494834
290469773452266571870124133545605000810874241460127469153455894923470939763
327445004633923782581751279855924764060491678577899011367706048796483688259
429358817545453468118614819819891669732720896337290962133644586258070997331
91768088043953792541161367574905259283093791950572650949488998900611663326
412181084870151066903740268627918100823098435479089607630716939176784903716
320774109808379401545222080517889561987480679037449137411993026352172486375
13616826529104211579293380000210591375081607482364500618279129021931107752
51281448451594161616342082003563021921920641594187707176264466050431652539
316973563553160354077651895332005620247799642861591745848847300150366245108
113894551687483030059825079777385989606118643089030878062202192422541444277
400141697587639568653693380142013527101611749845174473469670066245197360178
149618703859843774122054743690446203501629671644624447912937571021852462488
379561922123341837230198818722538273417068780538119222745468723895443578140
56559151745964900322928303551271823497601606412887366330417086382091198674
303957396875407228239076432069721651179228736740641563314331539142798612299
60609091779982534060697888876075061075815655946234795648789227347990225238
321336226845039499049268225680410761987233358651743706557231937725806771899
436494514934430743885975835087579422136442124651751051322504928932928319948
75695849629958957375058936336748996000200572109221917033058054140527882237
72934615940279187533779771308356739943570133863987162945416701067166028094
449462384776937340036570494252125016647510212609110416840880756962321737423
108963632941861711483843571483802407458122514088149089371700159944768055419
175265446724388725839911142722067252642163571183425965674145645965873095549
36750861211100913204209163444091620072111971082147279814998941266255931048
312049719540535281219889496854244569240902610895625006394577567449995823706
432622057813462612086208483329961059388942186165533685133049914000987895473
77636618564036533374384222741373477523987923252545898020943978057703842202
436385973952857629565878241931246866903596764711927172715477700218059009148
35825563701656130730763945473264619672065500193963803026500794862426169816
29338896204123149856024000980294994886798850993100418259061435452847782171
104839571462929312703753553404950022818380782679609434761681309001199894733
157490899288384856722573561255326124088213036581437595701640532950488759246
138987754576727024120225550703735055207031161568375306038633766950236993337
307940496728453412869036375943122633917898786093555086695080197810811630673
231540243990561776567440464422749070069599388896522461279857623558551648271
175290597370231562276932115843748153143262837469102129382014384295717944188
256459207515787664831955828524151973397766505334607719832333500946694845554
301407643573630640690422978734429015924744248745689273051480483264456552181
289620097864455759531847415587083004762352623399983338054309403646971429346
81878282874754441405726218367680659639367072406438827570376565830834919236
16085925069121537137362621044370728370341679677750621964194729077613019429
12322069485872921439271125361746234574166228205025831708027775028603653408
99737806250286826953206236712960192822169709335364594846363503368446170152
137371650348128747777645167533392259601856210995199420317616791277625588389
205454658582274631506459336133367414558719227505012313889203552361317848611
160542068404602276682202619295083631486431138556787011194400734683965942824
421620182210406653568628414475482448397933596402705060684418009092510598866
420476420650011639828842676071276231661117429396767804644355556056690142192
267198528701890929804782762492495652985213132102673531473969388684188836838
155567742563298606744908894734897402019768540517333819197581419535638083659
448117829256382602563265339044480303357437948798522929894327084985194642083
9158954088423995009140711245263724172451242919274191557612601063205473244
79263125672936941900552905326875418568503823724339268004763176849434716788
190134420399258454355458969088999644580099527289622027748128044291533139453
84176437511808273211075649145659553861274307864388124299870395619690078351
250928660415061259184519632484322103977077488825671198994081405266714028531
394671958681617959728313208904183929658063641969553218614397024087486236153
41609726523552778980517340763186202843217514876035985019616766041097609354
416529470498893499369589799974013796142460384967316542686891420634122512013
194964788002894353969037984762624356564835364619317355255408835507754247784
144793912307461324437135782998169010639669800888401547929379006145984779252
216287352332897876802364236385517756235546232972302212845551202848927851526
278647941679462557632303500994098658050691990506279734075511604648292964006
252009196224954089436466172422585236117704334703204193255949364975148352750
258215271478064914779244263922097530788048332523854842120887724409684444733
184845578132307238448252357976730239213287421685823638725026252887042070499
177364809034775631497948457613941577977524689798383955383339275210554457842
332703166713040055594834954485782672123916218089296199054472924819096005784
23050750551775103336147360602021678254698360099835304827507843107181784938
402521574812002619924688820613044450713850232811582516638961756618468167165
120403053026316100036166580886518439618444646751360192907575368904447344824
115244801597058116149836703581385980907769642051445445445781233073787744749
179325633775666099726152603292461500058539426361907000987884841741973086109
368787806232605862999523860032950695397527755995460050597131905910724965073
150201217278240122195105566966960731562150004235470733404419082030224417529
335786951073920599826485534697124011148076577573708416144655130048546894211
89032075049561206968916903687728071221943878816395535286204687978665137279
142210070713904864646459780710155837614888330819585283939613538422380343176
389742456487942172944648001571588054011698996841572450415952796399711360352
243232464738584307258116761527429709751719859994583592447473658177815008388
203926640667170818930537260102873447097861325500829094085753934607507618270
192692356112670593872917020062110918636185151451764853659732443393710166820
96222459389474244266631384611783456311292644846498936861107361680323527433
397227900713076555364056309287578990595672680813676118617504923891955805981
310492521946547954809648588142871312247384773078610974754261686295077103175
329947097197315376941446357519469876845909166267218854767635699076029180037
451124681505289704268699303973509269128532500179130355465168245369916734565
435995014865704690992559624269905578847164313166398821750647164139794907711
235077760588273059508696259200699244990975547598117182071197297522030917819
20425145663273443557580787903495478480266132376245279470346853804170445067
27517536809214032182311121354488031401033738655699856975362459817062209631
16321903664990579369619331814936423682233880871150310059190185809825013660
274957631747017514626601798576564659107761487365487306467169872524672244056
336053943559993029396471351642149233579171445507163969083331149782107579242
307318309879150296012782474335582213718892340138952598158928444402421076546
441996540769725517780513587668852771977166661294544424943292973394784943703
323216008466095212613140988991418270323240626505476751663609216483767528015
380502119800348797727773322925755568064546780432817385137429005901537033942
406735305415366928352152527166074330080858535034717317841307804400025349503
447343607407325123716131778822505836808379070402891144465276882831918847050
197825829287909136942912056269097023939255022068110026760066947332265642940
271032138768377868460350907157219111823465370553163258235202666886425915977
186850920550542021715919733944947019955847048566271259188362381209147343147
311942332798449732206591928779254466485727998789446516908458389912977821781
4518257733668964501789507970679377968148401631744274065238187794058489643
246339525319344892161139789998036684111492826016950534655863405584799747375
386206146324056898047176340530415302730344057859400516546291383201664056539
188468024167244446331680976500890863344061853411258096679180313841165767757
430994714601883484218839473828326546646394995757852918339490454437341376100
379795950440669873865267960346830935513709840635719941339922823240038469191
289626701326499021323712647543268561254951497579785901953168077472190566801
41345614286274233268843152130243066440343228707891117735405573957696018299
208591235856942872345491182107156453993396593911659070367507506630701735815
288893307693625540767550495303366777773372373044218565176410670505978324707
138329543200026399444575469766350100575771370083098639306659959034160369462
17243616401656392244386351178114189659165261816078579804235996433226670256
443906903852313037607317667503353862613729568553672522372973830979018255773
115600091203140629946884143280540810111843898777972335335404620355751107347
8810031396840209293683175114930283003560171728238056961369695891007112209
126874677778838671244697297529327358690328067864003443367049285095081221867
47545121931926897628387119121850683140219605604130824189771213417012579392
84667292829466085828374610166319826028486795284112625642596674728381182098
379585016691066835848166775528421035182763861485350529589643995500680420716
283122422604253369848012579705832021394481394810364615344586099471202941851
223286506231403585690958655476832048023315986105492357382954321707101022162
421259336727923966250152008829693360568686381764113966184947303519671964086
337790109253234433999478153031690193235767993722218382577695816170526954039
54075661370123808489470369808507623140027698880235786249579887672274290581
145320166651901025900403376595652558242345597340675883131458369740455051426
11741688805506777208428762416755405088796840698035981340819011277397942460
288155168411788497751874503503636806399251703509185606819075754852971899061
70367376800242259663953968023713891153508616045497512579396180720270957911
415394803067177292817092166034387978681922048067736493230168251361600243747
176936131677809398723077256809562383025067154870292999953765434827231897009
293967431714676849549094192376280757444844313487078776889520497056529583574
87342052755221134457086800253691012226849669594568970563282522864660113170
203833504942624945085304597613228631715885478706369057909889843287646368864
10875413626947603219322583927916093095098881364068482324163049411237320714
88649137596776684968851126690510077081414642703038696283250085106768438871
355685402418529393187475179266399226813568868951411165535668707706575198654
178017789254233759151453173047991534311944677923627045933000997761145787235
163570644606613364849897018717476313308926854532919358880092506706937468878
174105319248618861442533915411025618024046316523816159264672503320016321460
278088398852091707940975215057951170880244141879545166424578045983129756806
310953414911756497973704091239852164670627443327062225045329721324605697073
339519817125978409354749412769601709097042191555890495854508077021261334660
56018732960257963375018119916443740469179210357335558947994932975702572555
375685168372613243173100378991591864450340657256118155357231158251773944962
412338706796678315014343487200800883599015858073763384637256757867175679987
312890718712942987359150856828537795103805690035537871711602951760493759357
119654702741654736593756832785462520570631269772034290027594982733249799405
156872884610850985244383001295191123167769120400185911560155944167490225511
267880395839627314394597035924519858336953792263445746604625021097271358510
7602913483066164334632795651352089973393398174235313875195359319706997304
207321323139630610747890825599130884294440401810566323064390184103611181711
159325091677811861924506318483759562635092996367993933849202391857112899869
97435825770651280250011339353223094935179745075403871765692171517216046988
19926097929579144689494189929508294710438115320303735203972341359378230675
139073743213200219501476040951190288229795510980200068003222439472423252608
77821126463541276774098924842656802653311712029242439201730872175431266863
70359404449579907603060980519246679413204438290061998302452593974962227886
157960652228165992410459669844507672110531148446057021102213983091481913420
82701171306368389555026330454467408978648865705360006155244424085062786107
275128147116741754204406028381814519764443331903485530587743056681526875543
280750144164569471291299274952140107635597956457761780334380402886640754716
20448305898502741527174546938601419434763842595784396273169361074553413119
340156761718011670754531715002946942589786236107947313340862964795958914671
427267526447105687536725304771836764150071826316933785701554695797181779295
196159397526295149120048237094062063065842143307331645279669794827432049728
98477390211750035440259928717601970686652277023301496572101123681732244621
205820744234557415581582361483966208535971254954516272690047804494316941010
237890651379796226341163119594703610568726244323888675856289907027801893359
94976062351612736154022588841793149901615915716873837337179478317730134545
236279703826185608880692658202469630099668731118502420110884555249817514561
410135410451871878814696034191330874405817250971961041822524720897017982925
165613606883387745717116286097156909532713310986846438047969034631989787572
379422858636781498891658392050513853458725837447195481313747862644512283102
392443063537157838975125012978182370902535260099250707195467220590460130320
267221944775431659825864843031800133784929032496631433921465091346273782308
369791366132093840187147780475572115902560960110118943556224373842438629004
159567112104205107868947082234120739296637306560986834776380699237453143575
245777917496593771428958733292036586691747260994204734204664819657820630418
396921990952863398460962978952866725036349553111943916089185648761574935517
348023271854007939628505508356024464294126295223061747749342608690813323715
127657303199653418321347775705648443516340582571257608737417930579456109048
58681985353856337899710675151349122302017755490781810991036764854028878712
231215346263821008681672898511831101757532432853258338788412124056015820177
415213575934783543400050610686958634988624993849103948374893824686299541082
380209976831276725669933959180698444554610038704194431977080485551794778053
267242303841409981885469491435066242523656705340659293400812308944594637986
407500390994484808182196631963706854013368294730235349009673328917552346767
449785324154717869448166893370936299448628816932886450165470144690607472624
303071158701121012457086394677578111184917911200960603623215703452789852658
281706145749413507011553110037262930757246516734294072530029135562595397156
17922829477392045354756231240475562165881765173247980829887023256882928790
235322090692114548982693589436810803301442281295882756777286516052637413371
14664967013431357946251076034194830823971540948451981683933581154403147213
83599231355879327398109404959815789776708090225902908262477585413320736582
162816600710137487906549956073804671470822334133918293928389850891673154217
282223859995658499954676169401938555805074898885121565133915186155072745399
92430471118370096520896890962431557635898870128034489745456134134655640441
91914918757749103410966764173929625912920778793409823144485975577485696104
323824145861157326058619192453197817641823971712768141422698365034324366461
359014099773807999660719171308042179655558217359983562060435725255083839826
247599024905515885647903749580258124197474597258978237849918849295250420384
227856670617271393852809185574995780461172175143746502291982066649983815568
356981260939832600530846278273524074883379501424278078824411783584691720188
385611065885648310029545021348039504267903386053396498715632720803413697140
415369566839573731532571306134795588493548982425775087578626077504100851237
161038486008721568768476070593203746353408547402827333003179442709374206540
220285876294583031442046395943608158586500310233454144306415954829586726303
360972041341933403721255701822558785870516526739244344549356940345412693843
71720885096576946607090948634828940234356201025555157228030588925918707328
173126525598385319647341584169571698536240734059507175284075232656280283972
159064443983668941091257675918933093819331616161902422032736857055424641420
18609500227574456859821512861277253664645707567259526676697833574042365766
247439092461578629015986824006093737683081422369118447078330510290595361162
295395866268791418036950392684669006275577159854450408655814364639798218636
195114126280726982774940115964375043331903010392437791479876488860900010635
216303502745204684284968850562407575307621121498115795147316322279001773160
85612438004055879760520849968445396411958802148048731558995542684159398999
2411852646906176621697918334313742928407917631287947952921910733072671553
169610131104901840858464549989409804693909038739825108517495618692681877105
221513707036749169193542074722839659570921903108608730297813299061017603818
17029948254815772494107560631135452701757948723005836850839755349206919050
429816187968581467668200981576275301309624727933429770055334656810063629079
194777988390121888740353414526384521528321278608674295039995600608613409302
350238075537331797362870356078583261253275606114899519532455229842427110014
214351783618516349253035655867191684080321167950269858609439178460125104211
145347272045010018478551376183406160353005753122359997679178960117033423982
221430322937365607068029961751864278585976569237570613740439982287178960144
344741780949332635203970772887040380570926750064538167038595782581695463106
38126206831721177369518617427835944528308426679520335445155121857168294019
83093185275570930942546990150341759591456870895440759253122904273497913463
208670398600726350100970121202287283469710690353249509442157160600541227511
411613742540676718368706879164193769080517616911463757460339723564721973922
440777689108600685329796573870675894356865032082486323976025228176541643809
40256606279456491576528629276174126683285141005943180643531553266766101657
131191115919664059726391404592210208722307232802625175345158994585047690619
293327578249428059300998023751142267881324702305722139331565317399568356248
361246436098603523707865968830939370803998664119751162039141967398046988658
77787028229598680929196082154238682564933135416664085281471126529019481781
427012025117047570238724643229123192853056786190661174905469761388678183744
397277077521015117011674722849571283870876607771546737240713295730399765694
84162562830238284760947382496764514762730835237294745174596095860083252629
165755288723216673280729293956976740544280758811532115453087481456150057927
4752396292624566385240154656737296081357454070870309130391583264464619602
233058986844792253671245737998452050836770142357908188543254868966377757246
174557775819238019150766923086514339773431753337994855815327222526815802118
89706154408446525496032699896984302297114399502971462012205480506929088674
377481394615520541914077854843702690258829118832541283726346889031145655782
131528322370713829936681317276596299273736997561361037998966312447579887523
124422117674367692925294999322499171510268896469025677903174672489363437231
229465573116871275400404459402030822424102699228321790610434132662408034933
213308686276757221396720063065011805478900647176884369607381732015156844122
432018574939293760454348461907296367494578181744913410548298795119357129164
303931277436744388032350904565689176419516664840217431607179471848638957227
176443734569257122916583953615616519236498097541402166275019884380437578617
231762841466758040837689347310104403712270344613044299492900086449162458403
71413525208304062547709648567745908005249545127015325219288559555999653517
450198127342690730530269664518314185519500297517809051381216670301964872000
378302082706117158815824721801323462076167271553004578938938792368738605460
165184345952721964495439286854275482634789405183498457117352172526494509490
394406450423502386595795084428574780995174971590117487843398968751023096994
95736640657724397998339342109000034583731026793821522421084352982156595515
64031112148138156952449324080910393335846545429466782152716409619610467634
22706138665323092938094716612347457155542520586943271025551125068625820833
23167827077286052249379003798178227167322340768952047803119737976526904115
371607906188525982522900970415566238959135236585891641175580413347176917956
214166174321259166035118461267184047620440219232310998816332823669086212337
422629749066620649983491880714701079678341733671822351122330815095773521908
319820738191759997806226176516258620355974985614077138577535145416789457644
193588387738901128204901511698278068178307963826920163078733411679917886466
84116693952633069467869469822135210261433116262030381414848186290327382047
415312284386162186094506071892862571180176647309196744565559760548609750151
363646641683971915555873154509959772848837731979184685947927641464220643554
30455793638262193223448261352195917647441232685634728923660407939617090323
313825903468630283883587279604528108987589420247324750438522130205176061981
450452998897579083466064311196855707828403949967112626625457645522939959890
176600370955143391948593681766792932703187117417988717642210455115547682236
410877952567247002368632187008884123941641008604930235897577807884258960949
273470361781067448188414014148585641223597154205952717431418021475359179047
366114078122023033231663783966001941688917679677375637579161873581116886583
151818492698432723076338472832077131203122749678792790471127587899234959101
63268871451038011047296736611377674846574718651739063212939718465055785132
256207616400962147338770656790295063603655345209715863023148765001514019610
60106599343889105991485806417794936272954331954152884851675101860500650864
396621128830426479673558921086485262275153219240868582124361084078672943668
441095486120992517366259567494234171952953178514280237579504449364565511725
202487260487662842952443595376965999195858916224072581194503269530824934448
171101402298575661535101814389045370677878482337120476997958929661572545006
254845842785725474838628693114698378211328499399210317417260476711868925
337728437130916314947695465365042054841882444784219269359204211062577521867
159333075019053187862374461352671063912241184732296044134872891599435734204
334459246292960915807472279244192839713403821084617256018671763517183024901
229162933898155560368624080615043682203325110058583743364867404238680819760
110199939010368522219226126542866793167156985259203098301349992471964297592
24503838507903101875615189031307271382502050847332183463210850614325080036
369671509810613416913137140730827538370470310403506786579240271687361321471
48029574484306755464647267644573071868135738649309684065116305767211511671
1543792914577802113585087494479920511568169575632132885521943353467088514
346054115995145789010724881632088587885962376475826266092260756025366858600
130714820056264353908923033616556200676215007154655781232189122176158495050
42129192027266954992077441967530110941845546017423150157368431002060970272
271764079753835408273882310782472681127738687012708244272358458912243449201
73115172663667875505737950715857549566280747982395977929682278372524758147
50202130598838645167877819120687695234560750883415715759015263547535563110
394850661023982695996909242960332916120074675910600821462510265115330314127
315635957510258169234416474359357071184386199751991700880982572047135606232
162825511188939950276887024262600850161209778680769094316487630774230831853
26920339484785526079435818202209546002482804769448748450191338104435552013
36391739181094109093076014037112649069191891434823557936318585653687399741
306723066051131343387457028348599447901803306309697040448869878716074748994
93741780212330889178188577545568719644772010940221902767297526462646345281
57329016352114716476235563547965453931655778351464847127227900249049022669
23973101841209212252663948602911347318398241575347460584526452339507089804
309211009743070348736519996926301712053733730753664547529709665905454087555
98595726379907368546847359750507997144828130342956583004459902199265153283
179565114380506072173093956576128845870863234336696199233987696771059950947
212383019582755452328878829953799201773262103921290551474814893449757973880
393627613422977237210043496145163816147654064217397794409397646337610091533
301249595605938416351723886013143513186953665022776377523532719795845775205
242783029844537947569502213321233326917929552280361611351756339025011454215
405812470947825362999710270020654253231628381942038748583207359741417940386
78068940497913033107106968110540976083531358608352978384872732530930884819
390710792978166653899487214733576433203356640808921716555968094705124542655
247115442599974707741090865622185416784508817305348633232839752867748991584
216701094267605190786724052601200843219024947355617793774004954065641809456
15938092838973779891701819243099344050095209397768027858899824002257025966
194582329172035681762843136920092079657173239110211851802120744309376313227
38328654384687547589400920166283148565654413153929642157022507324262068470
433264061129234005765025112882402583359909121245216376774188143969087202532
82362248427527885851354055021155581636931844385075802011288516739458951014
1239864314781955682754789328987175532362636584605511155014776396619900463
125217330209567533289348935511739222154385232406241311406822023496390597708
12509874632400102325277455191198929968615313004672184939087840599893514224
102242552169605311923684343171347183313332781235043704895045189671564473472
430687396627191765277051220677297350460736974151049727398696891494711737842
281967837109149833489562731904246079256953077063855780392922466827503690034
398412464261305220434671290821563395237199307673878159390980705423148116479
60591239644809218790194689129228422917798175398706464425181885849350208613
376949918432569977336740016112574749295812691081238530751790162761205920138
407515201252143684406208153478843062802142397140446933746527348812554761945
345095437962754419809149582369456175329341106488854581282176920596379743559
442156729838102954554719021415938730532712131817846171313673970843717335627
214272257346406211426117678590057695147080257495298577014381580618293257683
380518296030175860662696447823276118918936533162089668445528940256593276151
124544077160399593465690166043245637896598066804032838440217512503345882604
370952606650927461050560900244734900548711636832212004094809174511399871388
86728680884273250459385104986185912750827612413127726297361928331689828697
258085435877724697483587359492543020933108927610913716733027237730046369992
425778062415165744086997133259283106894034362830268631531875533540784706483
90914015946223638438340481679775836602567739664398419176713001580571630812
256317141304428470465750280864598808793661035772867074054885428495120775832
70861759636287151259118113023279668350433035612844789714485051585868693927
380125358503992840850015893541515883505381663641510590545414078560877788192
112776844230136524214897711104669376146814057194782347366689051822846929933
51947944101739556301858647538582436788385737883397847642874022507707971548
14119423722445916932073197123084800128304320706690795914751707892809853301
12700038779430629871190066659680858723397747554289543925388948078990764489
250577115241200741090462795197305249667271883983640304810007044562970487870
393844096256178719520449653591833604741467858846783899570910142754365381011
437258138316354342225065543919151176293353462851905461375653346350003566139
97280223568440787026353918721158705858948385449069404137204389425570913125
105890509626347227325364769575082564418237070658186945264155229983290454526
287805697807278673029000134411240307495482889372223636002471406300512008540
184861858592650358232023126624426786778003347339990084470265511187772513794
45832441114227253979096351076517488712822026856488817729520383577736331707
177752932297473777399317355679461098465959834021249921255839387361238382199
313251373949026341965764426206579630881832945546848810821253783555347358187
141972966648397564587324660156311184815003646325063601279652953815755397574
284509658223786983892184245172783283357661301542573516962581174373834454609
186579966671322700832167786655084412196162442566560997737499709775706060370
168208586283616782045672738949407422654343551658565143896152449235162395633
176396616553715567446743092176097332697553807258914202467308732478633679590
337371486586619675823336288604941201491975167877857969394908822968778357852
240737264120281984798101004642883501814503443674886515860708727442887343011
325760260346628942328082963227820795904451149945988803175705211701022444050
21229513661836812889561214815334533747875336810833882349105972018466746926
52585609332120846207721532314686916760306554465976541382554582454536824827
306305082249858065046937087366225304399766802297535720864095251809523049003
374633316779363363476224159632197019076277559281491816462079028319226300878
52589369607338402674652325510352053760478601972365069049633147992181293314
16084475643835016104162288464361622645533048396883891418708383341001253251
104648710820014874013329274348001689926633008665024157214068703480283700680
207082257214245692038412656057121887224139918500931762181422482398138812432
389889089925266386690121191173937440985506268921035165433025415445440207415
452310959045429177675366963205070658371323745397834547450541436260382739760
312266589669443578076719193212338625280067328632464862725192890136998565363
162005340564304244186255584282861599653731129827167204521508740660407479021
3104754949438649164562791285866727840860636892785893911231273854874232264
371979352236832216240386270835390215298367300016938654677304965542035843616
265902812679527509291238660634814446939200922399212986931921871783982849808
319393097912673773701857574701813379914313204061009682075904644164589198533
14767475243463930699338608165010860029338772445867219098577550593836340873
444671495573435998304170369818327872564089587911077528488333460658448621521
317460385427027144205081835230499977764740232363974290923450457700895475557
329810948142479307458479687850403369056440264152690608867473324866539845944
367960328704271731284665037866910371830958511000876248657894905017762035020
439959498007286895939582933087689049623704684191492460346848382507444243194
285901526324366320560155598022899472222398533243961950835414528895277108582
388560712421634756333581349115177762390620436301514723722985269255429084264
369361387960739717887600077795974696390878832621507740343764857664859549792
179479519266942099502249808782437172045445606823083286459912745066686396259
431119371066945883508482940300954675929141191615131136185616811020090756974
228665040247741130837543392416329166290355790224543284961221724461182009466
417035549316490866862442572552052243141876754111652441864950106081587714596
179448952699129225587437969295370621464347103149514570908628627850364316971
151493405097630075130152826316131648310968045246706882360208284092187620970
105304123846163983801496002754917045531666045231807728556747531269223569206
19418406157478670513483968766286850443062837871576245288339560355878816480
405628518533418170297519549578860888183143762432278573143360775622991309442
348506442855793820473233507792089070579498323941330193833286594342199206972
29215276046594580128634953896061244613643488022704620210059399051087392585
353583995986954525360425836661449478058323448650879121384819919683482953654
87780810277891786921069947684760408834459269880613496757350898200579243757
284236912324667557126705182790116491555262359798082139000137435520986785465
193243868236074147728148831003626816218155724267460421715890669176318349174
352103446368605642696732809314994216541522894456367163236811747352432297808
102065491797804069675869464838413708517118600187234057344731124301222281093
333917653736211297477878325650710656215273435807022590203969961665687587376
353427601432754178109972144673786221411562223472092109778025272942680693789
66041867651018229909787084482061452652342325685575395304794651005138950837
132383251346764356379758955456339003175376242130914105754170779605637126027
305413886111111547917344906429472907681497034003889688104026969896510490531
47731199109859185860398024770132231730487905950090208005062843826453112119
332576168442008097946273660874706315261626288818561145749250362403673200785
50884617923669183312079982762697935263114691223802074965665988756110206136
338442930490709000727612887325148392878245390527105142817110267751934566301
330977296068672513376441670389024741319887381684126867217088246688974121232
189396319835463722655564055740542952415728464761030533709694275111209575521
385866588162151625813756257900897460115075846719409093313702632549664253075
434847447727629809217786997381781437909076666466671297581994124646470933073
282053638322158060484939049047092893579416632263369381388705346830970459382
136810121083759341719552235137454806543028470562165707308190954664944931644
277991395436511248179418974638713007963239904757090681455744870676924153746
6427308277167382067403876399287407263457762827472006314675084728480461692
133587709422674112243538009214352868505934555600670468930235902143151548761
139657921897316834402917360572627713088491252044196298521275767302557248755
444013084525588741740676703059215631894862154005290728143765358580233042583
412878171897875965880337293065623610023541483344240562204244851782903597168
7596020431290477020134197757551693806718068111772348179395284397924762400
401521826484129348025812332527149560097552431820728038866668669958705580527
5412536207613562713183151553058547604076972920530139794358179159376546416
331188350760684600981615557134129654247242564975636873510387153971320022014
320019318509500523185271371084595206710170514928763441695104258321777263812
207059191219099337898010957847424367295275554762472332543685960791572642399
320049788708997044918783874851958940336833053851932425857381857000759463378
421878181063045302394426047223515509197956965514106889593314546305304918971
20845163827785575285860462266825043472318492420486403649719770663984299844
386674560321262163957558286023439155066754491667004316245069538819275087536
146393849093782011543001177789991523703266668471199546386166583873582787484
252418836811309193063569883799438312048771693592287578192087122653642329629
103653593756585585529126986846330243843428657669747802181173179219759479524
215478979769255414368948995103788948310838778416595609210848972506956834856
392542699855781131920917090290326160603799063314197411892209698440179394491
441344051327942542567858825509982692026402463269025973821518628786065347809
222654383279272440321000330459610777880554142590367256560016649669890568443
317760134513423564962879809053539737611383749517094007274738571732227428154
84922716413019830099499682796094519716609417512887966068221603216151050539
99806073059637286584880845846415358291938215469431614128219150272816037543
11504109477846413374520541961888057415039622438596999991907899291190885806
866269545476393980675939660995060079
15
704
101478163411435644056157869482051468516083925401688371641122423628521166678
198709346800891111413813187543118723698992807271541290491250230998630346825
148976121604585153063377059915825360838938891568823788984763982836420146498
184534349530635541909938220105098829570227507322172007348640973071966435187
138437531750256326504385568300879454639761930549491493758858725449452302162
200195300282232862232028683453597240572676123851550599436252178246416944431
215929308629615999886532306795280360653387594969448497243516836224605703286
87047796145209975808309420656064118045302931856244263109719049703438958947
145581641820971366766331113142792160138235880399431192422901157396807435057
177190777254210534142070619576513979696757436365936350744023952242754276691
156292026035435020104556013406581265013666649041939391369202489012915615082
187585185965805865879012332958780980918106137842012621471150418235308135238
88964680030725741357378000338413379474736529753883515999619753607617934446
214597814672871278127429638601682980468180857127788970242499735334065354330
177267316634505197832766218593335289004204419858558586754678891334239478862
178915142177203293420416743030609796234764447846200136447697631532265403953
101527740745003552333919042850947774951893147403875179445653722169544365933
127732732750681389707364375019550023211699915830878379252607199566145803865
212839193880617441747039912759053766587078495969180567796158427782322744376
120858345614134807887449978444771226201070776236551191721090466436042146897
101291793192535986539850349069060681505080075818659029409954967210389368666
117173001256328049939489899583625792995834325070763767297891302627790040953
212713721127946362058408901691785410785446620083817168217146578327687089718
202023236375762506857726152035799949326397897540244719556716670739415723639
182657344849036323375172307826643496393979429458639292448542670287149750372
134614393958093464469658578628693219354105616795813957075091350494165611642
120686264177205066150825683592526283538926438069749109393746716445195202148
118711208063606145022980889074466153934788001059390300863315995484742560589
175416733367076997400761283604944385216622971048572489302336343207970555191
118732017154129927962918192127589371253895611953835042532223698284259596897
154269378268213857116089584760638111286712513877050867572232989949446417486
212625238258828198759531350096476086224866312232694237234922559909398866802
189504281533768976117837334203513349390412940299051039853769646108144658484
117338003819431914336543309751140369169857596530566562095910609835198134068
99752999478582306329410093964896062539782133595762453105252444077502779225
92630100367255524641903983086327418222915178083927289792325735115365296996
138644691473683175908530997032706946048040920395916163662470273362362461042
194948673611079779903361249258749051651598247476564223436366930852506515786
198621724238494286742027443712227664719287160533449510805211720773500697145
177508769925567183289531613139477872752654731225251416146174088169913922383
177232894165525641081424392678532413255411037101430112225894446406608050251
193278452700298899163997166695876363731098681024667092660820464546116751694
208813825412737481265288394080363025065440140114585243898559148249205666674
95784329036549003313575657668909419716620347087572503553250901870354256209
150707996271380670051107478382138111234214868137454873863311696303916086131
101541628895193118312727396577735586848936216014188214746755559632120597043
207290212143156945172424114238074847291439883732359034739310308821453131587
115234420277046514118102086729659487649246195274014456634691514226551976751
154172514745696760529427710722866453280922527452182798837690200214744755566
208966392679439521422799866804179347338037113929483575458156974779857915726
205757188894204299217928468208332805514829521705157543334713125700886688598
131473318580962290590745649752834525630777692945582162160840747293122851124
95999229824632984388081639060015762853646662952180226072139087401496900720
101292413802403961793574813624600140510100993797472538227841345157383865932
96206443769454177802287070333655708095258246033367835717236791916024377430
88847671881934905667532547985669854018243632391047975196560489982438041459
76792129521861341520646780816145244314842492366488813769457765886008193904
92333327904616642373660463600817046814165926193209937773353102812977902404
99635967487224384235359474809394355199219971757540114982164483166697707845
152544829964903068987391689537406222990469019070974754647862491108504253012
136609374941891767262567942376215762550704440381510861247706330787513915495
196820186571771208189980563674229519263095224109977893752882660505881243233
159854317309694685041562305751794010720484556697365497921803431485001453431
156292075328597103979652605473369697637453050271597200178082397849503821122
134890491604233159176809622435391591282059953496148311377947076042824509747
87088592104264347623750654055682179126131051365264005900510561424085709933
101051553634267574894198558859527846034816123166095336120391988212119458677
187806228235148229865885893636147865043442470991684904833253532974467740214
117380681811916521182612459492897027903899601650983664545278222265511916899
147120382570299984853629938325393709551399764898268915835860135896011729234
124198095887316216834974957699826251044018762943990706247644452215917473898
210842809931971906026887019928298438940606552390073813129200013455708808770
198385853988216645038346709459010052157593045132265089832367419688316128360
126166732774521835013083840739129140492032752823577363390200208624984807289
96136400777843694023325157695753395902808373513822704724862149408006096434
147334341541432033646539534122560390773127469832294750720051514413698731058
212375050676554790133313050517938615218426345356658118317912237154362807130
85583122797658347445639237310546093350774731768035800106607279953790924848
120935023892331880807424859618218497624612572424814142007324478556540400707
177405330413089846791439116292257239210679628751375484897472211809773966393
147155085374411367596039400732633838634679213670725541330233008678898053451
115571638663717706769857526369604611107619362058940454977399796392828817218
187682435019813981364442769790631836778168685711867454378661526777844086837
119146693332294192613873284981086869038469374810954366317122724495302686072
119064055522041939852464947220496906703427519904809834720483483589899858993
205578150312582008961226384356431680171689454095380193443722275618801405489
152516122677457807503053919718098770377768600100897019315141107577873982008
154331363068629184509356020666833248320273335191842172158033794979933158009
198379333588668211495895563343242675365273932354127014492828893451048614005
148913624663937588278069625859720385029491537622553901764774428329613752885
97510795994250696926274214085443210853592454203075802798283929780439509369
212624753094917046377908542717665171305769768398861055656094422036299148372
136373395787464296837905728977041223282471056041989145188832146289724574566
117366311551467734985953320904330164383731667753733227486241612522546343801
142027113322665510757683936862541559310731979299530107235495959452690301292
194852479916620874552344128340021347469923203804656133368992173351442593646
116993772045995594679102203779294706657359727537564699316313006306659479907
133233318034392096278956365445283138024280591409802555800005136788671198828
147471372637422402531325805596160374303979035334046408280825907084516748084
173940599832775300850521184999108635749776943602167395833924558264877990960
143613972009503817351977941974102358079154460025148212201492861811808098682
196661527376559114316283279039485060286811874263081813699966587662008732719
120512829467574878517225703509028960600586962039762655751803516344002359631
198276018122582391264425675923175000224750771227988127883231137855007896153
87378193016921880289904313515851116857203047310839487976780199059921322312
154526498308142302723809372618329827627657626393564589147851052338402258030
143951973378192852275278506761391776091932105070092499392430198422688067640
196942799246741797742762357188559125109588045698676491777980261527087244364
129719675671235817190047723503562628877245668556662511381921307819584341556
150654213260686709316758098844811739474912048295438408912268536629374170732
212706387275377300992856509560465363121627392251959060869542074563150304620
202257654069313887590526375393459726009141768305928286437282770072374233165
133316866582051926619332839502776042821559526936501830283237651672087415362
125959739054627828272613097777613546676842787297767796799955653151970774636
115296596011529598382841164956992309936241445559488521346254719569570197582
141937169060429391076907574583165111592976280140084211535135118590735704656
142020424958014287393558367222518560412108692458224112851072723407113778520
97882463406686507721421657648472579263446502123232878180513155422023136818
210746585959877339006608779075021800691235708270061192314802454930364779351
145643892234684435687230415874089574191774242735073839951985528883577708911
203699447377657250055565896702995613502083911118201794468994259601084414292
90408141400765163076969439755382836972749601313151066128417473390453610085
173912881411838476003168815016381959819873716023967427117794363179801720408
96170828205118912852987693488721717770892609079776977160984929498955925345
101527933259173654642571816270565284497226840586938835995293056126240058979
142178167367373445440960617739682445751302093965884032675420747285688513606
216310285744076000608791397996140626296363894195495138346855212597878673458
154166585659187801072691912656185309199011379686856362325296926014888438626
139921538107713814992047650714828794749143725563253352192857313319774016836
188067878416153016995463569302527058590911204801844299002883017514895437409
210554654628709051698910726124346663434315679718322543773973414415111500138
185865466877112250840414033655731611168838281457260420628642722706929378101
202162025019893590278692290712329413152931894004382316249112449607269894993
148949646952928012746300949904010073949254686244305376203241673227183274358
138361284404554713435853068623745811720712833247505334159078694908913987923
122659356834137990030756732237670330376040084986026842226393961782848549944
189628105413189597441959492151807441447399893938279930811501132142885631825
207282343527567157571527028270596175914900110663327095187759905550959330938
136800814360825515862013272224241676401587873988188997556161551565525693551
207297226556080933036257853050469640408957707728405407735377604168444627049
135028473458286214772724416056034325123075767067242868852889098042857252985
196668070561685934287695306387723083409022117712457643794728231295076823119
147258631160214554611816366261878806866986310989027327716869460303580391277
96012490754671662020746004433416904408778304400343323076331150708473671783
140079929163823887248701687383529813139142295500735232161555015857356425815
189524230826826744697063812474378345967750403059686493628021440139451590961
156326611005821789921055678023420517657468214038650968028236229426189579846
120645261780971615690501458198300884971436494608296502371018594608171211114
154517600274845300558536594302585151345935767689729190569580423389531679608
214364177662973293703859451256191804322680507621070244098009478591588413268
143952129025673533035689676562461312204106132986931920985463936381248294245
86970662686315931697167130280633761281765509035788527236380347323034859127
191664553405021983056611109449748410475362110478380674211336692933518246500
145276999894964109460054401462512674295994871632960210648532649254763055180
171980799583515940857150475254439824510720927967248588979997825986962290798
138561784049954610336502607496270350952924857566286448245379636276497445226
117186269130307947466006748402150069660739110921860188226689706958872212340
122301301860160068342701595880669121259213074131704974370899288745766696022
143648157825417868466584946894578475784681426434861063065369960114679208519
127823400029491677521282519911205941915639125923625294377683435126571610937
134655293360206969094868679285721128974947755923253712003683346072130897751
99772977735001383973477557891079443656399161830526153026955941557094207052
122405365685355082557810494968942234587701349408048400055984697811219527531
127705181064952398683043437909128552376012536337385907172237387422733785141
124041485137881693404882414000641437687512535354299465113221693367010350392
208814365644321299038524426336354528465225741770418633168389064496644708426
155878348833547082408199469733877242478067216525676762662493726161064642113
118747550717183635929946242951265420938487804649380437275111661953392138863
150888090087061480794174767492456558056176816094220399296374720719576593486
87116925347367090823856281277625491894838873700500645864393674646599595362
210995939138475608164345074617798868027614186182604227345377386467705706283
175437631224368195948489094738580589331138247976340399764032702231325073773
188067636316318378129832023161135161541236797259050911838441122088614840166
205735995429854286960031571572414970460637268400514757367396724193690670189
124261771996899687792484027060560082309601802174731758702602194084044625268
136573301260872813214489044193443733602074161905649981753420036077781673578
159508289752192211539258959608872759664940170840136768508698056688363401080
131335148743956112181060616807065930653520261216130242599676510827200393583
150756687621376213382852028120987673835253943428370255562130041627070186288
189668948255948962163004246013329879017746417318290097030701735832357845361
92271373941480699873512742164378648094681949291316461701271797725318902849
191416171525349968055646744561688099910940046098904382092494680113535610949
101169018653490770113564037524415702832871858745830757133418129932931458897
214309100391728424818064471108983408209695335992447091340697219954923489396
159625056760252423690679818151238875325576046205490945991661253401596743011
184340155447362434730088111191690848396912343604195730915721818544438127415
94189458536926860224814934397151261956346214913134883972135354819327521072
198441689203549875971340037047246072242988108736596704586707531253217840181
209202074009861055456304193729279746318954908111106463629522955365134922346
207296895677593806485331937659962931990751258979111250454423975753045915975
145704773579425295600906324045237652451617502618290586143268309725871101266
210864130381900883521045063258613345442388263192055709914631312268883340105
90622339741510776564673891516414671587094304330654373101831683444394850924
86901217238612046275301323854504044352896699740135095317944775523140393578
117443143188733440987113067787275682309839216969648822836727644293868901202
94362036523699546570760390335026896324869503958770569964610718042768830053
173711600993522975856973390326485671416656849130225247860333114608802154546
152483578344563314420909178436863399035428582514274138329790210419809477961
149239623196288293092272762794027629204398915443978118763834373777229115471
140322106378991839235005060626949044342449960939341542992310855963003926628
201803323378307940267778605775407302440598836659686651134095283449982636139
189510185225214050490916149434087251162345385015102059972887375193895423340
204032398910887676756550140156650107830012174792852424760472384106396875091
157742606582033342355015751096007563657227841882311081906521884681924933740
101506126017841198732776116670098959031071536665877483199018198300130487154
131349492717519054222036943175833534532822576125889461008024894050095559025
138161836481905797044511167550707639025030054411519697311796889939134920747
180937993856525414694798815961305482199473520012797354450021034152256554316
120513476806668752070458919888461970636786552205718700102164622212497701167
99565919649050048113532433392338038386131010238640439967436863787015497300
156271265831586421693285065241605759801167192725110959490360030592692274537
133253183284499845575038900440524060935384813146805615336087962913836526681
209221626089501964347452416724432102851599734345212911138943337234034473076
136863691803012265497260131775968902330347784786194732377956459851734798946
188005547024758290402944120442609335957786817856053317573423284195376854882
205743168680294052881388621650520233024672595971199206632508314147022124376
205763281731439429173477500066200776779990471139887224171813481697815913012
94170215011924339336094651104213283991590475703257904991003722060318387014
193279586073203676794719366128446270499546307110521462527762612636197411181
173933234060288471695640162942941933966956492005710320654346476418047881519
83623318024546409468186060707581904585911997984466114079086601531804887857
122721472441870370078184378640364688600065080603246524651467532641147499116
115331343272662215907788690690907137231374927699690260995048072213400218932
124399914350952405771669266059237838312011102337713823361896999810493467210
172069277471344184479333185544387980349514230886791413094866014557422243152
209283796559662543729940427382039899637279611524504798683654796047488804944
184292408317993081405337566842855119595556994547027153250597607104332654165
196957378259551473701010499684004390801764434945913691489672283029961914482
185867273705404822354903612621906748271313713767395283334776706671272149620
154511287645809840517439522929504669983752762478924713871350624375673025878
136781994930949578168526033281727602932659539908968449037315110773231534711
157727989998704031606685214920220522489888552247324691130995671798570963534
99241733261620195041070635315326571003638788514532082610380732524947716169
94487804033943814127080594440635817869091965029342494989024810280471973701
156050249863147345081300972960688863046694390135253667400902938541436858995
131135993943314406098053412812778571209380846762495791372786025086337959762
124027007210472260784590660146510169709901450355726516302611877457675315321
173492169560745193917196244557718738707802487374284616839013997653501766977
99477220818617702255530014370764257656438970111609726600861836016751242315
212486065438700340845027140113578365540048309178722144151943296021295489642
149156699224062954715510316112365739692352665170086876336917332732414736500
179068755310936168383503171466499742238870703170406159399460081698608402037
141736378313822483842575441480688811650433862606867603117406536060486899765
101333472650888328419521584126964940834490190640593441174122313627353625188
143716396637782519044134000498077202873130321427459775244572157207530452086
182587545758149228611322891047120102277484522634688863495307320558368086379
85617626869366889049817473794649488009425274145655591397190666848359301729
143869552171146008231805363155305207606506302827212041505143695347145127794
126256513936080025230525023685378525016852250302974833991056362585890978389
95798105355759574551392449865060363577601766704699274246402980546287390569
99469267839630780062252669022589661246385668429456426238781118926981122893
159612625692486362234055415373012761582133997985831705077891926188202013043
196590728149629713940625460004803006407955070655999924426863874444593224260
191615405434132448687949227055517242475279418892214205734190528763797073254
132881245458019892449868543808125390335640279617223383846841816480854669938
202215729560349691616648057711189155754235328282391364278138939655869712178
209324533679574781650987340387556197605738068964299027779032258179815785032
125972432215038914192017308320708605289870858110115676161250798931328197448
171966211622487855513673691749538042751468471164096285310764024413664917089
145690484709735994827700840792401836814085724281756678216057330174754636649
117394129370079585884761998213503380276035945483815606841145182809138081893
185866036928846011940237913366551836370653417159875309646676600730764068178
88711097206933810041307472990872675947262913072830807450954582722413097837
157817338208580376227104071217422218721999283868196565471123994750274318680
96241036333132532374756046032501701370554672065869105817306600618313993827
182484043998733721195386426324138484033537096638819953980964689595273917763
212569809671103507183838575927978137298430234662194082542442951286531119461
122639079039595474440527399319834887313225689033434144604284801004004782935
136649194257381806273780628219022257121638988102809066356851265270824976706
187652748327592933529736527556380567141048218895127568462016156803238343732
147237254779948733556369067453121792518207681598659032867931073528110281291
147430527369212067770296137158681755265481153605305652161888711539523348299
136775155429457115544400585969330369558651515256658895816520549838812969295
159687953894182487611548818088282714618861352754344364354334354191431072076
179171362776167700778882689976986104951009485145851348225344666438283129195
212700402372148678924320976101062859142786147246851789326421555747939438186
155995439034344675170849737271423190656093847975781384627908408883356778802
198662059805166195493794600182812780098217584830383130525253565415159255621
187847801320353484413908731770726666370272594960941308088647840452651546995
210595096884937572293833769926261388703346901217713851309502158273464062791
201746384796999848845570755250559472789529790254124077165674921459401189198
177279558996755210847607377392276644025223975728621693694857539505047953750
159847073084093900114806900135461180841071316300670698468536386281701927012
86963817574533812657458932430307173818243832996626905613245699236184863820
87095033860803657456368694005731323418996338619692533695186057514248793199
173712111533099171655049442685984584444775370346804056761344591201432992121
117310743934662692629804321000247041456825900165538341570401586096483153231
89090715160157314146160330928370750466109388719062079265426444728850019385
143497076836827959995817130721265247847065578981817058747991584425338696046
99546161717073420901057698567022395767536461230440020254791525464271645286
148901415615348273146056241976324672126243674956546145899041572595288070766
214501215408388059927628141332631400769738771098368405121817633155963638133
117089484086764499056870580713545078747440658379239444534052416480427126632
178832321233468201301007039369881471964493010829190240006350076571139403894
198627311056038062447484033829746351515022657623912587586193940640785844081
136594681139057015016941536569334790296171734122722786074988578280421410148
138651536347209487757045521588660086592689929091309888253060951365907460197
212388793929364075144962268542523004509671013055676501899988564039967527273
96219198658646451150019426557542667640424746385652195336424306298957804878
145214770102882806986556528167351495401840492828462411676087817783413590849
134732153517293945018673041969287530214770621849166511716948884087481387832
184271813547019649176429202634753267736184057463759009757059048685101931063
117353288847906599069845781792053521644784801830783750159303561387733107315
173497864745459916372500368479339074273284667744543460790864763654852798541
135075544881384568099658509134334674807466910243114256465644284304173983087
136539383547816457933206449736519398559940868801217320289837047643776893771
156160185781912215902917162916433857956937560814367910544013379607413942870
198586030950873845217121986901139038216472950404521676915210351804404941155
118746602244249185909890897679179387944943766213050254678524661592339675737
120727351441681121047883710659795996617278359667320712386885530646299695666
88939197936481727951995932278737597953714918429575978204905700023946203251
182346139041886876407649612513004527716681719040757144849338950150726431078
173974670774734002837569112729320894185722751830348440589822904836412624759
145477308704530038306014909238094207726826091347527271002413037507294869068
182664514920056218263211071383917359640563315263996874832305989802789398603
196895214937936838008813565968480531833449530620115396392814390339086399315
184534188198365699423843702813476460656466334971312104937392575067372482628
159729904094539253403799060916743539115730313439092410318016907945693365560
212630816859430778123708875545013531567044824114579819068162379687627285808
83734371402237698063222143732946229647134090901016379139905547871134960194
95874002542663473541776162827985377634160346980613054329466204424397731412
128029345347922656490119820814183599556752991237131658216581814149572949362
115433979690059452304043564337603575069985210032271673539016750341335054948
122535122331851070428035740814536639005532683462098619239739083695541612133
90828314894869337755025904884782449121990964456977132674534308706687014200
182531842925648899611170105564375575241784640639906310323066925334651619655
129376341703586606749771207942528593885373025529273649047558334279782125906
203892803043159558740393234872091319701669031964052781803893532233021088077
154455457278148100618444774535157337377929929453489513583017866667876768377
136869703316603149947410241878840607225256445442393016331228547734447418695
116910795216433757436886844008958111265638119927307729391326668150079313241
87296102944988818380993347939721410745634192792738580898394059859708048996
212576710468834559698038424366076806841299576245954709269533911060860331881
145443555158231491350441124731971741162988240771794603984023842151837811249
95895680143205762761526878668197569834291907455929724814358463868369597300
207435259394045502400190507751197868486919129834036187827952172813749931572
182789145385375336486219202074421649731699343683847805500993321125826422127
175472350132745035065805144463428193195402649508768573458313929313259769188
76308678407851776281207745408276743174291908745717693749200670517974095173
131335202667578749500027084608325700922787618091817955455197472153201160006
191152605485822050671370110811808734159570726269756566972670981862312719989
196661553305643770325662551770424608041432389662590530628577777420241238097
196646615176683582757472671501884354662072286640046409051128975620486678853
142177899782756360774622965664875590294315060945768526850377556735459209079
200015390561096150045525487354525580237080528218306450907806470789030900033
154186940317283955437103968372443681536607832694030831088848256983514768242
198267986361799509418997188307126271111048700418602377988710417075350819683
136753344109916431790215611468424268292928041629433462639187146925628881239
184333601239784425103020123825637466693632136285436988482572490981051627086
154559900006635501459021808089308981967603610204200137549484579457608928843
156168061789138910953647891243003069082048794870743913497454165394705696629
89132101318877818579341955166363715122246485446142967293030424380955375943
155947585020032558417575504734283096766060512150639984988769372037820215146
193313128985899602972253202652127617425157913781163659726068008895368279905
205287978835100345500303870109802214730903389135059246001081265725507060805
124351037544912356313403293056656433074405396348802362346314929046731312693
138265041053002768741576239753563624044577664837413840853112894744236549222
150522435473436746022370442947461660897654008986023954793039577488370989654
212487304543130541404170032753867362138494906016716586925157538935094668085
129707279373291110399314036079362562350880886243024843869849647512920933971
187750264023366610210811518581822950936652219146349699942697142066059686762
147167810477886823289509272832999590386694356794645313362683104468864694648
175534229343893671792128276265807664470317639423985424430997546663910396003
193058436670037629486275475088423376501421094138062475690438972057121664824
89075105037534442166089345557252191107704135098272756964719188798740845889
180780229916556861007212494067305007922436343852530240233330329143214884427
210962078213510517496016850269158386708752452321543150990681155258333868102
139914606565025321495862179233605150847979184958350068967366017192607435341
180737364449660480127768990459503859860994670003244060358933316302324192342
87392238639840431021208063704158787868278176561722254175131388188686315568
124220736333857259263366710988532071823614995648105013070248276452191991117
194830941226626485189920715965778898532528847233102684759759149055697368641
157956614983005616331328339627094814203562804702078019708031041432441417779
99312312197825623252655509845986364515145433407759142966661448790554521927
139970552580041337591896511754205514813869808273654989068931530453306140276
129375156502580427116646477442053526214098907882832505157298573061504973127
187737568620801869581549605047389768622366337845869197540295593540381403235
215881726857079777672217981332482847770331777524746942149457856568010439215
186342981137864788902793173800726595593376760999877906990027114911066239564
147478792519413558357790081748509895700881911934963064599203659356716626252
179207090586878986494163282359287925026076303031874141214132125315305654337
205549974099849346240474388960551203579268310450279118401094804139464543025
172214622021608868668455970246979619127922809568708534710954875547412560227
76521586691174490377727069085116147761767349497288739069554162277421239874
155808411776241951261511111576888971924020745414976979670393612125838061873
154284800714898427232603419607797826965133665905242219948250496031648789071
99705897616563304195552978680008067071074314714333516254833063828828869432
116972313738039176207908094509261917226814567110457835105904494221057680715
99276942741767224785604936750829917999183486923839563521030091831698749813
154194618731076711672762587257790428444033388556722425652845266930401239363
101333389961424325121703224770091979082513111707562830014413530628661791338
143821295051347721130221259187798148108886608494721615690925241595371276843
179047028459263194245813174649921698572720171319716754072283221179299491702
159369715837069875153101990716541745064856455404298751061051267122430428525
212782847679304436039622205497572857717826761903432949971936185433166791219
76577741188276767663757516474680175118356793180142310619894900516288802897
211084397689842136625787905740396259831247144580459512749467977365201713254
143833889437908412210074772332576729221245877626519887794013878417579594805
132867472916874707927224885484096229875220287516710301583330466124991723127
187992039874387259873508573316296157285829897618250414266903236908977514547
177405520072280493362536041493436541419235917652117795250304761236347439458
184278848748693496609624564610264864176379372471049606443404082837256305201
195120735581185778629273465314051966145811239617309506443379055999398924614
88939171502710961410998267274608286178755625026476609132226651674345230696
124475861691901454925435766138036606695329991156120877737575003603668132454
124289732745139740832108106528627851950386828411335865903135014331070441321
148741778698735648195999913729324286191172799207842212509369075886214695285
209172504939643127262922239561010311609242161680274226119457242520300310361
216054594647667845106659554175142497097335270039846635753014662987736640086
182464227181958587328694976147978791453906335474867763836984349603037204564
205696014473060529853734948797451354195123304764623935370226110056896021366
150508201042017857110865802305941475409353870076698057129749943857993446465
92417357863125830191162341006885624829180221077890202570956479154808382055
150515453899548222239226375156089202084936973759584433254682596009923725158
150638928465804685119486420562273539350906402849564253813164912567259527530
154014365916538101938396246631368108480498051128601908158661366262624964680
115633673593494235961332793631605003343447145600842985761530276422192682569
89166797191429658094755151554281342187354544130309639405299548944849660534
90711436798045612790818050370972396930677070795803886777898432898123323209
214466818392412215458108145716355911287807196147384791113686476626477075783
136843280580320509810628939754277721617509482800504907402595806763586843733
214460234695022751504488674265235817813046083730440047267400319508499224422
131107630928398630441239159924795015822980677773508216311371241438100996682
76327714437589605613342403129283763645417444416021064010658457926531442026
145636914844793643098702576095638964468624731866863182148561605362298878281
205495303462327047532787628528049778321792027386147248179047107663506069104
186025612113159814342300562426658981921448288677737563469175776467217447033
207268426176721801999446670697575960214108262556817055819948532235316386401
101216248058969931688663643809392480773679361572875177379370282753414869354
196887608561063663434685955187618211800766674079513264397280650911270850863
149191313818972887222395882061565090309416433121557047988225120544825168238
208972456048632102400343641263783838861220358810971503183348909309663923765
182823602853528255780278325665182360479632739979773715447127855416980357943
95750607395736835260514453210560552520810459466198304224891411966735823671
180822014584102923505600803740052407883858479164945050904254851999811978854
127601328189784598400688748900166953411565280264553574876851966950509210689
87296557244104647747765915854119169249024470718623376651881645330576799309
145566948835571747920680352138567741624348937297615494026389993568338666035
129804359699791213020077785944047241509548086639803097821677874647494186292
155865139828735499396678600442045297852565341201114481060806431269668737897
138540301703649373486860211910731103395670258524227339041008883669964108622
159466988581697485919316976914952191622497790564260950227073078523179979833
76687688611680017205940786112499014693985341346614597664786815722105369193
127725556482308655276511482789949203226262917089349110186660116788183071080
120714841079753236892584218849323289388396113437720133254293745769040459890
83836872083638824977950505217193019657918204204284910978508322195691038514
140079661252249835075925869450061188367549954595281110617711417604975646274
143826958834831693769265474512013385641409118943343649333153761956810998904
98020690111406138628340745678191404325631048996454096681930449438032802160
134731669929321878601596015659445253990639349294982783271595807389690906452
148776075021328793891166763834646706369027253881595293378898183521841730625
90574266911157203122757082482627707401264175364701221906454549656463308611
134649329840691019752136976471117748619544084059104720156049000742664891726
131522710247698616216586846039447664318180461683349215458847243636888389962
132901361376543349311185393107834136316844888246160253582486834208745873746
191593758049142184583144969456702759513498873712373063783849961672733312105
122495490573822363268183705157242475913242911176898525922855309562772486006
117415587277764083432841046079565320221884498371556246452140098305046829673
216324198237563984904243812175412501790233654665282987264469778213408097605
216323867348813690398813210566482091107432147189677720346939172029582831699
157575935241713860198947427328787149531474443345245391859483179634117856084
88952057532706241822024163210393539749217126526644236499153393522609583920
87247708773916632565206503958602866195192455025179510296290241834459818610
152309094518804122726605910501811856341592986557363449925069098746395837806
216399979150840766828291459416519207390027757149222493733677420768518565968
157706750086709458030905349971998619673587411455085850967490232614426981461
125932479576343627675433678991957905022486011280076081091754959550060507994
90815124848383020744098785999832420033507196175322326690745888075378803571
189613656776563447618026312331671168023405822984213999730742878193916996977
138313084425358344442711879296294624433608825172895630129460327392381515848
85376444686817663646223945569386762150978330480200456926247078537991250804
149245181689685234284835027951942093800262888124294510260079641972080013104
76646513372913929633730918628226458265278472717640283700340735836721276464
138202602042754063070248038778579395584419805228232824207684240052100818987
157872742167647450121449987126821784665010225730043683505220220609241576791
207262473920989156216552455371864428958969152135361742129133371019980336757
115309753011381823105553936894148796530541223066626136462664775483539940712
101430151950647133852075095615930506141691603875957655552282875244939987784
94107427080748632913858459288301700970997042084279348275628086382418876500
187806147366070017273572413851334709518477021797444076181755201881796802872
209077819501854090227931183040502467820741231792531058304002410819221731382
203899702180516836877849470917102311054945930689689796638503303714123830627
198607544992860340804608985656292700091350767152152172575904406010562508357
198690554877613176706423935766486747310510463967837674348402404592018091060
120837214890832954545332285672650975345747581402338240910781539498797971832
191373598184792643662793254700707840674804829280799475253135478637933523507
210794302017096066235700150851619650666819892298934576013349703300049883239
182512191034956317599417721468331060345407803495473500863216027682141321523
115384567066197931362671309762602565375210191281501605447360134199681051256
148975495847546671159915186737136293534736400479582344847410833852760339309
203659810580740484145435223540165166569441523571713871277404126224902672209
99669394886750237600407865062786756900089931675283184049049117257540781643
124075482053109133600690774478422429478818184743131008734006930340799989811
85481375945001262028989371211682817344244070722742756650283388936391047536
140184125476855181727414223048767151267725188669666638022981675699594153332
88848887797474301183317494018045923587812093208824021017444209059014267716
127705987243233693013093602047748872668626987501027130299444986125749671217
212625318703853413019766784775353042719976891126267329347850789442152976712
145367288869566111388105218343390597544363298317986989314268062700410729538
156161132012492797639058945647973613575531189754382432086573216177105360985
155947720858020238946377812434973684525616457882637668945106661069431325035
186246705675869691162973410570519219605055434092637081414235464159058014255
118851312903607434357686520746294028649682612156520289930694962200202931834
180903706488363348710843536049162901090869501963548648808504117516647421241
202044644887013264878527963655076260579248358253463392753124912729475077715
201753396386495151450387385441204357495321379769110101126982843652817242970
99339485906656312032161792209827303929736814807179025329125005573347566409
173497566802179009142878357004235657820722473956088270364817164122846872654
120768650614068819488310104001552594113753687816412564771539625560169345893
180793491059230651331888178494842643233511738139866359918457457648865539177
76680326329795324225495555831632172709378761196509042141998349284795828802
175589632536596430586254092759428387963008543845776175960151677847895033156
159687601828601279354530555191800970016895281066886267118097027509755654209
88882992345113030527916222100490654521277188352198122235465360712403791729
150949988847807227747926905450551547214040863492864040519721348781584905292
208870312499793242463266153251115817607744385167043543568743504576732297038
200421600094092452463251530976934443888908432501356344834446736797375035219
184291736974646902481518840045999040709608260626934071778835917485370134381
87247356398614500158837553648276271993826747017201871134550503463416515684
85479408413553141184412016220310147787561811925180243434587679176648906601
134744336250079491134372759676973492426836874839017560439481407927920767599
175726723364769961417699932993676346617797952024602208155752252246779514728
134745549132183108120454118132854135021693002684789133837309496359784108084
127919379109458796150349335228430702401810890993496501624298190342469012071
179233857406083502620696358423884043824342215136692826006879810348677355827
196646451209953116016745128624259755829461116667017208597215514853020621413
191421805530128172905738885277651374411613001915061339393687037303388268388
156071381511989087146033641704515790565443747288581342169191018675802301772
124357558399340100048282063916001308125541573881143498464872394475945084794
133323358262058428199694672862197148176549069288215279304582545147329083464
124206911770876271705711658660142833057043645531265513655671867579257083469
99510847132435690693165130891977538510003577466724182295609432698310321261
115371733172170179502293956663211508777751230431728202392143039369233380456
178951396056680375110022869244248120202039769430372899650845866331951025754
212749223786346276230455642688307969210825657296655928243479928041972717395
196604480044717760412686425083679039212439991016030483490899079328651306615
140272501858317074691004933851839231095593856744043402184988405647749178964
159757073805512528339772457209021996240291081766569690808249797056850712145
212783706706329529978028536149643529618934541114695059689921745155554633068
205309221173099873154990141323762752326525799495942794551211614055420085625
92484838816196094882486948238046936911772935252427908010099751394751627881
182380702103272090310779210026225567187860445049383280148949651318027997745
133357387395016195947922075759024931192153566687228808375447970886821966182
125979422239836840046814286430641791578700368059622820572972259664572401483
94425089075114132806662745525125876728022253857087255120493152544921122145
212742055712255721565845189800690505512526940275826794633113611635525253700
99393353888747418924423148381633806493364597097994080321657776476796576078
216275019495731508025709957435822689946249678690282423115020419167846559820
179040610733458948613126762170466328469859339699072006995587825471886940470
94259238116650033197465028898952068443153449341231293627347127662590382200
195142921719211597698703340342676226450883863857470071552813975646785528114
151011485008106382134012477872832402086421656072902753719796653688146712691
85514778362928682144113718650433289074299703939765403731150657651845266029
90899110016722417948545434352374351305403067718479657729431274436712024133
120913802433435394842829131692238170614078983588398395014990909620845168994
180994340540000149246536428407556809395492858896746571732576353277636330569
99498712933347730823242035174908045415452900162991485650216208195720202586
138582278666394424399352145536858185784950943840720515028493581809882916979
196480756748433757527416172219980382855013654027183757844056803369106500697
140067017370950160848692086036504840037431505855965982087006812279449743705
132972151036111876104173832241735463489879785399848958592389640132808889690
145373728495626843282946140426423311366314479608032916184645635450438627631
142087665775078961734311532758850306713946930883246301340102822182421680949
158092784495244257254312368803509023612131450810893014886269636031285786446
127816090394340895701354109757466527454863741850091578525897322359263806575
129824958688183021471678204024601335842329207321775375754755857138234517349
157624894954837642462966654971622106435326343805493748705441063156613993523
193360627459429036764562285760070820135293706086179684523244572327566601802
187977967643600334299558604061227656865368903200744470999176473920750188885
177169240048874477903292378034759279930606705475977535796218158239515370095
186190169323259059275693849817315647714818192484296864939476390922698380920
129333964892735875677366712179893259627237233861413215302284810875630147895
138636895919241353367434537202446440979051210778055571338968321506370090550
76764386063211035568602294233966987144465491878415989811176085441175697222
201946640229260044302928672929607939668931901982705010960318696470430560583
117435029934647842629921345616542805567228851843345405340815509342378421347
171903637580095933261465332135606098398907281428313840402248865833162266438
142186070551340603488381383484185795298368972349650625132263879683311237242
193057436508408575317091765852356852232909378250176044529458747528273292616
148989951239363116922194430109863216451172910291705523910211669539152747059
203777195436724805140788120991423927490122812227017893244268235932286992711
205473867660408861128500801475460053977013708363374041205170556435056643427
185915102675984427368090932200460111177798259088368594414006537997196350297
97648615680548334412813062267511411292041861306756931599237684323410664018
172008266926060837518499395752212397270324315612817157588600307029551762519
125814907247239228611968068733905020041614012992591504499150343195353298789
76563753841360173454169580284612819816940898020452146105364619658196832071
182706161618543706826439854003642217274933877183971629101699785199928767085
209304335815411089644223048650502911142336619894888703256919219501877774706
205756866225976706090384005136221053215697714516423855842378362425310336328
194714289645825702246544546776264851295566563256513820848896554946394140496
146994696122434038086227815593104660533144023495230183999173714599167225683
120596376019268073248953472823944908556484924975662418304120447372505215026
158087422743308672438410384394060655120493237129535640497537408771949938544
184106002956876638197806581458842792740004285661547875762408383996456683823
189434347534542446086884012088123814042236369408695103752273743528624998770
87026990211044935873507866009671407545248121577338946519215947226087645767
196578429555216762932002071703444954648237678770602604847079072243859407962
140169708959195258550823395370621252699751467799614284257657686118691263345
140293347170124618527482808388316039641344946502015145025303891540706936644
140425988954286399054257220237725064169721419983530701640860451983727029607
83714386827974775641461284133518892563750680085550427130552959280354980193
86915240302032887917256084293738376080117071711377186786755892753521407059
193085421370793244691591051090340576537048080823729344983428897986200629043
83367359004515267666125030286032676630369005796152649311779006971171592548
136525662508927948049477902107703816216317796223417239389933241369740527481
129569295719839999683348262583146237991183698267476560949855715741865755988
140384683781882972425153274687077134654701344102809991807340733893144834676
115530282742337440916075153534865823675458565663532252301531994439758852677
216385339913078224906688267306448012809466359940106074828704599634358194541
101284404156301063139920006727915455717849702758423106543947881950809845078
182367086901228353507219609845766379411595782089008523904193683325516134481
205487996887377491437771183497034117131511229465575144750657758674466062928
177467474124285025092262208136832424048152942627636950697494650017063316325
192885511790325684937010057728815169443462171485286515234464514354665637750
101237976834363187686763003170993369657354503468208222238444734401229369170
203561411286154431434169452667787513304965964004888785556696567974997751142
127740389405176226228744401366682363662261811546542280004644673229266906227
127830244676505960737170905916999525395085914338435038917315796534587379513
210752893877693246124696619251162809084087203821688795865588291324956071501
76535443790721732138335174488821515921444280149641183634727411576241027379
209305335964535636549180198482810840344334566448110723332321461387613581131
124158813344831117216080880105098264704940302971770941797838380725685470035
131459348912424050351248138678074347993153446214966380451593411746484998767
85369003943507421508563932438159565170895649151789350826385219432602678348
129678378400939390725480539353260548445606012250365010954072536266908391022
191594670696506143031240298243813524813933798139008013139348910055032379188
205682103218335605515546577981900044425649764004086763771426632166640662901
182588832588375798665202618473729033296685299554427320582139878813799560752
76369989215758183070898459783478660212506586244502003390873296998922549611
89145093164503993151871811690349624620997723924269293130915597221172166961
93990765513298826335770891315866124906194535876411217945588473601743728754
152626627733579961814866877564689443439991840244574472681461245550494250617
212644892064832035403795641472316782614418750088705418213136289495350470499
115614366805386828785663235018811455848526156005346678116888191754398876770
145670049589777123346650178723261553296724471558850079215947172638756663911
94266218955015357456423196207029123316761638755874202662648060745249012015
180724852093850154776092524295580030291820473119645725494537222726061945423
178820591528636904933024877589124317296188395239714927090391536245100144228
116959674769791601005305672730782562085283323293787725609626716450273704266
214245529156623616931739270158473987729677315855825798446574434014353913410
140100797340698301198928349394200315573971869296618141976966147526605172806
215909764248064362181348248242508576030832523063979169151189058740440690293
189565612035494816592115850832299633661154106685584585386164652461110026549
173746106663824969787267027864405952939368271547459062030841814919824357746
159557302075141805951304255235342314862965532550697844564117610269985034101
212472079222262853550601768730568723218044742121407628809228561732194423928
198711045089064816794137337114719412924633825900744419353929968675453807430
209041452016087958321171891019979075507310451928010010112674505309038204721
198440371102618990914222114038269909049373479566485014965641686013407351087
115531308569523255648714885101694797861203381306380980101791993161628003123
92721004157327150407169310166688381867461893383427880220898927276245414193
147457115565868028529877735430705584708344710183998036935487780963181025619
155872307688558888320957371454462526889200817951351590418966180485116027960
154512318663826613468094732422650569527767108014591618895867641732996355689
142116587595148946049028548733650120939132327235725868683859300335267304755
208960377786451345707242215419719794374918651833890415096284276409384663621
87170896525004117663088541213951059645643196793189248398061865039506716250
85301012338958891154384861641103502763419410068753307910129587506648080752
194874001110829686114203758569890655471520521675140394860989529271979092836
207061431180652304564047746646645574811805297119868042573525275123460427864
152338561098345069287587145193976341974132403796646336543582368573507660403
97524781365392302963832324536354955095924478004700692792375787949881574969
94169460652129024098858443357395336815313840958355917508579103868311786324
101429397494657462893545246905322085141409576013324749474680142102531042650
143793664882826082127359962641874293558742472414345582732410077071087581044
122384983870649621921590930434601103158885723662158101092279224230828781907
120472659332938008200179080208315553848923904842586927735604037629393784120
194949165524766820704494766581223996014505603867180804618878248606158244714
200167720676791336418442985497795209680287463833678413007054577388940515157
154428871823208012097225198848147850808855072467777762887743641074143155555
216164560800533589788587393227690799397666659153344366941009823006599638106
149239573372862887477406179874216322771955069211111687749681942150341870416
118933707759299698170199880435534652382755246822969854511988353303284107105
200126008289289190944726707418614563420302393494504627349755137099477636694
149093532197832348674069175482833695673167929945966185211739352899081693303
117091398327796857018483040488202152056125095933228231899101957639975875147
136671244317914044714141747713098055743653450951541189835510060697510037300
196819481818685698149170800926012008404388042207411000904120292420118467950
131550263542701812097424775961246690634286765658095823193900068190907232375
207075075666186851351551912782515195172949431486961229943260044704858254156
210602002295453522015719582331937894050825285371924848356067679211889635407
159626776295701487499051989022126388200245599249987084376902105359031825256
205695503284413823266756627464591767393190267036237373067087890147801854054
205529323116034713385855986228081345528179840921878439949255061005556872525
83790011906618585603963063940422292756186861305913791001792335472705165396
191201945782060964207311541825769291365484742689561931493018293582421970800
142116642990286748472264877572866070102413476959934513663073431253790177605
89145904919461232701882585664116150279636686636111482045958020901720965966
191430003142234762762627172826620568377491030924635332183800510395592161103
157803962914894738866550738618977697841713408989392513099383931767437478962
152689395202862740736448804366437568206387988700765577414102860396972553316
140363840170703053845361987772473983598484013556922873234090725773734078027
152427368659624228547944824209569558451079586358500248521198326826499262311
83533189557517765139463377962911343404822461070957510631545852262833942351
189759722054847993562002346723215134721337729988219139242229979958752273719
76660748671504052705284185115325909927812788921878311218274414585500299577
187625440521314063566115777220668972991112005978102601499672932399295513707
83754021535104092975406764769444530806762774253179840400458875241757239402
83873078736620855249764359918900449925529213495416808321727634672754898998
136504553085861669618014853356716891106065752495194804847268768968195533430
87287850451588407231569877729425784809636450104144579097384654363414916962
186067477232157204142367260841536330453035247475118906840672882655944067907
136726001658245990791122888182545172002159213089442422768215421289214915189
642001728677502777819103369171323046255027242614
20
