2
132
361278456165222783836252090533098209721106506489729463765675883846459636253
276413181007690286971627492673350433761665932918657803198555705532141403921
319228764448492388259654662543424954700422785519036274619831352325953233162
433798124529005099985913291628519993540786453455634148397229531827363498211
44531192667366991107450480428872502729895047811488602663844190010904674998
180461308980745815860431368311867873434815970466957412599184681753576709051
327569286115299802365029335121511324432724441826490150680013651686589811839
106501570373649152570872426469621924585306726511742728172105797804863105219
42539127887676483709756832553806918511207412544571164568076051208085755254
175518586809216591104516116943017200254580351885324495774057797317811230879
121196980033553247727620786068871607346509497295113270613295022131644918651
261447135428978900380708058432944564362526695566347328958147061479284726010
23111142325755594460387460967165609595415122016999102137975046526618831088
8612074633175121456979941063875297877457261601505071014515520372395726630
51529748805115829248978493379066642786174050694555804397390249675992517309
40816890284626859377918287346261936492607248702603975873223583686856581354
372599706783147221210023872768685561548872299017847933735068484688242647334
281621631017702574432109658342786108586164096128637872702847563876687476135
208238494966583405180659029584899644356965234094435395564435529579554075716
131227850022764356707442919327303791827635816809520009682951848275224144502
388653194691590309597063132263550599703994649748412292965061760789405556349
213181724217070804606378775999236505133491104824328988113374762096306019097
183685716066377769408572521792503616235623171175724930954911362485415790386
130112376341366174389621135188587424969741066327472492684692924734198628487
231887928476406649840431092064468623966617640725288759484953931474322579854
433004810240169498198974999050529797622737528321919187296872734112516923305
394948033220349178548721340606200688943283268236117534059883832056625035779
143393790634617757793954579782099285554803843625918607761381071785084110043
387521447953707746475655521504461041986358238036242813178063823511921266671
18898451518187193185776200007950007835475524068632948006142309230105814453
88986976085214093070313503715981343293737308071248485604667825532213567309
413718369630186010785902034239375916333132662096747806229955973380672061384
103895828689201782577531158813628383831833478252011560436128423795616279254
337796182761902411787055163088402666911229826726046556937810537443714351779
18551827908723606927376846367914155034826595457691574319568984897744875937
44580742472729323238265988115922135627279389887739378942111752753239797602
7599648584247256601883483674582988390415782496432361666256926980491087750
42275321875574426873445322922998954325655620810040753249963985276471817247
434781082438251471417042113170599798922334265678017253756700457520809388042
152662192809602811947317635307499392948658836538220221923683472991418507301
399093714360692698149503074701978495475218237816212532429839164883228898638
274393954695671310013223966173754606429031128627222528650275736437805174207
30877745261721840189189047311555637036742030294016673395825420064167873025
50955278834095800914520555512737189846674211598611728856869189816704924259
38187214518768513965742975840687072322801250338171742880886466112350083632
77941868627492514098838272513263834384401036389956274304017233675439819747
37268177770196522224362438371464782853267872928523145096217487138463707968
160073950231757796914549085156608331760189560819006269601129347270808125679
184240185069562574355651856588903924135344522562008741948742025169851037909
245560432806014321537042138293638598698137802551155632848733398827206835736
126017440652618078356550432562886793486549526871229868680946820182115411419
416556147529812707538143619618073022367702088130357134334700995183146185851
232943354599961621840175202415589341332293693942955262064541549416244346953
341995461659747119321352435973082233921155764899851252177370309619954967548
399011684463971466911911884308625396057734902921112372471194807488536919946
218482491521550236916591077990135537019156263881236465817510431923814903817
109778074067410539805215668779614212994723122392685867138321082062391350928
383625327651635562631616475354600244276575129251559122990053421492264295422
208844065562778597090879219049351761228167202950414707345197917003826446091
145002922444807018972331571186839844418962146056854881985498553956401214153
213710435798979073520018311076346131728182183096348875721790652490340521735
64460050729022396251512316287363040706668260140625971573250577583928424615
93654405398266085527509669659034009177740769328302055862177629633791671120
34515619073246893056871930022963773259958050546677166285443439038661383498
69928986734186045381856588812421970709350292919286661865473499605047648906
346926377954017660975648536044343674009046454418453235716521543699989334705
395920011124911891267378902698621419293605632540354467970225986626541475796
334954643728146836187679245940842615196002766322737035592617742265073999141
70961348432547415750041031477334061721134436691546129412709305833343145345
255575479600764913201754871397274251272908828610413136317222603148355556883
209434632164463274944364873318683830436523054547590770670103574906654262021
43659105112010589362207684207347875472083889242236097831818459990706192142
43879481294454676640322682781774126607200212690146338877350138787834348277
118849395002800124624787193866406585945673042486556669369733858229642584683
311222275250212276336441216578601060751632843641536586657633397884189649263
75413649489960971860314466651300124395192128750185049840600174749204664115
34502756731755114753884886705402809756640565347332581710795876037967140649
78440367135903406198983894194467139805637172915489200775424684534631024067
350484471811465984657144343336692499258024524170625241021076823964752299651
408830732940524188461747609237887220182479656665166462097686473371165480039
59888013050959982522940199535280692778658479486522232490647116088687153243
263585985598237835540520338224556185391460816822483520802026051350816177420
29542590460784900916013945468113841039987340458665531143382442978686240361
136664949859401352389843305624591435148417127553812109574684846014141585279
246641371744981765353270070607009585821754357785137702692757051222922712519
197757998336530916536614112667528643423024080027423232350665578223218098828
408240473794883320876467892061249245774466712606830265478066375355442565740
149407148907933260883514690796224736997186075314375157886102228017776801267
203661030761433390839638942577918977799017056135528066059963186461560888885
444442966241298671764700998678260569962771738798338874588470233976374797559
437613611992299221202426538927241077053358024898562222072710306696926774993
211087008054086207401320799856438347480995208779044952126161366700767741192
176704936136659391183010708151247243585168268842431255096886035865218336868
198029560055864240477242142004200987101977154121910187209414476131473293686
223217674255140262002229480585317337578533231998005506936765058064186417759
103710615010396042227086692630228673507673020565201482254021244500025175791
314914292699311404754965210093188500049105456035996071565031981522488720638
174649868132388950896176699292973000805647169680395389956870971004554727575
269513768640508142700187456491815057575456439024309721945732228896586286596
52058427465432913955750799587669547655733560017080938692267086874184817384
22140230358531612938919009387551213246469563687810431204720798531863319131
229408862951517128612044483597734961248556616768522065645676322246241254321
90357302448243824897851573920027341007715474284461885336442624426177368259
285136935005896293448428194583967938360102153928458347164041099681283147932
262540463032112482469339618583580837914620712000502341498247353589998303761
9193958391930416324986368879448399420468874115838052399318756378134319696
180124860821771236111713007020368179986546843374861312230305509463601443628
221852415168801701098807517011962403491694411842322477000880351948253389116
349689415629256518385113771414852621898231244994147169671798312379110929847
434667795941600933158971368208306353392630168026537191615284587941698179639
365706108824755062345631665901417373020570116362951973759527032358737802920
396644394857775795891187985804972927186379185258395426810607813780039264154
444378315062960060925686531902678126943185602901098677466950990829528185019
219457677082042032245046420545234799639977306949115057706093155366894018316
62057671643625616359314076539722892089061618927504611989884876195206740290
173244078105320297044686893892891376104450056928535095654158926584335693460
436686974501400417481872112617551812854414046648536512150971453137493102834
107877508322863253039967239941889887048567288508237188355773527929303756138
399841050294427425077225910441590090532225904252778803169245808624932054438
406371637888269879221943872436154659665256608698594509983081335641480413542
333221901308420782797204133526230618835486973112960923315422695853895082912
428662363901588110917199555685303599059969711344190441925919304093771155673
143335677502298615219748573162623214615840809957739518524554627678778030221
221281567129916608711293983303667492355157161249429553865035523991478628961
376380367990136969641301096284739127693835950477108611709626128569610430553
232845880386866788952227383740202002288996140240527929300637578812827461513
257618018756414878070516724084423613555693382877129580547657980593796721676
152895854718505402310620361823939418701411411981113478793817903014919583282
674075361300276000039066826221887401097188838206126102154882110005846621
228765438282687739840027441777894457591666356255036496523984962654315272878
113649538124286111209023805304817786384179624372231333753075645023483248980
157375040008094349936024659709600350078783923880149155692424179371754003768
759645175
4
176
216055246024657974321943703606654479148145130855078930067167526467956340340
182664376860872091751560799596113548711354167178675643698092634537704189818
138168383772990971952729030641219544201169465214896185329113364220802132081
159405653221357553600324233502117817098609022895081185018554741163938104651
101326867778238332660692007047704239865927368682460706598809333131493390439
186135952667357617096276732330325940816003081051380340683417864157331671351
133261653457921852944886442487066020014517404899879487383496067171993741160
85520705783293422164573505582407410338302880154237332399708827718713177399
207323939124891769486206899499062968048868646074607841799874642409029784922
138153694186782699693335134851086522837939760294881918808732959277310431349
101168014711836918238071277228162281195846467810132063685225086242287793268
200228620366486467850678085763449262940815161019935791994046207087619233330
157590251301585276969918545491143156014314559853919343291825858843797373303
92493415341804104902297797357543487366324102446205150493504786358939766379
193347873078795764070324545678538602128373623152973988000685967406666051897
172180785412195390393149880118127044239776142056109789605242220619555039798
120713790570792664740950511335619445006500696841008532960773231100740002160
129362429521987583745527304526385235681132498552673286719252476176119444602
159769964584555547286894376901147780525897970928752571800026385453446481514
189890590293198396258319755964969018561335124858807164502491837154425270585
124510474263690438682392140893588272728815379319872736853400299620389700690
118678555036416571129800202330218704994763745093159397541057465273748768816
122238217395022002570158542708113744079283576077908409639225101266881505385
203749208916866897169888421248004766054232037926923339502558314126654855022
177378072735323740569078431597789081389946844357816753651583726462568516693
182325326383079756605667706669373284732765075991847601316762637549803550817
198594012882063265325154430257546504433239529486925504259647319286955980369
155996139765118284465352338337535445140343049390018783018910665491597899065
178971970495768921072683207594703148731417464021207345256576484339455046213
193120012553001555353884797988013951257777667254707779095278412549959870837
143806950550458205289196131494623396122464510697173383784407557326368622455
216123637916331981622221380442302174428768446392758545648606326474536076104
182828702275858479943092306033210338869109674214150124939729206156127066420
154388002237602874508324406650695298834450321541878388902134252827724694859
196570152019827385008586054300310970116477114669981272029476109257911321941
216013941904249387721133800231398536241627177570931097675747526410146705220
150757662170192155155388012897857292800215139981557949033143810384821376329
208884269435683579680505982167472511189788142433639730125517416208780190051
212811740969205663273726046348961227257020468682291458514023686534035372331
195066973234223531969618634938297243529850334715991927093698379187517282097
136793945146497686044548965557635557821312557280394927481930460855441451121
205321596928935502433941669197690796887703402456396515294345373306780215922
85183679704381137628078166291186151582079604835253372732749813949287985229
182767151343977622464498206961971398904906348997408992817960327807119487575
209324233230995635100275039465156985701374179036090210018784609770937733992
156036608462875717260730645865684463031721889681953970594347323631944691252
175685984132002768007616094715097140547399637261800549907825840044136088921
147424465788296032823122275578200622288494939473699524747221263621125716329
117089431533110747787864644369137843059253552736521447407033918236279271506
152433946136262637243461637026424241329377869133095156687170575729386669892
207538514396035499842735776235757332746747217039573738243867429705988856132
120645527573253511573717723107118294214819867762933343079334708735790769995
152703844278904974524261031357160275812183350347394596194496142061333329004
152496977435136942493013960688098015965537334897140436832760493463599929141
119050336819273520494085322413163157263005823233394790535846927156345654885
205784633797705918910921320261206631565769154994969676683069824245523231279
122522778359374829662298690665046027344329228502260200374846561317784334913
177432421989371374290087396974113611725192743265929689043245303242589227622
135070260113938034101277274973578046783599872420422762203385217282548577862
126042395395232152605831862332664577919901580428878783806967406170800025463
134737194834369405669922296894866543848502982417943609020968662473311604841
193106583669339895619089534794665084239370229686358445900251036602183150189
157968445130286393355780214161343717142995270304451645323965256849842850117
76528920957166395487285222998076723646367870370261832005757307349004993654
171863006406417411063316001543747153478074443723974091920407800569649058119
99627986735328190627189540585101105713227603390407144552180818458532007249
194679592825983884833607054779849378356961815852800391655742885563970583090
214114721794980887214916866067646038571342023420867891873706581506795722850
95798327563980057939331483330965445810408233387150953392773703161242800486
150743745886342010081496873199332068140290879090619617636720564757799069005
134648037848016601556605016509156718259400445211912199728207355529258815864
175279994924144297930632654856085290818127408721721441050445780527627784248
92568524995519999493954735767741298142775544697874401516799852051175139684
207246992817476076206273729327147555185455098909844954194386676978280459343
175451107072784975716676010476463959742414867093428822478764798009576736874
189772475382877470790472169959425891932444904160255378942186645360023724369
88909571909519436462350884167848845199581167201556961075257280751648000074
138423296573413153088465650201978365157972352648177836023861013479606539085
157727562324164998991606452102516363755972203553675691259919487479119500885
120513289473382772570789886001808310542655875982085852987565994002168695882
179005943503891383056239848923957343618640753071792072121412900369674490970
175630550574401295826460301579341762069418977358257599029038714517941940850
87253850994884288657230418601074512342461398863602779142010418795706537559
191352950014736519085849846904102703976841784612628250064860521738956731473
122274201025100181983047991188363150607259674114748611291003665327651453556
97972318599878633941035947750901184732481317022545888972393103971440752977
131350082460908525442660864417853654500372108192695226413770953928993100386
83541037506392933899445123495041922621237128704460593334871157317435486584
92333866897413976684332242452489952687436307819573738221793124125693867354
120900867662997611135539028338545325413479307348483477899007423545711936841
180911789097774557066900824614963827633626748883556702937553915315460196663
210759985076001665760516778525798095494491243366057074459309403918573328194
189572890276508008436444632195092778451627906781408934858113821479030781770
127773305800634611049139202580297306119675665520043201146006881446559578723
177280957635285103730622536173708648014661083912026250729898192970816632946
133227224554958357180995019475539456391292713117132548808127514976741505103
125986829267144587353014557262108808566893495578703367497635255712913509484
133109918229878930211928632918098792822495374790457026086778451718808154713
191158974903668606675152474754033878144041628820402796017855757338832694390
94189678525687677570577559552134551820576172813305387609167706954015337590
133294888030651071513574420487007977184640058570748524671161297876568126793
191304962692300522736746849831977519221928747987644096557013606990693624882
124439873734679812023300329312570416386900604078157799326117159216735611447
207172772279787483081391086932686182767585811872107794408927893821498153028
212768416330408907237155839972945983841028744967145151504221605876484031055
198414488934276662543517049710127651601075254305994391372055202484938566006
116937728220014158580374457893745988749616527288579182356150963717080836945
92436986571971409962900711134016092734698840055128361231613436799801705058
191393850592584046283347057054151543655553557691906144755380934840867515226
83554679145145214838287949623183387485890675250811626719339342803443005813
124510583041724811702567220068889856704268694511284002803428193182435011946
216069338790515337006075336055208729475462864246848285779132970245384725551
185887520206959689611059968725922834015107544067261124857103013343777933945
150681092458278321878486381879309476056072944885358293947723251534032229200
90449499849124644844849386098082199792045121634654912737845558412125024077
86944599787162201241186581341262911441280264891353094316126333669123050099
152453840155101009546076960411626877524943132631891074283363505534599252311
148935811113349169527508495792250736381637759431243125152621687841133381443
150901945796664054881369187654269220912288153445185422542496560217907087431
179040584694621903891022398440053349331850698396507386882642276662140884019
101084384310182549872204004076860921316324725117270897628500885368076849230
214494611478579978891264743630286751531907470148468696449088385975751962962
76329062762008898892323926101541517508742261253836074481719508611482412664
76784151061003641109019471037420520260025915169101312396402149645097461867
175375624503881712037967919571328653397416300123433484788281266057992557621
194969648895921781320740122107301157585976089134134754068304662457565260612
194838414709344118672115214271925208310918602078384725144315214543256498771
180738410932891969197842566757240060818571818884214422262444480181287335798
203922210885998807591099858946915296657307985784219358198357745297780067450
143717229763784896249672250159168802515183319891180089883667319622704134703
216019249969924422214798756109250006800145724745415768288030042038190884682
119092388426258951080238796947970951744873624668064471032955621140048730437
127822992352903232547779926284908385973195665016912819284086221614974137929
210753756369416352107447090683974290771679311399283407446866473095734834741
182587730569717319472616868010308482269263845245346551209762277258383485749
88834788704314256588232606911480410766773983374367465456309435103672759672
136884504879853143777707960697529079372135854419981892832792516317762369849
122308495112619252464367742072256853288507526310358598953394905791270965615
134731213929566822116693617258801752101669239364290170757210995059539932232
205667948295318765304970324846059732376551349141581800922309083577907965778
117193847381890737785920014665658709495055621692012644798617860683925846646
127718901590070413413232003697662740542983695603374987112883405848506422894
99636642555375817365717492485351242065968522135967169077188818650394089332
202010079626912578790782458424403784802862097842166909622849476474659030328
212721805837784338025637094073489139179772758656501979940738311596473404269
143613001641095466881881070762622500886322815808303544669540875346752391252
193098527389274387339641648197362671930741874745722576296407280733108257365
191491283634064499415427467652592288451103107925532463390571135658886127983
92374386536029831956708413933396486355608405155664303452725011559624817009
138389000592262291878543531386924211841129911087989847883843389687957041733
122369910835382691710003313905402744754798093692827772594538198877044636250
173671482377179930848762406735270921473652920442361345716556740566610950221
129809213748137897604353962498356807408684123877245704250560011551086505837
83823197375523783985692960987348442778552654512628944995110246924721535077
116972799540812136693970593391672441434972138280270483515570024677461353334
143806064364755144392871833276351810686859850827600294042162056537921045625
141908240915843469565096213119843441905825928822299915658002059270511152761
175610817796939314008386700586339649125476309140553028339305080960752378479
211016857961966445564548063949555101034528209147953264774636276499436498535
86956266491870203992857921830218644679993635061701589811400339235546154605
209001549086334047026735415544867128659447149007293811980746804882812977783
187620264537722199778196575683288927427056041563079490514513029737372218952
177474778689745631379458158830394533258768296497980765401597032816731321700
99394022505023377563739460671665404800687701726153541044606733905643858254
180799507556130788770458265898079386006606087709496342355196904950950421302
216039981746831465069105376190372622408191581752046579007048985211935220811
141923504350848827600549457885622123607671557963705858271191840824375521078
202030329180023647424864732275255263614713442346331258936089252129838425418
189737342683650623117091323932586466273242613937810632394549433705241203299
142075637532580913409163997603021405999308279213180203117988606515312478020
198585820453356039117339886826283714310141409488328650778035593650986510950
205507563919368195910746184953129908258414480055128830493435761175290268260
182595601324483725720948275153991779161369333151553555279052026392141714247
125787085221093215567230758810457482496578159343962860784324369920288833912
87288251254507697682847419548625856331671628451634629406440223308577779820
131460566101971338604835321350421856377593015569618850317937441938390659124
5500412764087598397
8
132
220313571333777270140138779910507315008038137936257603937964683745925024518
178045555562857507388736739532077873081192828876062861581218530721940912880
200767246630335959072988943389845567149620952115973842259305585607300895753
139610916246109930978045640479070586746757346812174705784005847570401124282
19488688506735317436728685132344524068562390094498925279355431053928860754
319149029764582960286862892634962189888525307475088230898579060410390605066
415388762598556616482052129273348360077701101215604315124881316948769122619
52531389373498577230622839262959008183836692040814075296868185803321606816
241938188669745939540311991655852521707984807409512596714147146003539636093
74783301331157039759589694047549047141730545761660706127804144395466749726
29373351585619105322713536122648070595608938312884968305855493717208705257
161911996740922299081726803929422910092644658102806827893341175463735530989
206165000534575216453857673830770487576305147807689690748862495328073309231
152153831194699062987043759666748298388155089165376954779621299981686562621
145742111550423439239274971346093444237206046206353661281344549909037448253
107571813130172482807594241658437727221892021683521630852569754442738951055
129572732253535092125563743839594634881591430983261690563195041850897286275
74060805176815723582237437589343085898904495795428038993239643478781218079
223663619121554009454679666727943176272808548287269397037226524856127265212
30573106352816907319711335818939965886271700059281389301189505154075005633
107564801200812575446268618003519764600349188036274349220276896098887136538
252279280580491918948519366558481938251809924335098354289941295912359003952
361007798607173620895026265153558935482956031479030875522605109992933973244
314406360037131011834183208596360561903436940718500974132576827731268712339
154958165300781634246249870323922740375862206927675123854540622333419383061
309337205375142672666823575661837579440863254693250300069797851038707953303
385733141765387828028700659679133484996913128886093578980060671486004718579
200952881043094449894986133174962250848941847936277023210338677089290523231
255361769391210792815895102990740000430847529211974886631981788500037525272
325617644320663528196367251276776437169952698843276532607395786048100425061
46452323940294426142192156123766435861380246246297663537631774386968038968
191711382074526255068000203202586591276974061704014921206720931493232734426
238013384883607686737088020094931383449617530089489725552087027131247737318
29610977941839851775502118113253141548260601771870322712211310467705306694
47378779733956505209631704287129180593396848412606750416367378590398240160
96030798949530132773013265477206151369021988240188541704767370264326038526
436803452872870648972786273388716104133088268413869492901048915335543523820
133180363502279090035762889622288216396474117654300166936601322036143515176
253486023370551993684253002012617636604699481625285814908777340157752345999
247048594823777627335659592004751442714206288856232903533805919770636319061
404713681741223296647913865942841308549353977065648202215548845645205234861
308860389216940830804000833169471970831671694006920361047011502660683775413
340001457836505528489898669339528259486630488214903751959322475213464269577
369475668231529509539306064105629775600662230704461665623840692480912875945
242097366003056503264587295921062495913648034391669436120341007775297556538
67005080378995557849300513936124032801515279154807195704588492068726181793
282149701465251195822707083935803882686746141855098906971530021947510905075
130454404241280999222740049917858304508359477677119441692353415756627081040
439977362305348471443504872091373489558400069328872839386431578308570818133
136084306240635457352865833584823611998203398658862854201399176517424153736
259216386907364619879428204898086869885002053122022237009584788541791935266
289612400042843709260625370027559689215007320999906842097466527455421183696
212870641065779113722959061697131294019528217809321280327765868395484643762
115902654665069764928414888568274296058191639981186447245379051835158887634
156749288231717819574392922122119946665060438644686598491736293901934161595
132269569116955395391822479870322674939997872620536412046679054201623119481
317835415635574985830530811426585424867888355581522852252010640792651040357
310184412095595559454191180284515524006016523785700005388480801932245087622
115676019866908462582155226824429103831426236499336166818274883746812478637
438044149861852967623360688929284582452020673398901082114038551565374740741
204111023503514258214144151651804674766226556984567602209372192264546953145
126263291257929980295129210563235257033464542478398461962853211297447246375
107809553810256880078808528129147125124748224653447170849354413847742209462
49396623569329244987153371919720230136623581965133091407879096916024489468
241700267396156324548094661670802198222053919639935340144528419518745305007
318605023730734372322209229999423707252557629899863073336945682521493720695
16070744223625517526329208651550760005651821091241988730162905208298526351
183531082610069919839080821648579955114837451306327461583743300411177379532
29435500984877924194079257404466441550616976409053260862517778277929005546
189317762859844868079203465854846706703756465831586319587970462739500177992
266174720583138566380325238529868271827865815773630792672720597209185316929
435154765877227678128682185256612526497005871791987439494574126396676008312
31535112800691851733248293933244917429927413122279915655124924457341981297
278629653392183010416835687388395889567424055544866243177740528538227516820
43577984376656575859866800111178625781124609833049281888486700838383348891
275311931918018208172928004748132478130590421454077334941009229595323670261
133097571895610795413634449331268228667119053300037067315484117645703734823
369097913393793209977957786853080333473024010000610475754176006057829619738
186302209366450554833303346573565256878751012758722615668265220771511543608
244389625073215316154244010499459456780942524302330591142947621811671698851
66718139954484951141810563246496505229179961313605845702170006795140205387
178569943325876642088482921775301886380103431905957750983927997842551158089
185557882976700961220401863455729006193055559696789211190908396477711452868
135120835402213664508450661981037339260394810071527962366834074990303356312
23795332738094450627603893971963608060243860914375261705014248879926402686
409182292412606494098999636308513906869144217342070822301913966922186133145
336182507931142827644678593231958940819636714540573469575325094197760159508
417079206784044408196101389821125635612241365430486364742820944423280143321
5217005345915008839257898056671888136259650303818230065291929897981840124
198855931375534542654339245943144203182814619940413424718614006660747905574
388297973385926957015501259263946627100425980401375218827835003158369068630
284972015210697020464062520117875349586799766551031654232669409755967501026
62331631105718500945777281902686912952672276544659158645601195858888232779
35659352440961658424248122583790094985484593141918566907213750397595030063
297174043924852003098366889609042669482208843930989554220980119143604771832
283222138315373476738602661706125485282003908634683172679665224828928995582
92181557168942034654040661983725297363665142199342041301701199805656835233
446761310050351737365069023173315192290862322096432013224507028582774103762
409005796735445220027808737701614959648308034748249853896768683657761351853
355101972071654680959156402222781132999382944320849130771322494932290473117
425795801838421021899352544490897894705880805987044523579975135276965247619
95285555915644224762476307995680152861798158900915417959434783127106972255
144720146386227743201698965533180268766630162116007948283684981623949960189
332877530682557331671275776185291548178259027961411835798164361303010666565
93879285385582275970248032088881606011262735293664405153035869798126536900
283902226987329262234334757470406423126695984476533255977512952794148924557
260292331846510118645638409978176946110402311679973798550810863500314303254
85555661228758835937358010699214950108267034526596412061440993001646625443
247013123958502575070004653835920271002842846053100538385087668023867647335
428837644128118093061802243842524254689485464832940338995613193292231600181
266573310325750017380247030229397278395896019181452216790836585520431156612
451296841618882561989557815894273019256788083337392270871339195123252314722
170474055985792290876329629308902793592152828087070924659817145405344841145
434346151581579156116169124344671495746181496868197944835026377521901610797
391775902864044943000756467496271943725147445964704323384163822820838022488
375161132885664656958239557166617685642382566434505224858644345682405102459
186126643135529119550789080469315173248608508778684870152281243298326890510
26987806038302752854297085517058555340342214569681041464773215914289547049
427443078965609503962242295732867546942018408569590082651026660627884602770
223186303769689499550415382039248447921612649164368624526599051820102488603
411275552985212614166959251287682732525177340833988956809597803369441792974
277595324388901250581995921097151790960974767138908248526979644108211215016
59172920324788143420559999364957336948686247226474347814819826908707283624
259380860446876846685527098677830918424035486290685918885760708660865324897
393115605381253953577341814335636303401515631300745246859806288160383225806
294568238460808777239749888990247388668198245971107757775949453655352996921
369746574794344902189103141197549685232120976211472575694061555074894683247
45209735882773608761555610745610876049428506287948519951062923273900878434
432320343900750768771388238071661613786705019594641923906333781082104238709
108904210599890310138266669983383091462083598771837528570676521070992667027
160525406478607086504816412000591395596530008320361219068396070502351822541
346097636685298142079991816433074369980734445805347081944447458353713834992
562091589221
5
176
180744832680288995520790461414338077779385375169164164625154504636331738475
173932835659468453569311752372139665006870288313047479273789872575645631024
145242783711745484078407598583763477582554797723913151502125001394703461713
184209723232777042004193476423305721478923880970921585681242972248324067658
149238681392518355934318054006267275030774238486736112353521929061964205168
146995532846281967673306336988328423101559016330843722618862469243888621649
138312382202260101003413871746084948556528847084273540633117871903406637402
211085017141354922982822899842573026478061345768796110804787646734269755467
96240951450138339770720746838650434940522417399328143193089408126522713686
205708071340489093664607501480793364761964792394115354754567627594560987716
117063416972014327138537193633762685027663907168393875053044672253612476997
177225859104868391719093446595306591510928630910346749318294852104751364409
133261033259812419509989870698116417914415356213507266718839886208975921489
186322844796600011574021035413337623167352121142558106807555227944087147624
198695812604470483790352911867346113981936580184395708570379662944062949679
101264240032448218463308458150036130282461505422579654026955278628317976692
177203886303253099963906920716070067219844688949610779906353586076137173069
191166869010135752922412474562639942273012874189256876797940547537289508178
85418182162753597620083149969723578907013884091989415980669468622682474849
99752697445877019492372844284369415702860936981861638406656892499965409081
141894983365436635023643456016455806359527805043906754853884653895442516578
155817124982030161721566277240695798501978650786217313951974474551607257678
215917505970993030905842245458223797569576923883292284873424533284499453039
122536252423703196433304863753958199619361549388948129920804074122411454566
180994046851111599672572199937971916970691365615229456638669176684374221156
134662195713396657519682035141283392295499647022114681980818411803372433712
193313015354404165077267388670854735168551700579568109009470202401011290454
90476351942531371780711314662440904300667937343276855725835179768006268257
188082352760865456964994107318781076815035003435837196210207963794775766370
92458745468321972873577023675544262916391396048721170282544752314930379106
182753185985869465778192850534277105791901900625487773907919609519972121171
188067936018298738437064046088874614492999820776388270131648068579840124244
152330634797855723634640856272204766720145120028537585000102304646203725904
212803470975944776293242158471410132224523967639509988113832429805355610485
99482939257450094849820531727289668116622706842815568404189572779337278283
115331046525301070637072267876270939944368245386131721541671137302624958074
175597444731525964494497246527265978106436302067091666826122123249334957167
182684516684445680154721185257651731147123473904163016154584933841475356506
155995438276999633315164235067588909909001178554942826104877550294821664361
143938193572587082424264744777647724009803702221318825335440748732969005420
126187682240158708068324578879872968500359803220961628802352508493118519145
154319175477447788955964309377842306206740652262893879445883258663070561357
131348949170775788839223390869465254929988576675315837021711001426444301683
83609732302002903538715871280301427031634894089208405207719326396538383981
122445887432662230992231897391888767574563759298841343366575676731594002529
178979354359699671050482350278078019527190465878816211108341520020544058214
85204817644094636398489585576305392881518896114439733571771326340174923051
175652121600599647406119069520012979329001511867511922212903139556022636587
101555162495936469884724872737794664529239450239546945594913162319593172577
85425345507301582492525138110613183620149481563940868319817764874766923602
208863489295355080919687143090472018473876619551218492957787445920411249784
181034812388929447554794390344960560209586388825363805479331292396901717840
185914426363265800567511498974169446182059934080724698540788531754351026769
194831292002586688520583011194156731301723142934459254207252375200512571187
149251544321446879440615890232834091804973641833925643147177151356038769495
210809918776036738773197391511728899453602223042018482264085004830247629361
210746344691008227232623714337280813363136319866281286030654104895224966002
97959299147315362217943437629284219073375045844807960790272355606513469999
145491219313853247768480161359890633803236929898772064255988825524133127514
205481849276948870375441527646395778677290378934880414508872306555875508534
131447006523262346305044556785489747721029782532010837239381299239188776570
148991240576068955464124097982832222562930356418181800937426397040149228141
92492148843857714982210381767549148578048990600288749009559218316982234983
136615039466659460542979024231443084253720608750521409741600532364299625553
76535715800019897806617675072109762820506866035270553202686887691372744009
203665795686049877712755523361651714423201150837105695868182533181667952711
87110188080728978801280569409894116966062790495511137803285656705616459859
88716320586817695684039716275288632574147530430285208292756577335344919401
196419804393123106072509711984846847499678736711818782036703373637769456727
101106847744073871282939286645542848822139377430300536749204477241825244526
138154668621674259151185927670768172965933581664141292080376732525532565365
193424660787095483252012478843893942528556667228768636670513235001509050963
154242958244164313511223316241341704567045341917229155510068420064823309416
122286497814830300147556052159835465995559290420750209768135900649106329680
177369959806359746723393346836180412263370433287737508553469678459277701169
115413305516498286235001390668264184477503906155763637187689369825605409388
201780950189266672752633867038496734515954444782829939232366673315616355371
156029840761447998244320468581621443366510813000159614807928286444736379475
181034267904635329480666616388406497183107580094272326385707238421485022824
214156428337681124867748024131498743275643497636359291197916868337300433734
175279131485062114832277563761152118940255525438348549916645584591108272495
99774083195604073441036631497358454882566892578107395612473223552907507319
155809735856541085862720482502164680987658678614868629545199026976721234793
157617614703427800289394282906097279204113853241473811729321873693331239474
125772825954556125642596772055852885720834616239373987654809972291955404662
173773632749205076961370848199616904890744720019428865450442134040833832770
149189589119109213676732843096777770454414504903825329209521649927520284746
194920668464582271938126192076362737508559371196436285249588549209381090611
118947534313279795021991576672892545694305436800558782227193808341083059321
132867282397504979996113125119743112151935677052828637967185310477885526394
210925544825344213236898465984504684709494082496780006689499163572698315351
150750380574379134355465866009348374783854870231727938568011215779908962417
172221714916345398173627010637947928313298086170778534086785875639466816088
129479004548637491861110436727372032925458108982528037731402382124885816942
99394837113294772087411260865359346115513671110464526265303959661002973778
180773246881051004136928715317557203641113536107044909867087081945040383028
122605518333175274934467752242490435432596238810482043330178656162900375637
189524796450429101385345060554355948381604639351646946107672683046421813296
87323733189995531355245991645259377310417420993051451353532421807733886538
182829369541522163159326100702219302849078704405096837861440420970510121314
192981710135309617171804804566701716070913622135662343925291505099849683506
83617683610023377104122376201683071272352648236879900685428806975154780489
186114737689631199499785870079478482338588033243631958601440638450625176632
214487786911828622212571680616292182989936190188332656335533290538131679073
171993412187998639599684419044611268132501739756859686638960869789546066550
142116941225224217516119140842450855516694598567950078919541556982500836705
198606740719881979444698213243373637405295972119142814362519033696966690390
205446446346396441359005845119470171488152758793848424725795596095602127948
159584050886301375746945438977026735994827752981356308405895369966966626935
182463689467335957033994251114493764421441537572146804188518769711585117524
156209872548184195378035585484520389150963865403203724933017741408247179090
189724731863680826325667600741182580725139444139048862861765601098593294169
120755682642815872773395474364779371138983740517051077218653048267056756023
126235672716971596009008952998247962415302704268580445669384227290526470515
87344490456975219353334146186373490865986602521337802801363627158569183056
140294177986147209024670623461383333207785198530033269301937149220284741717
97626690287853772434449533442048711255599136211264596565514650341222272822
115220460794285906179681180705456220438851407546670119002987150303583761484
134641301650204641307123783374700765212864925610299500549598987479934325601
152674968372907924388012809928218111539656033125783492478567009418637700973
88731124656052015719471694617320855946875031182366578729122782292201981237
99621244748179116915659793967010452279097591921305330503737651546525754970
210816117687549653350281726804605783692879698674643087594709034485622200942
180925381527770933284876156501884988641983305481258436881547071556679711052
124143172664385028498036413922228173094911934138637004897006570858547408225
159466742262472953789359604496751348684709995786188412147191793493318856553
134884018688291186267419728545287852919771610878900664559257564830055485231
127705016791775846118772821279182673510292424999279805244257362028658967595
138279730432250132013131812550273603174857545652904417042545807277067421520
186025419609719588043134885499938665194774553503606038322437965217142615864
203970584384944061595522393261829936199685477869350262662884786844879451246
122252424644392863537789829136083776495439490010768240604725501057647667572
214343742659383973581917537199247788729796546961507356014184744291654059630
101217299700145186155711845668832078449756182584652392436038497155726592633
92333080331058058676568469808110516601680592863452892071482009798871245643
203527921869291944978673534054372929026339421881084922298733070173477171302
150881918572940879936532874482511436949274177041965726870565018301707020402
214329724014880389867708419150324538295230034255545166976989204096752510789
212347389152920987775474578609497435821786338716311849901426788619252806758
97723994295127456445744133734552193256837828807571805096690807608278280773
196639147146769857056269642040249586299146705377954070858616221551169910097
136725359762160054593254750485677249160592398955395701332884116012853644865
179136235328107952960404849201179786693472956671532293051675411368456968034
133122646933753833174600087216700541192987655621976294443486119540610976618
185906827211361353855177481046668895665786724547469160316599829870669279578
208980624287198312554957090908543754149333570662856202578095753920397923952
159585339170345591437389083384468025475255141158470436567903896905828495161
207309245856501905844216509410729013882703810115518573877469657070637494853
83390196406057059294349753616696275788047023846341865502236333573226852193
135021753699315284448610025283808980092759042186397506848831483030467405646
76556117432295010835901494226054503626924681424457476966632743235088308083
90836186671932768454582442867160433242774878966122085303274313490658190196
90788838570484169292531019801696772584323151619390452861764318955144964442
187619884053126557507055968642504676518969606154752733402916923618102166098
97476554442680514592689745320572817614578370875864095943737910739414378597
177024329503314852476877342061033626165327990135608713814754390977365436239
120479318454204857909110281685824323970464045697880101152016339166828910947
143863302316494620692865568878452954612171635551987709075553014185823523686
207338171025568988827706362089488359767486544479331154128945211747578563923
141723544951832371588601874510420208444634750846076128480479019670925494626
95943584172201221080309170663090720824721300521337822616223771071387288172
124426662829281177448091264552222638814076859430313536458719803032718235719
179289799511342086542801589281729684776723851463450624957990362268979130958
180765430586338599649951749306192600068203636444304319037278662178025851759
189847723639007436441862128460565066271275223677599683710869729353149532753
125835426514232476397289656595268627210084434208078707930099030169922654255
172144685721452261192659302972611437143091371046679509642496408190450104694
210595073719061715818700502575243251120106514551665541674856545151564009781
85397583710865882398061755916782797316957555700746548859638294480582498382
87330073517317285218970453673973057910419015255559933540773662644852246575
99414677740875889613923028256357433009693628903705858056910652753955797316
145222349019584012496508265406257367275844189547419648509257983633850518065
142019316122394918368558105175977793627338351873690147799893183568597304910
172075727660294346960306645337107921231110378591271023200720574703391496312
152482255311611811953446936452991927910174620579586812918343125069604668243
122755894504895069671699558554403465526075885727696513456235318072247809655
7454646252516234557
8
