1
264
136830274675356923841635750917963917642209941128753215819127930599436827356
363333655816486985919667124651446648869548857046897253678780855309556564221
34492868475151466227357705926105098801223782736236703628150417569572984182
218232994062243218225766954858987314702107215128734040595950575152421850220
54676960567380597014402981583245767357129977166729019501650555265168928057
4339753758063691803149285822956485405514047110948538470499748286212659800
370904271024815181555179879192562560313371364051351866143289977143393303868
310651873761825584303035075925318993410526306992300418965370959225840957633
359222663079603463648195773360551918760375077878260210445401032968093156403
292964175264724828855034577589185472770925422443587699051809952201061146067
278238203039780131455179075163989450061002996492011723089602704456368382736
233619402832679252977687315571147940937476183344247933392187180980075895481
224827817238642258598803833584467520617278829259083286986166093229610100633
424736722723264972621971696928485403295634642877149481392009456823293882797
442458697639031762440217814774382096786413275301667535228621007185649683293
273565056396554064819572075151170351682365169854170224662796680996153995841
223304637259973990202027651443784519224268725312281872835525684292764201349
440111291051899876947638087773803709531197929054231401858164781469823278791
229348997813723872068211076837442262338507057592736936623214955678185515942
171870050364332922364330807424406061400010145140408376948612976100629841034
18391607631335644114869670439821879410473491783331637466265960105871661701
267707356967780721441049893908433259790442498565674218300522888548913142345
426984432160411808406249793606620395013158708341074946564951221317956839731
326144602445844578345918341313827395788695918624203278906709590097046717107
35927358437768166465940154517897404811860082433696616046563714054742319029
85756461525519642945481334046007275375869350349850765637119328111711527370
320442062140663640033454381695438991765219796870093091009619811688382632214
256730631433469523347785368873170152131495621149521769491207973696035314896
301855470928400803039203059546395024005626366302131033798287235362533035395
290563816653962548965429218276121074727593640217576128263389882100001315400
363345443922126829550822523402986400721339854851352625433468260250781421202
434241489798788408555436427452767083836618124239551434729595203366666988140
48097199721907253503301478115019426835582773927906602845963719145857086045
173150345509876411904136557070819220025976450484612820528650108670078286508
237555493514934675633194958969202209992173274656212962175455971665839593678
405524551157923670833310735809361900032293865108259591524053458054517819354
418876225172982679369190862559382568094993194823275116698536201584389855756
306728412450376390536976805673629784379906827175491965502166198095120646059
32540354827678958860406247822235027708340453881402434176997316981540709569
124621797669385619160439679760392839409182319083191351218357243833636705719
114610931325989591286757480889638065395910129265350020741190380748930325756
404493865955242291221890635144687051327090448791498992612236628843260399899
112444432107949143026987072371240272437375355382366956569743590974859707297
138811851607761516239602874625005862907542759168710339555048613675997243946
430364961526787556690951164894217947557556388276557368700658436395158972407
390279509025737177639562418308237320837791817283480882388582307787896616725
100284895097225296366140731481135686167928783813029168644460467590851467356
51669222711032711782641642088356006716504080043492409283026356672774623120
50690050094949890588926570573344924273256359130284560384048992729683000959
70745143100325099482490383888861352411626161847587329976451643955743234927
18493222396371017233185863156089400303930180926251412302888321837880064885
234068401113551775213429131940546778556809848776781234732009884650013413268
192239004513915848692166017535142139157827037460370683176917737059791897544
190626993856472528187036550071259016257192160603702267116055274290783119445
212781204414110020635209209684215583402999891347765700732964523081499232469
289210286680553294522316081000091463736246497520451378335518711117175286486
233803951533297722260205971937277667106214864968173391129093808855828245848
199052606020005479455149137166773761282982509147215337083419176390243860810
52840589107623390409442569735515801091145555831311131872578531568157277930
348398844060877641067883301896853814490507089225162592876719893264901796720
192450602043909032835685364608831642271543874699583025355393791379445451580
310446083036229678397357823603644176175315739350617547920495672045077971440
169520506038268441082242758342312044095442881574453004106331287562473647601
221748670703473964270723166451500575728551525507400947044218461478354310879
145443524881124061289782363268820767084576144004317882877423478534143650288
241676838287387681428885072235514155702794162755537642476364088912724323858
296736377091885240578649953855782172351189881063993101974675356567348129463
401054350119427742969770136565270838288188301473983632078595737746918317221
251699372479915403071775877725550424560751011003671972498564430059772876079
292776799400331879033103222188577239871972771954512081524448108768338368409
335228045608859333707065821388422222573487533207709047743257583543887258540
91075877488652356338699194340791482977869098209036110172728192874406587545
271148608799878674239403619034270126165752953922850779833195672456687718658
422429617647314680711448207531382312131634210026945649987981278335960213918
357317732344887702357689993638665491350224050439057503403718266231222746214
185118132775095923863876200936839170607226149484426389053723560792374493543
162047275046954812841413051503051627725386974759978457651103540664101531776
241941501479905668800418557000496924173187390214073718862116589913999816898
387749228751509151908639517407989093912720215388468843872945203123378685132
40721062799095152004489757090668180671420762886748954011102517557976094128
85585739184640757927300456642265376858241665654336755411558805938303556986
90726091628003797913375004925764852561085415198220708199505256094222656474
269280351042270483038014541410341461087907109907599754274055890565681988691
366715755319218234490399995255734761262193302857737073686604359531559714973
203586136627041363153308012268065109164263207998543292467244996985870615696
106277566799722646396729472576101425412350807735647993834089834796770465648
412782102863219477883294608699042842862938219418766363643838351523725955602
348478566254790696031659453004545956313680261693113167174083376827680489308
332583130697927607819814870292117517605796390248860949275062567923675755488
179302867723954642550798945227811498432670688266587747966766267964146310533
88194251549842571683868861793569720536032644127616914628808783246268002209
124326475557469392823864901210179541517719247355964878025246557514380381981
198218978295344638604184959178946863869804411561625021516445394290079298298
382258361776959369351102198798963121472169563734060023000538502344457281547
67169348417763516256986518354194096484738126955599461692416648584317990628
322571943583803411049382387442410270634887119630760079196380152416918431443
452081260461245611783480622900594761901471736210116911166780897722610392781
371294807582931664111093159364424500154487132410304862361090323679794540439
156874694200753128500784088797760969795512870753129218266326855986248173679
414127983212170681380999629857805749539936253562236381276536436105461131475
143266886664116986940758961596616660635398835773590490315297522505312170209
86507028412123708423551011792639019988471732257078325435397417549565219202
403653015808305090639723988352508496438209790200999096026995396892954130050
348388250861154042344404944865809296925769733373327565143504668461726427542
182480832197628854210714060640951376292615297623022323063757146988700505925
132885965205823045368944473001965528235515583795755505558176298039493066566
189561689692283685800258956256777929830705001595734771965616592502587330963
277299025548034411602962669333293931244691364140783453047667638784792253657
221959836869995393788291753465044716612341106921393189770599520963290578628
156021203809933463133686964766958026167576484281259172122820189462896239284
396961026747114564545303086562442983866381818067460677854381318810462377001
192861028431389111088928734780397234223949483407328820618194596427535032729
12419953433883586967510173658520183372137224565292987413973026786816117985
13725593907912895367487805997554038012000234238958768084748597647275822033
175919606331404159860145329592915794740601176534142965288694469665141095894
292937913699551879770249845790560302141212372612152240702294740913391900014
40124030987895603948356353160922503205372871047941573350963086688759064924
372995093928615086657266604389849397799470251219149163269217412493610217240
211859632668574123892934839005935722949053332393598485201088307116951101918
46031663285650746143690514315865000570796045059688813707119404340629737793
240300168277856330922401105929450567666995692911482863036175672485852794767
318874321247386826193563265105258412364030724711662705850337727271134600423
141219200055656091389047702862324951768910676444433554363967080042242303409
204131368891742053408923837372155895039825378334815550906989631208159306928
169659068945707440438892720553445133874427795653310800288820391721637311900
124261773060152177345591980508433054829781620824293058754248177942308879
17284055772743305919962825199397447441345559711136953670727609973379837302
166455635762455776743978165985758686007224680023898766696604043310899524629
243190694185750689098618744206465617294856091075560550027368981480857102260
287007022424176899100941576178432580722973169353500785206971589780652939858
224883635707188433992048448845224362042071505550454180171745873945613107601
84007865882538877365468552647357797978307167373870796148781838236117376178
383211560599896121806313062304485412027274955101112254970505271377060282769
169043541188129318304418880522051090731358353728580405384559711613666326463
152128312465530600342925799941982415272209848918386128151337600431581111981
379698242324976439903787054320304614592681058906016009868869327548682385705
361605942786152382725457244588318492312650265591769294139310034134520126043
258049264118974793036650475504346750305374578748488016065997271836724969357
433121117285799555897695784263995294221574074189258040900101985854682139448
326504761768937652097328414464471794726140093281045117921752498737184790172
15474457542756662236087572910460937091535068223151878493479445218520058910
32326098126798109688899696717334127626453202859170700884126834382249810132
351323757081251831383804139228309666793209262430103218447450721385800004351
254849698673444753385269001179549664696196108404974090496871435364946658993
41676892825726299492176100957737766011172302315026831519957312538157803821
191105855025336691427479887053200985237736139587376345383167440525633371675
253397500038804165404513672814550159917659310739230674114738938493276377504
450392795143899403780111134806807252458754391599093564695456915463959199343
182337887536202207639834729597377746524681533267470657563676260004446459667
92675518512440780203145761752207698084554599714342533504195853679899624075
247661317458639010656393557034844463727676668636139894902407804187963590251
84026558107755614654771500758831652921675799746881286649551653762031388061
222887988335423245283752455822975085526007097904810173576128904977637800171
76749244231730122535897187935314152152104308706003390435490048168837967929
73860869908266122841080357435540621535502976377211127865510980620645520647
372687933063416944953470703249107549983215920913572854308572876052866594176
117228224987492034338184703374148936953876688547572109854434555370744147904
406216714383987873190196158637380585702125693997638198507505854981316605078
109574455968615871853847301882090522598368663588166568211943104649034651473
427896201946280509484125730537313978164590958106247625349754374761987249821
52961577377815370526391859672557264164120354747641752736079024878261553620
41003785251968610086745301391876000497072462613726800385490130797258299727
372940127093859416383450909325304721166852765914465793151762328160521684366
73003136355277523542784086774024718540234353708867564268568593766820423256
367116014812340074146468442032626910026047486410115791118948215589088361003
274950406475407990433754333289087168122639706631403293031239780076513420256
38185609329209869432085386009093697913805066968818690031157019089041775415
64900610969673274537768177307415530674888673927009933082901786229197577458
180461324668655329802501669327545551419511545674688343417960863010233298101
360775894693137921129032315199660732640039350309629823776603842747572761546
11650000925479536657048204863213371178409374917944152978097585785761925135
165343356808479601388146171820536047126509289243533060092658131611297807926
299466482378521928440869993496859733906981837955598926507639698905029053834
173947247061488882815812709401272270421572177642678797074545910903262123152
377660473791239787402220672966601805668592621077900987645531744729636307602
429812866602846680128279100580478764140234754844058507563925320621757484146
263753226270689884606088528669594021960527015464024012960874214339109151563
280564604783613631112043427671457362184888927129661022754147877641342407318
422966690075619160682252254618831244832322788140866826436308488721215555894
360555759196405194660580684384916108599465749955590232472948326483160466803
185755611697176389781082721363155770073292910966118642025972589300058427887
376584565857924174734814614823461056138864159777643055161225907853298008362
159865147631853873085178941248969725862513836609005372925716612781523037609
408974715375747659510840623519158013462281906348650536314237833033431874219
432087575890446777817819106340138920140596924452955131713369109981768291114
379740775383643175448487805619877597615430615123165932602875833946588070268
103438367395413257134796547839048609662543091702849354788176762112616445933
413510477970337721537929942445585291676894912116151538103361182486632221016
252399793395698283997397836094198694178290109067989602140368011355546193630
168031618866117511986709799194036335177500829409610360966589340807695704120
348925488665761796016943880931318893809191109187441824990314918709154984461
202358814788636693202680436064669344643233223280522782446438202426083356101
166731195531583139080537617174931043029193246489215153178544607453936365839
99743328300212904142805209830315733112132399767416492968278244741753985285
254334432852026972816141304284974784780070068394068108130435652080996513277
275648306052290408290565644837906290753068209649665824810775289608485733350
195122535520239800287482300754551648491439574558709428416504793018500098705
440991564759508700214437772189052181673932037588071288486735571268776888329
398447268656322217070239367745698061094685610245022482242868385965228218516
413647929792509368726551632602980393490787221021292874564454470025389442556
221284425471123328266950025719517080043517248621463931839080597677073348142
451536228169525996225124731448330879936131205651562284516835964561304284420
441198303766340885848873342563414760916579150590110874362069577937429239821
377391949674694825071180393588596178628621047490452840697972703446926769744
269309495536206928832624316536945098567594470054444872756203417811225357945
379808278073443733383180221782099273408438306262620859606398249320054387902
333143159093190008801133450709824606959344587478262578194933454347742514069
376692079266670839435842835377130770734003609453603637938059453588660942525
443741517530106767279626709418367000526094813358505937542916533575555486604
350064984064110191996311101245742930395319001186958444287513112678889602147
104775434442016233700610887671445578060238493385092098730977388233887722710
143501036743703123830903966034404204949859189766016128169317563683617850262
304202949681450381014411232421980611594712630520514575203051493160265167954
289647037095782797140716351996254715019815000790789369855463900109847590994
104355383348951392606750239425144820599931120345459386322719186698689278994
5027096815801441175558578084024207646601227618556720379071143493444105915
134706866978423692056836401162852621733747552063193719162197977098628530622
332195901112112354021309551149537812016514522156974717826889646101795389664
48485806451909909702756533218082480386424142563855510017471042885305354681
292726002127840545718012291097171573648053722587609161302118806313097941446
43971135075163788545976353958214497777134938440020991623508435386594831282
257078808311583877671801852034354153374518237856029411328543922069802862875
438797305440154119701474817246449873192224671553981116334574115759713344292
29257340616058315057461505295710441949497705662652371583149883041018661373
346228296613783836928797692419196318943128247501055922178049664982475724070
291330816807454763728270488062658120388977225601060856700865660408499033296
62686862691301560117093880417057491976965497261499635246538206677476422756
303050696462003393190840008538954602770485651790869508112817472017726950543
364751689929772477085241249801126549919077783996991927511022488142478794182
135842343651906430973947042498498084723954948906912239715776940455305241283
148592978573650103632567153886207205544294707443667127991414888400507225968
181592026412962991119682059539810564579292806979388003928793049515054424646
103676083072206996458549499716222211779214528543911195071273766750480361806
301916741758313286825959387538422114669145560061600953277541225863922960248
12389545395353765160281041799513578136938133999614907483891688033981376371
370925409533214297479383676743052184147982754699771676663286139670270463466
402578608538132400303927484256857885352278718125356214005105372125889231877
411400484885697926224654608224814885843633593649762462246124161523598638647
427652839464100175476482520088653944985985824128174034734488377272323458678
278570346367060002423268600829944650800203507809704321545142381003253103374
72778798258727915564195154350366580157201297501613495636255536084135257250
165301175867561661859982422780653380062626508485158388142004242092455398639
99520441710152376210817292982641481026064355325720702628297602816843613336
294046655026430911824046194940852080875985507951445300941369969708881636914
114521253365061932260158644346873117867294028818032481402179415522702768944
239220493036119550295395977183737410545960168470907564733408748236539365851
282375760644475533251556959954197256673887129556605695501746735126115420759
78483130218452702840068500888988106105315438087758768761358741799959326264
363609704159544693833049343624619205343551093640861498635105771498034234631
100430882958816492436325185109010909930240268624751687572755769271928517124
196407140687045777885677565866034341429589559968144047483379846152559597677
70568952576107697777000462022449311966325677753299179841043350177227142819
393783670646470916743003647134504503728574313839062379529512776252912351032
11264828789974339663337622832109156527928598966151515170742255342318725487
438782594327822373635762540485113913424507844830761330410729483178763655205
127713510559763209926908322659793993684974085656105258814925973741047294436
411712438287742894095129491973652046760787462576736443558120051571165006764
156738622040385665075669264218608893582027831833417863230702448504990674598
271737958935182770064240006366400002717353486011060486715679242444339417280
174880802584266910908770864241962614066203125650358083609117995976283995036
188304933140386360003813066232281030074908360066483526392729517938087201752
281061230169383434022118519110143500888522091777480759217014029175624784643
199602150655363753276236541663355538013676639324547535375797633841109612718
137437846639660597189907957806086161491302794381433559964090555902943674280
509231615652208477
8
352
149024399394794091065809906900274872981638166895837651972447697958091380344
173960362207588917130936258322626925040251381601917945701429505926815500374
131488359288535601681758864935913078289813884512690941488723783808697123170
196744212701639155425950890140836634948142373068864961220189652576494573106
178812606565055584600096943981348589703108077751646906594487573878120216676
90883959599585134322841345531387508965970783577909094313975031855911159666
156285903690888158111347279319406571091795361356283173998975091365821239603
203671863780285839728223033662665449924239416821798501696443849998200631385
85509008940035093657617850818877150924007853695444062061420449342885349477
191207768382648156216402605629056528636488598980267015612292687919570309193
129279368573998344636770862139444992400304831150628406146248629391291468145
99760550482597654650781710126975062882072844856758808731510985274245206394
198571420350086019789165417312679007850859582043140951310331378304698700852
207461410518854318469861623175339435647574475641594418281994940584628342856
129776433302179832646360212157373475095359309872660645499727184338782419310
97993024889101263411019431772914629244995920582940247807608312106370756917
181061955360998242237558240660080393537864940189276906283927979371726057550
180676861590657089583082116378445080224614288842801578668890677536361360225
85107787332398541121446705523278499346643787202211716178971352178061431108
94349282441632231278417323849104645917181676655438957601737907585125020772
193389233100736520613780936882398044501355381281130616866768473105622393199
155954968890079502323510250737483445396022454601000713269565050077581632579
182601421818413418668330864893026508712249572061030066313410421895040891512
92354055483907913662862068486659786857026627054217082231486236304656054088
182669985274058250872312062142306988537650912593436058456489733573094568291
193209654804691738542873781763597948313019693440197667023745294861731911799
150922008431088562751331958555081229871270956883165289573416539329616376935
179144431369514181962411525838213876237322512052788538995109288703168180550
191180594048893408160844060426678832026480685222658741159394690815452729703
86950312439354760278806420581856037917472699158373123890224270701708929128
83562742702097856709371935295377280154905349073397208843233799955350449970
214487524811266486913674970236680155402727357136444728901011000843004234618
124164770347797539507158419593400478309485033074181643477924100392589088326
180932146999594262018147571880226410134088549340082374909894598123192608056
126118392864067015127194923434137703307731212464580340475567286757396738351
152474793078418379600303462444877616411579401616926027440139190820043507031
189640671475355445317370188448959477524794069911638996449808487441509199927
90898135042063244511938925571742279500165075001078475824970781248101044331
179122783151469771788517242135916815909448203687636055196696475714968765261
208828874202810676593986232346459042302619401030589259813058880637525192777
216227142324633947166417373246822253935807236598917685209927416520487743569
184533483864437118313501461130006086565836194028733335195451711376979941242
138285206376876287873392687227236951297843049360013764930625991141113802547
180807811329999777234373107539769280716132340947736767449476146850443971172
157954645627891592250140224084650852758887587176836010954750958847317533289
136747411761953117089021660475294369973383328995694551245161988074548915274
188102200214933109587766838423387642826077114534646225091044621336812545113
115689290070756025695810701974935212269198351967633377513031919444006757985
97744643849112634907208415131489684725338054660021467086788198882382802790
210809972482068985288058233696657981248317254861601511660682452086297877112
142130449841342740274885148519576992344910925813851779240419741985693722192
124474375421976415020403181470141939846975203345820534761278905371722077250
145650392412491005263397436226637815611865438811419535288335967502731658616
150901701681929850296793310858744628458289107353976905530187443742831095858
89083139626965414050792933350724778762516191510400679671953640874115758699
83872186442866159595829458042667977737638283747222893430520468175176615266
141722655296239047962602391086650450924984791140721612472049503712679914087
101444249071208592745571584665919227012551842335399837102931260525996696175
99297344140839864416933008448625892844302043660178773552374312710387624810
127994374739585069345226200519914111230431841635024311074306393679532025395
90656607531441950628392931625668191040186654412288101494121740595997800293
173498753671678832836476700544417844055627556876620451645866740019796209269
87337079318382225969967594022562826945137377392036945079190997825349708587
205466861243570183871623897412281334525892121062378369944491776139249134417
127739335221259471052211225954101308642064873041772732545313480830751237241
101230997561232427320373284663718033183048245171469346363909435967962376292
192912579870495935420115238626702253787324261795770254902390591501752685138
175444232817080956859347599276268243418234843404421354631025252321747825713
184252050772654283985566585913737855135820177149151810980262259833609153387
119167393515452876654398630465296470276351138320888629429175227444687566154
101210400385796136338716315434371107654849498486769036935667031575832317493
95874970061906463459942666753002918283849327804542447983293983766972033110
178942987707751218238563196713515683205031818374916043635024711597628607303
156306259294835200483146088408095524815162993926373438603720520080472889190
200477896140137026889018938479609830806042853314952939466345729906386158690
134870105664621155525721635180363397846136930134128756635576739878869741913
175438359770280035810661163901913031772745313266034698220892489448141111603
179005211558429434010254714335373028196868838525538772687050142489357539397
187984220553894554237831132752179867894733511363235062254266175349539884876
141929404174956500668466198281718153047244831025638536646889226992541388407
173699494604293047391869651134978910446770150032064784834552796992626705509
191284067982839938193172290678282575423055563875505165389120558972902009417
115662631210629256108033041581833531274672812741746156610969510918440315763
187639999642912253249591914817685172845207591239870979278665867951794107256
180834553584644644046590478175229069526305219398243805670387453449028196685
171718745932602871323592211175269041255174581663893141280164863191283090531
152454759016346516286122166669302768802957922518349216300820990553363792494
149190178106899843954913632831683235300130660856091579715312554581798564947
198213259555749026048600840151935151903576694522033829905012644690403742515
194872784314424719024705464025473118414543621354187259545073819497107246665
203527902511904437292551770426457861445367396458105224608610437830573249624
126158569189463333742563593416474985829913757725598167190884723755764569462
198565492527694293937640984127776092203409662006727057152892252527494972755
203762102180234854143895298883027976968962871391481160019857223048918226546
134648953662250560210718317450442448903380465353655491479874083200438785092
159507619747291954577343135671373647131542472143951718450903544604750084442
193196330890621476450513085911243736228771382671418654570515205994627487029
99705252143181019642774232602536555125569010121740964547653943473216649590
126277626085791038450937057287541747355368865138599987069279368964971001722
88917637461644553587889534651516043058282551415570369605652917893429229677
171917984474775846298291821194003388227332212796937663908012207363975308121
117456944452601055044854112328004877892953287930724557409762300481124332138
88854604910974837894944736199955391568469886675535224119592161005150370386
86936642924019697151130526896407663226585753884621010691761865285253622339
88696669632013810497319533840317472840270590252587088160691112477629505843
120659415531736906022358508986584502116304159808495634291218550598237104946
154387575086008448390446710540202292569716792682957517410326428778486454355
210994810113686730289607611299242664232844032339726306452184120213801546038
136388332235150811941435521852304350362670276557410884922898988968486650712
83824410465237124862545179038907595147975064369108106461553046190430774897
179034328849178632318388085012955174890264877219019651010290671193525736757
210982268659239706841028466222478964526121047442164818195411368372201407332
175762845475850165035505842338255311728244339405193493033208586181177988678
205715861399234999800801677128100739305029632416884310731734432221280302931
152572627669613458301220126057845928770087333048776769967986979041626976310
122294100929930840551864527205811433403728805958433172711665848643332163923
212604532286331412228089221000062081932594183484551982162728110422800160620
143676923380597649092316003883073562046869387232802393184188284579752194405
191643578581215126013712784417214563510931954011709680220457257184707298407
187909621005414719120791165390951203612132415078812247640659380755978859078
136747354786372287629907177508702663845972174766303054020977545774733089137
204024821386789943823417472114301543297936012312111630605864558982282704230
134786854515953046302764709290311401408094007897444323532666935809355502456
188027521697031158174386282277865373864547373480834689090716566199355198518
88828418692477384495134396745780338230515753676852607223396084056870515504
127677297860182415486215478416767890200401599491781454501181601671641917488
95936438009222936510703788925664329435575280519359638408801114916749924437
172201198940296843384361579176891148184415355316770850276868749761590944340
83436653123291684854407470756142722647788393219056478173417273925543744111
156051783523545421406047372968864034449504203195061709477554565087024994895
92672722472656030678724827798230478914536235194051098948224108758893553977
148865745379923717527497071265476434725594023413733404553998216509283199094
96164145197357488194745632431952518082205779203424954423998337088078048097
115591804257864350891340515436334268620145258243639288902592464365825308502
191283417903266404779345685191100549909784842478103860481015556403721495924
184464331920396186987141879897653825284277291851782282271288736783466055491
94142176785474618895874244607986843017492921758632779436353759805561139272
207344890048564285892341633200862340474003064106354357058096662977111607654
179060941266073621406182443057822560816025600206626706609364406992645272658
202001671912705815519913024619850094706853751771227599331507792033031021638
147492697208991735154572949316693759979380988127458038671766590722629514578
198448885284567192836033275871013966027219799539060046815343943104172537448
152565028237891396704654437502441931974851210175444215868366955792827827779
207435068870921550876587605428001331292656200053116660357544704519852414042
180840837766505758992629892663439172308993364790913328414972337552079802488
194859982769055735629925081996900069860544818211762680784753836138530566242
216275345642557199065334035039222588103965186498168490323682137062859371381
171979908013327702389484705819409441191456479915025668510567580599583658352
173726615454143854586958710884546806369234753530683496717565237565413551171
209055308182607181110397431296234902691536330063653625885483692684282578252
133275160926019938663279507560902208643031440958182525344583436497507464499
178826280815755492304372622151965418483302373394611482908252890246644594258
157617052847049235290735955391635137292425023429740551311692401722752315189
186106896466257765765683461562334877851902479645823261825809157072367338585
184271159694199331182257261368152079497995578742117283657830367820935091045
96149721705755270465432969869647712934924699354722434223370053860165119075
85640031959927398519198037965372267142402227507255912437407731483581764717
118706029551346067312709810488651867476068706944988791439993498082869850450
202258759338695537219065244125755567712887688203259764289941268884237088612
92258432976587773805455742016742011424684211176496260991883578509227083330
185969450665032808159620213033368944094810632667504975687116417621961099093
212583094491725014945007602115087991339495137600765774676765995040058396997
136664264445842648427128036834935648469772605779538282697014176432005674584
117310799653168147304456318812668087337166580359008784179226308162396051320
175279615383618723236854957448159309021881287582273220183073512404375138133
101424111761710783227010793727544763822721849361855053935690187456046386029
85570208757034323479294970493451337418486875908678142868909882968833731430
159494652981674962922664908730591290087420022667380615862113445019875239760
119064838310796465415708735790627514433072485060595323689986788454710064750
127587553884145985106637041141118671271423058678108954727141362279080539700
175645521031014646472340852595568371997108174953627071888258541837086250089
101451720843795346105159462667214897065347068814381999203725890999343539504
196881035377921036511413291974007214302277834479760119709259168547773296482
212396265549696625662109323591790104250553829393476835410215466927060502394
179199135203808207148734299027159335717528925389269594182849086867536376421
205632095487914560822852050292172474307337436256242517233960537189423151481
88889758260888521428231788090668479950516074127081192032381422177275178578
193183040400520117409737882848818628154741861973538179328521991348672557890
131122566527290577138566157103019613769530239674322730011486844074370223476
186307983531986194420639984712387737959444187357727442383619803728512770420
87385660934955681710992533234892904314150008457263119631117297015791053381
187902156035023911629929615178989402491843282504491380403674798230470932043
138376383744898988485632369926251178174594069864576288585826592740155671155
96109897358754036001197233269473590726635629015513416779600253774197304142
101285238548422277098357160093555987892240021059224283745266992143386826082
85176673466475160851344873124521665257750138210486382288565346739754979916
124474348750485056723330137994985938071796729291827455431268780662916797776
145685090283810743522548974198881777143707600921659682026054641317841172325
122654122598568297912951950001250605687665788448063960522239489525727648088
136724925063071326104244698998479879911315753455646623978912307413304112211
101513295704630764276945134271394142736671492009290620240939633929943859777
124248427664515192360620020691423271100831197701801226936192976554942816632
124047711704857550177116078399331190083374829461602797407332874896676964463
189510399321478213298675877124680051999851021231810066032631693314966188079
122583303230284323114874936520599742228428470564083880640548173323629511289
182828589817129144878865506671755396090760109802089112692095223902188619623
83852290209149243469399112957464402798617395004331766358145326264177411959
198481747776262322952874779940423621035058988546477730086317864492624014699
200110564881425290427826568448495955909032230730523143637813404028190142549
90683860765854135872033455703306288493657633487756830824430709730232716108
187751397591276007941985650367914469988374331587867396442445506727070160469
156050457552953870229519953532025704455983589056790267629689739106168491637
209269855018079200719696042497117119348783046610057848082722940187004778033
211085903115548394570076733853983838211600633680637257145029324103258499698
132867305487194408224364523930449934182035328383295920903090464063497790070
203886354156076668437268308857722486742263432348031442422706511156170143332
115191666625899807382762537374942960971060325348970666384733097760746730051
175417432314542658173968237260898742457742350467079924519606948745612121921
143862920679090116039294704534633482375744051846200028310068345715962245231
117201801523793167231211417554972459798310936574175580094719147946685252658
97895917994429057666346528382723846690521883947387085165067670230363811914
203658171916509996845769225531374570913495933085584716397067220810122683474
99669554749543162099485561196725020615934745539722178167556930683557923394
214502622457106546327770780470053359887748155297524668268093997101942587713
129790122431484134396854293510978885308629494286829455878705131880113000034
157955421674699300488661238133926365432487254991904234395589582768558926928
85639009173498578966745325367350696567318822680903739710524356797507450674
179053763170848850912038347859175505033329806610241853926210274323313420101
159784121718809299313966792937713301736694070364357289469503500628375402869
122295102026456023131111780136042214608405386785195706572233433417749393266
192953505825556069934481168382343845140501665646899372916513103008736311632
115653997699562381831656624644311745183563061170276948901557880160987475818
133046264225984568706285831115374595898814194386882092871107798837538222680
189655870786589041963968358769834394603620538053795110247198372047541664377
159743007898916873594839499298081383535782156079330928716828503220624845674
90850880486620039167751432146419020940291048711937918540830452114195765365
150638902432329874043686976190092819883339025794821606951331983996008878162
92609150685212801748406418446607782816067671515222054881277585202187888464
156105942573694190658774111541585599705714900599649610362782901572899532386
202244307435394125014900760931098954275236780795961690834217298012277132357
172098179508705645992885461209386159507518011964114312922071687716022220664
87178338288916216388736436451146393939353329408702804376185944384126407505
87253044851134592542549979779853578689272552284689371957819670720189852729
149004044549500634398586088093663773149997158633537738352402915625232781434
142110122680431207403974291935483109423204930212939921008689787282038142579
178992161496089646258887524604137910206854331549051384911484802248100433484
195149983343155523708173348347110251108683363580377916720954580587337036593
201933269878980675204587127456592362318280302263852811486716865868600006228
138506006005975388285889325491786543763335532609586035373642689498798438517
119085844203212486374918842229969528898635609454105836655939980081083012730
171959013208971224386640855138624639556293641427707750578826051039368007270
214508172431808140764632836215893501090518676608847968648609103634238828143
127940782883743601754380244314861707226276925041786560596922677331534373466
159488231244676844491906666692398103877879555458766576072070128044396917360
93997727174104205917566187088901465109091299611250278103522548775113804922
180544973740561809328338482768837737918098602222673331392799877547241977186
122418356050775844954072623972241288220772459943842211316456007832752637030
154193754220047609235145877139307878146350518247185857906190730001236969016
140350146827248505146002529455942565758551018853457062982407954137863383607
94101546552193923250734669364923926672458592624593130116014041652356017718
207054798838428276819618978832953017416171896185643114412079129801878365036
120837181533964597920135707807935094249667464948373738246673961346389849957
156313748796425129799512515166961674381707738870817149663651538483579871829
147396669367379982930968392672426573252478237227980520385779282947345298761
150798045852967920497653836342439754775901251484011539450056962833541788784
149259847375759449624439740532243018550338534063202373511229673462986519366
156229314158596274580042920788538916954645251132535211178846132371847596109
216123261542101034776551774140950473881928533169952645605666159815406795092
85342016707707311363577499698436658026732192806578914832298648019396018535
201927475196531832625833728509782024839429222200132764208018470173116749881
194803851622443634443421293926862470997454299011394844354856148466462782819
118885584569180683114630925284836122745083150007608344800246478384902465860
152682331710492045856939224861331052863375847523242053654102882164450551159
148796129743542546736968200056135177056854941271626050211815965748122576714
92492416350682859238216936831130673890892330608963125904611763710118357346
92610906254177614667344120734746789490906313464461571137960749456956355947
76534821706801429280901472459192808504116582620348761499484770046639821154
76424581434337271058391638879244957531571593612147573593707262499365214581
83402245196844073907569265036064719149375355405924609259932908800399601767
189585477814523500095059987011512966558184847341722533498441309450072848207
87413782148672519139969294046829793696277612224470763630684462418359381570
216089591087516659805375244276162064723188468787005307607564064373089121617
193079595178837896039901340192182376346274603350723179571938791372557726284
189593029466921795552339796866411574773083488188110960244187427349361874018
115537993269282780176140137579336574582245962533297924703705874442448234800
184203789095707939035502113080502167505606802518258385814544940146528712022
87157334835494921505572751961014200894668795401894915143787027230520126263
193341544655836499612123421371840020599070478761874385225878090858088454000
182553623195406789766289915500741116599824645814026299008070062074053605232
214466625252587822549246269206685970956762858451983114624292726282778736746
139913502885538248337687527963755736980574664812743300386397319972114088298
131432340941696714958628142427779806623111810773447965223393671072172820277
177279774249717022279998368827358512508518211277090170108062300091827107918
179240279335173718936656301207205403237642818715309018339883196803871887955
196418314248541470155682419879840512690952347943958403123360389226920554319
157977285765607658413133209746877147829632429769389437352003996648627139953
147223448636266588354413934234357811709313862557079851546797883445968664918
156265147400931990592812098839714117335246189857538071793603204885217567031
148885855191139636737725392758942201505359411891745133777235283874560702789
198731695966350517293709746888256732590244388924378399833432407186984695898
126207312984885288596049592138071242347704478184592761580251146163433399636
99628252517254821293654205895065307843798414149717807861747094021757693237
198557670450624418888436380649262839620737584009100930040313998570410814283
216309582246087398186130968754693546139769046458093476421267467998162596964
85383908910624963234508826347216770583713253778880923639371298201259816817
191423208160332711828764044550570109956172077381522303099713909529342471010
76460490186362188906146700100941031794582502833958378116419621113738249849
203651131059625653296907304917693447699416918222820769596797623369170778453
118988031544994347180071418542830609483361641834328859018079953622228489594
117229433168335456126982067880788566438212611869527955615635762924484842861
198434197287480753982820364397578147929275607826783972430331683389697448560
191581915493035688555144902198024232179000440710919292790151277983759885909
201960692264764841592207070846089045819504949101829458578854398079717699127
87081554947701810744535928849711317054244749769108290294206757470505302352
216316406799379538263892428453898642493273714726521495449197101264335489327
120533484869271807753482097507264852084627043318984417440039211863027054137
175514084558735395712633822100596956100137483758180787022720758132014795374
205460869159671205300142626279952266589324763810834528715652946978557617271
159812613217207114194320293553285938018045068910190713795437478583830340961
205293773846381606619260584709058807011944475547284297424774752060312940856
118726219162513828000877220192089950505584436034682930651424069609994669665
200146555335293950873844882255019147049908979193601598075607422757501101108
117435301008465568588271048325268344251614891813876203806744020969671912239
90815130842510726506202854428315351650367282223534173330300046581901517932
93984053542166884530754517559111290783318097648200613463573662148617193577
145587545717008597645551805480923934563400595508368534039222199905299101510
95950866727485758436274838824295708754785030949658762486989546555635166023
90670134874355380278210647716314469634414338727234580571553861863419572312
101319746334855950584943145776571372667174164201874969170731010617317160790
212527503183696048237219750239424229183350793731540699951335860383506920271
133095115666682801150073891253964001370544276782663762754030286383107426403
155989212224170119171712196428997872122172853037435152974508749493114206028
152455888917671909275778178704475045598971651776528415667630815402591988590
94384569852524869646065492837171666614292387421615724813799991805672903513
198642435916826478514263386493061042160577080366060748998055547532521263463
200333171049862607440287821517386262811761012211692322842727879705426151225
143703588764197219531497136973199490277170163776353753080595240329881941353
202208639724975736202535105187200304017892004408929999857930086619209494114
194748502858129395255556907758400270382784915713698924573803157833358069832
87046342821582022210842521830440725125111071167119172279350653964946593367
214246879793800915763254731322851991508144270491828591804250435589259095602
126289432217657553449593357168224127021592617009993058122568312684222174536
140121984595791465435023606286648863285499139733354405366578580000957164104
126236052070004384500210577072474571496624724755432208378738930389997550200
184506575812822935171827887222558700583773281359663860217259442546691370840
154077561286965482978232451941946812688670542721704708017196057387630748010
90910973877486663683630418421098822292962306656448578531544820241982237552
215950098097530471056897933463914943184965216628272026777867065921023390842
211058678321246012269142279683491740678500125420182616020823668316326749240
149252992685421196624471404159881118505097512584078882795151236278942066540
147127365077493008494529723440980146342834012350428146841001044329779785781
149149715966049025170514890601369834657360069606676547902853515376238939499
198476275445569210040057347390161259852140734016956005650047804728961290091
208987013785932152315058473013795426804886970880063786548242157496742131309
193272847649848217153254041804208115540326872811479722706082270187582077041
214508547145196029851007798343884394040837152638607508237022011993613226073
127568008451936989178549751115520953307182285345488809779120335804190770277
127540670410637977649160651032867833496558359074092679968991083825892128345
195183467698526001570604507833462853920100328576473516031934922120075947842
145359036253651335565054714485008332209359703828316932620360615760107816041
131238196889472094727431346724918337121937034160764785732280166519433492838
159728583257483402079597592110128999460302591410872913753030427095597198191
20571409626219520941267955773
12
