1
528
382119883111068062021215603230296050186524949723264964881857869667162219621
199336328116962805561257428215818964890707788877423219613402768021078635147
209857852329478637414991355639516655678279417168736303181883273342700481963
158000602785307707723064425347258393509226897121157538816347569061584689292
27892610954439685533655433223970678786878797770712614067563878459730347486
311336845896845031348665049430419700137144553108416677064816409585366451728
278977766153919643870296465832472910048928824156037514647361004803281896607
365111070906529929320724451924234497712571203265794502150318230548050484069
435870904131087694159690961954748489145397374414965751443291750226684558738
271494005044176091391261688154494083339580831176626674490763381642732978724
325714791603126242839403985407264243800922075602380117350864816970146041970
401611068111195629308898829220916597630336545696016608355780023640433823451
356990664740575793517638884991406762713015084826581810800585250098568911671
231311450627903365004625852341878635026435411838337674360818440678276016383
329378127088476685926759300400599483340441589675219406609979130350043228487
38626802443232253992488125647578493445484119177700138622000679883913881207
174061169504348975349391089907738629848547826663559434144307554903476725263
17697203804596948372206434315090103768560239776520117694687742186443643341
365402341161782237575128853386363386836457121248888591719189632996642568384
416303764918100867461080822234404224294280615359201355438458752693695579267
295698490144862297021748992309656266215835072329899077953191782633376148299
385952884730157819208734827598562086932607748255096226055490134619839354089
289140786636286472463891343720284759682708988491719647345478660055448079466
50854458488416318894777770482149237528182045283144443050534686454006888846
171439910972654958952971653041839066999871075842255873104158438572400987386
17977398693402634267550673676113718605656470693292739692006624414992162314
243735368844975368807999761530736865899849739786634127857396712859550615004
86455824668679660875341301280328459729844604054633776816898455119798239019
448299356330822644834150535595415563250526284269671420727893392642456712366
402363519637290511925875141010698979778752069187021399456055594963544347290
205697086640093878726837138830177339612793059049596691501779718094328234476
368834339962196213976568026136765027399172518854795059286001882605973782529
254050704342846464182275211284413344989744330242563414658021286648455097190
390126306539751843662489490403733837237320373156133137030906138751747839651
73073738990324841854275718035046789752298009045392936590598482803507076534
242684421591049350753155805057544436140922243217209729444585833228180301998
440341730675126830227181668758841165524088964719288182355121316493678360603
246834681043086793864258619196187231931077177942528015731829879496334694469
338124438150629112411236782140835492717264574317285710139143082075122667258
112852392628174372516317337859173077083022961018374986949993933768101017511
349696729524996969757499568010575363561616491627513902410335031902398035827
114273089882122141316523010930962605249483175366381747941817410641260307407
222233312337486499807668369233168342942835344389897354784769852769152256874
250797415679376393391398294103709936035791770300179461051475396117785436163
127138396630591948656073640420194187703967622296528543735838706405558864220
359298318796962492172351922023336443157751007838687471801934823958066762072
104831195251315852438808955611138597805062368929455584284463981648519918055
89182955115508335249698466761886883194232720460472114411316373514417718726
94300002233194412156117926524793533857515508337785860484912401444976847202
352530848720543943077864954654587729527434925572598901100528976809253753915
330594682490816194480542779333300981686589565390317020626231620523687879934
414945875669907375198932480107793621388683440353995966018456639228740866367
66917185007484341536141979210279206480600090456241668167980985066884560803
137822089839403305651138147582257446223950375615204611422082479042422297689
206100122849212448932247766410188125206780162887089844581062744575914469550
15476866506117016653678528503755329791368343528664221431725674252191977741
229146680213979411512804984772475868508767590135824145061992809018311322868
292860891277930310598078780240237448395963859981477857325375993897150037631
119413651543112080025625675576049075154957046069893973628083610943307000018
113520241157083751548554677011369020687475562184635673291949663475283377774
138947580232234732929684656916047903307984019790617367245832841350453092160
337375922454388036799849084404780030039418575982960317620422274196393838950
70459529097305722431552836808447443576147336420089990986341587914787560734
156571661243541055208847055702554448032882038580707443412530929020552330899
70551433343153795589848776993910064818724935801519865808468570139824762449
210733183936986662834936361476344145662076000128404437654808684662967335812
101793547980712591394954345730659908797833079420886387312115303192072871014
442047959450735183063468829302294675459742508653684934948548319922686132570
69934382710650446324754774399489142981855824235489783351372900596826543593
419262204533609415519400306455073997002975082987460855048739978151734085463
157468610271558382235968330031953736779289205294327631923526736940381470571
368801091697769993589962956460833968151741539399330035876935146198125105389
43182417347263488509284015947459845951330667603413077181581162702010046379
177792100802770290337734293176877929739469383155359257475890653325466863307
9233533579375695091547206979210507803422294212065628306756448443742167770
437202695799678230238843500639183924113640382975929483863748529270646923665
387130508854558444047428373915877299354367796876342558340972965066830165771
207651590708747035761254366106610581791713649211603317770800603790563473639
114729341666922629539914020136680315570162971450476735128985746517142880775
270598543098436527111808929289715903684208367599699291314527115208359939171
393690571209016594414571563437690321840672083029346144202251522510175286646
250293560275272072956934277870145967734444361571028929085132052323989784622
248100129184955312737339374887025334756264169533576768774922139214858506787
449767419965243251416836424494219494729196338897378942057024581082347043588
151797897615689616218635715005768164101143222069960641577459576876380460824
432799586387862329887959410394255616306315938753037776915315469560067019576
51942374382984068859770987271460778459446125529117321841523567646468849527
13062573755135276309187147157369236095703329923278302179377262313945295266
191091319751762029465721197511423332031643118069637811339044612849418093554
294611954645675972622342990891923541785287686397833239043264875867665872771
215872325905063968511408209860034545064882942259380354512076040455095305819
302037030113698133668705839359351657610955690021705817107097046919859761220
65767426939309559099574943896526372719443737742146029150242398919138204848
402473347396933782858480549726930177326003858193547664078529629625940426741
302720211570531903207321395807812098637465853537551511301149568782566151138
179197688012107000079218973064316948811701269894969786639788017482117030240
388884458422123790292906499547566030418579607083638198943493272053129608030
366202617309722729491776404353555317894058411124570050577931928102986858230
98521291561667132836931321780693842121287546645395263608766579921023384326
3793504811567436405696106454563639064389768362871995111519293623137426915
155070136177839065892848098908672955340878218803490381457524112975963354476
178805057294396981301286713295521006281472039922336258398976404923528794509
331575626256863143416350792273535339627715736619712151522599754904723325840
86047362598070089782770407687920538421272315732423289634970558861797459771
182346164105058264226792373022587124250032997165534827691577535318266889826
61284750675829976277102448884443949618593408867753790253557221985522168627
194589463226324831797717131002104205633200474546438717336524191227511483756
196321268629179669233075541914236535379051583671239069294636643913485085615
263910373459201047661747683398971060278376306911666069159756072931599219330
156545587374403927190539555437064646803502352460050398890299192611378362972
283711501869774964083408384863563327307539725936054921570372680594872637691
185063003815162284397326979081733153770568475122267186455577041123018560949
411506504139561999451965399126323776203367367889252937276544049656241026945
182091412273890073269773050218023438379314113915984693161852762661602648726
23192321118187014581992795753269955582091419645802367890225403951376590374
228241723945985458182555315392345176113097171541744574117552179040065411073
151872276116001152592009287277688524475121188614026906434614487701776828686
403363094975323977773957212727936651644448846519005305288419182048647555488
235024290500085958863062421343323618810750121577587536586668845918357798174
304184098603530655073358506420732355983772780224916415006438020244204251342
184440947473245569715274365896537247456011797397575352893706324870693757428
75069712126119111714078898379407647412456594612924163273729016973964963196
127233094428548780477873003149142386237004661271531963467152362660961417965
136419673287096703353037806953814223123403667697486829018583405999275968886
427750722121647380732111766013843972145386363708282659915426581767684837284
100567567953612867545362895428208478217289574103084293915758758958969206901
335719569647104164430503102116274066031813752877734041269635447333838357266
197713057031115683916458265337674831426143150047034216436290621763706090810
443502788481798137661415772245432571396838781904574417713889077286759136379
363284903524437595083616718180562790812146095221920537183864859852086024726
336962102716749157247611477556668458005062082288573237246201456213061547741
185938364662243333318770642729584497829249258050807479530892409148836408006
119237070273034968641441390808830907552432300373229750683829476838359503617
20614376498004336748967248806609115281890806592265239501465449377484240803
7671959799900165421063498354848998141770142491195640871229560721785003656
164425615589203301750003530959580873272740175987929901996614090326692937060
393940918937890366645340141342640848487400130511784321862002178679963185228
311159500018188587608665012346423993631285742012302419280030799133488077742
3792835482432972977343574540907939163112654486964978826292099140770668399
186734708366580161955226994593822589113160354039041385243288894069762314814
222397775922058501550699069458659192160129679404315763949310191486730231971
204643463715725265136026499290558945041513242564677952247369870704213699879
55709555244242658319845616289874740244089700419521452544477505192853311077
436668758204291201807739483330148338803293028774762331921424772238551033611
358023240361600869293249240321136432037197525879205047409101608342597967760
264072867083771504682994219935867678221022754263260073967098283605209467303
203445701928165274400370849608978832145215820527734028624394824522559522979
207039858896641987634016203182501233872511921899601574519300828669839539839
221601576709916586503441383649571660875850817921517062524745504697023079888
424748704093444969159988752594557577747830848034240661778849384235011405044
220754928438477830559440129769294374584274957176668847152450090065370901609
316507541319838412805790086208920426100757775929860902102402363303121937121
371019818729027185236364024320524168176911623004413998373871360699019938145
260496009542672824916935404446085346477551315171537909016257309018296132174
444248414580024518129793637325113248219155429555393162060835057882161806981
408388662066545140253036476641371986513631650743727219934363119659564514266
83442312971641132121606457230676898544140179175702541527473795064193208247
363999315046828314116828194525970338554290376335544830549691712113141574859
423642965181140186947013272388240999985617528489281901271597856857446256530
66471078589851001606007346984441072358545733696978706599544525006343660964
52128133845897360006889553978152734241267404655835183187249197464440573116
245313772921515969073777848490868138795351592147891032019063845222300114959
110683605753513714059470922726214993651595950414114798815561357037112331094
210607201556010163150818716425370853127325869448903696957468012176594905026
689071188414489733291262707181144405024103637767485264923780520971479965
149958771517987952475217757139407729891876326421951100733691924996346232274
408020488593414545453061604447095704032861333014316414118141982405745132398
317369923691192771306576698471079076842427743924552227459755418073613318383
40448222725617120965859658601496941968972161546112286022824074541291084589
130638341124877669915752848599744438442458170499629829104744635530187696873
179803140002689527968475343054875423251471616188287910423514004676653892751
275482698604393320847706792713893494990967024400371385093995649446270464884
139399474235640346063667102883080020500662235206843485267447603926927094691
124905718490770818625183882152781053767377096638636331843604998043955218172
337398650266363232651720340858997956955624050818920081799811260576504094431
63725762471753713345528348164170411815079324347648341756648970592511303636
176526034506945009167537087084660929037026416708038360482112512901604185334
6389696861513922742589784261397904128804506734242809324304365749288974352
310495950223008535308435237854481901691171433782096515557879529954439796912
231544494742022362794299963105222456505724772861227816924472655862729505791
275118715604701382761395362109507274478751729799978649842256442753522327692
55256688874788796630987904199698093181873796585944350334101004973326310262
89491668975547607991244620476859352925823017161643740394042001989432868956
127449992496932480375754818675924928469084309228000557702279184453666449863
207845017842128953252835343457534848331413866259163289841990357520716535289
168203025120755126682352846246199681372214551321664901120385001848013798848
402338748430858660155390049539684339724640429061242570030290859883436157500
217254957452016826749452835299579639671144048082980584986602354831557601821
338466913183296602287208662548267238448188157287318783631781031650729650578
6288614894858799956840879020384079381979200566016611144170814585081687981
122084200353552638809846332992190074117451506014965834271775041942912660885
264064997861957555527718756443642554141277110101796688180492519412180222412
83554254396664706976678105229821651327225933150192477873492183114006164036
137830722061479877750886616513856579528740943906083789020592447682326117043
451097939515015253713304607416416812437184946511479143841935663670328027018
436618868281250771225206510308116869012502242935715375610553804878696201202
427837865221400216471991475805772240482930315757644591324975787712440291308
254095728571580777439999371987241570517998057554583001482462388988084747256
388750789357034013832419376905139669902383014371248134027257663784507823020
185417143284136781285998805790406003061573462198977961974946597218057806124
64672335799576337259087290295346337479022511080843319279841265554695959195
119542325853566071723796980405831762095608857404222320136490179425828752903
441996464794948431625393063945126830225454042946304495646506381821600936725
146848849336047854362428151574647790723328209969033960537225451389038997158
417652339186084693471334443235140561341171714809018403281159291305466168836
91028129673055654893415001411992871924164549196432711327114519226553785677
15991287894406882553317678198380764449413177115422071861272923854156454040
158362515973641316340977579054657685008661381094286608613628572571306801582
250931084785621580610235931213960768600676128808397489534635050814130185740
394188296976598846684234331053927410373351291096255507132866693687300265801
196123508966904092095125365315736220102860402676363922851124701001792135444
345350179532912649533341587540106830384101887740322601803774462188353856976
310320190397427832589492028170135970594840548021376038988767612188385119576
91105638890273847676387121347918489402105944511331583366445769735101358094
115776472733154213600745719537902467224386698847876065348709770389016251166
273961212491233956383397186142421405751283463068687812754796388483815195759
313286365714198957752013991339539425715332164396845843352124093742452937300
224627933402443194613831295386648050613642303509657846794689931829161683669
237155550138623057978342058023987258438938890256859814533137462688276734676
221005565600786644458166534652263085199343958561893934650988025955289927163
68497287089350652377477586056138854282167233434692163155034587328467624630
209890281510110267362341265744417345573979150264349869697481214059279656562
368137872219043761020333390646310413469945297211723014558899387157065244867
146327649157565177964342226718013064087596583977496976649551993853531232128
316326601269056320828829942397910394775076977868721008549113490135251026673
136476610953397613536250323642384446124430902082593222736752941010356403195
117176386116629487831060120782425277336077297560517460151322464765911912647
435216936326021929117264310768981368479422087802584984738117346940693215943
193440705483487170821932215600558859007488385276885196436228217575219096825
74857638256819233199045745265489944921535136711366911866102478907271798992
180301565215171068659426731450492500615144705289918202306135557076815222378
333080461405678924722332555166431191542008663882447652835912368957400674621
346316844511498836807620524383681168021116611039978441502350123223070471596
139994149069281365545135350966489883026518452341056503374384418129835081377
189535330946911509177645030271199549963370502913845059034187273653819810134
269480569109328033822420005190165716752704760225112343349142184552627049305
234428453050918266198793527505431987879200233465242970223699312533875978488
44166120414954239421601512709740776376775929632141576751653397932355303345
210250256695812854606900489488527866240092354182260224418303038207414756250
393099666657613304169096299493628101029611678892666441570858136712079239064
369918505048628778746266696017809923540571536112644229018912117098905415549
130226999245326459880628958133056276447577482409935117497375111436687477303
397988461036690246992735236774022166348614391234700009482826439878297726682
88655867949128291978477445799770114290675763538336493419125625066070195054
171205407345131765395304155878253671147802898712659903358018940657271199360
179578087195505343047093850493846415957612331506231558011511730295918170656
122648980819872725576623243093787935980980915756745825756038957708247921414
315232029168862185066005823216094336756916537334508299594907486371709751311
299818727381903418689645569075524029464183174338722985675797102965443874387
188632447710482509939201986708972328936097093647772752089653421096881584046
392613631131927228452509206654957149116345089876633496176025755222674186050
352268577057244442202685328520844700406382255509659874214000216194589172438
434668505627921492516782911424400455582276330278257084249727899771293107805
345487699884967920593242520018952414864730958595448634532482185301895955613
320214463542255188847690467721055919299157324573822508379366295024545164647
356822098257041410871098567756912882948177226184265611535064535995200004454
244365188788670018842530809994979672120264094971812824560934104060232603765
446208815610853786728730551879086897589712093140393988284117852439654208445
197546331378512546855815597978737076856712797876926679080516699988504048687
191982051262090299168906851811924034167014698820525493425224896360676358023
315052953168605554924046097924511332634229767678202724500966299955901439076
396155285454448161573096345586203213576047164487158958569647799269407959206
63849281009390022543516242570399820651522690377309519451463657062385886832
342380736820705281682232500362074098262832291416083493498318239811502839675
324036446168829238117017949906662779126954817911805553945350378107023684377
264081575616968063979917035252392048986454713290899681662281493745596150
427619281713718431328528113655233138157032970116639877766273257462416160435
61515981444712388498301597713402089009728039882577522557690228869812000562
15547349191558073593353481474596138705364442017152024097617910608032696111
97470914528821329629424444968060060536055224299890623386108705069300823626
128468205513569616132437749346326822837969225602376208707978676215072917202
297373023519288484698970860230402712835255572635509037648940474731714260583
423196298402299659932000462592732293897762944858953473787350800310582468914
297831808807902603947693018848391033869434033374393246728837524786268125280
5350455736983030787118301257537136966466115412556978201447210378464945106
284819108202247380761275818886524323603788765106003843269708395790241133589
349504423540898986029524550726601130580387501739645363099486356303859627618
322935653227424907215647888344855677036005309508309382233588826411061917981
266161856235840375440353957984822507983613638543741159061247313228248510412
397866448270148593479218092468274855345800772397961620343776435078625328023
243986349979527269124838835835817145828147295814534825195037993569631244131
240638215016901057856609086703105288328278290970722037974966578403158012320
174149623721593537031116883762151971698156054080770419900857867383635892199
208270146784243380513965970962080383910124499570290468008950668847641142834
150803219842357525465347864658945399587374385998953936986338289258275119640
396393718432780006171027245477277711394805889334171089481777074480274258764
451358352408476330550157191898534886511805552570051878493458645394086095340
411046945025286576587401265838694692033627181049559252041498264896319539553
411585221800484291399905798270603595118368727239692368228297037125448130687
48456841274929876541444692692152400635073740618479858761644670049933717266
10341877366780293163017611441053221630367416798430799467513860610689278219
74374651281581031676665564612354735625704303337121779627642209988881740979
92896792499044218930079055020562557067716603967245608643034989194934717798
331043571734205691720015387278869169868867328449487358977271416448769941149
341586425963653580350028852214388050343814232147403188158579507085201325557
189739320857770407984213238148783785360600204370032396292690158394340001035
411050816479812906849037347051269602852788255031933602512132249612476737478
54502593127045578451339745833358181287987739558612449630267346238464221316
239154976079334220988477919890932689936333033369685423374279649371237701663
235608199535502031169163575727768827308914996075980911609475162415338206726
63215472562547444431517570103919209483254423720619436873482582705834450420
429091528312060006570878401902039727971663742273277540941079712704213323183
126758524108429721580505643608136834810443016803094467349455655707869732636
240516302352232219744232603225606609418529008655815606998635962568406291203
315321536019379935858664249263179269578896929337892760698085893462195029253
200925310323662712045280746202342170171095330480969274994877079699728359053
193589020557310610991376178213913854123876340215793237400152876769185672109
121031591749798858500328227488080376883755961860315630362232901578376775392
397933801212425120378138117424079752530972905862739607454262984439618979833
331148905875651874629695773053409678968267119732875288444069484933898082822
33452671197830142871262352042709355474136285656632628089297585237554960688
375115598371826367458017176981341043040296448290798752850408786053810124963
233615600806160245522849416907973253393207274046344835056442756256669361972
124220433632137239584656296347349755820005675620309555716006556074330153321
339779327146622511503861138345025974976485785959362990442676313636857220135
171715562208095110663744922821792030603184584223271433477569465315177999345
310372864716078178300599059643693364601322913687055820578956192536896939954
383353864918567388694222693934091849863815252227128256231081274139034429332
449893520221811793738808995515125096030787875522382248817078430062399252238
168502126325100815989615611374302170142949562993526568046380515096190512520
122355644276367542484182062739346953170017685663598951402280884840630182415
231380185094675026424197005554722411745057970024523283347803812175657496142
89722012133960534653437888241385717051293740282504285978045414166511758660
315407875406963938740838618848328465854305734226648819271539642449413076949
402454790160995674309748658840263374838219928541183106889346781893202476363
215078780842003482532622975329004401204416956645227282835557562939919776657
37428513034556377274460358634844047260173613121055435782878063725199921350
55304332080711944283864639929372427552071874435257912280478160653891802147
43425075346049228518960129739247475395855225423213622761022110951004342569
110831527422314985077132926635591983493897827173654635113575581297864827177
199955014523909528139455683688072457292752777049321619763364657157336635765
356085766305646975545664427309567639175503405859471884351218762328786282617
347357529744912497576081468641935231498511340868463465341512499147363866017
429239488386893577417145588150075130993998788072664280153241581690983407365
53524410548330588036334125181497137969387889639041522021414880580326107968
365315163716519849740539834750038359043520780211015336585430105255681435002
307015662212805688314411128034162870763875609189840783876578029137881449359
433189735316939172718147815694121476778185963786000260663943406928338136970
108709892946620202293536490087639289263952911412291473264981879029152369029
326136102744919311987229292936370822782218438000811819223548766041851001844
166463845405971099647243606872401708924057219520964175498809428555311894819
77680015878381306838449138118910143688251268993986455790059738002972998671
207544636994994163313692974729289906856702100129047697395953594848228472019
444007126378055842459293005700552044584934749437175440410343732081159624643
125847614015297501569926508138086275790170544116766740882624944121494468618
300424983505636336870632687097823804733668373628307006150816565268826052340
116416569834073138807467034125974905842487418790529389954104549679550313948
185806009549563533394531193136542723894753843810567584826436682835014888226
164159355871202260225523822955559099075614027178047079996250295315022589353
367287107414851399225044540664708375566584264266504068251695018687680519460
360841905798927994401188315659691900548934884312684059011261441747418861752
143236678584981557220303733325121515318712437308242798877738223234398525658
291453722302352046219882523671464787758021871604233478102115596363039376267
72466498332678609526041788585170303917827153542861390107581530691800976470
95338137700707021873210837942897391442104835674411952439196474255027494499
153955267515034801456919835218537954873168997168942408726378292135209494009
156126368090775473162018724010601690061371923630601775250629073808360397450
312388684407656547685658367273490951592823405362274052091025786604938017486
38700374040456755673885068870013689804073826605502078273406235734230437644
5141574305145159924671199305772764521864151030993018152719528299307428453
398732441480074601293474742936590360286403494511061911996148806995200816208
158422107192283821844355125242849474913962534310245580217416941038973275860
400715947499151682734457474681051890497356033379264669385656482654191492856
407822413370069964824630150652763301648256074638323364493337246521558628254
56039457783942759376833712273531282541741674107399756315619286682093922539
131459430347239148933388295500953326863216153102539018908867170216854849127
133576029890096332799437720341884152613078698586473364158752219527083764024
410610218940719232082545177949001069744474439727329190014192614173023646574
36858629137456867616939145579945480325429257652538366917521874877118820946
397750178622524435306233175095740353957307079268395981469656108072889965810
83959958079410593144272488829021668429640081919516733396355429994287987856
157287555072690947625523532245648177744871695918367643168895630121945219650
200020763607816715337729455986292792084965585324447191393020392902303972588
379389784033970849201877550538365069566544689067809040135747187850636070180
158196273627232256825425521576020287297217453712482544882108993945046057065
119083645154213464932500512114981115899507762728090381972022036414978708830
292772668024195364847895843195875879019679077939723552192572934664425978289
291350655520898794076166973895321904267503017668900550223056690860150058584
383014885232501027099140158606192824869924316537570949866831617810674509414
148226908027913635123870434762307335354391291002310954339489304864818378957
193808496907453622923573039604780040842261497714238335426054275614288080947
159845466425618624896756362724032156140289387463095789173036147422441106036
341159065243927147909694596640127306396051146816564543362065588846722955643
362682592546133281147254093820909667483877544674436011603544892374820492378
36961375073625179073637718730264686340403299662785173297063511530944815255
267341462849697016474235348670579713163092508590286611030125542849660058907
413733497887962440407705365478595468518465584353618985280515930838688136761
275475507022943337196044485570940882916669105189369031839708115377962914039
335190791398677306313305097857745333218607700344274847125117525446942911772
450520470488061097329397387961439972807950318221932896043086303826516476996
270352071438322573156943641202838696722075302008952538556220228501506835842
44299442111536527708133574739037739331180184093096866959378256813741986293
449967618010744475340043625814765204625276091572637527414184084340764298928
127468384517814229035879299380053850651708662767890305858774996546155584674
348039658662363084281197001378962115441958708032291036313718682871476271047
282805448621960356642573225647327892682438979299449705143589341715626762771
106028563286538196518251182993878312142101740461730678835885235201401620978
369575144289076177584730856879453221342633472387328711184036158668322762059
334561262833624915903859339663805599069117597714528185811051949631320705787
317242724729445638606594055260505330798876397263457625954149044642318763847
411255476073990898707418551158200680140863055784209188615885850842975464112
362595459906323894347342398289325868463621781752909606871618366357379874544
235280246789044879153818819076384310036481776769521223210240902163369928271
382946610532769896931939450287259276819374065253660613403743642316677402799
47976308748800976176571581495553602339124199179592624496860581670106257116
339805788949489093799542538873583853689390979401441534622023731727664481406
317433160740387778424980006426448376649738522117025077397052381248150495644
287717993196927201410695355407055951921873163198719589778233415453399755617
325891153802086671451024001519345509269909850484581305234055405778301644582
265691291594244406400787426538497631721628961195424464960185615262889567990
357577963594860630241512074777417985290328448380781606330044586241215450684
313293911287233447057103021940187117625281669062128661934175733711913349146
371596383465060802756995987934025387821910189347387799943968075927842312881
282442664055103959565330020557062121042649578731175943028139282863988902991
34227701487825143681114695691494431653535214634839367124749879042720229364
10232166401424769234872825713176187405510648782371303209184108594530867358
168340913432715501023331588991069761979286705942663731225060120506259226737
141441696133985452567951678229652571177054749226335019026017751886176652965
183639711842880697140472676328473647985838798310280831316832576726569160222
295679560087370745042713913139817186890719140011892512707433275526165795781
167817548467772571465108848000765101395404175679028208023000461414023405554
109670766616182727069030211996380435306569139469104571957414487818075876949
379085975817085981421567322123333457048091191416847080447292497518452754140
74161662973819243451696005363478702227696591376687358263459349698363529184
96345932332640885427223317427410834495707725474438718525577001195335546833
239643429229905996536694772963037762200150428124574087949695403753949313284
251531632238033560542053003038084118994138914271686799966273500688905277239
358648114329888297881718683847643946747959183755589109946675681458522295758
390420768204387834367115021131111113272889589653084663219149406809333471646
212538502907682925189337911527682054102633516799181397876732879991555902685
424331094449677655045855661350247778031530726818528138581796623288390141639
186867904772966070825789749151723255473142533982826171716951348554629796793
412902424537622764433744788275206594492247062489720195983186935948424225703
115771352508118141139045640659059156873726703164229084562069798850254369709
134718300609743505643514193476562749167927190763878759645999187925384324510
217353459702786688439922333888837720186345334861228870561066105160667407703
162130523800461131219037190882023306016304396873701887120844833400211712762
426222208872685747921521464862636280014133751616834757520436864296514178789
168705053090843563814523139031955197759092563907139967494703783125445866779
187052691031096521046712161121595597324536762936797236922319541226350217267
77055317899045806108245701243315802958348536094299661232059824962177045671
13564900032947763976085052003571061422856482386203950324120317201418271692
143257795277984175337886318635323163694764442434099145507528460868462301413
129225587737191775571374862235595730002622434260056374507142600985820793477
255897259871105990982788867613895451472797759003018065736415474843538917965
23397139525609032769628993114821866797513440689229102234271913359565691557
312169049659755086477168921323095199866240457874834048842324516695771165563
2461630179831983695918390356297251771715704970984818463821968782671351565
265630914392816282426695883608151316823714353318981590762509331962125297569
183744925089892958313740805295333434924686707284048985583657481825583266062
431126494170731363794907601969608220984510152014646857788215303374342183987
138885145540794163647668020634119517377466274065584555714571034185975375470
49861195813497846863829407787027665319590320421841850572123574647954864201
46918641409816938455947771336093101683744399495018713387113573421314013704
83653173682587549105770163951047308133619210674633908998712633234840858052
402521362980689483582877979330933649891962631400284223942950101708314317305
442860666090513894702013038658662414811281404742872772874701905705002108244
48054504838015579788966300193020173365331974239203661590793078915717722567
151984038287060428328681639889971820532825836177663859181965762541150456622
38836242731356464890833601534026478611510963250617966154304638865276853196
316562939964739743230738934570444093051766377295887347311815071811162010011
190666207853798650933194599940730722134193150842023868922050563742803505589
13480844267333186261707165822389263629520889855389680601354821820933798835
137831169192068065773388676892376850182531508777248313246297631228117372819
82319580305188737792107715316410249775772754524073435021907566365327658054
192310181750699308400693308715306295648488436612720049228955369083066376525
246465870553058530516460218606892908052173286235374635927714427733261137718
185544101113512072838100301553607031844241733199409945119584879916361212256
78961836709350951142857528720150689809787934051952816972978756743495457055
123204504404890332380060221878482450580187573471046542800677450824795570893
154326399099162439770748088368345828701848864975623540115255090908721422219
18412785100360499421666355741924507935394583759677814947226955381019069942
29392643948712326562456643159184317701338219375676956617790619834845991762
290768626429820561486961232322259247445600055846061347228991784769827057074
248576837446722063612399256496206112664871312883511274300429983497426557288
70433097421443186931721064261052239392012462218130497958769542920184606106
106478333270950475116264832991193448776419666143038587459409675591295026346
366765072843168459683262445440646905527600411962095827829505348295274100209
221393133058941046613533107700427560866539231920357046559378374121984231418
70457401613357525395088723204306651044029620313288953720693384080293865006
443628646181582701055433313752098926024288952011911499414093275568406589967
118048406116400756821636206241434471432641188261655978963576022570576346164
84625362991927999370389790496510051303911912798513745060575935974520426666
356644775893300804226617570908510295431855854317134872419628774079380715585
203136019032452501927352625959287823777920390158872520242553838459431494342
262176708359001352925969382095943768591320486991830921267671587950619848156
87891935466983793523120680619492891309145598441053440852282122001415243108
181039188154038876779225445214276259911868615613121401544516400109950798529
443993714497581870693808361275764409092965278858792866668313406286454401778
167073942289003152727285672866514180879893008305514487306638820427912240522
352852968864554532334969498517888736691574014696708356536800540546248902674
8828628734251210038301510619860992997030701175116795717962898289435714181
412640446266305850423231815642718647008947217904868090750253328354924024016
122914903330328754552818303432942339424491916904718755012611325749738514774
185700620659647815648825596173248386882919800696884725312665674747398517057
174734993605999393325205164863072981452792092203125072026185194425464902547
25131066982142039701491716361887542822966191520994229851758626627005309306
129702009764229680227298198399867421063784182081227424560417220421962528373
83337628055032210727102352120982769851844286933677693607659602719878471942
343645974339610167025769754604418065861593776860794668589130520474040297240
130362047976887542967590124872306576585375099485409930653686310881356928870
193830266578906773400064279824191426795982605421847940640668434383149073040
284863240283759009502063099915793890633933947990354127951802267527040494140
342563876069126560964019548236516045401489792888916582055948855278518617565
147642824780940486818479166935270401154102693801013590630069382538105192753
32268191212719838999076663828322792300551217871175398114669189029974114674
372787935156918973416783401368732356542110457929694832494762654416588494234
12954345792283237166840503178949120833749539605225288820688826507318074708
76431907396323721172907797965836312121093691057853721635108178977735512655
341182664547056800652280047687650807269645678157486477058991751117335771404
206632249919626156952076050821843042415949964713138844398135647004384885068
340653121891797752799135301372022166650771117301637464462534624973218973790
74072816579390745595674524280400067067546574010381104086412777515914253134
59242754074737116136619708924027116185464044631131065636485187389452849497
181861991763908151899923980319563765819768773353194313237962719080179866222
318877391207899769099175735306521206255622581815103353280408870057001730883
178639715380552999611200228916138375415538320360967348155368894162848633896
250867868690286708217901189991009667009084415724725167000322607664030572252
215058627299676823696133480715147396488927657711586351073750896770690488192
332724119501679921832229830950330632080376384224996856264265949027500934303
258206800200353765689695413362911764572098580672984111092144785055702387848
15911108658286895204489069061931923656381376180233624792518421512670596012
75710527965909210804712285051038099223196972222927002780697733451357848508
277844229138575790813520642934286511689613146562524586216535165488346350083
37271522080338369452406107977238798308506830830283377319419812146757728449
60539045106550647109408542049863781287082210027503134433110445669269602772
81195638770570798717133039455521282767811269878463009169702784019263546379
369950944568295310958418001746818591249838770008866025666828093943324769667
635187892998903391494841105690924501
15
704
88820931605965575452380541899289483497186279066019428413386731330427048503
194803202909498436422957373970962580612047495351797611977440084005174530115
150528583299782997293045346984975877652125099482814236672816076755655609443
86937396958027298462341839678036576590771016005351806185835590311960326770
154319445082648023322004140113641830262949281180242372422153508970593925498
173491522417571215345656411722358144497158308108357552149154951946495544373
134765664515832454827523703239643577334673778544568594344563132984538132058
210829484646815551311975734114364509111476837796462340045092170758403348817
195052581054911516808837797861945261973506180496021356391424349354845174346
149162922549472227598657133733564113664122572160805328277003417349063660872
205501038742249532218794963605291261774184731393019422293243357695574820691
85398527078999791225852038703317423275901264864571325534496899482651996755
193258691051595296826820588934335171883627434904374798688833588296651797613
182747225630701426668240233361440009461108682672271575820037163880784557391
210842890053593945516605940212509988416984448395215538108550789246434769261
200477837903235381218805781551278133221855754762359144074980839198184388450
214502649339765758002240974663156588379738586570599396846291630288780487734
175243733710349391112843760222340380808970412644167828057020998250926924887
200193871741062207192175280698682494072508883258575649335786566754496836177
196701670528570752644253840611254424387712483173627759879602972957561285704
124372743376525907660026864796981038974654595030966781170852514752904788267
120734414829136989534355361929584400100118205828077028376894524087677174066
214612721299042029599827065358158069915878654253228768544255614255857037434
143599761995738096809434404165534944809166478144772875950707824864076000846
216350584745166604676279139058911902020524389845116820761546267173411703607
182595578472121036319380721296438486161402167095032901992992778585421335863
186018682147234231898565458347359584061186068089196999837698678562284063053
152737706072622238974610570405672759362516173324190552693202516154774942796
89103413712550320285924210825514183702449757021691274810963733170982311766
156029539041607019381538960793876301259251218354513268331688771900365305422
138651376565859816459599637237117379640588918368240050536898255771183755096
159598710876855453688921261490126109750349986894668468016052053342359809359
157811215988365663035247189759937657184217218872915316426183998292597555523
136878161499625458782418873252228440842878244967086191043257925146017613177
145505701121736655784120977413593287740484011152743960930688948469065266551
92644466635600978578061518614817965785419574603122519115104590563293354083
136593929525589900276475820314347210792780040945585680185800834348329943880
125917413386761622374264908753191397662858125977390160504190536266512890181
178942852379429950024314414793957651664657785256622200118019603908715956819
159852680003789914193829827221563541466125358601101125393257028387290631009
177177895648858673059816131210966112184474904853523408695281778042890498091
212555005693497033161714387938788829394541824949404535614423586573483535673
207323505028481688000050943720169682206119807925282195829468369891842403188
145724964147359217091113092988857096593165268389781492357282314068821767277
90641988690804591179210265235729220153339056853841798999379475213479144769
212555460223353244573658084623115116125730851630675314397799064047816439401
210726477739054825744901344546991709112935898195623499601303444754527778918
184514150310531182695304173971443612459766566901324508390048029119331002741
76557086725064084470051218004696467611735903850274790146945859235416663883
216275857163295648310142043978246522158065845357998857586916564718249850732
171979803948786565249699076884036437150484366105462055598943492621072544578
94128294098320387006102080998817790367269326015309767488154433863636563766
141742709044957016653124071539367732363970409797316606067026788760546341733
191360251446399536496213273770258328717751229250615414053414258658885187927
120485813373014336002704529846437021751039530512200157946774006467591884408
99505291704236587611779943081212114499984923039285534491700297778808049744
180904405344002831066643876583778001472262140632924197860129334473935571297
152338350585975885484923143673742196572989765825630516182216422802506339394
96165164913729341599197430666924990417064044612336126631342376708292104755
186053435515664772644879809410772432502170585857414354482979364711523118179
214129788842349789626184900546345496997717643261855807528183667595083737717
203666713881320595477200515462434497116060864021642014425894115964812669747
117153406116262783987470333282224857387022436627975976069457483436735416679
126284439491546217289786369223158490418307169106487198271963505446533421127
138409136197489825385961913301364187647269154062938556892861323170181230438
85632373444722983471668742129645916443647595574752906910417604744936907860
154524554242063321118643433290036222855002474322770007989429035055471209273
76770232586604621695401655956014565345761722793368277454549041126816961579
96213320222795418863227380556541495804656055820533477107463639883175916634
171891206834305394544214514958536428945616417270820244340129730167056062585
189379025612490283360061439291540065362165007456377409990436621480492417894
182787828905994602144240100324323820436103044131588331283540914125694849626
177204744406777445098141396854812245158694726445445956531156424256119796793
173754627802990055087486288144750029381227232279440378988576409663468816737
122308763785216632755297105145132533417164945218863054860069485365666203446
201760029467653934248512002462466008480858603532475652867608237905128159792
198571988088237691965682711265791600390584398351798587444800964877433205870
150674378273579477163441715476834046307954152473934889700842601809030834286
179136666602587836271255604120507376027575262841731935347364553705389119031
76743171544321628964440558372309015615030223737519754807685114457116259701
149197240463551452789899081027852903470573832204575030194027099804819487347
122446776903156022305728779008815224589155105795208472673428573192050200916
159604375541942143730199183233793454797061990341487985770581357141403452758
187791050519432799875179431835256316893853459217234662121914295320520437861
154227807084443690867954898334850961242742979254821901291899644337831703137
191181074900260105116163291234012589697444360788484665419174888090302240587
200105251237081937715924141699885552223563500225076632436020391929346606191
185893426015372710377564453329127056696496788803808804548575215378834683205
140205369500569753077888971249337228752223300998770500620966315141189878603
99676972964660293300095548661365980252880689135688744392101285752089231718
131348306137589478195389765070044826083638087541583178809357252840869025145
120873100069335595756310074854273721536601257545235054048812977325213374576
97766371559062178989695913768850987297136260776614838279155437811693401462
209015543824913947150589486301691801016552680222553370882028250902761130325
132984310063795841841313154005086408145952184921892801062574119744181718649
182345306949367387185332540014331032625376746204320477245296025663235703924
125944879571679656897306677069366093363885651514130634718128406406658220631
116965709284997549315140688855037590662098294672540488084980660811596778616
171931460569230635273076484286039999476180101894355119138188969425744652340
180600945969655730818945018089821984313960480821353129640826947254807514209
101064306002543876269485335772520841267162794213603948695800858404529270128
136800928080493077194547841062924297742103736717265574256076279960544363862
127946547145433589842537095126915342910108264009792141971309263924873489771
120514479289187375295096713746820324227683988193822862560897776634498017902
143661365807932834154174336019417441875015944511267480824528123172617473892
92478263415723222625507828998013635362479200155024768510469843255111791194
129471189019854755355825601674176458656711641552877172848843576898111024952
152757707733092737368484887889928369883774609942968439483548668727205189170
187958176811879936128730893604877604361177014894698083184876296646737806455
76770881924129884422048676788951563545310203159938756029472235619767432530
192926658242243116533209619844989032016809113243619788366681781841583091801
92430462696009985182617071915499376673249965405938374260172298905038910277
152648927376777813956079016288721638063140539768843436021190635398188446023
207461842218185251107274496016911675402805657189736772033510293177279207528
188088152085065705239585095933551946337173665012179230199255940397286575949
135096143148636997579552875762250046100546253555896394054565801192442706227
116959242691956406516293648561057926100524989884545702550442598497971095674
131529874740853248891994924540091871398003961864033110398774103393199147106
120741399677246381564024325199816719227120883916398590979812653969917692278
115420930665764159512680141588301353108485259266459286631625169101878748484
179177624127157568435073676789840230612737951672287496030587888398441591116
90636762790839779439262053822786730682863629608672276511720909171628461104
140060249686742294951070859679443482135333696473352131018832621399964858189
200400896843740962065694794856055290291987018050271153429495626269736925559
92265596934443949633510737683341799140067504172056979518677607272005335403
148934710296352507856108123993684343866082906975126061727595569390671721292
182470619617958272834007015990115643295987627418577736040936632332416018008
207081919374739622913996742347053246812372149698809807714880481021938714215
90567689509821601099339127721705986378622663981013486353563757978078505287
90408759249878231169154326167406074076597590790913912366569034987073859162
171938224147438744487601290693699728647120547397011414582763798452212493935
101437967503644988665333020500697036856252021260211634621623801657412776775
115572099383160194976833722976424976523964217143850758626394375125353384814
208862842478792828952164218301198557167090507862552828340007716127239001196
205329927865513120375561821847137146118054750906035208273356716792876266071
182691555641255697457834159092458046896980180963529842435605724341704476494
207096828021257020698978351511601098968911574659326746832625812627720389995
95709437657809078496105317656838419585800819415896975722011255584315961700
187874201432200164631375388791644387168329235019945987220434865124407062329
140281103345858111651059133364186886822410599026776629550325030061255383657
129760901870525890794153891903740302606626910346103442507194912417630090325
157749211875125936812460222921602952089282304453906048517271635194730006832
214087354924991811196911335897982790246643784303482662615357794993621592371
187881152970688787920169660683724571004730243909999821146148092204113425782
191414447997567884205655470870089702909465195958271790901688912947176034097
159405138247897618348761032332805457498337036827180470765124222298023803245
210761926198285496982820233156044511141553330553401724329299388403816102247
207433882851683051376880805325694232728379509088250377593430765349206911543
171910085530433530841238571427285346763868233051235830880710563927988652331
187764743189427761095140772674791507914699002356983850798825871040787724402
140384414072963206252230411677414229228629140119717824604797347412126741859
141929619827811430837366384171648975212301514371613288930856114974805543767
120720235055651045032205998975084610163425118880272878324926646030643384408
124453674292164194778923313556037956769783436174148986438119297685101113177
175271878621779062718637398034157336318144635320907907114840873257204472145
101417153355227098485546563322684311006985462516836769934545510182509701967
94122280140417486263114039338063407733455099731057747236687349714466193970
97978574676579315875712551075394973377199302283052122760748895832353556016
127669889431705171498156064935208877371542334159023458907062886816268772918
177245616635784254598528193032909562109006870394010152607238038414601710159
171876354413070344385439537863148883310712279163794018384329076179548598387
94404035062706725754166799354768955622663998965763568177246199177035657289
198269202813026288774923729284728596644480620479024356325085065517224712018
159763786523787009938370545800389209229246214153293721520943755312130912884
148997277897793622354834276942187930397054367082979427721917756089091699020
194831156999191902212194226651043128223958822079153246148890049131485483596
138493172979194279397235616353784179123475395157435294235222787367944153964
198628329444410649176662278582203167910502099061596380937584949777810090033
209200868279115850623764439673743548313967282566128356757748041825922722649
210925602011630105069689262141020774077155601926642076475781615541434673460
159494753236480780366867245443556232100722049649184806608772334616280978042
181048100175639973871299541138555917858132571757532638330829949715095255095
216179773042146518253338485701109097245689551741502525555828242115330204728
203686342532936922884236858720845732389921800352659698717299013123611776857
115324333372609844941113756484428668001131384303202247514373744371988655432
209312238365360548139249001196826074099327789966538125112933054192921834055
143469846978975286601315087291591644140041266495888629445483102349233442150
205771746828040894052712632051276122100444229824286874953562789928992125784
188123951209115893273487994329758044475785682480849234135361230222364723013
157927733059032183392512998616480463406312687324100502211723106593714878025
156042857671579981259782910355417823601453477375994574011822492897811515468
116965065800983465598844378020735573004874358400672575355985080194080006711
180966843099944007205697035680557978479054182226902970768289922490221294701
101050606978451157389611179237149251639637602106466197227254973250052846965
115572096230383311947312768672663004128961316531930608442747579797254396468
156002233367561271145954754618006644626943600950874368192649057885557777718
201796501970464181191174999051989081080118515668408314380721501832947198068
186362283930205145486525832171237493298894968353355813968426856004490838890
175313313304879586071420595266497181324451429987285989605828705404923047272
191655926110094573234934468416339098105635506311252570095935580975361708612
150508790804370401566523113951696023841817021470009950381934052896742012995
201748059357929708447227528812685772407718622779124349016160631393760797516
214570395348585712930071237604758798946547804313520581032497478796718190393
145594476440175142029116446037450132248010772012363818867970575605196926771
180966733144411445027958094242550709279066792984865085166452098136830995248
172229372493015465066783505813356929760897541973908320185052040683923663210
177258965800134772608710325770253550210742857478150061403931800039074780488
83824627107076787305772129654511065154161536933062056670466753080224933191
120741077635930562377881693055117764172080056107853990240623044259669505354
203858694186670342079247363668393811136196426774778010578337177694303638576
180772438290042182875655266250061021718286350678616126975604985094479366450
198343555004290914661073083325050182198636204337367646055445600796654253893
177307219671597590480423699473648332678897708820542077286501947714698494264
92493033582336531993513744690653220388555179845673937248337537501292096616
189399264520922559180000711601675727601211687827431762144947316834480059959
210837545665106563697730467118058323008781945860081155753435042706990846009
185907739645239080379999475046897350928420707088567379704573876617794775142
124351391185242750022894885653343635488365185096240393240477953243750757985
135125390151141699284030364534185809765702059224181261425893694509564973909
76728154533979385213396153157042093163513118858028522401810678420723167057
177239819397302630208493700117810767137029698974889675418399009817669165683
193044122318842864915167135235932009570023403196503225167925146537711709011
131369357971724809924255026621847416967779282789335304693370453417396549426
126015002105837859861450906957725046510958181468117403384464890703733211990
152414102466980498608345983979703903950063368469898442916504961483935729261
159500872932987989202526179526935315749586440110031810382370257645626278224
142129962148402394159062499977445830214683765295213050219047986157710891630
134676618135865733969690133319698115386975348303048409755305049009976260663
216144615910524885784167848540956452483287844570538334986768570161354323513
133288768751792157336028349398012072822878282293403828436344778128936760676
152488354665904711940511558448192302468277218337844531937278566816342623589
201893158976060587277287308559941014624851811514078204258382929691820774249
147167348452302746197795600119283425331450022048697251482887401152369211238
212501110647347336904241544490341392167838359449516361665878168089638627958
124489045402509106793127118824096078905452725648241241538037296667064099640
115591968034106585415927479910101555687823087058954180811304822467703753549
177308892673439176385926032279884176532898635900326011881371881883043186500
191188491926548337108011480598391905106893481190326796500431425481610711888
192886190835658537833958866935562451727711435563384946910685193110933365363
142157245628374653848467385726132528659773598203122848111555954723359582262
198717465433207634569532728165172465203578522394535075606017191370987025518
143938547842784485541468513692040576944581242053936194142504625283113640504
209304738022341044310815105570566517322320890794713174100883954018232525670
189862577017550247107389808251872101060884043843630507744562799041619647078
210789128884035306699771506709365768033368441683833846913400695145065707345
76528700419261600128096567721955373140429809863299464345698897332556420146
115212235176470167403453219295174868754694100478792262963104981905350750803
182332502781504681919214395358753581143011132764475307844971747660775967303
136822872650230223709141643604808523366604656928156093457524863698117094487
178909211008390056292123210748658278356352489126824374722742578573468726831
192968338112469769622697741082017327095015346944451446258039044289663430968
132964097049461979048043519370775402675415085853921422857772443968340258870
171972251597522421799014897757981444730385788939584865496816147159527732336
122612201239845450308866937457579831320073636333156582990017792855655400035
147112727603676456577614250828198732673901312239282303967587801228953611859
122645305416993114605812452169753920836506743604023794714745286006244918614
95784736894598033218698724773242376132124499797512891555696825975665282913
99545752358415710899500529983323669006815774197411493591365718684821238593
92258317657589217560969670129557666734820148212899106647854524209554811751
135077158700417490675552770708856317469600609579996185899140441364078088817
117096843415876292848283050102074126618878227599787561334097297452491426885
96081270625319331705244691914513162352050751257333165409066084330526960979
115205471620050587580131080987000081725002916155291674141185760670611891268
156236298457805092934597782691572716620969805299513886193401221151328261444
178956707876225378324687787759340449491562226872555353450566802840518422385
132970405154889315282093612244079579481272276294847256000205948035149678669
134614658294948700177227705357661347298451857780910484091326137451026479689
193265836919705076911977976801247846498916092873995326305180275927990822472
85591288818979273095592186776075121833762039325212813941388390995916842068
126013389563565038415968673203784483898531116798728401447203688300998780235
101539903250467896793770053298146290564856277748240930349476463151516895341
212831101658596419847581705966802188286514729661964894337822675219907170640
187979180310575316401431916474281801435236772583327762308040452948957998900
201940419440836528309637219632070290173069465744353726576933017147438757428
90560252775395350566706028391708343126820712521604571803863488282359391539
118912001941198856956611314911461286427771806132695862449753575702705760322
101436350319940516120856975778352086762671383628770746407557490355429716272
215854471512728846142880408284574697160596746897825422880927817393110797154
143490146646369436398465072421145771370615893240881837483613242335832004452
134745656891328428389769906254523101256875679089651648706543277012430251347
207393816791156966725263134366971122519292307783657756570568517960668362317
191152747351371320398186079883070017823236207459879222715597023137214051949
97668587718912639180241801344470939144319199784545810687867106243758350960
92692218081972960060272290846607958015665087073860095454284057824394831949
101464067471360757729807542606796505987685623205706436233564660550509800247
124475835462626479120306624288340786509419934226085443866487687910560917849
154387058946873540248597631417311126140443112960253935016732443732165419628
212514376641255991287457738212663703100170448398152900991882355051217647407
185969883081351895537386429204521624725662600903516641502233250031320070768
150550497523510900897592653403051960961728003148608861671622570114662556746
173974133464071794197686100508589374279464315715589531589480814026361957186
134737167971879996530093676026985038247255922842800297816356877284313559914
129526912169806295758900680687012393571666733562381406707809793851555607624
141867346586897465766775197850914754402931585868860331500546059135202439513
136414806666265542928367829571995443516438107593770600419308490880297678191
207060783927559004304314205193400945642096254003761843982185851250463499125
177018775217119611796975057689285919167091388207596387393405821260459634501
205418114605126481480373485498524935516915485702792400540861079021420892790
203782751079259113446000942132693715647829027606342096983574538338014877543
198371886198864131173534177276097866911186841684019811406863544880704217460
203879021480556499790909386780019312039661122272171123800627733846897608806
216227839892227413661102661404797861163275687344126003186915238540343594069
180786701883030165075555347028057564796881044800073631365231559141679708026
127663498668802645175086772658792188768770526383847502816839735332751035479
89180303468137714465771429730803259719012565669347302625530648630899782006
129824202663546976660473663998115566380080512098888908632689109069918722681
85294971202620210919593203724789861573361973363807110504170936053559355979
150970131087228560759416291527423769109813586638607487924234324427646788432
182476683838680291905506643521021326344371617892368115778140165783874646393
216350425301975954907390930883197085018493245824752646389190580301879266424
148996307338055470654623152920110694365444279051579837719538332597706569025
209110281290132311200705020757280345562808078476213545591596594786980819508
120914018205518907516557273428059828529046497817890529147446964674008215857
131198166930108961002563561713124924252483457904219870878881476928223801928
173761555242211231453572738218404117914063489213211598512442758633679708469
187771943403545723469685135027035407036269474620704589500838923150323362626
101265211312843685406752424520520362078917854951332915852246346222314024562
203859319430686169625343938551326835051414981849332280550831015718877289073
208994000396703389990554973223291673111475226462248857237485463834573695545
138174911012863313219686414762642993173346596101971140781072347267433592683
136547424346624577595785521357706416412879024767590462791987231716828532588
173739640682448599345764481956978042372642008582210022437661242556422960744
171717834146257187549530130913028087577698733948578939240295315092424635442
207205501359613853495356511362116458975477560955843917347889962772741047873
133184919434945977160097020709979223400697410055679357796064178051874703190
85177154554744283961250487276757373535714302187027027620616526567008322612
125999825331770635681153593977955345320894023007035969989122526968271958837
122481038777944927821775456468195743242871733787485592391012251223813466977
189773552610729220922517724756673166542424971324293536446890684841497080438
145442264793407977677129368020542214696249987046238078749127392757402789209
85403592700619306330141822565261848480148109270448884744389634185854414383
175603971434978360345134231814241451258373090327156536019289902225809562166
207475511214276706117349967816496593419096635149179563099741045276526850660
157575562676464523303695602132086731425816646694358894641591433945041942369
136773240524971547483699542741376137064825114020463620044478547698006849876
154069635158933137399474221332208357163067835488557131348894334230401806642
189758405154245371845009069694467973639820538255003828434632527779861119329
156017276280170252725594947532085291574213072830821059377700448164259580263
145484963132267080188920873619490690291701625815869709060379169067577145683
148900956221794777570542804461068114616181839450068065429795237795657176150
129354669163335971538577110220639541513565377539570520104520031053629501813
149170200917605224081113756852789196398944002773278980093647625608490202452
172179952701781351390514835302994430227361259101179425018459520681467606618
212776693770726499825982536093111002662368389568816443747035841211767607088
178825630210402544274215118088927461054975390966452061647582997216280672815
90912478910217746848398756732982653654624330775444544178242008933970168919
101423269993562198654877750301151967448823052438505985057804891860880880692
178819589167012883159168305524539230080604757349276542122520256084922821223
196612722516406846016367926328362184027241459888555434064003185892907967315
177438514219511675858619655717358144549968898317753335365555429457439043950
214494690874701813153366839233103021844057488614517226551738743209456985933
171752693571981158090081213381166690163096181192293996194646384313994661447
85563759027492204915630789645906119085870447566813175775040601748646548327
196902682434618685903722007326692791566526301500884936388713018108838301497
173538977717501166718003472852995104683260933303353289384947746321929237625
140052944284899349516241310888851118476442221573132795501165055673914307686
210644298882694098636493960867538545685052353042998983868750481204582895915
145214042813229953062336027917510322534342103931037002819657298030345353323
92348069834795766449613539710174759398064069320947271417258718488837836843
87115714124484879588756343917454904286583154180561003162452753948399979096
200117522860060754207532752079105026743624105084779506398706037046145213739
182442794126027150918514382057790049095736498002956857545052898454735774775
205301731362500201937973009620803366070663923820564403734335885827776541769
76514598683724991862411057765336640116347275662366737269332956553007223377
101465869882152103326539581615660844025844092585473898776194743950165882672
212631682835924721083461080835524643624005330355771184382640298750928118138
129782308800816364789020856837042888006867999783473614190925804967235122550
129521469715303757587698412919675193247939216158605842578377117557297541685
184438614974803980471069882174611417403989826169445700161881836736199542088
180828543510845966093815952638501927118597813827663691887217224502365805131
147175222255359735165308029409527877630460315630438777036545214791885612595
88689333260198406605109313659847503522249545510518556377119985743804198512
172001667198466510993676401120406396133204344423581500062538600538845763945
180910739769749640744968840072617875798978507462950089293680323719486457209
200166318156049911577266749484019625339732248040461276441648867973482047591
201871476432744555809153994364572096130691977369311046210939708293686327159
154408739685826810428688168730166488380591074954377991829033034939703714392
94411290766947276126979174504516400295210144749748606069791054065035661654
212706192773121904670189958123234649005494424214845930225244408576482298695
157548354816375370986112435955554167758593570879354166074970187876692216884
138320767692680609368078862047101179507794833120651267790386420364461427810
196881304040282754995714178000173731808239399864617411759654170251932020557
92450407387391296109593214955861132511728500913856684482924124966234912299
180813222461132452009104661150844770934395754003049104576753179613343085611
210616557109906655202598118888667395744793620547977212873132620206287631444
203983335075583518512541026153934335460582863121778548457620428638667425639
158024203248476401913405488075004088995944349531827478782133221900693943879
99305595697406450964258628926891881923698231829886954049928800599476220980
97745831345528591373935907887834345631067610825757808672831047748316976692
189448311713280215090665319457529801607486087854463984945271705243278723417
92362144189773188978993867343227792406541982056203622772374953379075941465
76334590925139361733851820629413214457006017681375501624066576341732256368
140274204761743671733663213443096106083436528549992473550838262102764892984
181062443789082073163373695419674646058263355415353966841407825890727259240
95963942730210718271177036253206680798567976192369926662240334263296290125
92589766916752731623282614157141668051051941404467066328924537814117797217
85322497706795892178718557485561620605175672266444899997044171540505117763
147450319316197910984074297558689758814877124433293325996854884075835049292
133234093543374769405612616755466845146537323426161373315942296836579542905
99284809978036939274276028573283783550572904354013959904713688502330161006
205640371866942991774680878030359933259253677543656567336649830164672432482
96026730440131827052127306681126188628540880993726854373143977462901126756
210850622423526000964984306510162816755745003263163835993759398778687153986
134903648388069537104953593091811778429414286019894866466689642046455637298
177157321336835745308076889851089886731965415004624233884281561219171627350
136787880117050400152782511466509920704681074573281666258185045616741803591
128016461254177355999922450837961908361561331747569332301918512442538292295
101264746902544198581888016427569780844805567623965856856685138758161019183
195196680604038418204350332121385644239939779821252049199130476941794168171
175672236445787851074031412327748243568884621550576073025235082146648054087
129369038923551661201065990323406777988876807004769627703897931059106574433
152668089597039757635264841387378168478987746139290067175643621446860686969
187659787813362123668772672464297741987625827849604755607209340128785485386
202201927770326088995127832021819114874245524331826651390686184766542592099
185983175696360250445760896553153364947737715777836150893191961051791454029
196797566016400021529967871629311430903984447997860805278250484873598888747
152412728030414122990463869121588777536124274481144912940304958361325694550
140307119267822253556317015110559448839025452664467217005124346767799301710
173774064318897569440083081183026811190722506132327471756849082553808807529
189793776478099088319701525903643194632321020132283484777298249542066662255
177073211663063382336293305158246085375632770846722671859599284783593636417
147320565118199630115649732160439520297334801723367921216015129928544773685
207069441982694936606922022627017360895636477526367952934116564682007463023
182740673729657118571684415617935203449606676834701770375968139877456950827
173740795666188885818605031573973210522695955786121970245460712484905712202
143959545207776480025133084681809006035045025680148117737203162884568803690
184224278541997127945544696511871827018940068787170912966389122402884347221
157990880846957280613691033451390548986296804658346329987626702708771931489
88792756357136521838097749425950757533522286273527860272610763063228585529
186142078992718588913127650730413016509673322693224796059321514942702122862
157830895153328445209236951050880603821563647808964793933763709427258905675
191366155227445889343592764468604076852156626052727136694593606272559248726
87178069967147167769158172523276312963996178010384677218725022546276738643
94453672754248251458297558703270843618584809179230489570803461488020383061
83823601873359073063675245153686806171298933148166250667380354658500563025
124489426853389933573455138251733245985090025199942128635160369873644181618
95901981602033648395944632913283252602474564868123310797719239486751659873
131556484209047884636851087380170900668473455959268071030616935821761399120
182801929251935151635048861926585043992191761733681175576418384926760654644
180566245127791168506290706642812328761881396207595247627560941819280977733
126282741200419412741721802872140937170163231171592879351085013802598089320
122619479999223204600990953674545036974884468702919254196673437459954034262
92265329430540250864116780572393396115950520479590349507264720524207274362
152724846907478760806861178539989667342434074596166689179608788160341896790
186067398245175894886720850636101722877406724834990657945098506086845149743
145622244955307035917118725527936047977970012464247779420854732290536784967
127545575880577935441815126779494541919498922576407787793335050445311462990
178751514470303119400496881039189839162438180300013214755646190777476673078
201941440014411780607185720831160627531449753485929124427039031323845473612
178812746312451534746921331884601436685224180644368425264455014556879701360
175493870305442942789678874356817881392561645383190819105542703686738930803
145622837878766969232577482962381400277008495879173838785463218055507101744
186122014872290816839202410647626638331549346216093863116591437811169782581
96123916209294193408097837079007524766747440243579318895969779645994653544
99759685967868087111732653182602526781983541737773846126443863897420281682
139920649189635872954713066229940167103348810828616064717045892810225045846
120844515987963956106768405796928206094649347514184902034631817380157928806
209248688383327776998058146333559356508809000494447754112336875208566003254
202106002249867203614736815369424727492150937687809704174672364764111196022
97662954129669390550646615326074016547515423161295913855287222227045609829
156278088595789351988143248307080738532047049736713076466620200036592218701
147167431571258107567135554329249171988641914684771374432079044094927924550
207234246549178941565966226210674824508941240382186063883838232918730946131
189876568372535518071321590957986035543207412311356505528662848831349935728
175271663157363067718839240170774628553023077716148082884422953452950604900
101250459178564801305145385909836945200865680492113344718579727108834031440
177294764932795223382073052222262490864585451254311677154208852595883455031
214605983757548231588044108826217100125770083843670483734726772200540297813
138176205104634343565723502619264740746457779061298265709885924462912886100
180683981135616298922881123578848989210193923573199328336625172781777577803
200367465028409993406755063270921192898603322826809946987965156432580925519
118912112526409911038708951163617524872966828776496106141564239164746331960
118980726242811821813067486378980610852303204976726339759210739858988413048
133226655452738326353009038236920325482198779471108527427663432084685419369
156030676931100357360852506895214640508937424157308206144170680965427326030
141901961577859228766770523615168880980901993979138314682945497395497687091
134607924088102245256116263315494063374495186193723755893877297659816458064
182546483549520367734453298021609403100964847021708636693515401255871660852
150749870337105246178609533112004712043385509017117893076976685895333140600
210623840289982074183005202736646894576221981797363114881845790597713442126
145725663225175423560033813228449660541258715108563816765179830957838322769
122645581640836997499116721779506596142233844813084755939993274762054694999
138520405571134954567830768107926538765409429844066314344705724792006335025
101278199583090661948504976444176198822297060187155722609234311018577096243
216309124040164232173706750701605365026987532481160452242721967538227531348
115426888912735431021432403055612203404361734013805815866941428036309119307
203720283096173066153229263979494015417497727983228952787984051369852160339
92334674952084485180324971601494310102509725867303181163971615331149312304
97862241538308950259633521284957759318826344373284695173127961074227179605
154105217452774930438109479382594488290123455946015714315228387364444467308
92548791482913012773409262461278729116147449519454126336162677160812294998
127919108358503847231950212986944785557475256567388185514574832970973149291
157817742927919281135533571673043044822691480772532466326270893589024894821
215951011169132382266244433633130209423729539345732768202169479747754014516
94445415721861877394545407689187451782487956698226991965603241637839140427
180704472998786310293496122066804807759237510228592038807693414529859211096
83643758404833102184836851246787568572135727554138295746055167723185206850
182490590838493913069681402842858615986252251510503001836834017994865597038
147017077305004254768367696465877097573982657139809516284267093850132149065
120749050099785126260620827748588886048756146701891934805583916134630584943
101168041661862494255149086917744349802821139884590361443364463266051225679
184471040615034712090455636223174558325986980868192493592903126348389304915
92443430111613849134257544292146612217554397359397351754183051616475301206
189564641279953065231728581950456736947133325736140330883367669781265855322
141701216118150156624280823913908018796376549461941838898814198933047831876
124509402484840417515629061435742409503759583698367089539472518928854436419
175499910064413797780039355518674891663413304353491639430784595824155456089
85481186609579813666826408182873095023134332295948363554746164724020565110
189620098092579888332065387801738631056145349587353791629278142580562480226
203652753690106164870763854297950479497242623016117408540282576136368833136
143462109973588134029808322302526978522572847395289111470076794813855515991
177039991962039089121215187858039449689167090535152002143377614869309567304
201774880845203576410434944415883067105724432626747634162910656903320204410
159502197449357148449807712293258037738349127919532060466075332881249940825
88876494069964566637317482959577950228743161765868582433839514779865408872
96026944764287976611306457948508431770157947806881630258098676343866610233
159714834421796670907347496421026618264765527367671805628546318282786293301
200387088412031655728086947991311883167870759279604088125033198785662239098
154477675003158680366310830672191891622595233231838268048298590834724916554
122418277930352421864972800019758524834605561354145513141664078428011062894
94127318282526862111488602629207954357952192543559295551756795511151277867
156224141320367033999755104926559594966177167312886992465208806474892989025
124227670425895236904977007157896645020174144670485701149895110204180296523
131369872945146667961308959033145517430567666952928317350329958895443862852
87384180138766506436510400883928791998443325975500765816171060495719158349
189649318970292755414093105345671002777977379136434519661957667442123617333
192886081846602925401611324106014711368273449281120621031306203407804881255
187647761999621244639134931433806652338894516669653883325008716218870739000
200352877828472934948370480811101981398595275307234476922940766224243779633
205252468898258913183465780501390628763154003844419661813826657439471718981
193147509401084082052569137096433209262388665711124366248506524659084843587
89186207935113957289696980446095628069488297644644956754231954278367654231
140424392319504321797377190200121794558287877317794910650905915972610846787
140079607340134043392313089321926121211332199731027865401648201208690128503
147113021958893004243684535443837947835541746916084692605472026580318498636
156188606941962602003117187548971123707728573759065645185955482719117522805
143565635650920506672291341340457842117923471188505335871235095711659743602
141929950628416716705352600041215159120080284480685971986054335607794780500
141798409345911392600231428660262273730747232494337271988502188123976125306
208958600611867302716677611862652847319523590512998295246182939788251393638
92499938898216428953693421920712236587484973949989509876721341670705608534
212797533691518817043842267355140947110084718803164111429965201480692888119
203547660044404206532899533441125517538239906022802203356017639874364332398
157837339420584721678864950821122162682629720835251738626692769190442066788
133351586797404555298866091438500176707152653285559203147711754333253292336
122529141868543615730251644662375244089358532175432565887628844028179920759
184327910474964016323870942712442965581135671318370692959264156722461103458
133075871950424102387324464958705101985215651351262479632667491356036854380
173961352443019049270923569155096269532166946790814392315849830971948953718
189793096057421927536030837882842488928560115102695543085796847517416448611
210739978892098293250770051175076103244359856047656816362633797392406955567
143861300644063684445673865590545996154977382610191128831739490122300080457
147168645714247324774573498562418661881772227901606956318145002362955848313
76507293061935243773217795974425835669461053688507236067214881683198276712
207220065839331987454818158880278672576560720818890332947486404893830902098
83638309951265905725437020449228284068338083226888441965111745203850857061
177529043275150706518028077781626932179165570877335043722375536791347677553
94479554301782643777943518932023413104934571741605443742890791713911419960
203782862075171731012319112130765066525159113230707723625470805856742826827
136416098325245761044833784373590322676643179268800858072189585768083116870
210863514755575492921247990956796875078342575351132907521682828168193993282
178840814135776590231922714943238312975703506773671815844528217342319294544
122252177472370434226914291898885030884675891960736367547962585247552789069
202257547501090689752910555387659634517658600778994240253221125433432815153
191326069064687128171047156407084446836080608617356112196335654648295348581
155857047827745025835052555822792735267838382853722479767110923494405522040
150631972470839622840837625825734128662517987551519306681246609928476578663
135028931476228381126227621874291903937881939782957059582264980512617685842
175383304715281462608200629452357787192966551398578190714384939726345482544
172159970435733938570363768523889163019396805345778202108952280938333950022
156300053870421727717695460303250272912247606423757876846962801694862625103
76272478156656662217243769305295851383907799964340404628145507621784930420
124412370888700922743053803456468397104516285068315413674224281090226801237
83389311561443004453580374729912760948741924741224501209383312244868145763
133220429056422566189693868066966389207584392884822458049894268695196222577
76797711176237490064452681601547012987200767825367244191782038962329381236
96136805388511733947993251348992373810732275527661232073295947215731116354
193119093189854504471287459675351405230626118892422136376087942492155702085
188034450732832057641507424076248338047750313923094240119312837231481731428
120611180282763934377864510086812832491922823967526705102767458766864610632
157611120713902910684878086710968952467217647520491585726678774012271815766
200380540825599336426879123643145727212153682397494647040721923115093486949
178930858670196042685124219696629979794574218018861794027577485827928506738
194700698680752771208260042307902956062209071722069596755187748361977614134
117290635091101784924614386710770105016748184712291933568691321205246027825
210553848908718731128541852130832207944984004959308883845363574663839239989
96088061684750065566390988901208484674945908466167879512863158188741973834
124358692288047842416069414656192467771032977403235986939110236149869065582
145340268667753353152158929118954700216165409879233294564874917267164522575
205682048989587116043712186015349247593858722876085644977883209956933982053
179275106637886467262690979679518846757383452654639065643826966205287592265
124448575383752103708983761230176716935723918239118149950867599908968289106
186267170079248649110985068373379950804017914562866088333005508276703683181
119202416076235360440583497861846552706857460911253854015622899442291586924
155837720811019234662415055672402358571300231100022676629386089685203247993
134614388274160417301329125099257750846407513562887461244284420029712840565
95882004709442230504790004278282059993133456745185369229183869594873000261
127725481284845713273151524399410275791948397044801031803081642562429473646
116985933966429323842178081831952689962718385796040798414242769405547797064
215881915047665603730731068244619408423582135596288275242821004352805953907
212755559590719549348039467876989748882816755130639469053749204553048930150
129720977541848302700750138145487198711715361295121190666067475933050270022
189593275874711556947442413237505298537876551469385393248370875955593568878
127684525736559549649249241803608064188041219813170001415472353737058244730
212644622788332580662215681156078114435001125818578854508519984309124494925
182457382096867151521815783700550381850473511617892614879434837468451917367
115447760741773305815164136996739176985706729527158832743313910057942927978
177398752926162471800195019612917152381723358370432346079435934204424714568
157611038587613733183374480712100577800368452355866603239123098793536797015
135091047615456560674244416861768695493928592686840818374846818848418458447
101160899180225372744986872560203273544456819884404304328050475372207826243
184238272452183919175249770439440515780396821767588615140520281604581586798
155816229945537077137877200957138331944716879378508229329281784279310094422
193354835278032940831014341142365424001420078883553817371666618638805198922
126213646448039530421290679887752891642854545417984936388805372655664982125
122293561749490568199763975619126498222888846335055778748855456025765968236
141811565499192857564281514174164759287812044689204009548177760353117492849
126123872986645513671895045638007948639003688265852893605773460207951824949
76756752917294195752556057943516436618403055942893470491489339666172753460
205640830824929432671664219091956866123553502198206437742272927252072982384
177301077122040099307964045726683390977087503736610984967319182684508665199
138271669965246761345318852139050391336276417458501362132391555893883532149
124386380356991339440082643921793145515036236117518422447447419573331307315
135028146789801701201706350457873754104351670673346145885623800863006354806
124006411195846258650332584574127889669828949815381795633660961646508866149
210554816494549872311208548828086363939281991704407367814355462329837307697
116986494654387299227767700851614597835241565056857111219973766051892130668
198654486154002902508373299925440544157586426382518778991405426423947947318
120955348004517237805235159471196261421181498927891886561812665245620072809
149176998285893700822059085950747430937743644056192878249949616876414793799
173692104509680050203621093770140872800982931753755257684883040330747168633
124295957869958213105568373498291145517832215067919605403965038955443467314
189399616258642871348633984156718724419800917111698952640946377598000124005
138617809874826204876897879262350028609728013519458772578199781247096931943
134806752434707907321160773479703549164019663794269356699134225055833540454
157803454787577046282124321461096405708962193495879800127835191562121734512
173526791186413911047791065541023767253877001900680451864171862127582799953
94314262327878755388689868994967845996802729877812774003944604258671405900
119134234369417039391187857513334835622997514433703121789164844256257781547
200166238615184844684777972504554396898203627911172138425082811010025419084
175520690818205434417196625096326024657461996355388380988612361233970181968
115661337568910219497546824046211544899301275833459798215342467856299799161
187812135102421951775347509148455696184784043538702447831154385333473727833
185817184577091568654923230654048298286821797295846613962144984530282230644
186301817610887588735613804848282905013117418298867771606759463474757452870
200416129210308470341496255534760574866697917806847857368834102062672466801
215923410830266035199037543621370859511760917154285551666588830904838672243
202265879067934860460023239414446306422674555837830439076157150506952905322
140038813576624653776001954812910894829440532129404580113587968469182657136
85645966523885645396208787773463804558765056805866472860924593146825169269
76804984892487492554537004617072797611241058672390077939181759054417192038
172070466132359903512247425043393794473141817609443044622001539490086077033
139969661318814852094961310607389862284061699000908060304640649174019098734
129568838446508347840989190321023890812023088726249034342197031395920593777
214481724606075600178754127135757271323133714475354966081976091472574369889
178957467716681858621329846014556278107317460666773777210470105618452400997
150935619826812075330058577168424378943066022294679091399082983674461833545
94376645343612458528013759322386772766291292895527722004764083646637224803
136725056998310889568859011409435074367023575709838804048853349414523253330
211050590118761786076472670430863960321498924761264645650210272410708824932
189758048656129663516082931264346648991447949516640152033150346344321923179
204011374079585124367512842259308337261515634912806240379503609079030575737
156250178182620351488837103984473820678013977480439620002731527370968024153
159494540276589325823438262910695234971540515810078202701487517100954433123
134801119716695138862462672885462631505020271655856345585030039636845162838
152461849789312717756072956749361199647772702331050688533386555061153385286
96027187168003035164074366488594043642281717661682640758180182011952514609
182449184890034038888279612090232960631037997910540464424549053299338466422
159502657854561489674550532662674033497535844018155448475566476835453809719
152571553604357046427091310246394081391565248008021627970382576902548637250
158059245583991271036633321767504660821501991553143577801215322111980820594
129500712479188689825748571111813852283207325972742672019401924666762356333
117117494085028315197080955876672607682030688803254041208857565276467455861
156160084487550703020519416295270009211156816620847214471154921577343638065
135118572131399851165915836091025745277838871326068524845037827761900779059
200186506082995512488911994473842113075615109780132348466685358965058595634
156215945902587591670312861827227472209613609557302221964703475042515637547
171841657613735943046226160449258251328900856650038648220457929692025545837
173829573174371387667098680099632198782917759321364032360689492138784534901
196599000096927224707633803279600324511777817738164438681640241308298339435
88930492297445025468653191627445864483546133128020190843326126922114615664
207511072874368803275820647594756000678638435605390297134437643600603928676
150549554880539677064042406740828613313365190525128059606466770878201752374
101401897506097569918439323680721521862793369375812638175683386640818464372
184326481597737840431596887198678787812545812687673356741887890159796636500
214177859593892971949083168633863045020819790067654137892869870800447559521
116952361889943402528988101137054186402941867620229205491301524709964141131
101410548188880029212739216019001825834551334077630062381911772490759292236
83520146726790743475452636734018628888034748735938053653306911243497453620
135110344504513889995537337590577752811271767046091139278131710922990054221
177238932978345800519168620358341280025273602704002576771969892145821411661
99767882297678286051560768410296813998997263692913274451214003003590337135
85550445858457655418875576870563347533040945172217577857142702739627979575
212513566878552017408722104067633861514227837157189747449528187435690511951
129596819921991619147464145623623859784566514156786760881199804439521084487
83872325560422328319098007107351526187690856481430205425983569358565683022
188122657753247519610418972240447277344126631821278152057055161731061020282
143847554458134455123304404363307041239692580459122925943772642035775000132
159585313580178900663830410204982167694407073243355403267465265403738211691
119078832523651940099795939989703946241090033389884673432395570163681409136
140369131907698376303767784348707310811572745655148465927793736662029266795
115296967143160931235056332147353385901083885678968461693365414927220630849
208972894673913769144679285740661917105843025595596815900117432325499011668
96185034609161457949739505899378462055144440418568340505173986327031993144
99635941179644571901311005299587583070359584024099458339972962797266030130
115682501010589395878858584827639504730994835080886611684383302063714694515
133317105233660689436612611086666770900349395204265022483207654333760226917
131460296720617746151007167973597535232230858817190009615899306851409277818
143835210064801021798597205468242725188206859572603211667301028590448160880
182664699955701743893180582515479769131066280668736064829594225176491551298
129720460657515311352992505058757320917791203848856367600674872812332724085
185997488260793197165378836252123654007125508173048640446988413288293032501
177452560124139508762534122653398496673618999370022255258513055803659006285
175507269906551999792704676034475256544515049905156160355915821264776606276
579023992806928318528099755000349680652706273366
20
