1
528
325224905084518673681019026250989468702728965141600955062606381759272094400
349102485806917901283187519478867432605922251439027681957370955793197623392
309424092855922541719237441758159979609567475492403142165821620059451358643
437483385157069735527557279620141917664214727666593089855209962791050925246
355062627067659167304442743812836686923137318547562987083510385783732660153
290094158143648176975658094594513893673980323890299228855399501159423715595
346755936033544481422035104071863284831305952817738980237516984237813059353
237048003313436238586093055375558552467801426836533806058302684406530706890
164179506209394518779580448364364122822235278348998247446470524881931436965
79155090097280528913354390633784844526044830869791683532190953297251738983
349980736079582619095890635663578200797029008839994189758716684693064182428
237943916672944641484290349432082492639118565770489258148283176786344750227
112372618250966097784864394714390903774963006542541257751446686062559490354
400287338426172946758987608233692519506863204862068991104026387504073138209
35454286693653647200465047753657008895915092415691459053148550270332720734
353006245987703512400279887499743249336416684926992320119368762742928597082
146521635682811459307582941957512812193812417655496983415549191070848453930
410604917788915792870961330145183472670066006599276095049885755019858007114
42276496550631288642913116357365798105389477411737090712982804512960157825
167771501123145313704359516481982394673800366898244975371127366747763683553
149243913657901282857135678655101630663873701625069632315001201222841029104
187547211220146437162504676413935562574568589604142410929031495613877759012
165486742110122997406974862221229020168562380036223668375517891197718727446
127484332584699198847415900162537824481191313129836963758709162963679389239
99248930427933101627791298699269196341705154442343587601423278068002807901
350112381862634286325145793663196040142252438033526117806332518354694515751
126080591066618811897856585012087771763848506418451055706920472138088799004
394449174372173547969659929976195944089452490769338589920482347770955667727
192453708346610459930569505227575629565590330408857987892471005525579883819
116890274680058765815467234688317163708016022220992033549654995738947287899
52185230999832557963677468489564292699669151422860879231295856234416455070
187466191171500858232766152747568058367028706661162654354227189652584734765
91117366961278015933457853079686081001406304960190325390861158587512698304
394063940753789495421143035437742835277865031528887273980079740125979598281
151937869505909250192386048508189634195810994156701841310283963632417481101
4359351283949631578109321819398712571481070535008668007197240551901666772
328631284363781245737127008099275309292726570515102408113425846213457022516
893850509778200296157186907474223217245514803610475161324284413034093963
177970631104426488062443413996597940964779610595035935706955247267527737800
357063538081850146747735167791474893520564723014299271442908350806574759285
413368661856328184807027554725022739020840877208217126343727573686078187855
327131094445157075850941501948878996383175624166877796846424960054995398910
311558241608274330677657159996594565431253857820267376216692987658995825441
133541883670195124979991901548620164393705607603398904954350664046109175257
423218989416937561984044847747066120351516145693253413220970315435013188402
139714013747791586626500570062397955425681033172431621621043371634944798807
231695934583110166263478177286934229950070470736776995607122283831592257949
304926764278415151802086268047826611556210718356194424929313781619259137377
117921857402935579637204853516731616302847370075450596277036557071924657582
317842936035662632846639016674881829450097115586520820694129674563974154989
214723060871328883520884496936486370379261130048215755459315679314392504003
384832258071237779543710320370273263884616339520267494163133028164614773321
88625213090918572477035936765321518904246862105108613285464194837220901528
104098133334505071424818695092187689273502576120025755811258163418914072616
189522644420211056004977609843505973145328673609457499064277044324701110688
211740256162654010719468454320278455400283094247832978619853751500178801113
278858185442257606289115909678470232185434285888792586793745559560943787562
40353153524142669699356323243971567410466133434312107329512156999363379191
389178384072067366421443660585991984879066819832626454384296971664137608781
284674404952858524652724251297974742935251331774840866504646051950215021127
436071716559994537245952008851009926757756443204026391094117901369132046937
198765385016539922412679780664900262197878987597267184265194715376793506497
307529002143574106439322431234217471136890613125749526179042614895710337515
222595175449494593151332045517233737268481294038872452445974512923228105168
139659904040975213077920158129241726567447800087403762365196374912940368432
351301161750435827209140220908244744507047632239819337057605102956919770902
26972470234931123390971660252726229500425779853780957690472633130068281003
279503806268795973668430540503247658627780763301242409592235689572094738274
384596813388630912999948194044777552739000127958588939213207755780248502266
402536295308263057983934266736833688475132211613606156116247402864962583438
435705893883218028849200310688892030583027137369464781685414516292016306911
315336665359021150448252698909597560497412661729763088317855625036255935905
110051010167902748396026104399818676193208179082404076085038090813398049796
214228189905993302844612933032593770533027637729672134095538020352502114987
221339655768672306097986830071286995665117816403476165400480073604065377041
269632875499296009451296069999775953947424508558330501463609945340919051804
285972704167717227296988420646278187172279021499705117665380719298794121574
355102770979025031146202098602452566293950279898585784657788749368658799167
367885069949299693156553949459212089921524030342760412787431242033343824802
233082139268132078813014140377182137435823148436082799375805482495800911273
279150218627775672740909942523925702262759714694804118320016092500970570518
48110120630997161973876710651848339722007562985420665871782976479980263792
316859094716686282827868202406306618278153085914754712191906964749039927437
356260075683614119343323099328772977454125238241275089670991169807085295707
48507354922335133860804629925407183453320575482018165138422377984366105062
224418123016769972205582226127906132854373604686224847917261971714421707056
339481180605158709932270612490111891878678376674765128359447326136321092509
115193639120348480700834264323960355871841133012826616245865100493734138477
183028823023623571053656149728021911758404475711261996020895923408744116375
10928664537985115462019099345433927178683474309853574659765096030665446367
257974300500520565594006096204973330023649854493430949279405828937050597761
120784481822173828504696872092944472463137002604440551752829635763673048909
94750082164044009575186573175885414620711598797799089075250072462728745400
379638484642008729376216645442585552518210583042751469928746816295055850951
347166201300977024001339676580695066524035283308082188306366966852955736548
71353915118618338188429663943109616429160310535208685983097284380543720344
299830740599053794329537053714351230048048211570667138447365007753973609505
405754942044039759186223314527429510895517084061887017231334373195679396803
39936950494176725047540243762567764706655754966293148149048127899151276117
168530434259032673630134109891538315428361162135952350391872076253697389076
416872153100646138202786671737344854861745251382010140879421974075488182595
222545895013569981967476734322930218839406114511637591037807218337936367171
427283633717463992544668072099388377554660527355255571856918301993487205262
274670658972254694992395207867315657784555748337053387461928891117619951501
104927437138831441352345913232753713410534971377067733775590441184065678350
244108190305278563246194399643214252526369872014889591222442413350071824285
250675584545262791589135755407821189391862026260994969641882468901922254754
149208576772424042036202099000370242857276048328670358162580961639768020603
260327371101214218654261115756386234959892405184509432281657934967808249915
371006349166590463425581526183765888127920197390532892991569112287248364706
237813451896183183175824582628163412037350177407750621862566618963983180599
116791844692930428583076996586956642500085085178960986682511035451092864798
370656755492754810947617148605060317284322564181856913075315927522372629051
223958561635959409145031344489571584626470980120654425496634031333642161560
423294493955086650501676619316026361960135401319230080676220638597680070963
217813844773402425533709204785924453484246338515722340495192241496351850978
241605281600334440226750196613679799207838998789071379251438895665745801952
445405943517438366856900527683122341404244811721368529265576824090828622725
366821046830223956496636909850473178048995283160929753302263699359182899903
283723215225225790580524581866812591721892912173582189640779954047323108196
133400867688844253295504236832351729120259674730434101061456268349137539555
246795766728608543357845626558444405081600865728869983313539237547815608775
139891786121242970027370268586381847898577449103737619236610192989507740708
391779778222283149136101267472150383295075460383877126870057760721269269308
31248116932536342761561775902205563193673228107866459109263444227239136318
233587554911364389891557620770515912216630813918748373696722604310264659092
319854047528790158306629458403692205361185653965394891337360849934940108735
200461777018770672393317826325611770237856941720736675507734052831352755745
73540155196551941990709177566910105568219847474623615984814512114632601950
107372555451833000993833347804230547369182673703597455146077273141800551294
210067514967746582330278449492744836645375145346558779688552873311038545506
123043258567232945745344233925926314980206946872582545124279874917540404197
59800452847721729112324572955834462315699145716510574313594932220846016409
239090896344403993645817800744047164011895309360771285536385026387117517838
385823378868304427868661791316127560568951414717955438834919486444095751933
445988173402230045072844904367539487766943502968528780156717799352985334499
170665100570754982812337764677153854126321149782863562004542201224750492429
152863362804641467343187804969822233294464632263960069447703120144954404733
64080296436991991570200368509736937475108965359164428093630901223024298124
400482851244193667519322266355949511698042012991975191592110875724166560912
437482442413901914304641285139716073575538763141746498716401485022005903082
320707188236893752951696924936057855241612029963925244132238707963675994406
234074853142113573409269538597695118848291507224149793705061095515432452369
325979066384571747542783103551456623726751278817081090383871338976451630618
137064446229004932840421455783193244506106328766770085178060977569176761724
264580021133588782517281948734124314685967221686241953567218283290393939399
401249519751075244798747642907148066209903923652278500606026305806878783437
8723050283733822039690451832891001659153751979632399926773318604650418302
50467751213288784959517725428928012994865142402322187662942054699720713147
302754919386377759117895745952598747051520147319951658105590563142543803231
411272384512453058413947773383498230428995101902824787672685959459098070721
213822837609171215591131468379988447268765990527021483891330543939638723687
245584430830666371533639371845206978606642689188474223139507463467955908789
395863493318902071624218281081513114389604162062697451883081911625689064797
126577541419744389950358312158792230895775748335964070765249224889346992174
175297449253582995501477946454534891405333984496708346207749357588232595759
35161545183798320743168626991807015723589256861880054476199371224273298062
167407382864955329617585281266096869574890970106420859831680453696286981176
369600458199089936708641967613153223343303397148252405857825998922242964800
267988395900462966345538052321650210872014775961016810400444141571505073833
55512244755515979767214521177716762287332084065949936456487367829920858843
285290367995773939624652725575795896149364626818630905791824244125341566177
377538474846862075918117023346778535351682207039973563578063704375478860908
227223365896538234523168102580077560802632571925153114900789606144498424220
6275238171025009679820511559598117675652193089612339310829640676591138855
359426089619731149028439023883312819102736333148544576749168497711686869713
323662937332564110089321712074290689739262703992176881861650038244949209800
206688566996631613688638499636894356354205519766075844248111141066259813603
393794506919867936981674537801526512088967373584385433135940168429534878449
258162669234083459650809829808227208814283089373784017891027375239353098491
321344346413326563371835934733100038756656855002631375846746633988635251381
200637665635134763805880646422873967197268663169205817748933982273447797161
320196007072542256428976288278619278102592824957870204040652705008503360070
217536152065751480169769845045192411635041862184851683685159341246908785108
221113369137791038019653777241086915778186697602717922504494129551199309929
218346461405855937314039132261712278265534940311402610119078745227732107630
187633677453713967207241048066278567543127243854967595706356550851734682104
8893607413371003249774596013107161643798449443169705948434414109518942666
253022296315546706270500243056712902508305310173527227776665159888793299547
398958055926121942805411619628585550779046107985416657946789872489852178869
239638040421473824302213740551416154720677988068825107892103320228967382107
288268336385311881366798995107958334507176950058778127464180436300895002454
45472303950285259647569910682667308508348435489485936141173581946855831036
215433217648472994480141772751432823301772409844918811501434480189878217071
25004693310935871652240058666094938272161816980120995943034083856747699706
210521337985991049106156566284341374260296949816563560474983189178815580146
350988067518577578812501152206503526733468826189817944142397591604515947712
39832231977814479626439221448872050732443289334813426187965593826104360477
84505316616781779185640651194412102191527550244566904843815092297210825239
118426187588465499619790203901868133078775311008078331268443090694560420176
313411289643617001723048034275029360618528842461508280808757001969963628329
34864290785684466339546789531300466899661956892414231647763668222756024402
430183760069122094862743329338389751410601510929097921848971527192004021596
362713291856842270499459694768943074425221089007214278269884396894163721043
230951784702931773794163773910621511837486668470389165412245405691413350342
115004976343855902126790215818824624194332774566015512600514948788698507775
155400287737827362928433434558472658242456039424917967117586608760243811885
242088200241661200467374022800926416665508601113028791338608260224325716061
386340048871183519561100458885109949035277841579443092291155333269696686228
49173217323543236737504241654629845402685072967158443208486332643729994662
331798491333627767782069738986139083495467863570335147526717271398645194676
268206738788205287238316640659387037171263383597543510694139628975459837778
326459653233382223666778125949825520046717333689617372313638319759497771382
218023065028749164476407649105888071671906453686040145323949113654992414488
244538017515982089378252309897459239658207090351600474498984830629440621992
421439357076670750988010822555573221645796394231750185377754578663533249457
128482425141361633910553015830666361241884765633399968383821563766596012058
202770813706667366921971383682497232506268077098007756878194416048706660077
440457927254389532767707421668166106231320486297488064962173081506425189159
49529324959200349340168940834418639665489467722965304945721246413140107527
72950129171152442447839759870090685070580209773992065753348741370787844220
12939430508201619535827769059458316550885250299016995556394705966964914559
334008402596389208125191769332822986439080121931720066151150491631762028890
305130600675694497119697195576738139265013293821402445782911094220852075994
198959305281206080049550017712062534078196562877566608151093458493459324888
418153735838380438628390632204614734392427199780472414607766331422793970038
179888686264160760509396541896296080310309273965113494194549558320299668516
359307931990431681924394052452438939160875443333229606828598823887970378367
400272724920446829687120762527966998593339749638165468488031449199063306480
332770445954514619356270965858031700506446973837381422129213089172464095590
364113933703855435995312111469218166684382109456128276357259101313367757231
436381563147384798290108145275753507839077672701609594637827077517220580859
302478697037377371451325823092489434376115933417705590986012583800552912424
318441713039645433531050614920559945265149615489104195504200453440266142230
223031891330135373242984501282323568795523074598418309102270288982462006685
282769075905137122261925176000699127928503152686653632275381120072183195782
170306496016193522388858091577822509322314446025969256569161357515660794150
216889567274967105050524553344549400508896381102486506232536415564450360438
154836297408045032027939179770240594038372691930538508058058987003919664638
175792325148713939055248466233259148328087316251853729377221570887806169062
152837022491589160141243181900159473415827002074745610466386987273118313254
169123578543423268846727469492366257026506187690613615898280928072156733633
215115607782736460916991864138562497109339383029231981377041204889587932040
240292920906903626023720030128540890157770947376228269369615074405046337605
321968365457708988693371166023619016553916712736237819194285011747196353276
405411914374675862541272304277977031562264046173344521292818441217401137598
204005263228561053283277729888054132251677826880413916597628387177864341264
198342661203781378054551173249660468120561379598778153294686734352601229444
24212902701898950630922311583382864829921230007610349454156257122148600966
193466498625876151949656555599207070305826291740823926029241353845085576232
122457366402521790070915232609693835191163962230802755138592026740838254269
262821108660307312256400111226682601310569725795757891541200400542054408572
327389602892838882965170842489499948451392670011419343429416050966465443905
16542586732310800114116255246363399680389281540488564588158611829614765675
199365836752449077531806975973581929453108636704427479242420281630415899710
359006327566841194636132245321099904688076672299786627623202486298267004888
131420019988855379982096403471300165773909484695058897550148917988172250184
23610376677849874971036775878232193976649349446921297474462800003026169157
387630139258429101964015016033120698586345632181310496209405137451369459332
213445910067186600466096124552743012729958386165157239003065650962803455714
207262273238964801725552955504676101729701620729923782888770230335307291668
30123635534247550874517841693713231860989325792225621069577832361912302192
114661969515134034337820281766726701966541948052254995561849951494501019738
442337689296438542141253457018834439961721119297730499455578816871286327652
349552454162474872096745582950038699021280130513089647302434285432668996784
127934841144088887772245305948978485820909718122389444892811269271451350127
92775459016029658031228043814810896886376363213410802562986390855449774391
264059669177422022827922564499666884604325304280814326475911968476235597200
91609166173929804569340848986306374004489810259950927026437929666265434007
125010953379681127433551451264024827080511748072033455150172545260913358323
192780162166144863516544128767286529927181690518799356652550663228092192440
76166791684161832054179532405726891583881036272191474097790610334726446137
9591352065698912199881146175334175613469508557540892152394153271391052878
274740122135895925088081769277161561516470165144539286161034885000730134434
158489876082923250361969131242048661903410077316954919479859466085585035641
146976475839821679013167785163887112452578475813062097898214924351428747032
294614978300025622377057406430276372048224286825814809601092120350014811813
188872178010129416019133551037102751506960173207629553624489552249356575505
239420886863109322938152200975574052455600344560941115068826665450671675917
36540405893149527742977316409852631191014980102476829469668316114704335220
448581163936711277636964272420821401618162298293152636771231177212986696468
2215744617151980645172190756367624190507156154362036940565842705612381721
340323154569499323825659313465931722337257068943099844088283214061017397058
176803683890285213932959768585339320978717087011340323662780692902096516084
119610253024710166877605386578160637332571004008368919158994917888547253271
100206110959485212804114547550392410689187421541590715947612676299040672329
87343235834306277936690529550943485417012018303871180711708958066760459065
335076407042604883345100146783502830590815215720159394948230857438746236054
214718308416819285582521717381531109622683922543289602194608833167153580939
113547117979060174485336643433253879343407475530416736689693332941265532874
257596523358295847892243984603019089606901238305469355019890871124725506808
260250512151979772328738533186703945886812902253767795349316892364974680927
183627764893661582013943126007906938116819633060714611734960026808672199892
188938778647715131835929360911248942700603847597462446196617584704476742796
210000873380277782809276779771071157898712821582480716099767578997239705519
22660129076882437291609519836403837371305653789478146562613003978818178869
3322821406112361908500057437606041138796123051285653033851040372916387382
349730514605497461322719055622494144293495453889732348296536502961534773603
41250668653374424874468228032027773622222895469351681686327664842594967871
87955251072339650506997790351144355658444726843499565866851947408666113893
216931551145697164204459743810410104213643451570622044464938876745793441434
179910056084260738189764597613964192300082932233900284744056688616437749643
12176625942819547532334465974651057599674206105058028555894524120639199186
198951270081701456663065168506102016213154931714810044315375764337310072659
347691403763552180306837078613731608951420747135398725528348546666575470992
143405019745758161289142493662316462090999602545057407823700415991365382020
164436954676476352477097351502741738175084085032226029131594873630070140060
77861921367045907481976295643660214609905697949991765529026004738926663305
35809248515339293959811614222452762388017834153320383416569843222910966758
31533775714087646673510432905993622482625301147033029935762878724936093060
10919031786119550099728641019955024704490458242874733845116568016199653001
78747002071373166946420562050919392385328112633486882920173303761346496466
9472239276089972626139623703191633212003645156980617316481707540617679487
3911631721588659742507367589862475263300507055401422787851171384078129620
251463630035374733573725372189971144448707164501169385216071191340786402190
164107974575515072608275399429134266343854664625883250259179523991276042842
123029106800616373953574928061072909314803159811794563241887097040970664012
23572438818258438688964821634517429120170962290293845623687171596100256902
363622133029332626175718546669223363243351437189695378619400633652183779789
24886067088003758585483457127299908357891399649392970515430294749639783157
204747799897725519110776758069861586740766452513157356830105573466536110508
7543146433710463751088102097465441261309755480345512828125360092120261950
302809051556715177274911223382759993873978915405404480197441458072676058976
400357416996834456733093155541362112771893027967396089876555265654769971625
238436918111808558139569137033307401227847751336891058075552113094148965426
107896482229161896782074989296138038281221307841853457596174284225679645585
129596632725680040980645287693283939302673584765399824508363500971464837402
38961473050929437505929243364991244890145393753886920670610805410028761954
45479854170359544833105211482027679150980289980360523467596515106080085701
29622036012206277158371953863966241321594603188251741031987786829821285261
300130061273458128807622273811465196072814167661436503033106585226247267545
252854644437969549101932036783841134788141757439896557855722118110707751900
316085316956139447523722540542263663161346005239377243460769859074985307847
304429786578573602380795290139612970307933135660247484239601163841513324650
180901571419629244965645313665716873143108476227021709481911197286226667386
116575512088057845396188672492996503208012302736706712269304688967227760758
11286580610221562375278410954478815638210482580748646760068723359436740183
196784138183941775222315082276173802123190847994757677273742307198073122978
126072677198361069427607919883160656427247696522644379162252476783497699653
14333072738304875648158193065427149340616782627949108993315487566768391241
195320012301024407810522577001883249746355960365840262480464624286087437381
108847038493443123153590701145346968051150122419908665002886579729816984935
175049835757005311488235949781819100902757993633102710854678286734110968333
452078548663495066777296378895372742795476689273347952822401973031315943282
258269987529043638565516058527035098125048250575631533001277463495640844523
373463838251140022149197710095363553512176297783934474715111809327577606155
125361292292939137706990192942451100059114460954234941512737984122622713644
68672051823454652332868426604403923528639873886223501804683133602154320435
60853521001010653879675192920901092519336771798991504281956353801218186275
138437097539839639729309396069175190519156862649104651066415438795232343625
356678001729125898539705123115969458581900417318409087155828417556718779620
399630379765046413766960258886470551612822609145515281898879571055082571903
208590039798914794480198431538946305388305768990801641097178852670063850240
380522001689783071828624031311083715700582448742216306307535451479191407145
406538052990087759801057270938480588121053108026484070306526339817929206338
63836821105814249476403799125001940106237278242081884870139326809069087696
144815631830103424848047760678759722947631383523285120712827418003295445235
58418971077635585497644116488433379754135565562226615858344978463551858170
316175631400096730140968655734094447936205672774356752880551860164185273989
201824881116988405440398658568750441857404892816186781851755088669061343253
154180606959129557053974388545573233790893353721789309250044354351851257260
254736973455016852909485394818163272735318326486001782954550232357394626815
76369784503724197778018289489002132488728568813558405976677728733887896654
256042321505420411180164609234915996382116530197369885544255417084073186853
142806244373508589323477983880109623132795785003071567906522412349239082494
142195314609172628174550050420250269216026877110377119566814417871241266471
217482216152164876896064726391237527485713098575082099085465584643027774948
376885279332169246778004275864342001987034146165838142858723232359796590070
383821502727915988210681578841639233100836038555893336321780075768267155205
189207523670821133909636644648540862981801520159297520396705822404097292408
358305471724280986573675872836848374666928259335058971361044723263286288041
201170214598508437577617899674427228644717499956373239429221426746464248432
216814584062202435113495170300054235943550338594867091623823035030499134707
446194672981712927535246784181976392079696734815490944198894981293269791547
146200687727302115411647792814853245516187372694756099755987789655918769959
269576863241377263347205789566308624538086085957907772443786504806270067237
130806020422103604601962002260840420122249544015685583185049987858324908547
216374070230569218655729644433500522655707917340569492178936615027204515202
307176027986176066838569768967504965885284440732436483300996918662022068113
403478886991371524425475007194111809029729097091751405318494952796271483244
438222202837574700908738409660840014773822972526472359676083889947736659769
318735744648798157882356745889748670802734264750444211972210851015301569471
43374584533157034146744403237879417428011629198959397414180535356251185578
358076813348868635584277242284231588096027768291549820826511150470998083717
154199051530597162507961769789849028100981333149738832026880855017151900290
58524656642781372611776870259975939063988496672880612765102944808634188825
849676056978695030558105072715740202691744949829405166204509384481224809
258914196634518906620115944300840776060848628580323107507556355524650185359
152245613270151330651702503917967916010872757321425171098043887494669364930
169756533402399890554234409684823365430267499426008946524272268496215939056
149616910030461799621713952682649683142633720994904330349056061985413190232
336813639081020313305536474164519683511096050241732343623137183338391814300
46519559738728304848174222601914678107850650969832911667209019605836518264
363776269697712037421122862392670409054764053967999834268794485783419235649
236452335486583113484148612979935804471941596430511986206881841742754252976
294484919018699852780432837402504327677821715754323855690063649457574925425
94479554676254220875931564632001097933745589469321445279010521979888065600
419671780515983213942913949231664137513662314174150926998693233191574145897
234879372692639427608064496740918229152650008283977264301331407204732412370
202057741782884016637785105948712956308298820273258105529262873567595442861
287947123669445322077027805989951850443271846756894883786465387560899297627
236940326549766322921003813935462574278945703000425640043307170887720609248
191921480981404605955732517942070297091719222176113578289366920810047415738
345927388393672527671448677111715233963366884875083944324456656008360977171
106852522220148394033252033960088250667089576848846108140005744332770465762
421618213460733065992958381994706745541558778060076699700761236696207940749
266006921254386827829555495244648827197599920505191550135580715035544035615
448459888259823906162937336873343246821339962302463477042232976381830916331
146634049362518244558965610152323022460431872188088743760445751897615920862
371682469829134478468844215347836632763097514704755663820256025872638955198
16008526948028913730575060085639416251956291727455909369545322678678849193
320872365788179683098550962118022384954484864130195593354157244649999551363
256206209636833813355032306451108361887363475489604958591033150591233268135
443088001996005492214043489730554840503494622515388900085647079237594907934
190975445473652767226617441272050635749130817515887159952824153217430273575
146677701465001514980895916233309176023807321084046189520995754272454958661
200967136851473732188738072988722045142467589946160420952015426659904304730
328999990192813245279371322203877866085206787569016176249953310697409696035
439385398746233822501306452127213133917955381991670922664792010863375685201
417990962105788940089535068325841051191017681515139549289825847287621021416
98674567762024278852447489919447105760073139004636564883224934357057270765
106072936778301185353798651387202023310003147778477570416204195098562157553
240306121757279757986479003769851324561499348343478178730026653100903787311
365236633657458729726620315429657616107793353495008184822311941383961548340
411412503922685328879872302343194682139918069430726852046285484298003132648
269577142030876058022647805632252580059156717719555758029513182057987651981
123691599053178231805791918720982271403195271722200512471347829890188485127
219253779983423992855202710868698519906150013336947569427848581743231630757
275560970122355965362115162892389672781321395354120322284115313342783370678
68730482813612778408906710036308630306723103585729298762938943780860803498
343074293434217863917779775840314099365884084834147656871075864176381943709
394425040318332074979562900974600800479321449099599110648626718802837848447
43265314385079594013641824185482391525575367859513664017454833147822353515
82541029491771934558952570348425388830412501375699887968266734718827990135
378702969283298573789547191912564108855217871064065797067017603384073765077
80069058502765392212189771958184649539260040227759757042842689241987071613
442554574541254580636213773858958720842682941887001006412528991561439290688
256301086947380003740782927732945751562805640915700239677264950545505290758
50014141810074151004703645795837247280772376919792966372591637192667805785
253744593398082501915708210765793749847692155691806994005582231141336088125
190241687359075798557293266086928453816173221397390868682966211247480727315
64522575844108876700284034035515783087882921171225615852749287059907528101
356424336269473469838262385380740985388257121150913904408380162867554556133
334284971905481047897274360289624741807139341266054478583913898120824027996
24402786863016763418788996450130790206129238102168392899227436893227786528
437030880287250947111691717653460252437046907400258135719215673620268907532
50503361784142415270092445086678845816541704975547639649609903706265823336
178230626463340937440959214912950817581537003789665803909287878616123644115
209169770061485529781351425767448568587708166325447177511989703955028506437
314359010327525497428452302428841972061317163187106261697349078859940156240
88604585999272340098281884658148786555334298646623982318250790529352420450
122534361872922400873319605451081367038512367949839023899540963873995653375
305369040451026760066395696735174918039111871104299160912962304822417957537
415236329046109883545551082819694822466734720581631050978821410337371036589
174908162999271011472122502284636407369284121966716160103145778564310622473
157807670886365223967569822443506631978037105372855392921819335103395967848
125908376102665619979972859681614727158803083373258048144928857939353374539
267909384224183279825601763774233297837995696533378565491210293513755794833
22096635654433424060567596631266619474649083724015560213607272305871644186
144822736734626193023231425315942622809174995591837054394720987819841493488
156760009638491796640222572864562304541659964774685336794483664193125129990
266932313102908732827447475566774654068229915728769270866720781239713753527
320191426705270808427977495452135365253998301071571879784358683433728022111
301984071830019919509019271744717054875451637108957178179064060150889527612
125972947196287765551340464441558736411609917464926968254251035660402496498
67464751041360343630211467592025335634204628912236594586267942577536697414
211793270316831976067882108172558634163637164875537542233467970944907056382
130864295123954307463380978263721094459526534551637393039126789887118600495
291129779519623828944292323411128424923647194570907113259078551732030392571
451049496227248879159613220378783829761749110041200224901679472899509488897
314007070328745823718263144150074429169001949551329145739173200059000989020
85273094367223990890926004494820425512404423551714698903733967602731971612
153747821342122270479836593150891191690195450295199719958379132553007887681
294160072349073153186700761234652877494098283467535659342579919701762185153
325044927819739816740466076346625187398950209986089334594024796912161299430
236709640209272330383041089551544528448729236635857931781778879465165652510
357393265343667550631823997274776812929980891135820760532828054654935472872
81843709284802121111225842385174505598309669283722962772929162176098095337
51658851376267696286909193055735729721038747445606861749324466871987973324
116906122198003083645065130653101200791834523008795037954178143899756471755
115286224442732248420540760105992140864406449761937482037597853941763995451
113068800482095395816210304527134630470901263383503401135194170064888692067
76583644753717650201836706968604097002134207538175139022966903127809638722
35007496532095293647324029386173464598187398971744510927788846817624176273
263007083198382029353022962478771076046105980687775629687090560246396400493
287381831657281126091214159281379921477786553111573181574487590488942034263
290639670765389630044881563144809003302627269284816280169927701572494130264
288034087916240216781298180065782765008795545443783312616070089778580146936
369810533925383853012467742090754109863486854026791606723942979638483750238
403927682516592915189210050576606928663766752410170045930583933167490590470
149881473196414989566417226433205985186538656037882093274797520089018636532
60014494020628226250366211983778101863825603278202836559597462504080985252
441138550131759618819944242992836972991964821700095426564358779875939584790
416863596777516632041832428193405061478760624698184058555100899312210259384
45208256838137923151269021481953119749968641746290195396933583453853725945
141676864826536918311790232082181038364764453528711805253556549980785821734
181368876456964009300646060709862501731047759596237199793864432362182474625
288158710353671399142412792250546143141054150812529123483997379375521571407
351339399960520637968182807523663032503588472252273573955791493735406077741
225868962195392928467801973608378543521657875197555425090562016859056273797
198807473889451451510948804761119611448325174394058461356923036969793663433
279601448715264512924250226901230233435039855495582442133333171270323979972
317080199760923536121932357043217800629744283083394079191506876170467356127
186028407106606097842876439537963835590435458663987046832066528578892162376
445171015317952766693123837198681031998660197745492090900141800219335631923
349175709082626042802969958270753195999024358477088056311475056919775552315
17203226073437821030297678874065209276470327845321165871337647868727205098
371138588185940707079428705339076423265374328076891577705929339370439085637
161093755340926093126445695301096400232705458780242322272445310770654498635
261677751371967364708034914893703483867525093733296036892631245602630869135
197298747807505087815432740399342714118993681319551948331305751860595639183
343450025746263215792812142972625171136338719386559848185371400367669409149
389402070064011415802891545338942232967258145355767408646976913910567455357
412540265857864532889829483948061398336879987902267679051238603709804114694
345202151970619816518480058326686945605956619426370126006768144856213450980
431981119659230237229985005398169088958364685978210229467475093681130676161
210536124889253742644398287904762701910429992433087074363004422631944321913
208721213305206353922447974703020882265023344535987019213472671474805260963
361613989065344942743244069762644120190942775939602679683841170997487643395
150114909613733533673454229953875260144506594872771384615192230079733784724
437917842199244826051803372398021804052566310390599103111774463766764489779
329064501339648593750250675309450183255517673316975059747503165117162082957
262870855051753228383710951829833571292119379687502894126775912646680556894
235180388862484494566415025032742104879071694583755516740882217155711822940
401320898187424960017606768620653509927696511114246009672179060280302901962
444647269203770786587182804119264901522672613657527747703556731458717869861
123874239493567132259884837067451740487580792560143062335390006993011068168
264269605922369744064999364222029359303237593712894465651832576674210786230
272980218547767217907192783668632908674032338470188213586989665784141736666
386925541150249937093978148411450924716719783209449537279770755301157643242
340277235706393257141967539700448079702899388584388950902354540001330506812
166000576832011995214844290128031581882453766376048691916437456891006056576
388119705395686794710274968546149461020223000356764909082466737231391704987
108374062792814523901002710588615363359738003743970562611776854113736232542
43917331999431312365774996496619343306751383704036511807234274303407121395
10095696407461116384137901256932835566556048262333181425293453156263625353
134735738957293895515473211897389689786838508014787801233087690343684606789
430807180768790918636255506519969394431168864177276076548531065968409242128
761041830939594326028542497673304090
15
704
207178600582058907030689317903462185048351574169697842581844722954424383815
205722467208273386867597189994294372874761178723054027988314860273027138677
122645498997438528086662355935185177436076667647919552277119432389842128489
120478217419597863553406992562097902591047595598422290429922834177351627386
101079212021158332559001534222852391844260275683152543292847629061548554074
210733836451102842467447457423696543921671079680342310998762621970383386933
177370413794898089493171088390107102912996266466404582793417416171167311410
87391267749432882427677931953778116521285338233236820702257562094037723980
212499816696575957111362376156055989696001145677415928473306877256755721016
87371210818193042736963932599236457417720376996533218550661651472747818351
136388062095534112513738177712092743396589424773554723678893811068223047480
94135110636806229615129551145135847334715144862203286310937039131043778412
134815110025124843088348152881612054477675371083221779190369681474124533113
141909621458004722878431949949621022084563787538023165496430408159635068501
143668030061971870849661103727317287627497997081539603751183104197991877731
193056979152761378674036559358402329463444043110679966094152957741822998868
141716530627855655587288843372674644874959523163648476730807670769869481332
171869295245001984037634898443843736650193697966511411305036929985870447462
207317304568253723579536817023675176537065251797940847293844851617846088009
95764464278426143908721522855127747748272358060469999419176680543670917733
212411283911813048973773619255014055478993494943960329938951696824134170416
184506714216622947119957508235630534978026146637341421842623619069743690068
115241650271879062230502003095649765329127755057307549384876582566612263497
76811426854878717493958622168583239491548170789822102490051290700038361675
123977396391683752848769757870260675557067583353238361588170931685883652929
119099486479671790261510864208871550657046109805261889736640631867333178995
157617801525391021538556250482846433831787555930178480797896623845683652680
157803286157104019102291758193172981701581379535494597087388137780005980279
172111232019853899484506463272895765490762225544676769060016280773251450723
124200226440427447081193362570252685339057134201858943989809567912791075169
133226793942506159608633462589767076693988999978479767876563438682881945454
193402119857279655241317538658187502089078518701316534962887620066056296755
140046577518058533039732539886072629392927394929917078448518904399972103284
124019890753741663626658865600330614497188296278523486742122395670007793235
189799410479907740830374266480045798220983941973784405534162626561304786514
179177401691912256466709320191645570613067707461209711620821303406391358307
90442245609439687704206113363513145575340415483725703521027151304761487943
143619607479728938918092929887428540903419402697589927857842729617676401224
92706665775250756441867362654789735548698441620832396510237149187564986988
189504464557089346474493905329921425791843618940174162357057811416301466722
127830140648477530909620975903074808080755472349199209791818965094476836663
143738800557846132993163509577270835828493762088112268149995357039861528436
134621214911832847015436663378055719940196376947646490949136357966415679809
90504980885367431822841954930363226171491426108124573340732912892124092481
90933319137425818989467190942847914051159456318602132381535863233802950262
186059089328255339174375376700896899538706074870966423748756258880404078950
94314690855042831631843752339627933286032106180638570086949698558252823088
181027910948262604264019056684992939032086567453864191630970473015046845269
207426256009602357678236752973028858532147905587908458483655792572855305806
126139368757723568714088765326296746580831277383097722335057914360874222705
216357786517590184345795998686440925510077463334842481290989051392763316523
177046763744398534973070467528677955917387418074120428510089531319607380041
214508950069199839736719808329860057002240059445929377227766085356821303093
207171215146981626621964912700406867726065790896032748345813016141440379763
76645895610982227565063816013484034581714729407078752760330788267473133877
198213368981807310281685446203721991247930213055937023231901018301262349355
203672919847873198233360044098395319918463542737298188990900920387352752725
140419032846159228370718973742390752648127396061342646719639043618884372594
177141713213504195309470706294383235505098462913258261467524023422777247848
159812343382071641511513307435211392674896651642895702011451017269571318649
149245473616593449251754391054867549942562886245401585510783474192595965302
136388576345705026240318041840313090343175268298106919015266575110462270313
184222850094345321261084333634747340595327896605965155624738051815349243491
209290428088554288168619822864223291575626864255743560834959144127290028392
143902794446842892489232522253690527620691447176536032090112076279079070289
179012922329815568057461904868908490943552454851887586285010130521236910928
193307085824806041840768753293029400756620221645596086451476272071670776419
216276396780161733291347745483965966533145264710880857897126276920712127044
89027094230510974557177171996102425018896797575113336666818836800151445827
177390900846576004826640133647465724080329851402126689649920528789023245671
129431313025369910736492941128473006161449658987017000250277654814553106249
129507018986090184428273103071575925336910117815343800205048126426924345199
171717642386506023000064190702655504416257028231732725730207500396312933697
173740502031720754298389250665035165354212457062462793464405113045762982453
210795217397792215233114165028533116092715998690534219521013589643510708812
175416791288472331955871953521638271140780832757627489385562813793850963057
124482547446112817137923120546503062829467540944748729718768187826064679472
211050453323902164752778007185824334904356229574874875721542450894266183779
184507547967127828773945807602384468178834999917389576838221942010557910887
196943494522084286861761417380153841546660075171671183348792493947475216968
101505474661792939886439739620662159862697741583161262315567151026884667759
101485467326835168880762225487513783045760453806170395684754401354199811696
191401236570128466927218053568280724201621237327816761886677945169909012846
189428139053633011439964839190699946103158339277379296368080581967087169138
180925593942182779298674750169203130801182953415333207772738608626312753506
205570307066980096384883632509690678468574052382454015362437975089437750835
216129730449156983851688315820916073668584046425194374187257356931967240300
173829737993092588794529570014186118051912525732080059123128228261946144855
120479076558510500231457023557680554179882115089835200086685546881029195337
94183454043954938130777422611422424552376684764693646549472961212187820343
188109501530433721834905079871672760475844797899878380790708996327258673732
173906112270949452366246481933677182131255085541780432599672908231944318774
92271612790155362155173559814876374821783401278400044684617116501124006744
129375131771485381715665244367784664881385155398481799406417316001363097678
134814784700721951571815324421770786070357671958810365954791163176600483943
124068877078474574219855166086986460909880677893741218533915440980994699880
142089174793744508196560071048077630475311597775865422460017130270665880629
120983143719830179330124106917221818808010507319207725106264862302851451217
143889074872365024321853436987100714668339430495813178451459512663519159864
184121026590286990389756026655271582911588513645307889668878233472658273106
193100195943568087922481937208134479123894195280558090458419290337212528985
193099871803009025738309422085568820439435900376860835762510849020904288375
182664805400864854956648287066753569016676231059950427481450358506181388337
196467218947151362248858592801867919254361596837011157785955652480208170799
85280659368702015252311853715868866840545455491691026772641599332747331952
129547677333219758808719645582961447486051195363868405221816247475664809802
194803929772060728172150428670351732347539686164732167156879047239681660783
119160408480763088545245421556479602056548725104327846830390391872145542487
126291206542237891900586644343353797095239759469988161155088119375409133877
200359053639418623543144092712909784612499489499242796547366530703865369155
138423371140747089855387880396201053008387308873929393862700089613758183027
90691169118757085624595339556874632455970843369659978927113948451157993570
125800348800402183262009023115285588992144821845585370229420852196641093741
149141598499547122339173364622944975845015467113173912529931803498470192171
90650781954905087670577985345592137319050349045331254014815128833923433799
202168145578958490711726467175205192268222767753711432147555796261245384036
143696387930504914890159601950646983476844494456960805817784375998889949050
149245686768212340107552112536221875370543368515764667082383692129807455535
194748417988328077490668139898516368068319716616900784984195271100094959982
189426636471434268285553281792223418357809579735570186034556140707819704422
189765494563099361236096990204288858990766347689992976635523394353456641123
138652214009172338302694720671341394631253197820287530158412334010964985683
152627872835755422529262624181895072737405503768163608460381461655081612870
152621402753825194019992646252845690478622842479485536382661936003089188660
87377522173946969263716113221476570219113480436662315414467450394908321608
92265845270340596524969236119161644738443337282775760353167802823858934637
156057147289208651120695110466456860310605621001126186662263003660078968115
117139493305698304625753039988840456154239388403770807952844381871709779289
200332117389309083601682310914273012059938014164124343014363242494308471384
177502090509471608236318218640753190333717738946952241823030917958544668227
141715369982788110883273327802475236070285352211971100495906398219638756950
134752990293051461521933252887134889011395783567150825839939690630707439702
155829658418285610661797236692355995604983660450644248414306910843649608046
205302511602272286879591369704489499958441860149115743884059339499917765489
179048101695569362397682471869335850318889197334272023893580062938674513242
90490665166031948200186005910913798018394133735968032720713925727758464324
99635933366036862408748280699338157051171151014347289778030473954701030251
198585896906388679521974073452957141781522095796907481781831774506626205752
203865736966776765448701160504166209366785516607686170014203872386041922632
189739041882288244281048050911721926404309750317223140051485868046830368591
186246518018396817522612477702813412227420556787468331100668614617210180658
203639272366570197107487892715496327445254596287854771868500216879283464815
207400373843823183930549285186047724496186590001706432159264424834096461670
86873688167452584348876227856666000420496267145681578244711132092330039863
189393498877763940902772517603504294718653482559904504815029402498441506659
92720681050223893089782391111957902888759791523825713290355976445583518070
191573996728612050653298641970485371154474258910093245497028592403136144481
143932265454483244729119491042995238946437240276863967676835773901555780915
143835395196399988447470160541323369843621298569051654306445300208450480973
171972867977227595134405521050949992548114170408098627265199331089696965432
131121544156021199458154305846496880759763031296451108611544910697019830099
175630691179024804719114701455058999371455948284364123486985800918553145945
97544517942703287241428656826671098445850386896403574186539907241630250865
205708876867192343895195453933089998903112409465236929650127301732935415891
127760013598720236090403390553767664455133706565493463461790948221630034505
158010074010897182987515054782228798162621289457659264067740898046495181927
83500030189703929403124456108935208666943258895545448787573204457816944441
196860486741138328682464767751401859620190093124559655858997521927893644883
115552170296948476153037398543075449658137005697392360612089875530077843309
187619753858337857700637075262287806114290322469860655422307760787692605035
147009012170466023096458925550759362914366713035163534568145742040901448049
98014542295305688404321814284846737283292542406239485589435926814530090106
90683533257384704557691783589452791858813392678828126430960637465359962992
127595589532864389897803683126593592697717361949363672461658614765968511339
90786900953859498364671422140007759276539361035323958262439129245277376600
200352986060616130751539239952799529413479252636710408657758868559558502978
94460459906432943896948338289148730889416550079945013672322337893837859943
145698192174132097083777758011524826459905702549957788815884312876960348501
205516063231352433807368497619276845940733318912451495936975323337073257294
92361148265482078388044936096192588711372315839729900484192132513078669874
148791006629679582594526686592565638076258828175644817301969499692012090214
145388178825488524236359914446189444212768062009165052237523453815703094885
141881526461234666035474278065647720139735487988520435790106310685312101175
184533293661796158356454718262949363433977745804732183710721750758128511810
134883780171111904198794066966479805336657231609350283457702123484096919656
89159137098648241524084863690134215082008187034000860355731365649245173356
129672849084904367349438795862979799466836867359141302549294853593868094568
138409542394492244267200445705044102904074026719553438010887094832774411850
143627240499774609074103063981993060086317073384373169648559645589487968598
200387386751816485268810276012771018062157882048343689709010620427437171257
83535000824011108201612089999678928717795073312524561344756725623955352932
122707447884286503033647207099271767938922429405694094831369350512125751130
87400111148314718429443003824684505251222187826407765401132773020097869929
147264696630325718654691942744038132833804937372046717078546040901098092857
131225152480362656079567126166998206478707628064627653929709833057400600417
156182404454468174613914299791353018238492883891737052990436001595713483352
124502393758433136249379096676954185049709195848579696259541107933095290423
172193160113225726240534542957149524146961475143123914381268010304271562609
205570652722435506076069638411236425407474627372011141299508383946629208403
212604472465605775937346918986173282657149068192973594973515010767964166502
115212851775007399027924419258264374027142556743369060805205976819417311340
140121069635596610262466907123529494804163696674042840430449965712345160033
149038424567389975997880175254124215369749307243807980316864974338839568730
118877901195840780632647943354810647678905238219285513062328889815942710837
209262955897637752787303949389559914920160422624998815589140117851963732786
76446688578994325689898286090925475944487659436790505978936171440699500110
117158422539769139715374114140913789745796853615676623236109197475820025208
145250492468665805758204072635190530152570113845009277431874488158854538564
88724387931638311698750387580440746787658067802660763347191683854707012417
194845099812314812565034056398511178013635069884375479839365775907154775654
95943531952573610680546391178835578044398179564264423811049603218830937655
99484182905552294971363431000309669993977992193411247925662916834760290166
148982561682377391447269653956311000503052584996061979361771276448668201570
181049529028131164606139536903644690195538424342501960690620695880666137393
92325961936819311556241256489693190930306314394973471957323688782775614004
136883695543718711931877727728423217656501567318300742888535279205536394326
187873607164811431140449736357299471079861901897885140549815563144024376673
101181574515932348365702648477152925926648191330486963416424432398234512246
122211846871466725160554537432804907797818110572970267175301005403936280392
120817935365859416180491788099449745582033979507047654989895421817116580462
138519922195580186048467786727202529280117404505413196959882522129463323514
145581725426215212230922200155790723835401040827748070188587788314387558721
191193480145650556166262155768153311262513758017930084330570453994569614128
124075854224740825448668966222882932760703874384594612207071717366275132483
97895915572643199972944477489259595883401164502642800107966475333215215970
141923719088341885925042659639179950689175230308024252492459861117180073064
87246361409721936424526192711485466752966023274264530191320263116410940528
95868179517883538367554272875050760991132641651465655575060347091807582518
205639782338531807727024003887373751085754220629052119502911634269824704884
152750859375155608060987024629438568908973073033169414972920589081232435054
214134938517865479236684387490278269928147642128635896734943688973832567142
203928012651593109190906393794723593332838276416338958414454924060800856884
212713910047916056702005294188559068843271771210511821637142455627265225527
87135874485105672731962730598359891592730033279027429917496404699589989482
90918570578014699505922980236711809701845600010031550227442295595271810893
118905667728888641944897397649827636108035444652117198272779736550322361674
210589001303749335967359058664727389439826325561158351899712254133245605704
120742317252877337084709471637240047576212847739764631685550316667284507441
175533579251178464952668403000284509965838031279848344870175397756414360112
152682708512901149017080248300414416891808328611635366727616168753456768877
203713975529665955888026284602525633550861480451635120675605222182976905548
76790378098703115231325535536550585667017074064156190552872508194988968021
180793572476679666985141719741198308189677978336912273748587171748905632853
172139348587162064987311545184226487589829915997489699263987533590687545670
209283173436193274421728060068137171666756670953129363802328870344669360492
205494923159928080168637785662326946429953093005979168938970218958252830260
117173788771743314152275574412986752293097431910751658896469602419399020133
184300144879809003498073333870115773864265458453380592245268076896002076249
208882681202984858252398707764932128163583192805928270730204338635008209240
140320791856516233230627719658129998814527787553021190352438401558026667825
184126686684565717867763062418299555368941895777236358157079089379307450955
191153551529589513032164501316972770273484314430549684202942684762297430606
193058459626888263302208726295769010657141318739539945874997195469436441431
150758035705519446276113085252830536860277944917070616457252933757793097784
179150067151465944412901040663420988460662643609163438604776641830381963364
205557554168477274815632902455013727949953967786783486394733450815442858617
140184185187203458299790466823831114802223291696087815963554673125262977871
143497019122410450565666811683709999738630329522799077184239635880543020665
212804192470448357508116427319910781493252446131528697147208244194205199221
180579618530460620211970641482809698460774561099250527080360206596291052889
205721821443485510384227218176397033165251054486506938577260848362173980998
196723561605827888907682889450399836600455324018897457471773763709933547352
143938572919452367518515178018475281955562321610854449143417526652288198776
173932998169095066346022217566791534314729765559985562028109579463058354993
205728723192799028144510582091043092469536169164072309797915291071300127313
216172301988261385857768348248536270591689446917951229013750894171196506707
99298376110336322282578621476741363788152304979591088655300704780892262708
205308956306046760987725384665106625878395112317261189240357361029696086616
99394296110498004057638940818609060521083984214996976646756218890222005873
129334721022628188458784028991700049254666146623003403330459974355318564423
143683236533957575479652504138068891276456795249411809957097663781183116629
95771256737001693426782829551977999124299062063557085417589839939399479929
173732844137289861505442749007367041443433541486922101032892113029882326899
83402895581669166904345138251878932833407679571060451569905475038945437796
89125146579574099186447082321858227038750478387217674130403187728656266550
191525790990156433555482498701233518217598888007782597134740956309649182824
118844168721010292868368015548552073568410992195294540090060813749120947045
96150551470710382593981250123104762919175126877837399593892473325772417840
191209248020757481398597418771188164157132238685694850745699084376548724579
117284164264587449665748912851417441034037029581551211947141458137774316116
116994800311840102077137264650153158952499015689590176537547610769924322168
85266181756808364156221901801572804434571017422049616031130097062541419353
186273937025783471501135471911356840443031987888887336686329021726380534584
120879107612756198376917289938252384747969215917365454774585007097391372406
99407319357951341638110529248283525014405204154425120184393329823047838530
212638581339700342559335722724838009634335156703774584780766866464214443873
175713701283966806886942443589233489233289943838460121425498753669159269477
92354921652425748482075470956258389129435995129587875970903871831811642177
86909761309122086907162522915878664134931298020878081119051793729077005398
76446179174776320551660333527727491940625365305643829450285587927578789192
133103152258702685327604458807463628920532398252596092545288786764215632452
179075553445684256786594291659957529504767777942257570548251875813815313748
129471967881637042140122418729285856650695222333625590212739786952595292723
99242403778738281719666795306767140757002929438662745248869500824894860385
201947131293100348171974350201869048551957625657189525072555848650369814855
139879834448025962435768394265091828698962102229871573502000555798482536793
96240790217866734587412405701153768600415557118893965519649085693760199268
149232260063553822887708457997067398082919466451244447629986708532732511794
159708168580411253782725486271633957673592481102991587499238206469395335754
145443660591073806762719256675600320199297229552998166008815687108459513159
131452612295806914735443334953628010402857676579682293894519401031489901682
120541356458318540963888235428501802540321303480191730696406092068416734327
208973783277226582706406324813615507678413980308464992370416070789757682252
178950864008229349838742997160919912127429567969848154439143579602357146482
87061414280777081025041750327441076096636464540412660578447712463359652708
212823738453185099385492210830739221775474773843691080366877148443923526455
200497737929752969286523137828084107455767007407633362781261300854952249969
120768680705066757113968153687638571009534625826144278592140509816807899746
120742044086836018976496971179202039644453967630457854229839071691370550890
139941161489204811546525192698867610019213863181076637179296584966975608676
196571695784837171222675373638217027153027151041541678209295029116360611954
99740274046075046737557515247593412957730603352059609932250759029852424309
143690374493762718495584407993723908639307756849237415990072350259974321254
152697268151136505886097449806415220783528305043215416443938677928828958770
152323547482172159344037716333926546356361673665526840406283665649622534478
207441104214296878239141358582478713650534087290172289564008331878284744554
202147040451152015766775520911758325187984614309781901802654498730410600240
179192151208203550730732383742819611878511254628535375230341415302729266029
155864946881045884005429638145530286834191891827240399994908910154666881871
156063563337300799188373884400911710244328179948238369578320638653565327659
210636697755713495546277393713197053197693756512394349015682125864882882152
148928587664692619381653846367076621239453144816700972883498990756525064774
205688871658326085563265287398826449986224157798839044056154222823985214775
147438083933821288884047712337548091196572317010057530051632844291790025012
140417359960809219639594169076663788178533220796065340471789177874729693739
203782970250559256398798473874456541728652200194131205358052740660347691857
175396055917306170356533747045552931314859408486188171604110944322869801334
194976366847686906114039303887074495067903899464323543522900012421687374158
128044338131537094070975627345586439565895619378650252852066711940086000200
92348343234041149306460925689374189945714165344097132357157931024969267055
145469595634396716802267472814608561224814425960919482047514739663468195380
76743789086090309558810811352728932341119922152528756305459216675576375151
156319008302899231857511925543849419907526395786749804026728985336667923282
115399152299408418844379745157364920065137092850812538479013701896472389698
118975603322215326087695713260131078112630120575068129283379873086929267546
101272511233401567418427567096879686274449630738137676791199953871696913253
95901850178110899852840980723827976249170676727561224725900141607339521380
127559974486568411049512752006498863767866934610591864625650420799140605785
147402519350930514903197853782683911903757495434581411798942417408483486567
173892583836606991901965012549528293761597925902089461739028354478694424947
131212343438161717589385905966575417151727839092356607825027998964642965098
134738891734943759942046086261261714402685529907425365658085433368999573061
178984427334349486580261733736281307319072434228992462714559801625082679908
141819899900363856625736495115595938247721372536942144635815276455038965586
148893189566560640572302748706440477102243751126090178515402411524981019974
201747783888921108972999751800847289139492810468921604120409481807718150263
143662174259925052278110949841213491026799822785302400013965191499287249721
122515952951277068380731840630474156621449360090773571554238933368242205013
203692762268223683111686187535799647232800558308001235960704206317152649843
196619355189443669638789492657497932099133768221498876476665358702401639287
147141170343326990632710311450106558809910185928713812050920857119794544972
97870034556177930229889566810385855047834026841917387626885973168514152503
191650959696875171639557873267548817891468315838215250813926512273103413843
145414711307967964181316448307868768084605658200412431355240120229776938833
136443544175317800884276539285776059988335311350621173388820291516522322252
101465416525082693486537213256362083762643761711595972859845596058433834084
145614916496695861666676630813364457997048359957472685598976299353545067595
116910500369655069791256127161856380982887154382995325124742638535581393204
133344931470696992892118389640058317781748328649519019466491281284464469096
94410481756338219068396179720526680006557040142281718683081397696420145007
173636034357682772713807398632494008565079002186702521874785047080935844459
92215780009207881719183118505207207170051611631916908977114474962345485673
154394201543558172912402327115848204437005753224810363735437295971406926674
143483544423741984356791390255486862081502520117342886171777928231120220770
147182064370662180122767750240977810222285366978516948426899779941959881317
92334672099603683809201703294309860621878992567698053931000477474792814188
172194052337548187752524482252520350689883462958189017437389968184386806091
177508988660018325507791443099154618296980120892007534576744131811317938741
171980527234370931450497286339033702655609530399346951587244131867496772947
207184933002242609179934486117470638295219713977326806950236605180397700656
83740999861451889855899136759761441406095260851284880412837237787448212058
156188901706530539555359488793599815207790346672620772995572157499818472788
131101050064880990096664700223948591313754443340329830944751512107028467826
90952757258993861300173738229553700001969549576843323441558239936127067203
159473617357850151591360472400453257411215801535387067455198910724650199632
126207579922740128041106486750559012846703765581307790521245178478056459319
152400083089351726882185587392180570098570421550522456484559326140101642036
159481899123380235124003998807729432811082202700157539705970720397935734858
136649191621633773656898797860882374024395306810537104538380227891376580718
95958139595121401010823496556176777569608986073663401603325238286312237938
182699128884586570730409186044988317011531002523302950263306274266909604150
127719468880657613085885502141873582735114717906980282090125410960809882956
143593002119964197031840020587400701899778820093066118691682662885184792899
154429471677860750284422675746489548479201180934084995554224645462152201581
142137781892090580817664764899614711366746148716527444194484891732260124230
186101095982106741424711873899124374957442020413715283590471113414698038374
159314391813668451823847813788233206099348242593753558856022836890201044300
129313181087018851272963483664422937538008637581163468683011046185302125155
131128284234391183407370224544050531411641718474027136130896951667542291569
129775028446467735221652840725064970706889435916428514657883282769805912950
120686017086290060385671528844063857209982328391002811674371036236196369719
145656623643664424877813406458880834756757783109134199130253112843808370498
128056442847700591028771798930119671313109356904622409584886095129946503269
184112533550175460996798621613743360282672682640147545034357270412980743274
124020347268183910522962378823234239056110292069931157585249806083029430081
94466505364743943247773372189209118211003782707871019306691716207154908275
138141265857918499267318545462074506248599400605375341567422102363121152082
115205282673340936030973528823574193410555599769736633555445453570487957089
159708522102631990230943629548568548742590301245332450914956398955366278506
203747894909564116564687836551189040547071299968429819894252415897218208612
115295595560323857072932707542583662403154440814703122076049222527796800306
136525452308399722979165436655251348662831885645086871836805507034665990484
212556002258837329205963457191045803565985266825804352522857823059546240357
150542864917576188348580761778957299728290851707963430964487641554138654772
133109057093376790197632108892712549424312354651884386138280248484427541296
171862743668685367104470424959063478275484217823842808446698249159688550755
134737785201886733864965482816628710988952366058506514237257374107156763225
147458511255380925938631503370013365931038093236341608466926727083410733367
90905525439151131732176221546561084184885957587046435018250646260800384565
101057511673153273474493021034389388789958224224536730953314507420477502021
117338000231811074599996953313446483624949944715826252210503687412936033334
115447462938434067481824376679649745344911831225379667492478867141123781240
140349095295959308786323597251392453382181903091721127290604748057733002309
90615324993395693213031282994248718363676024571851833646436197560782572079
115579293496116987056608884406850388403659069280220063014651424179906697542
141881499377463692947638439255067891890846016853633361989495586005515202354
200463981325756655179190053900942988993443412935961611916064031563714678891
208856803442924701874348242940208247783675099086738303180494704418857054305
145552877859210405213414010890575346667673978865055714945682873113201498417
127981030607118589102757639386196239227885712319945836526924681667595817327
157733924131141379857622202290536685116266857272581578827849820009664895053
205785523896417016568931432374186190487941272346836000704430058591872904782
120865761704398089279525979809983364254351554674566151583499476648431409511
178999196991561513995212530278172194683200505078961093971081213026252312131
125778754274732754132254113136020747564284113726273701903416071986756480355
171931783323834250001268450153447052066099222083987852787615527982504957227
200000807858227993007307647971893168788913897095018610762135525914494251575
96018266507302011071887569616505290154515982893277713271341010374905189697
76645683431763661326204341475506542692647826052719802585434726791045665090
85507036546545474821143548048504157327917618733344331823020279487720870265
141915573908208615419637885912780365146161018728893039022698336230793702488
203514610083696206984828688305673646690953625245874589110599771495322300233
203899594226878802180199435801115257621178745710940257600271112138043584088
101526533774367512083829292447683079591817193472270178892249929822732701289
126123871313532279257942743684076725633178509961175235816666019453922867535
216330963477708936632719963591072703532791636811367800878691250310738302067
90905663600214928056696815054411888895820678046296221484518023690460679770
208951783147812050134782577626033177896100169893468528417296013439187375194
188117242600587026035546979147611901818819425091970737777432755508221462871
203893499161151258824806178910821296575720365726142505879347197815629901426
124005790359024266818774727886126365191350665279421265817832660567052208194
96011546611064906619945589509997591830172362495262285195956756394086449777
159770581067561044998373411871300720269786411955309349751791317282532119667
177474373889500892439779231505273496958318209897098839424670315407058088785
126152308982182970742380973966393911004830437348860607793827310681491850032
207096211419789782284291208423697266687443606134912161198026146057746209368
173497857679576798685262063010575988704064654880348328060485891248308512117
210630794383099145862836206988700918839611868113177487873234782516071776595
150861561791253684012972536448791075791601771712736928170536646595604342633
154519241556620042333279384301046815930714156757377849619993382656284119626
173920323505627800446184751243195800157771568923972505055701556388277144168
88938287426538326261836896840364463332226212254044589279878091893314500675
140390454793445158214231231082718111019267663818839961230109572872675804241
83837438010441190958190480562585932679335345448635030127843795723728482126
83436621753450202561982488986543398216321255222357905447645763543667865702
154518678146052624831537275643263472594970979938963489345879601885332403823
201871939152677108142035571140089913659955829406355904203968159119520657483
126186096130962363714471341763638597453469546903503084222980786628315932492
145698000320566734820754401243581552130098418383383897651403470126598928756
171773903988298517780540662450280602849566886926620929526911632989976938551
134979245433592472657151394535698916910575363844419666440096323301123641683
87103121331517148067334525923659605730810106560727577492994078622307743594
149163568968274115096247624739247776188157605732103796294270483572997177649
179048107170984049943208990151301746580665364100766796999623492299779958390
152668685661287648162991269423035922214636731482706242401329540953080425069
95707897574151410969903984951500952446929400500516783206582273140462282799
177397077091640983574561231734146797522621118474841389953666693230767716665
140155034741575671967033866085599988695332233094544474552498856769310257767
136345945814127356922539297268551394355408225583237364176248996271148654945
179054764171902779465782573541796980015811730217013357028352866684089364547
131210997771182774211332507409656897205212536340924354587672790179623810646
181063254812191651190794743177950920523557797946048269467403890500974622027
92389615431720881164920127241837575999794497933193093067501638601602267201
117153294679735664422163239926648874974373185381252270878751779112024102966
204003872658217003769247352631101185576737596577989105238424398441747609387
180959184137204929355370910795052896511020100638564657638145637122930142577
187653042337357942954986209040241942838590801180684741650534485128422961526
172213866850586365409583441806022409395765794798397483119036319648245756531
189516355481030258868358172305238980975132133321678665223165028344813417832
117455433647349982785154752687032859215517885909441087401867979832901907025
97889691414115290684534438514864459853297304182956236310709434801031565104
182731942080232363471095837911368932653563647414369096096843998143890938220
150722448252071121076403014388272871359440471472795209737359814205751313234
134751728549760020652565456374703423514218545583916920055644886541755044944
180731539521855666652019272630058145105340708518542727597231590964812801384
203707833066022113771204626634269694404475655948817150852000143547264349035
87163670186428437331359740296909678430560987804936256923688952508641982282
207475404118297876300863782850323911962451193620454096553833492660523317035
198509200073962479598663371776135969594924573550459162636257475680048931153
115379684163792369005054879158781750239931108235211640432904971417730836532
214585308639049295829275111459426422876330291624559702846903286992030876489
141957529494684086156643650942485989873599764960975835396702880590054185589
191297760500647880562721681825168219585477077458639666782119167809530638442
201788792173197186831745882922688521022755383849783918593768664045808745082
83548585883337676916094795114127695830030802844693622279032223803459663206
125821947495290200340615189649259523975597504686951699217176342814007781687
125938548514217580787159831425326852627701621891331613145776480418143827322
94176329757463387287336165310799014656553503994752562378636521729529694572
147362026441084138053934335606983978695170809590382982788731641296195963750
142047462413292136894576165235146211083211523380341450538702784247333283959
175671584246280535714032575001291751624505456851174663143009029368453613679
120671519269232932557739562237924744980196520250915565021028975743945172306
94129263502930583705974587608549793987848148805520234984973429422530196273
193424169534043206262880705363161942030900638469048230082822810881370051189
149184218288152248978342842364634884507693029738642227641700568385387979375
193133546454058835654789827572943049027069244790151334705043331929145505071
125953240236789005038254751383940255807166541096257977637695702085738836070
134731961862824585581663198839815252824551348017720480551818438858832888697
118891889820994559990331284361838637171448717364881106619159531235042288481
127602706203102668457710266829365248978406848234036447829204611433658151235
129546950770145876248179557986847309860288250774841814799424007436009164610
148928724867235380686133935975978525505646254332160625303197916897195811158
198441989139181844344940953990880471478113474010998467887007324602380856113
87385691348718260155551676834715746865717957888440582076144445676664802128
152676609367211054768895089161550178628723119949922906800632038581129342521
87406341108740187336048368647641832077105128245563790422820730223373019252
191283873808004062753849191189347985218916898895401384778826809353836180339
207184961567035315172105570230363371199032597856573450746680565927412386393
209269716725769007760157448812310641202038575296322188819920051881453576565
127933016314816925062038072032096036359239312125942976616385536317885217135
175299540798272837205829899206502011094715484472982240418261059743425442165
187826290137449026359753257050101968270429165128411430608431632617860968770
184444433899351327239807169583087921739831843232255461447095657278689392196
90498540294589798598937731609572995433044830330304926597640537201674833516
210602268447188055971604442007836291908997490943681162418910011519037288808
150942551890715894998347356792129708746133476810917305335994506430750750785
97793469465253838147496544099417097565381442804014901055176795838873223495
85522296313690660564533650425035582671437481544533407353175971150581748568
145332154469164225806616344971295697610827174417076744113953390024742692949
131253487063877917226111730913540295335539591770620572039526924291823258484
196937299743312348194403212401083005510561953250067994048956221526849903187
212817617788324232320263957870444732556833530002134023289392794747074129968
124433348480587170819726566893029791556940646099733552403202774024683207023
184052136548592248679206685969956183086399662907735847343487921113408296758
210644242532695933217177788053072415010263883124048423286136676009594808440
194915033823818595652476271484227717973018015643285841880556815055840761205
149108326043617603454302639087206667005763580863152778661952138041336232045
140370097703194938263282837649762057751659729114182033009162621454243690830
191586957408332459852088446233909131094082464844474972566844175100132542259
117097869986049538806688230779497140994570176872610219685860185532082907205
173954665969885990505755528781123307847208651337497152847504535940187772523
196487930393822306536124631901218218578675491340378926224779586519343904613
85555380153600646661647606141347799728253064167509747299327604290745420884
140281263968582745743488868792819714207788231615505323427669289188802777906
177148937415087153102259419890483508790880115893370544630139085801141262202
179143192586418417566195665035274625915871463180313795541185259550573557060
189613631075776284744824733929282273021750699842592551783898586323968148837
184486895903822139755476423028512562343752575673081363281826736280239681392
157796413687135618040459483787910657619031153479158772151945141988598178347
124412152271124192067872035264082458054073886982753269967644340581060326510
151005526128139507131104599555683364435983029227019943740071296004277692229
202139892924738718137637788144106265346563839193465666723103715554718466659
193374592283195397830398795606022663167584538356683098616825389685686158135
124268890712481971420322847293893969475544407928860990359681494160082290026
76493549913106325055201799997086064066217402866525247473211399586081628503
210794655445252556282452031908294962595044754387083956895795159514026298221
198234039889152963788759723060454005135377248567289938379196153415964651346
83539902884839664735740999288237621151972563422448874510429340122038554740
141799241420773606867135770232339702734836680654602901461850025107928534137
159507727370686883745364678222366781771784068703977461004857814333349050738
173877485844017334318898687399980730463998157406466482089813744753298334278
97772495370918592724686918713277094904352695933334953302314244364450814256
95951055124172661525247805277500274162476452128052402932892983317953196634
210849762230690155263850864783258964034123298732314507879488981813361465141
216055297399000538311157155272854313479314961690006311162852449713764452953
216096462830197706857477438339422589527340470244668054725148768164375513416
180676676464831999716939715940635151940311436729887870770379696823732302455
115469001306198741784613323128519555945788352169942907822533126141095925322
87253339186568301136560700981552546249755530406194247144599312782675028851
147182496179910843378246490538021756751068241912303394510846209016091405681
210982728270157007423340328686922841609762178869405514245083667545140898681
171980582539419142349804064758250023694566760366904280842863951651777505626
122307281183627618788763730607413235927629906938681501580438308084948030251
138617293724015617575778405617425967074838710403801390036314998593504770162
135069884556696665756680891428065822657682926175036148064041988235920029753
199994045885502513241681577399954453452351131698000253980701969623675263330
133020463770983166992396271440920675013715263060519603729636456423870263153
129465152726269815224245708658989656571373467837458292078437252891006874937
76736619010977486510597472208414279578950351067545173170866842256075476824
101306859271361989276699808760469392625070992457736339501463087277004049772
152702416869847668343504597371778448322715580750271304845832555420258485352
187819981065277481374731592970754648422950441969800634887887601361720141914
187652909965955848829875926348033396178276989496941279550700892889563945036
216358138586830270670148061518909104989405553175057051216235729997233615430
115336470731490980415316994840233716525795212071133105812754121014610389060
194955124736874082509886717493959754433725218677339055824639459425465358188
214467923443723353344459648886576350539849430678994540115055705749818207088
136553112890409335665416083551135358104518265352770857316689237226246723155
145711593802477526745087641783492523199181381829614077536057840599920357226
180937462237563803306991189119747035553615006791544526699421415848465876327
101051441579620788878188855529058458946905703165373584867372616100833542769
126070357609265023892283272675385834401426287848545399783119232533299557961
147201615607152697127088706512709222346991862577809070624005324810824535160
85348887604600824591050518438461747188990295547290624170990895988200729172
177439053596548716140978653749183127306396705922991331235930694840743319907
179220275184776604695449286729764845547289456555296555962778313656031013701
215895396290926736990191373616057312116103435473561969171282397091610251885
87117033181492152645872094608237278834766628717995142742030493782751148137
145478012506618984928870721167138652053833513934723490909422193870105364589
133040200336052773515240857290252272475165029350937142150018629854352130392
143896757722010063918971847073360905873054318657517482395803308812381080628
136816021430698376754735267449663262594269062857726603903591987487329383796
158065260079681792526490393060684759857819889760860225272768246435241677935
143689757149032192865922547091187709700472881675111736796859112498706662216
184224680742466812539810396275020937776593168653853324387952424693384951660
155871259098276037487035581559424411465247849233425512891720654326825826636
191194102232736225298369990868219467526660986358432492159037341364671768641
147251944779122049398008388661711508474959744365607709922045090084407760715
193182264116020693577957757142987435448925304133049715991077497364674991443
99627872987029638278859161812406560741368847771624077194423933397181296247
154243121362144297317585505827758243121176327698278778653810453949001053294
184140677223846371827979559010394501035452219775069797565636494929639392847
175742407625092763683334930771427491587821734087858477309134743665912538424
99759739677124207884783919006010976674798044896412798740286568947686464102
200464274958156267592778424503006268430494979279152641644199616840617848904
88709990263236408342024424481153905501089879981291659034089743321150680619
119099263320868776602771294694239887059839857028543919745875517181970114347
184203465998439255271510579476716390441275661688701332822050197621714670151
177079600638563957684389986127257879181376589768714322659846515205075848039
117187459887394248439564628967575051487246009952314142513772789321012692601
119201225620662132713252710151858423488019623850908547406667193246496077359
127967043650594329546942216717064051668196037825793315021953664828848695863
83375966518268196354888187689569672352691275788977930358836932064511683950
149024619296220903323861545165293973824102873664722759085306055708451684972
96164896796860538386479908467995044457660706807550885504194986036411643189
133192339104739164575682909624441535891978808582297442358215829411106607459
152772404692347346727985258799911003896053044497516493621059456403054745411
76674663767177542699944607833128048191018048367132531079087373835012164419
172105113348902385099760616903216684742429903220400100724398436605965388597
193300343004201113166852095115436428640261539731605337392606356432051271277
184458966152228967082852267600403556371076876468554318757490844918634268980
208973779302461946140665747471173396677328905130076509679998829163149674353
76811704772015886935668974679584340477661888319551298410587316966449968961
138568549719977979022319510838125421435859285756366070259406275002875266160
127796035878727883078119029013656507952952988962554175272269664985692783410
159342138430391567601769746817906545198318710761427049076177963212767049032
142081250059787038917073279342960362124153946432455534185274263597053143621
122417550212239794481219094842026617801271622611284453790550196245412995895
141673614177472168871932000077397568832196482826526149858404668167121236806
85286210895078877689849330697759870908713028782303173251893144197551895599
126207203013352004207549422737868790953550285244424038966899068981672946546
198448722568070943857652900595013352332538423517146189529566226107455725906
191360955328169435329029900074033322501420570442770055090201823577040769370
122508916536030455593844622261400852726313466829608437613929870076090201448
154255980322877489784747531045034527619703719431308356679751907265526069092
147167993411912965394822553014555276477616936684295066381472375489886189657
196943684606348587416631952194347701617626649888482658807704205708462405988
196957274123779274252274421912769137051013708434555802798114076409379373644
171965378919020277095369608897176116502818374432492116851865868226931404664
209187870029240468144245599625755403888717650739859056773247886832343409479
152489399576533915324907277986071676398225495395421334968884290388897183815
196633618167480328010225368385225968867829416392160024587493256180014200906
99636045642006188532332766276873068365790410087042472529855777036940629041
201746327616160233844174420131770537076882246174184001429910144372715909975
95707681586444357982821971749887795233120537352780689718771591217691585651
202132716945261305746877632495962625149476057016266633507013465578540845652
126236211200944462380372094060577481874357946982283267818137539866883862637
209290563613995340257399596534534275335689138836633505193130233350430484333
159798760962465293405780116293084959599156171058580036260208451238611285621
131370945550851454791585225542666867210544289962295682186122485303703130731
76494113969903884101377592208138791148943736574606847408627451869423821896
90408198166571635246337001713351921924337932223641459310360926606496916340
180614236063304496118266879157047903447065036606990726020763876950080041288
145214507797971659200885803472669414010769887205968564320437896257046988338
158073050569514163765543087918441778957761205352827362601271697227257950319
156285933940221095981662570166051190194094898710348226064018365400973795909
203541808459516041189467737380043243709189079853059522020212276633942379844
135001184939303717013175480901948425592343456001364728278289440159015467386
87309905384090164013051536728650912785365857973856549077435199244789967683
138402749011933464046533214132531595273724075047995672676973160574061990266
212692907183582111095766037864128170876149174909424022604987485641115653748
210980814426568640950467111187762725192860026181896537195862400574723288692
157699840544700066372960675757339946319928735697210852933449768986989847658
117310422308521665229690927448829955773893686285674275940396645747700741446
154552107223983534100203590247553711582976977476585132597242120357081737034
179205790424894950217874754555608557608854288959649717817725375073704103756
177364237456447292921564996539674750900806702386805770532156319291815718708
95958061784096208607436306926902471628787288666702661027217235179730390864
211009147429969263440711716406653167870736399394452347444508004566879527988
182684412846524300168866178934471575027256340254016592699152109433057472115
198654755140983092456144145930984429086873107570664755192952496127395451205
140092975784507639142475102166537975792640404255004414791419187835157499207
210601705546739474157930944230424682064562455124926196265683030475322046296
134613097356924776118216815393119846174582012228713190477588076076021140552
214632375638597430937049631176287133275086833693358481555814855178448157046
134965923009976421597281040021031848960606298939726619837383909704580953141
177411339098381925602757703891004060125547837735989689115221207736066992971
101403673281109519521894418777660702685776548941587882905021427629296804169
193127101762643573247705498289016960160111797969643861228314145525163381043
118884856451917759734899306920370065473974730174878080293378770200979522389
101106709795246552531320924766216397319390469478917494676271932738085730415
156015843701391413005016250991191853024223129075626745189063984038898447672
120927449847437966153023370362853868993670415106576526077950282556889332345
122377545452930385259756893722186360904878622418846954470210913207969404517
184321171334917777508702981923463531839842981399496893961537740349608973113
141923554257330445670413032421422396370709889516657500204134281066050771297
152572821037380715071881668877693204881207142904659486067258411533488189025
135042300450769637571365995754530555419240063553783360469312253289459704684
145602453716322175537473848626311454518417867945075477724403572413439891299
145229847889127778699435659906612629836315930698969700721600870668957921863
124164740837288269425911195551231604595408120259685326639147039444356786263
152509433794387210626977445955044998545660984137515465431116281704293560929
89158139864478807672883524839169864460040810323760981174211524387077637719
182560932605634950992172821748747488858898399289142807816708427054694545738
155946450187842194279590873006101895143666138184296850836251803947092036395
89179364624676945830695591616075033321980697756657721088249615443301394753
88718125944683561565064468752386593055119922685313227424241095006389619025
202252021646680159792506401220579611147471895802210921315921081458374965579
129554977778710196632509943786984593235806442910166446744530732890600858183
125821997410028581701262054992474624978377665527387279655022181582628147322
117290927001114577751347597539105425987555356183061789287422232588685435466
150902458477430137966240652540526398350624103672015070567114803244927243575
205323238869330115735654738228956161142543613006884226176769959023766749548
115633891919863109342402415064722863621246581793726438506373681838417735505
613366165165842870588203117195525923809532340065
20
