13
6
255703024994627224290580563978849212244068475722089491732536315098174764184
310898172085610351864208760718237235648674249285787126398918833009158184556
361693842893268623311037124963001960316066112318092291531970288806645685853
193731249775701367864562523946344648655621766070230173929450651271051183830
381802048087894126815617638806014173193593668356858960088033034325843304284
360026942776227343074610197909315299155046385142180664119940567563856934236
80875917543378
6
8
189580061091233205490809497774096939432120131176117007066069914595948377144
117063813894401535398341679508883235341951511559617614526842181317100587858
124482167272789175590461955444269054237664142689072670584430720751261143637
198400302532683747231835655481004921603989624209025433731094951691992249700
173822865422828657111055613092432182679673901762571015073562970799440618319
119120399504314899577529330157887862631172073253250503538021034672509700164
201939718784106021551426584952179311838820584119231080194966144586223285323
101196433030003374420301181125859650974411805979504886038901485939800823395
6005890313202656851
8
6
87588675860533542191833033578332426754338828581111013981512135666308650548
121518580370540140969657954471874310914388022808481436834559832845289526886
180631186695153304473519662431034380189854504078388034749059045810898362800
361910530927240218563742463120428990415770024377509968323824935418317675833
337467007143724837389779791986335591927528330793720076658511007494222632488
425075278818726595677411861550493779686467966127964168334469772609924446922
34337383944731179
7
8
136670438267886116613895419528283967090033757695991011438835059526652424570
120541353300505664975151315496708194802480848334191979271439348302001494582
159564339783685923469751406892444923453673538258133395998268148249080837218
131446543027083815291713942244585153762495624624124586337503432301385434999
216096031262867439051545854619065266573271014261719017764564951282892417862
201906017603527610383788562265831718971882411635217669994055685754333058164
210616398064084924210350563107227950410284701784158638066104642146470413655
147326599607956442479228767405209553197533123018066732043965614789903020619
31381534652450676488439020861
12
6
432828943844212012264655864168251281309799166849540700698495008563709022403
115680564878264712636579621966156783739892207825558570931914778996267273382
380930681932993429458297946993135357513916423882084314485292190843422389398
139525104628687384232664272799288068169141148414340186959142939198723476389
65731009180624858724071542086017526961109429746221506673349855454184893786
284950667414280526624387847433662409687110696999964264370508385222123728218
6216317056239584604
8
8
101265285365128702227225768332221088069444841765366337720550905554009541938
154070037976375818060401668673385960496810628787259756041633444466957907020
214364344912490406154903396603947488688208573902638621323091906570849708114
145436711461179492148392732729581048365896432341548366877990554367707861847
149232321268992849388032123619795725922423791110383464026889993354192901753
76466885366645690981523058670722456117391022968862715229053324020620473703
118891730712579007454475683095122379313018601156966355456443633744821449335
189414606199564652037846643432474219759889095686536587326077805364760883553
26745463995157535316478687037
12
8
161156421427306298318032826843268363142383061814640370312756505198920558926
357967427128876543711133833127539508669120843600895044146676543415614027135
427345332937362735863553775039163236848257815036830641850485584859040860366
188355099311951706903990899578399130127183537808633935508409728107270192734
115338604857816062356504636964514329475085639681425921048837861743817499025
77477222906308620146845509839081116418117498305817933101893404091052594112
325651412955404896794791776101983588428861213195749318746609746681647860311
360367864875177690154376428403329496046027389609180675713873940569204474973
41670873820111702
7
10
154560116414704564597861334960597313462915657957111998619279918654469730351
118774290963504570883423578789997540786722622974351834089353293121730465871
182587160001757625926275332261874141868155081989003999403363088961876162929
143690570059090093288341290700337240036594352066414575610971894986203032143
172160246652587389551679626171808924181227277913690267111030656092945921394
214273752421421871692113926920787345026195297699556152593267863736357177921
119106573268324722087070297436234156035007621805710069112474590998806491952
191152985680472590495876585571468042950771686265083954694860281825574015041
207198606127827559751381496829948433459812431882501123152498586220871504213
157776167524610844566037837896906369300305695110387343819908799070643386955
534060262110686683484066214435804418945034436054249873623846720418434647
30
8
107204143347403944749182023875380104023343741539449494965848039299720229253
234722036305542537843262771934849677897785392440919752692181421108792574186
16118483726870880861783464423505419597963858680997032890962479854122717186
405963969973587328163076310275755655686417526119198006445965819019664716174
161502073795441612129411446830763269119722266801649597004062490320513048854
214305336620482449994481049685898511801341873122835920790946027132763162181
382387381259106900831470671497879705661198520831798111703329949612294673481
227161496856354501716193321553546207655675608841621079700071793705260994940
8217380127341232205
8
11
141868696797869838063172360513162736939849549184565261247178004209080563570
83492459712353744914857539378639479082449495130123581443619085655209310273
94466424161178087338277352930023087250125270177162527020678383693597009239
180897203229746527361949513436460155388188441189508854478949950064918151491
94328383556843716619899844153977797719074230958860242203193121171516520298
191181593444031362940821155025669607177259569203431112957803621404119823668
156244573461683626052641509252228886616340999281477547106508243296614429049
119070877242931908458802143967671501984565211193217999401095997531719162438
88835624988717517077796220785936705429682848194009944279352785269864609579
149031760005312071117067480964589773299987776862335407455989378443784966443
131218817408457749247520017756679873806703368932158943769743988170279895380
5324093
3
8
106417774443791549428690654166081089045518500442673852096828044911331826568
104880726961958661040653356245198220128786215843021037711104211036477640981
38816069555640212938329601153052126082589466816469884484113945212672074671
313347702738255999481511036787896780458597868289003158449939972294370153859
410083377551528242535391833957638552854862734194651840798535124545217765033
393067821628045106979512459143913284186875929384972644808837675407592953667
275665669647093160925502108851974568309836358664336993356279989314330203195
436203425506455993078420230490893131437070966349391271503765549271583942108
2356177031352160137292
9
11
141820162679230419568061614038757267038474055900122949544141026548843231610
126166948346298516280027727091543491738801256203307837765890020759696994906
179198998519265004743841710544266665466481391041994682137832817801442768483
184333331211687958124349539358851072356704915347813104946393795509481328502
203783852859271462160856982066293978450830268681072924769788121123518564915
156160778479875241412497506953828278064170101626845160842782098464007007055
99310640457759867150396719236781179902156728536896987383492637526697592883
182788474557554523017670548566688748406054744869040871789662718704097059908
194804121638255242622880044293946497712398647478668656163392329586337460820
96199190166954115139214221467630449861974161518132311291291527025515907150
150881244574189259500936605860503548506133641867690804706632494491376776051
4552509
3
16
211298795570640967659291214981521601283823461065036027687025465458448049216
208575381631424093150220488074639613946019954656416200561455783483412526484
110802487398430490204112753741635498207657547038818663386232076847952967582
9835439157806803285236766450069091987179195012030698741096108579133492178
136596673945649896382642808245328432829241216194811578313624800077069955366
49750973456096404756386912021438212523338354201023996505773160130516717399
79010345365354324219425562052413876092612298170263092068244199607463918034
320474657819842810311534460839851328860446694528584075967962768962894064594
436017469965514299591108218502884897980599191858713745280119464844633585332
174032907070229778533182282489945262716750177646727623023394274419364415048
243684263773235629700902254415335688100783815232265116149680493179932402915
128145476427229209366404162386777792612632173370764413858767371649080972365
322622736858107350358348223339928573253015732115070205191974813859477903269
47801971916451162876374586471197984270588540304379797173285798565235434979
188071834689657343093799862573345947827687616850960895622328244372033204658
428870620371384713250210815865053088103683734188030089391962373746760802986
1225688275196651726567143795418349562
15
22
177053202212411128151937832958992709946764978513889884576905292878282380853
145457358654215917729121802176024476720436076891221152219746326848645711973
182567749908849433854214590071489812536158283578134577648038851402424135723
203929061883300953772011617638830342627886036095610930813749103074964956517
117234932261106747516893319395208587749054061410495462982477815765875372115
179261708504956348036936430069571371172683897319136109818117543328661925199
99628228634396830682861010339727851070750237399276590915160371350019256427
99524703391921069451432135452493886824435611059443890159192259502412478808
134807670451859886808611930659440497647891561297898525020678665132506886007
118752746693571988251793073712701995511502010191454482049644903401701011309
172214648261648728121174713638773670796093039455134442536732418630058998127
200022132975240288977688425491542676710531860913661903514841032777563136304
158009855597739074459952331931651865313066592793224055696768076310859762275
145662736185082345285765583950579540377358809212737183846042755480381903716
124440300786268251706805349106954030994010277288885166214923986670830695256
90602256586289419456081367426944819822802331671905433786875585561667981902
205730149018789128006684203711088774471243521749151217496065673272587741005
157844755517155040768583481000615061573900567420395941751111957875245142129
129451531937639751002889520582714952124939868594839144055091524061661578825
97641173979163909817659139401396735605117889334378344895732042296938678137
99733374532265238793804287577142503743174556553108548699416762248520099431
115413898535027882219342176237546289593486361554972572363225331193827240807
15677
2
16
270856063318861373596159287889182040188082508820412725334431383870123164605
208453374004569909786217807621976999369136125182567042897542622418421208738
278089879644700317258933147935712480060136168996204167476347990472000502352
87203652904432034030941283294957295279897244904635939612136538936382351293
383275089714810162513737461138964226273356835554156489255649493295570479468
194339166634345216237567539229880181322474836553927378359266468155457137632
255185600190460708067353396823113200970669933103834501514851397195521678172
72796440846437596828368675498463067316734690885751208227320876265769968262
152731238519034292082420685474482323487947327892828995623678545382159950574
266437399226146675732346319019049207372433910667953301345873813260165447881
379664220257723665310971631589047275430665507496942774020372535574117003757
103896528117918724621461664803834119599475625495700369577190822038071301538
46849638582913770915124087761540885058844994256653056476622049662795194889
56231558904226934939618987383733058634653766132136727592410257262343413630
95825565808288677561038338355440405179204579237231198235461780909452666938
291014711608139179450884829959272694368609799943716974895092505241058345368
65947935370454695135195430069355992365
16
22
193176249338610118143234116066690342509842846075743737468803759228886938727
97863053725178670986208682478382417952248586819652194283514661330389791282
145498605379039433943609641312871011405005814024571475220905936343332775285
140080713230303348740476838397353968809492956838059815999762388721647972433
136643881762344828891296129348094915520946930011095246131281531607540521589
181000598616848837787858296918042435325896148464673887133604256459487795045
157947985247119914469246785058697311240393522154531250024155707641151504729
83368872260282461710085893303124897907260034019499115043475148489860937319
189544070281982694485032224333294276933220166471695305512609472952815543142
200166259903901618028140418224231728696867097670029391816010400426219432501
210796189027046366925151161566462508898347500422791522030118481130220059204
193416758378977603094071279832947637385036115552701003556373315646138829941
191616428429538565181317518280490213728539810652554385228496832090941966962
145608420211386495680020357885397256526196366481571374361405824267751863093
83582959066633796679582076610761241938371161274129329334340979194250611565
92375385228451493912714922318217981092492642737300557609151138691193526121
126214428303323834004881755661607024584336736670217082186455214996860595010
191394170530474489683568967135926778377533120001606999902157488783012884281
182312931630388977090061223648126507892925483530986415321977593923045057878
185969663276074463369185878787431755166302063570241050819520871916274870070
198413733319363211198020362278820447360685339787256695637604171982130794614
214384806557250102638016974638056807721371634697065385580879480055029379411
12349
2
16
356292225842056947512582895589649531962657455137312295128487391547874709077
116235701686430185592670844186750612790844749402438940647731177694754536576
292179030469385134160699603468639129255261530975917345232412769480354607554
138433824770532070274068821726485345528643163646647096785385651350447723817
204066494545381028574304870474238949058267588132582274910265766165977466073
83694615466344548162009537439911362964515332554503047063689007269312992978
24405899723720662455347507460495324432209916778368941449873525896912519626
368100484171247374754253977926024975089318333535785675802967043087287931322
242851379758100764894122793877067950790555214661589279176429299882829710932
396508420525344722906945092781574639472522797990787520407227107110523798087
9281772103210232471525758598749246947210157547096956233728862835401677958
381717253936201185223009609456710231923117315306380670029336827100808103632
135943598709820099823796934144220843867732764617376751838785729052637689927
325820922988589325529724508863455849306584284345257469801321284325278341429
262738351719357214638765179686679921226786292567166985405042824648210617045
410549912369772489865701105007852101420366516636221519017897238671937652858
63298556234607111569778365575237739930018
17
22
214460666261822893477923691419429747455460499797352839184206665116157758568
147229949027201809873742763464376482407179955841052298398410765630829970547
101265692896940076589022235870508802025435016137891228555110708609217999920
90877995245235743816137507818267133423213663589390059924713783376258811971
149163515667882777670961099363768703590281241126167400422580668588363362931
125916872611820604401596175165176999264504717662766548887182849861240447545
159813099856624609883035621919095758484273793713278072864014703853115493989
212410037842473107455634062436296063315033068202689819984249165072704889427
120837540103819022908187404082477286306667326618457499908022263550309450803
154201924793534921071640118941515789046542592960502315004531417631429457238
136628761773876197899994103297476280721006100012546173452529452283952328535
173760584880018519085405949891635541612457516119717274772274760278504069717
92369103664169245325083323116355247209997193304189287517234488261925488175
179013376838740018391139070668325114646519508200434083231736598032599303479
94417895828923582487090224282679229030208522514911772128865866292103043704
155940246132239517273733121470219469970316733305147826083482836734637859409
148969132358151256748134591824122660350077555560808118190477943050207184721
216020624394958998460946768878267264318950248567391367864555880723091378548
138155119989742106592617295527309700357529894281842045772531482251491700824
208946149649109957005008689593442380619064025473092879435688047587509292118
95896165222342665746572890229092394308599622394901854951397878153983372113
150737145122571240198759649327751955236193660476891523356997224459945866101
18281
2
33
152813486991483693537573955503869368097563127073597542320693198997152949987
411844663140495520596211494736022233878479066241153791075320930714921012148
85025023097953928540779638772067142214484739983998994611322505625974279662
348957962023743723767401510766536617395077265571462234979509444264735898091
353523761720892922541657088056221618270189078890521779776591013811528160489
283542227010143684488480313772632650123846761197733815913743215648342273485
95135075257686445808920064354027696959817082289618387432136965240952039020
292285374207862270455987235451011162108784540970603204626712016278527119368
214724338747314621592419964709280783055069888691276719117173972719526331873
223932662393018819666865737635143175520394533858770273605179463161799051739
55561753230402742249865936553967211177376260893809530680679930214857219018
195609811737544997081794719502322861044448890720013361003732514597827394954
212537931108289177579360975498799319226887213199646253278838749577154292435
238920366971271890916725278860025565288556372102766156808054278848187599466
312727353573138786832044283092727731006625610406591790149870412059573495871
417613859548462390921006373531479154260920041843456108610666246122566073915
310504714130883669531744605421226093852944319866259861668689096157206906366
49782980955331760615905353840174534384441291851658637703343297832194616310
343378247109893894814557774577581671054381344153957055382410776934701609459
186047402483788253598050663330416965282341602259084062182073168967530324778
437221258531679399793247271190694463656282862231815191696230903066462153744
51504609053264137514757358673768500889147568680499928888563673020958248128
31188045738348787875535945954115349676483275307357246973061774310462254007
393187935056241505067662918463758130846546200994285715120241863276888704516
120353213464153166710351067434958604841971965493646784383036478715849221125
435122341442981636217803942724338022251754284054381758163665016824029479925
5056488865554826901987193991961612977269060676758290943674890732895711091
341428741667665760142028855266059977401617658197190186187943067430507198505
40566493470466742694512645514746798216717850769253403382221984789186356860
218936941910960007302956155459295127711717905036611833676888298838146857186
442749982258682129208367077509707736106937710869153245063672128866741288108
209206592803600630426897725710913747995674960730573573982645883611777893942
315753426501554728204369160902601911506052259939636875212711203330867089779
0
0
44
152709368322451954949894129820072616548650166031182721775578995600979685185
187984892335727324108635289274680561232777781190069263179550266205775089785
122674394059886535579913498757517139708630168583735677955249179792885049166
191519320161580341195419739685820595597814299185175866269367912674637591413
212637745247365806223191553692409208947085349014905042204281723858596213354
136809171941394946659865754281025466185147050408605458297535862522804071248
194707573463913565966622901560769977875624233040835122541859543239688152655
212568837300407420228332625859415946152712899276801552250887054164566422350
138507027645381491668553692085183712029717051636470274332804065514455267442
147485235497858628035740576844731473462944253920821669323944725378221099318
85404912468859160388081074722341879614172538442058428724922876773468029282
124227425233323389434911322763439561355717631020905174083991946072995092584
181006582786222796047392765866315384863595804347047474746387643064425466991
83748900084413566639338309646351224830189894936282526613236850957376042834
125916897359044064643306232433378878775403523093232577097678465745902793317
90884525749397331443388648869179994861648673111082786734205895983621616203
178930855820956713719530860517245757758305352296190751682719966314876136779
182498840172498098869525349548133766861467858523162609015611779259072663399
132895834559536688789622986853788914363143183853024394405240937941915882544
85349295065249235037156432140740243136506740225706195878273245976899839791
97662958345861786738913647999424271349916194912922026238606395880563167559
214238980429058108348838702188136228036439243883149710228649932869215745864
133294948059399734591246093374630716947482511162322302888810443070952584759
216027933809713852984336504047381696966325424613785202286483824730005141042
211003003918454122494518147152684588804627179158102353408539889133032188756
189400161048534670163965490319653795507489559686719984912027096741388698190
88738378157006977333273284994873267747643459773202814409378189573305891139
115584822162351076901571522545046881553154525064161020595348605987164354385
127788456864847361953207498361977139072946491986758746603012902912473135703
129665034500160934832785175672939318817446936299842508767039798762534091093
159398891244115065568420691884439249385195459159188383421881013700046964534
129347172416165119123432139306182380063737542947090710795217572463118604613
145338385489355619587697520242298399733423651864659709480309881523465189238
201905041673318967620482693134001239094989924064451806394857879023059875697
145718821083544935818920529630027453045987742181209814696510514172234509157
143449112875711759576029954664441622400690952804299580368582134170410957178
210835933964968932588737493507490088188876825605087164466179171968946947674
138576452462591411544058949629716874489260728273942379383343399886499627877
76465751260580764949043123374702653265460650406237448583211967619055709039
205550732565569979825970113748950000671961450779782981866418222180854819433
76749858031944473748094294541755213687911082722056953345009312570758422894
119050120297211623583035209139097071121112899005499827182063965266006665519
94479440458391541781621171505143019090594443855940791516004798463247730034
134792278217852076807709891699578353184075385305351417837192395851546642042
0
0
33
409547650200912813359682921626107419301837732642325668319382774283666536038
338715909716971019068244863995384349146953548584061374172824724023958048055
222575757146726436897317078610722852125705690750227161029007412448969853150
416924367268675338547117113533706547310353097886138398812053082332254108267
206274834788446077009464411597137442273611893021680023197021604192770217574
300140058041110676896666454415476860614356237968869566669858105703661433041
358447887314700161972242474580080326456066698289014708270501580454983019771
347864492002267350838499880998408133189798316530633652497417100758931114082
185533493389038606101019520822828651059019560415985485885639229731192353996
349375175032936926662458052586549527758133784699513337641153946105098792930
216298617565834211579267853724410866588455083650246318570856819986423634266
148708555886950342607171100128691528861645500938405545979435486322325943988
196815588269958833273472903735334954356640169954202638644970374240765481867
158023796926547691393595101489394094532229428531722653172640409169706299855
425032940799508398462993668159980257080063492608618292960343399616176755625
2577451242195125475857856123090943794471965295192434323700035554076541809
172937273282326998333857569500509924489308980331744004871871233381668548469
337475494728635751633257713265289760596513895334846514619069418117816999977
404288283544376089415733395905439238259720481413892902083736955233896844079
56072405951812380085918658699989067462883902329894081939764908847015691715
69518886662674490307195276345203096768160250968232282458714412873157516458
256910351764182873783439063369674047448231201905378470883007906343929701417
373108830694083233286205310618513653980151596570687490771095216125621934670
390232407917498150091525711123360511252678665272478890201312671519168782445
204700966561217380377834733065022954357173195650809357360982691336281209140
329529714332286012685740711375566816969236433649277203063373097800634911919
195535480161436454316805088894629715893664089349113147951398944052160183571
176404550066417651773342940312453413645285138277325664113545939022525157900
311265561581053191380838583250405122339290326021143616299567431378605631451
85970074145924350881453461515777226376861007247140680403965532696194500562
252904543648074370169625079637000335814562903085837590211727529266023749721
229081217245511371302696277185604205192360588025117518787854910508272227328
119573834665513799219259105050394493756809103985119939160149342115265600981
45
1
44
94032551853857336215841288003330413353929233444731583435719198413874812759
90911916008250984737844569043897186721719297521063152328728264201350558065
195184171826451691676330609874871171143140347764636309043913469700683020113
195072938021263587873508740525583010735410325979055120619114652675763104357
95736962092434492023776537499594438547564980060236360717203013370417668698
124447391882566488052597577952418649792696524197413970620059625073336202808
177204126319379455287759312690771687897032326618022427351305088539592977973
135103557318266993650642259389782843407896085145890060334289689533147923538
214590373407073051506948483752766690905257039858083181717237946151150571628
131211128667464158747916607394342220046748733539801003837180044153304994390
184562569848643830112372980024146284767673745481507680357216948283738909268
95930075558556826840915088123487271661796093220165121149930607595006088269
212699347366384305063782476836323220407820154271334417151833256244877813860
87191546164024880169213152979958933289696835502782055504694492228414555728
198587215723524908799538497787848272069076535518752772445259298251658524538
92650430597811127389757454593089894165601728355489973712797912630033604912
173498371905521381035716991547480409108250728835810119498297841332506945591
180585713603894605558148163209638115951440885427912421759630886767371184969
126138747839798973635268097399457254970513757590817641773921269144134113621
171952358816878094001848307130038512397039066206517677954944849711976828784
115454744205190850487915668017169046946050622395340325277840431398284906806
97523840202597576304246560692607348581159720903439929242946561630284368211
178799425141840585081811717221094884240161634455066124284154690701364506456
208842104901898257424757841467970791393542604677763074363571642813939925360
94183157042270344447694219480069959716301475404704576760451793158667401551
157803561343105458996870352630502000810084424424705220970570289568388366935
148873508807991229171722660208703644534588955147318356697820750856179895879
138291704861893114163872509396933958042950181631893438389928623617122400625
189655843087809366545479955523765802616956867588355521389985356082718791274
150757765802839905088658138681046878206359159907079141883428488628032529232
198248062228174031325827973815785557183190708560208917828903765367092621879
148797643293832704348483192623162497601873929053522762898172239355050672756
175314394437930274523049046402811723723274143536941934374142248016061557601
87171166524762345511010406666684233579866275354104860598684760489523313004
88833737683126107672527852356073853765541846889990334498740468028076872502
141944076052565994397578917709574241959022990720424610975378218169210122324
157645496031369868130707870297970106086407825039167744830692815822334805625
152338214305744679961231099591575007805788230140351572670524917625362544203
148998196752004338034175628688395887737592377261745471691247127365550356534
129333992562602310048332244393697019285887098057244825957369613424272827987
188123038351400785675909700707388107839870910165137765223279656822599790661
145483890526157213930387913760032092217299030225489605325294955422055419952
201781812380592033356138636192532168052038098758080787791968365225999872326
189585991449747840847867879072535719027526321074925852634628367733946200918
1280392509
4
33
403300158155831554755887886277191882240004704216931012706390991475804823956
85340865001666915303028437431132635438380758094143047241044512256604638894
342366593612866016926429796505969199099260012543823742341548170050050246977
115845455721943506782031456941159451731858462187342316919795811556132060351
150878492402254621880212225415858227033696257609830980763674417928875614794
445218882683615076606702895480605693303879383144056432916147883049911530309
401795074152829603788784954830503878547436226312393561985496228632006101851
206079153281962024389350503254277798952040350744151440843070617068628407972
166138788578246451375619525807373208563248102043793820086400248244785625288
323777437837561694994690863774342415969309179884902911037873864592169931951
23313954627681815152560337495361105802303079713395226306103835824430132201
189625993193283576730853369639345443820958716353943248756922155118189860842
310003967821048208740703962411458823492916076874342128727829487877529494832
80814049632636001582192547604383540282883470740601252692862423018220889899
227078705546569099935461353468248095005927855795994164422927199189394742183
315157953594942017504810225445379026916123275194154704752690510645075119399
4601133875268112053354483441141470076275277559468323839013363500902296425
334474938382545659761446516220223137711296297584256807526129441874028045972
178666075409629830831487159204935392578193424800373912031561713414323899530
9626524635649078706662339462745059648136677281452513927120106687440410232
178048020311886829751620816802963686211714195671094695454169118074346772891
382096837634118425926253466507369001819552739231366004513120691841474359752
132427216937888816650464924245170041984672198931495568887103786903320771635
299027830566271222189954293418261027519222583000791570481755051990092271685
53499633568224908387900824517812030046244504119847242104759972451625869397
415333958710012371272402117496393106157675948963351745253160130053255196092
178753703301948379310015778582027108977135717605437977751591761504371625321
368368730694363666389900838510601180458203825388007272829276431464462898171
363968166912246145683035389643686603961140607397317935867529301443449430159
187682341661079859877406996724554231835439575034492989121295650287810197666
227690652716482480470420432342230938655441939233423068922874676304359886644
74811545647442973912375723116833206714220920690293500633390359541819495220
31310456898732746543477613886811856479153890883565591732834445444673093800
19463
2
44
94121144016995743153446537539548529440809431252684913588204031101666996329
85645204489490965109841364386265594923490450630685003409251760405071292751
214619115035265163333818026940126339589311451478750490641429619649260649037
212519980822083646603518618460445551464414716688080875394808285808682691650
143737615486912078993028725120920370695632337420933142973905853837869003312
124503768269023195970177254264879099204956044949415491036343366145350594661
122300329433297987054012349901584031052324350674571714897010522212859931498
196805411780171985057121204491371724665118554619562588563346879064642833990
92223950992138325988943094085026838833246027168461653804937171066847520617
134620731843142231342972501961974043441509806281256272361211013730048440138
90698796693079103794032737120573989314090160681866458801302648544710768468
88854492837697015954375214273926770082898868130362734714903307521963289161
205287334009580748768956532668592080079562412105271822529697688833207332421
115426621101871099337913878033153076182195571633613105524265362971906363971
189573104897626703272922571913511501423920889299425194360897747824120524610
147354292428946763970808296578007540330425584786934285486907115255698646641
201774796685497000933886004992923580827421544645995977065810382661961737029
182457431386776779632439392173978989347565485560047198939915092079909486950
198641896505153688210388329737371598533303674172533270634606107011159646770
187992388042936364592572170017127865667119640583317137087902688972903642478
203933967420464081884409346504603811361999944352917694044221679429885389867
138285175213075422388293835186220457933465372337922804272660959062353736790
172131453347613734217971072717150016160966775808928547290858221169424290121
198717488276847555626967587459625704804490658137649513344395997794907414869
159583697872524191770337656157503434876152213722577765832985634326412676400
188033799871218050758647637459910259427794995790521100000803466666303703123
173691163116869967613674480813594808374963021437477557710675909902049887305
187750368587718501695661296852523361286831113264214797328343145951128087906
88820578077603160224299980202695397293349902535174750820544089493673170501
182678692922543816738161997807649288525879345395170794651470840561564661359
187820382960333049777200307592234628829377109953219463555408513221308999236
187653042242381852011840036180158660581100714704824131683505368289724613190
127954208845865232495227254449820981054784942638071074294992645159824282178
191367617395262353681879920278454473566615423040398629302801854522888645957
184513397735433686680956412319937788614749537099509695941656941501587994675
154269621828926880517677967567494242929450558015879277682624994023406514544
85306913090363452686442998417754466848387997490371885874641985699166044786
159605938874947801248297849230723757175688818006905190543076666931019264836
194873916834596117305653756435819241461312293861544660562389252706626056780
189537575463969636831855262786954682601268931166026906570744603968009824617
182525020815603399743339883440162822651701749202822968039215977239218967912
171877382477000069173958497003989650968623224425891819495767438104267533112
205342979005107394408277975869697995756213613325832515538520670672146624877
145601893981964605164562057854458694707900943769529391290349452765875618671
1413571389
4
132
82102129731581908068461148383994412203231763355361189477710955862722587709
342960418949790692206280200376148075106004544044786844673587095111548264991
157227055668138814671951789855139953044795562290155372035126628805363747030
194506034695088466479693204978831237242800910046405221812083484966634075005
124468904198195663606921115653170653362379858007220352458934988036011842539
102168061985147951639563109396466051332309915894231315888517487518239232503
21138999699577056462551592150604231964715408876471662176544150062648797626
265652623525091080806171534877029860748902934409788936978316022061020986309
427454116768119513330092693326196974056440178884996648554664745599100856713
11182695570001595831204673446004806072002288931091487638146655472557660378
373184190961754954449663510827342148517627920336095954186393229460779576638
138414222016940815059763970840720774105546366283172705977995488375833569577
138054941593703067627437382001540977315769956239922643084679882033708054773
312062962200308838370221097644199849067851942493442016735625583098010605175
447144704468124585620221746413031318835470499254110510086581488653139804490
137167367399366660284713218985032104229440305501016285275156905319921727737
84799846667013272952803272606714898485631066658761700208339256444278288122
212374440442724058255565743407488476719985023500385879677018615518171201996
272766630742202588418293034320578306861518810661474712706366797182321930426
434727189828862933178771130102849928605488903136964414087864295740873259085
327327095669046188013044596403287188378037122584615517330276752172346970493
362386214795936955769833335886300671903861163748259070062701755236465220829
206906814181618520304554040601827987866084476135122713607842169519846397705
324031670299659542288953966199390588822556197633673440425780442549524816688
250423738326949162953661450356907924305383983152067163498341053913897082255
252276775254907815314228126521616702731102162984908493987985498372287887086
74188712218495522195273952281244605978807312307318262305592339325667174421
83645463070996029164888446131903530830924498380507274482154616208546039798
149004807500168347179663616650865320829385109739006148818784436109979406693
189264871006590982592170134942105740218178968564775195717286652130615984800
429668519879613769969070619732720097078078618396730680311878202599835526981
374559687041576976095906238961741151996886209827036179942734876022208268157
260449311414587836452295349833565543721547219299396809297891479272922935133
354145309742842075287674178154115337642641847886614790132806650333914301684
323585932930834958802072919594241222793269468190596062122717067052511654993
434783899559255610703751527767475729666942615441023091771938180831025038320
196362923205717459481849559697296062062934733707615073638938652021020744299
263225957541406158661547981695452967363860606966365241440023514797308940874
57149397549949871285290043907891551362230447714179246405290355058116937779
16553451082499058298891272525577887827399838172145454196740983128953489753
355092190227067431990934774541867263436757534286371237265509345546569354531
435966323675593833310536328585291294728663636737808071110461559260555787020
366752901250813090668058495278437001489739341962460249979731267758565106362
288092655831468250050843217456333049989734194709975298036275406479780913076
22108171996279082337947886870107349581610279649903626185246802122699088795
138211857884861603699783212212624704571251046366202296838379345205308858619
211305266803361189475781472758240322310679854194669679701124023676637681834
361498779560499275715865961527618638218560558709029922535493231963406337367
197297036607214930221389712005336190109086178927333120327034213661114060456
244422801853672920884432136941714835833033904866687812958910530316072530980
228099596088140923485811512419842816672061591599037830057813528333426571645
388433533870185742039327386846083868976027149116620846437789849460396315466
87118434295653692759480354467075610413594078065944235574852696085887310230
178096474343833933494513660930130914613537200258124347571720839668405565301
330670571677658228885786194035681028971268502402269881902150818475937783420
4192873302863340575114162576200546069944484820679644156819375893119070822
37913691694180089709651986043876019362526122142258628324320790780440878190
73663558973361836688981482697123211766819118055714865093731962410437606011
14109717003950536930715201522890236829714727478046310150157585499319715056
104314472052499230621482767584785219321691078920695216702115512632946711105
24642867748439656410496464575792034982059076842606417025338014039839702693
192758128114546876790475985025005382396444312035677089100498137375392194474
159524341320707689279961603954390538625719980174952192235386643435274894725
389020980979532207636481740077341659433387506898155234607249292371783185359
171389096039164980845731818704425358323784232754195074284834190337072912656
76259995825157888279982126148060690511904484241965897669399702374694800581
310153840088814330380891905524926668671137682954922978650560743877554323900
363142136129579009320169231113486951007016609479327820412618495497378382020
53569700117587472230841256059552158881200266579104801061604238590970812894
95276533458370169508153633271332126118738724510981930144064584557264612191
128525179549805683160416609647702980676713808407345626298163474915346200489
254324915224838391918220960601931928064302079972144612326600266479055444105
439301314002516599211165210278560004346310641122941328427474724467936320732
192354813485100556352856503355019350481061164749623652803927796562770056675
276179819568940906261337668930060170075269753801698447202352718409648155813
107242457825225271219682892579679416375801575675925060535423107344271026109
308012286436734627051076546049485257074786070825187491789142063509014441409
435361598693882620944611216197697256153593625027915265559305332994346594193
20958302804337847251090216691516915746983569029621939907946600090070604596
337517534338806868190109180272962807479132474008751892497854141404396935952
384041196942889395045985430239571910610885544732651408926064249522998590631
394343055680620693111463036656482115821495885768400856606469935636299861147
217058964125726592403305384279693179033459557894997169417730023675399078500
62043320627656326533447285258414222569429681417784354508038070559797274647
171726424226410465259198849126995361520214836226362790810314134394432235175
283099354935107274212681720951362170683741849266496810211647794891676725747
394378560742919649123034392273122967178639269311814177176994729497352265205
75443292953785691748774812176289869002506362904465998099477375619763289012
116750804157615752925178342154914494210919022096408545975540758008404164928
451405591016807921761154098458121720616847590967387984519742455747894111175
331865500886902726603931598003951744537992319379799388579611433094102253052
313824255612554227886415881095126754250620597929674180019123354798469541489
412159515890113034028096802342163767947518800396315886069517530874496419625
30827845720579395864371154619049321210727695940014033939355308321906600443
13726859688160987296138601062141514347514643212997926042920141501642289204
261878820452929344235379430576242146707680047860108509621424551825106785829
45065955242181431969989837751102895192293364434007318045139554525449955102
438340265055241258531664829352317336210887209808960675234769620896086073573
231518314680796312768788553365074263321849506135812895941776729809931950077
24814796654172255819229001125670363274116127737319066849091379462984926602
387042273648127803155197163312279777041477097368064034911774472654177606254
451623616955129874164291141875225574732817499048282478064298975061324509454
101035598331855906263419241144283952705223508290009711215306848253873270666
163313092691573717700180216551320996561345185315018863885608643086101531484
45926015001982836172455401632953241052391859292457549598961530002447451140
434040094978821585763482309946943620016220447780767119219676521463142523015
323867911613077856642627186079625366568562264891014199327290138115038866662
54280723716098606509984009205755470988148023164532411941558993939865536945
59829562473926965304435942372218991405548907958193287709059065024034045341
63729807185950024218377730730836577943117910193680821804192218534440924880
402132999656630157874775665138307787730883747598929929498036598085735820820
122276687966478663971249784283265294055859554930648684565574119160744749688
259324951728974416751248587543104631362882437668009342184171540190736990688
311772975328606651727400427194662957996226631067844436596335594236416662210
320744387752756373946158011082103318491651211026309893986981017521045490268
11173101539386414402543792677574498765946997328864162469935250102708511950
402038937529195900997972180338103011575882762175791636919351234901260069082
211085757793273908624875033753559141180325687448626146983297160208126624031
154463141809240154683926679221749754252412804132097024774244000022940178547
92387020924142974318994560192374737705501907965123754823664963755897471387
225660763259091718682757083190451391386383896659651676702473174150824489359
3810883879529165244060287942286045543864672210798916697155891721688698969
265093632936086915898694542503435155481331523022766408324793081326905401825
437862338908419735211675227476584097017642350192262063735366294479774253243
349069018673682322090349007362790582649781352342317690992170306389387442095
410843531234303758247945717710049647146423294267028006835891719860191089489
11088905089482763800194040165154785285782536219297809688740898257880497956
46661605121289478526701760750997374160196662755217001966124994987465551987
271419404519763830646602968418180088117849405241200459858629987105098350022
49029813650828064349811317103608836323385146434156732102610173171399540188
39111737354434890933072610706024959440621811362888511711749371212642842645
59934694733407151579051520631790053199057722972819661856960400398376240360
13423471
3
176
135042328447068869828496098956470879107496128914402922482464421849573901394
173836722835316061894659284471573850686198265408454140874781105454348388470
129333882536414032007950851228293812529764221026765770867348455476243411063
207261445545261019314385607649271988561200932497050726813720162998635686487
173871204827657100395368479348882503996389463083678340321587060643032806756
116939234277202487378738280392204329741159122416619961061560520538958884212
198641946841581437009383683165085023453469052132951795562051223513994311535
192919858429920625296532318685554152489354320956721119142622365015415605299
118705786999804559038233606978667719776656854374709077423441591294709167944
85583494974208888422884367940437558993640597391590539551346044860463605846
134863202888562620433037714299418688907327571308814507638078225581592564291
97545033564076217022292245993377096173761936402880452796878424835651497290
117359513000891633697106612900984484890951348711417749523404690662712505396
99434627674047922582384716296124134118737631988120589425082096025933791602
210601894354028029268532081569086610281655698665334778522427182842161361519
173754492046024414299464570389755303295397027773687775408619679561297783664
149141897279575332767990008517867431207116306157323881849658918086823602800
127539538306779420674044350442138082308237990874435471495325027620123726402
194914626806204565611454392145076926888674081916808150753602530301215668021
154173509112625663070911995648447879593803370242543873916378335895229122123
149086626022594085977474123040948606540776186319189768720862311618696261697
129685739406883368942771053062877796189833373898039333590663131128618768212
99690638694383272238303342816478759883531457823005289899636387580287798370
124205128858132976182453075485579346336149160699565728278480512599354263629
193340518923529002122385807949853157858060686823815546729838230385009907811
147389554982026206913571314854925535231003722564466181723787601806665414765
76764255159219637871229250490191095888164085696428636394837268297275617122
97766321435362326754778101866635990098340123719278467263411664558648477241
216124317515013963593890869522665919912878902114914422335446384650793402965
194914545813653928141598488803098765712507235076176753648545826604017743470
136505628932764030979589963600051075942915116731093756313791501902248366697
214343015056817016139620915125324574132273942966479601739883635564436868471
187965378715898533518291829208728853323357643775108603967216296875611549045
194804091639470094693625680453175902007696460974166178089087794836646604628
188096159917313533749997775908953787225620272170987638013612325340182046054
127947253373686873215256353502220203004254126954003809413895630960215811926
134621263801052361431242041173827162790986278887712501735209765059372479562
189883979833695167252926390563169784008277346530060545684659027820004191044
171972761732652787364433579151559641098393546106977317465594219375187225448
131473507516561603326337766397910668522588966538901347036271010844562246503
99780064727335870167671829114206969349166305354118829804026013149228200560
97854857798197654659675316288010370143680779494244102632178959327851726968
99628874626120804580480896112193748644690039655213495270411710681190790746
191159645740883963467788971281296627469565885914570216929566494005253192036
214287211982603836322281505100786892132256447697342440484470633968038392409
195093910549905059169917271644810944381995443090591333232781470369467164501
88904610963092263686779556260738342257194489966316518777439931491275863150
122267139527707577755535516475358713173539894259620987253103623969236406391
173988212255379224946200641388756361672307425348714442067010199943314090823
136539089085241982330104565575813919066737407578632207411323339825397387641
177079518912842875425326327430280384429763492685752137615172311026901406062
96089143548857588073527692284760388269634908275080962189672377932361066362
118973745086394842567091753694334152741680674318150567912716948101709121604
138182052765463652975776443428253333561030628751256832779924184353914179921
193272875789126576418198862927008070223916426199073980516532128576269277806
76329443890483336537811217184635669465616386154607392064072367290678801229
215923221779907501109697883747516586659678821830817966842653034080923960916
115434765518843887745337041302646545077368971863395391872091955558159374923
173899025056038390525980736166371403949942184064425180175476568553549426540
205770132085405278741600750535037280038308136805826716539289259958756003682
149149688294344442431945601015240346239809080089973632264295826290681081203
145421828077640638742919916042932399126114668246564615389433997965216545114
136754420691962567546150768686051691819183329073626261096619659354515860856
200408631411562207048219320173205453357652840151730381785784282295459468888
173526760937971266467325744544994397676921722882968892358639959597521660264
85197157451308492908139631678217611582589789661475832709571263958415658561
159721491438490585908500560970666892566781399236276892401849580755275443254
159687011646558385883739655535351461699126941024351579051180566699310738489
88738562134247732572187841290581971385038227258935779892276647073496330856
175280019980592285104757525467772102122670434602480676864719917205934919027
159507539507488721392056010718051057119145523393748831801083890502289479787
205440383412825211169856511584085304022267362953823756671698198092961965105
207558898326933301490581959496358310410784591564266746812673174484422176586
92555315906848440298681169787832527525546372678630870329211626301196366969
157839176394877637507021193512124156164776101255016538398114435550288033354
184148410924927336754209746154575905020120226907989361048971529082527840373
133191773486413628332140176884256094996708464676242788027916706234289830259
96109769382909154526764987141265532619712186808165744467339952938320808782
173746515679033174354045919922583635971194948198035493106947566876754408775
150792223435878678527294020951046832073057195555986773617303073155156897858
120851608054948953448090656611902508713679218327006245413060442416550134899
212417080518470906194002222662551500221208985902231302375538954746530525558
138436507164504323481538704031492489333267411594893036116577930783839778356
188033266258330810240633137566260278288843105037366935437225357610346033734
90572974498958167859581433330992717710140404439380308379398942369700268595
212369954637415291848746863547566557044643100146864487157947641878068872770
171732310174659506532081420816163689999673450369004867313639230944964868175
131280117718369592347105063514053488918249334967851888217203616179984628294
201782480904173307793860192776004312599294231896743147554254481833744225610
157969038237610820439353473769961488421727413308800929334879939527762264624
97883220907291669282104758150776874671874053660203904872984073592953204793
179254375174780900730228593120612399989031641149326184485349214478290677349
138514422463114516151381084778979558566864037727342137544083329149126783287
157803938263136152249713378464969436325376398862939123604243839171551376481
196798642526881053519648652353962482703325788840655630000355415755710426449
179013407802634992371615103898348430718921503594219749199607513018572368202
76494081743017071564616673819131956143228829120996746580170464061162091346
189407894135083751784048699580138166422524848398742069809578077030038664011
200103823194547634413301695575633601265619761522280883559664616281623382084
199986982047119196725433554238396745917148291926410749653629076069465291116
141874305809021189792103558840992346072540646588490052825753204854582495047
129582347811884498996538291053311900208793940012560838250731484560779326767
193174768101075202847752117250319017712707625401943023549667247460114909528
193388207703340655656698145951183496926828472821378564357438343879688661842
118775426982346367736120609335769056471261874208643324356498648564801432177
97641119114230204389701313557956423192024643356250750159294539878402439545
129825041473488387801721261096082857743320639354520277894132268960156043368
173863438444413081858420733029665925148178508516099810593064251041004026222
90953024750925860140859710384305967700542261954188301512252929188742710839
150653997596676636140349507404666782575403837015698476654622307625622261594
131473399127983044425350966750183994905857537278918584000139658025357034603
83741812883553609384286290968768353536921194527179294570421783842076845912
157831058911088307436827619586486023958456661027126541732859826937790940262
175286006249310698280305750890630940089120597086661923827436458975208822643
216005747033658103255278236480515390812452534941431868956826263717417399885
149129275718611072444877732984375770760391825460993428514410256429413708593
133302412895058522311172245395833656666062862613368714056856172964615308361
157769699549302744579958929144156871824282413032905052887844464506768012129
115640682116695885152597352441873324127031045992174461760203948208989956439
83644535926212141205175476008905259578605983886936984467957223333951403592
207116724463136328648486246946843156189407825591826363589983976523329844326
173974700058197763853179477145332444445659498229302184224799113828131960885
185997974182876721008006820075193293606074372437032746559673063925401471851
94169859594857117246129740488972480499880488927262191960203796694966559600
122521835291071148955180054298699991477546167350543482945698996709584357208
189745946913018524037184624730857288759689222507894175013815150408614763110
124018756524332792400005716065632751491541177075039883560275076543289782597
118947079384800148615176856832645435534405033176079226398405218838574094700
126062322585526963624936814718480361797474352162354415195185700477041129016
216047206033128805763909739661284325358254591859950017160797720130007493193
94452621720366953652600205504034159176286282624279627856339385033386650438
184107302909547314775762712353685533095794339350757025071736345635079677497
120859620082945698696820344037760117466015768617241952787707998202657132865
209159558275074100187646449106576789454283074608360254876977498722524690003
152696667780600488808664764648711060038995384701238052361636350601633163573
118857815100857709164337277751863853799562691597506544063493196120446879055
140155283924865290742848125766422089125063410948011188744756647711451599226
92389909139482574966520480651423415206065249916828843369047520381005347115
159687948400318467454836447616213486657298351067756493920142436462404792900
158046358942543361360999631720019332063401178615460897216157849909212696901
101382568581908606123794603612618692853178172150197006246951940654865348975
143704237365333129204796446406254199227730039999829902997836928905239612975
172138539064685039423125869335137922669588261996185997386862703815957112429
134737949174008720795109127955722568317160055706435004930537998000530222456
129673306477881155427583226195922616324843805876616585913318194881884730994
76812722209201433749224960217095250505780090889648581672908843344336872312
210643651856228300759976080747151550490210986395221978206594714404339803735
172007190515957317745344394678494903120380736351529005773813550775196529749
145463478158139492599427059265949653065743477699743729007671121027156829519
122597134436448308279632562322446237838255350499647228153514080464509153585
143876076608594348875916490906200744834844887835844975368047737193266572642
149031435939541933188307932104389208903728949161749400858254344949697507907
205571385058837986018150699134876439515509135441010585722778345440084130347
214563921393576389119693294793779810101174778025693400860732945851233887337
173864650394706501017085776739916209996912741025663533847278239445496837173
142080757301575265657420681677578711280433164600209244338177337958786558561
177039510772057247850439495548235860233285209762405743750908353457841263981
94487642586596517628466015093526159373198641866233614022648883162020466775
193085366508792546797319404452200507469848540566656738780055809899845870897
117186973240888504343649404752265026044032949955963126748732728268507072354
180600785874860166223300963657673978049072584320865068847318828849793347376
157935041428139482310880538022662085622194213996411445923589687178894858861
115207062546970955117692753560458740746837767192269461572032297206484118343
184479915915362869342099205924149898992960325113699484663962354642293311592
101105684165851083699911098982907927256001411187740829295504070620122198128
198662082663652653971081912285264914949244155230373855282394124235859521351
182354098850604813768713906101744813098451570317076787530774821939455613281
89180653024780742018678410869022668792709651951060641264500695313378725458
117353020606777965993485022176078825279734614696324618838054193707635667250
83781764247389169756188571514770611723892627781950245389475740002228258386
143704286253662381013335930415738329268893224881137299701053441064327341679
95915086681702982486676611233207221402971003118536065953480566136825328455
125827010263183785499939181681005059409171233746350559401200258041050001762
118878595307920738571097850196824184242581656526049242390230725876593293163
125897970851623839054430480155107270007945943761665113519149905401411889994
140060218092985475617222244935260549681156305177025527525661071587613430895
2051952246
4
