1
528
147117454258874490342839429260550218776983111078333105168732042475065335245
126791693121590833740506930796437439437344545195116897430856064107387839532
69266999960704046263510404991821311869655378272817791302787907879992360366
124639131288568979027802765727091728118600791419803108940089570375362686883
237488849042639388959850327230137264662476860936113092209065075524216572877
114036749256240297238555868509580883724829588822806186485123313565058894729
270717418277495279102839869979560877065323624334895356538232417368693894187
109420566042114614490721627294784825086752213880427076703941459191964462979
4777078222424388418734875244491258211575297270445427837542876780834414813
157301934553127815669743233222551264766149668339122778498487689539203616381
1802693840226216897376209467886966390048713377168995975376149395385515511
412255526738303566501255315809529250208230892175490457986354336132821535091
84189293617450582719386712812695083144179020223440080113163679575921402967
17301780519031105090439407627642526620443767561342366140356335438425942270
4146605710450534655076267398808000615960085312110125633422909799520957740
256816255528452002837211259974954465807086445192133486041610123536158271497
153502307299759424259528921564683233447867637069432438225789763201091836451
359098198637217637003665155367812549566775419643161705675958362568372879261
439580103774694939280893457879120442327679299986540708056872447995319425792
350047360870454498115005595796455683292338351718725186565528334944528390628
390073522293793303994367822239997754087267483541322011143177317824910314510
153438505432040727045100673576775119092641125571678826565406610518312185245
419368423016995191441815378456644113505908825732043038843921010302832336531
437422157788456041112338329080009126636882278873943642326829734993228513541
261905356448718113381123212583984216104964912051764117856083606388682590368
329494150715616331355860596621451289504947790842736182931878848090471315943
237654410851599277489855975321231980899724801085510865122104472334716039343
228657689017910407650773629298203579205423746174014916066914796506606499128
34903623913429132452846814036160541933952985215932283836489717473666004822
232319216292974209553171860230221996703502557265662966741947497708372071857
67576968044841781204798084701263680366714286650865109492585016179842920116
405287278249051560794459693709484599184460180229463264102342744299807142794
94467040361206127338315268272704884561061900123272400122465762692409922455
391132967589961608646186376793909221043787599075430085266694445115866112922
230878038868497709230720752484864332481872939131815818042019044332901545211
320126624335021290686948576367127754116453505991449033586394781436918268215
230864274322019570795518215267603946626825027981169425850113390445330563334
255180429868142055532441035034742598361709892705573662540268837880764548198
318203534484059043108348223649916045487449648725974558588367461579360424399
330339732158972948174368572520412323891470414270105241736580584505850327936
93148764227346840206872924352828906622527275923868252962172132263736359369
147756163120613829665586659919239742212962371670754307673222056180956220505
404613720154158305109085025500346669951363626228661612220021222048072418468
100709449112535766772897424452694348360023151610392103300323799416496502145
215994637926450207114478471376075548023753845510152718848886310310234656035
399521859436872642677323906639010764154145393079986169046724034771336697947
113558951183970500043833519073094339806572303577646464227396945899818129624
115686824888720559386832485169383041210602586927303504917365454669145464069
134669928768764049080947841178461041283161089376381695085555953893292085224
4241724291597710461583965414656848854172818649389963311130059410243571556
6250080033043832359226391485450188634316195778903127699772163198650366696
81082015443804130493540356871555125457893510148529978763586433340128505609
202843321433981670002391771510617261669716389812509822152078425454451254337
225233715255192079401127577943226905380210929676747735921915492740965359658
419765799651184232889007888740616248639032043135659333161489099376739759119
14447391954764955198002067087824342277453977102575460531064179985282440449
436598760286119474283100463096297042227992623802042297286589115659020934718
273986591498618834897325230797407922249392188984030205891409778656068421598
276423751969320127060149211293476917814872718222901915313430345281242693538
199586631252806455378223372914328071266011800839583129031758436641653059261
375983248714678340409892669036716304799096503437790452911633348334319623220
354185689862477779083754622956189451058391050471110222992194994072872358592
166733977981047295275099800048097871164209443188643486672554955679141065126
219539233687470850479586717182925942875727817337055542358435270308803288625
244743230681049877809348473833058275725463807949319447811726755733896827203
451636188940326119261746221761456300875034188448785471738151491882364447730
363097079498860363492062209113614488087985722351558401632558547642490775582
56573347436433775940246031095446092569338642506557001290155946867072052003
135958969773303333436287767442375084150386202478891869597460402006433100884
440602939646441199433232115642231893494862672890834075159128537646445572899
49508960728671259064534958050647821458186985387745483650288275209840863068
320354197839338798324575462653580729732093267948017068039453725511426267187
312041524035808757017005284541096634329904048985678955250814298644882435798
121407462528501611619336942174931773819731606001905734281155645180530124591
421003514435126274702823446761975793188006208371102690398271966668654041234
383871361865262229176298634862821118652752972229514848820691156768418402390
97404095212825155699329600419964404512376470961575417608785687159336610697
56025322740541498806783792455280389512590199670811939015635615417074856005
49788261113943784687733886551353748229727366987153546480706794163479908974
114789120752127106377905123189360418561344469532278814554701593249642914635
388859970621529277180793239466713936818942643012655819093315162469974919850
193085446741214813689086536672531829229557203660373104738988756413995282371
192923014405847885125182440888847239196649113423429605772479291215395554003
89168895842101034774949836548365289877548994880328114774044441016162503791
237711645195863133096093573706091624079765073276427979065666470069717774656
213038762429196118587319516660576232430531199393625970520831810351152572153
392736396019135937227660951085141274452021363167871649524290738274247938387
123844464514441953863298146830999114006203731689961202296749778547061373670
201813889143080164354714606931810928285886287266749591361058691355122431169
268543989728408560409527486644381440209669567317998710155507125226076214575
40896946514578830962759377497846914758359454883750621590019263780935092557
383952513779508492810626765920126148672864282810165803123541863812532916249
362292318361525256468067364327358977724827561766597233833183208238613366089
301863755294374070815576060530718946837143463877925920704239356778148919889
264666282092372981707316270660086957710264312594473947940052889658991147957
366121718203532627243559014277538283866793962569959532061960642878531302246
220881856503839236348681737481778646555770675602105364203319457949938888786
84572470419626544386167539666735029431896623231966168226468340750039565031
89856707761528956218178794212535427982268743119083220937374601100937095733
430572010326746132296284669921655990494252155388586511204563179446628885832
230560181870369357776942123388259559027380226741708330360068261812261147762
64606755285500350924719199166225968610109859899025029646933251353874542157
85117588169258040503524733840131229026194471015225126106001348494930873933
62938003217542516990269720886301928277578212709137352302053243563921858064
147530411945344299052106228708969364247256810878627045940969017573440565398
388287354778549662629067054723663997534519648068309282189894362064042905192
45440719944548750890924786625905044902245422183126555707347960063031082730
277041660736465025179729683948463981683856451802973394796747361165294538675
395116301597048126065950193283727171611650377570680299028224780745550172901
273863638461254706957694884048650731400093530686637657522685640431767462597
335694815014863976288803024994156961276802264615201649328460064533770426494
377802628886128579885061559968997980634662437513324945739074069217072382727
121037092306486530879609455465115802324919969192985240586245727322442771044
154684679768924806954746586765898932156867735625921599785874237628855080432
276049256299581226478056915833577630885622087583350513925593873009947016105
84713163628269509018692017553771177206544157858644810361531218557206531460
280591065575962770860680175413964509836112012757483175414559211058458548275
416407539769738903072720989240855918778418572515840165762422986742335776999
140443061927056889802636036735401712467633303156221422901732858853847239835
202068990073077104842280640362679374699111629841948927780830361746177410807
342819885235338417313304569515294858889855955288518520553220037548237406733
101619274689423653035804708846260752563736746598021411698963267273136723607
129239531533303135295011748636367837165077815028729832119682649424765775960
326758448964626261012394687776985781287048748504268409723572305977771697530
448807988261245500673665652165355122720717525135399756023207152289360070410
56901988972390830652797032561290438526557069584784875782502000314716398482
323057978354836977335594324843344595847958292042420336832390103617583069037
209700366931759436931449509629079799324402024366548024229201635513002985148
402526918015479534651814385956449929067503474690823408314932788053335277538
382231396984264698366118040820596320976849052527551956902315537484492095228
64389239594745504861853437668434057307135831705649758910633521149852500445
370002138535325816021688038186614081445394326646932874783713097339096941830
53400261489407598799427686863859089121182768395223172547706528627182771169
234306957699836007128969555846337492419723142189113924885303060708294301436
195457041543767669795871164790137102981168912827161295830633814991062477831
303853026668029497269938184972309677184543831886704525318364731165901571539
331106505254397291060198165988613661183912360710652119857666077007503188583
206938759967459205699352101097640449288996184860525755964695574073204950077
136335423427063449017114786892820313989302366224305112393164410264361360169
173615799818979992972211487760223427442201348084066711553676373134256396447
315519243770980857971026414053079110963755352787725354055141116770212405395
170000671878217776411059338013557507844716994465336360980361973375352976323
63319649436301348673352376208916554031208905892461242962522692995545183706
42949475605337114013745393719060639955356025731621626133401314798213936232
175459877917105680066027800640496680908826543581911465117682692920977922049
393871958668290584203180008463236834837181778116020061602030374017907213692
127298957515342931995286312276909497174218746598651820854020686379419585134
404437625338788565321334183648408359481579631180150206021784816738026762274
160968106647548188227237116596536798731094078908754242026962898624041834442
155101743180415738886667749897449503890680235760525620336651882008861654972
439043931024135821655661696147030523042406284603363537349986746541748312754
370422581799199092411866898644909428263650975795900334546134118950255381915
69094590967750221015396921482709888871556346943216381525068754377029737728
275279680183560265033632071865679822605014241186029349411963508248949104240
76155081892780874309697999124697761913371164361606964344770915892873112249
449107740167942086524415731707908998521055423799608379683100231823834275646
405890718609687015203110536853794124762296199832960765769872298922230806049
141645617549023978658883292171562032627719969884054668108176127325874228291
397196451280842145143769089385229559297148063899404361401336531179305251810
241384973027562778401970688036900769525492568731163562962889038575470059018
392572606837599804921124826059730527696638569363600545552007956994116406371
394308882795716001212146239670066821685168538654569354260245211478459102228
377416752101223697578785278504619223508468554502892672671241443004799427955
20756811143586769267297680231538424413771851964577697482041096824275638242
425480307713350303650209633387577451430960157462876817116033461454216537191
49661658028831739016827383736991155294176438885557150918329635752252793937
326790199333879311320891276283505931315846046081043824172740204594524248810
79557683080075476689826511795827237188354728643427267279036438348593598536
449643161796628444093038019537019009372471927179785487178884951973684321455
352957623714236839998701710719091539666510369658486893475174812900346339001
37470289920328687584039516590408689829796946428344531182020098311947728521
52582266633375169849174860911713455923199857799493117823409690676697576029
89175876622991285470771736817838586657864290394500561105874942970897263317
242003129719674476518257281882213111533578489607151926931560919923586514593
439198139824479279499640806530562694425489423027818022505232947760410239635
423662766549601806240827622170431522873283446724564437919901352790679664945
30007650248465289913883285172746548383076904729460814916063332460603678125
251569991283754555070083677024150031881406801719308096083614389380976811410
411248204027589049618079612979529767828145138613635533080332139711456388699
115330295162450764230174018537034987563100286055129588897391716016072788550
83024495678616443297336827720600301265148420420467269071771768018849350429
354912302355613261289572454303888883015422907072239143474808010930421494259
192833060120823182349464701619749153467959203581310119403426632281282635930
368234714378015844157912925868757603187062844609489879087565184592458248956
302624874733090829757776160348571107647912104884469398338694349275953126067
255589931535341154121990973061819913244743006313293498605539243990856928665
71830655617677646757371552868818170066583501637091481601867423388278540156
407109386493295945140504647344516688840678614848932567354635084673629659839
71577503424257219582589258483257785445619725296406855679386204594449282259
236496733470317679167736695257328583435068517731661703601557416129837828833
42274717252105359173923894140003404913430542847489197078418657961029211077
252465963442139846460741308674381214367036634222067868857754804672941024882
422422911200269965557101453611630658924888861895695243075996339973810185699
169780051518733445238396960695937050738949282437344356310482904814157589135
52985763087588610504910339779423557059742534320638690701054667062067258434
379402351210143024224378397940674367260308202686649026087056124054775627949
289824188370824385012980235402054788060325488999303026793751773973591227287
149767288413522625075699241357228997775099845344748316681846615461272019624
285358530654994961736705761553365033857530748933763304729883546012560493630
156797317122613885863206337439673173311136476482780630682907756411999438160
211924586155086590925124391552351823800986443725967252239747510609959207280
306966137382827876924430971871929600664058644209217401318038285905626844655
388838444751355283659917020324821043460187678850264666496501703122573270470
340462976489041825394377146118077666411259932968827055838478080475310987522
395730421604662279945282961607685783982327435194724213055903988156955560840
91431622876990870657489497671370700192017922761784230806304403982493619608
147613499971190781056611682308076616566161644430487465762995495705041289290
317354906596526781301138548389686876257105168046077113152089443105116455395
161192109143173843031919726068914138102386649624442934395452681076706519919
383150454716261496494399706671272720000349306703142871515498010280676495022
220810175384164926402076346374656092882847450999192391857424474532268539079
306501421089462146303725087540981955908367874891367422007621730662431248991
306837461096071486363398847296822001560005393708378413310638753181714548417
250414276808879144277235418143901504225029056465810545310173446151227041766
414849005910276489167855708212376893573570208166600096885173641116080927320
301157673550719380159723676306287557464330406693166458094484136928514442447
391504546885797425156225848017285810264598488979530268915141343729302557490
405531386191855422203906413150939418067690203611650943563690960925371083192
306646354141526776263530968969961292462460053828313017606714685125784188775
98227787379477336789020851377001718487443203034998529813743395821829531446
75699646292421056132672349051356304053536683541520355891882331864709272009
220451863412537068616630740064585086837111841885525726577986413162776028197
354988995681145068881367692822183241989368920859564078416891578899876761176
418670747776343310591075743514882474461095896977213683943845708798749001929
133247692166399927630035994495747607127368159724628808322547670224215055425
136845829790849916181366023165663169883758983421758120284896443106881580627
171496879344600273017312456822051628539790110311233093341049246487505699052
109912070128674977609035635415230819589243091919297710622211051151371118148
278415389066136747412504798519518369367386626786856155885614791047180351210
265885601418362613156010648129656674133281216209798329087890899905831562687
51583516414151600788058632968747729199729521457859542869651650926008703629
141003236476921304550500238683242362918536735833186690226122044799498683293
195863740015566489668744595879644084673262621894752052768529741674915812607
388545846998673824614254667857819521708268844172412998944326736734078329701
224994979153800195531720806595162248183233890360172933259881538523769506303
412240622946839439022517848844546004463542968503373240234498727814208315871
240183113138329476615554709724628704844480500259311989164214008688777945492
281658952277228397197141935265567891096461059378739709317339860941252913479
228761176141581778889904346899290762708840799093944286338153638012111302395
194178562992752594542071460621268853505689125407956822196529273094857100725
413688927131691518825580470243361732202029752936342557167142046118866795575
218728753982371603032803465736342806475233954192248787825704185735528192302
137741871404914385443038471802933694484008738127403510394750404160120971674
180503089114422398419132384196652166853301281824677359031052891773746243751
353486830129598802422364810802095318275629236859522897524894397762429359448
335712499344562667739457520881556014706382383765288595323666457641073360406
32985379808823974411425367122868248630811494609645442112580859521531888355
419441792070779283271362475783591950082397551850892465070797076824522879555
124410393238718399824303210292132324826956443531137717182918312634759958039
430818926128755006774841548193552032698322154656898687831011650875326444420
84632355993764793416565193082050325607917488703582374750164048270120792633
293436719558625024189558172736458497365493885022673138505323214765508685732
411035172606712613599772702034172864318672147757187269348472531356282392871
226692888174249484761523066580153414019159069216654939084277008655103210616
181031399338500976965499074641759626516291232372090109733644593679885440944
3765611716082977405182981600405599089803793165197517034073695114926542224
67545611077328214002579785888682647449182031190405590776031555803173786569
62355618587311943133105149292383524702223817388188131304656314745140018900
296840536561399820628851531327747083026536488110630086180856316760562535338
185621027060142404270929437975088804815012674612858982848004304091129975195
299965978968965897077796644533077292515171659758435824983918093254809534159
313931730916974510891013897268361396351169817321122484489658508642734991013
84272110564785893428941567771420357933707141495075370764311449844744351391
401703387727097430562595698738423484544167796926589437715226710221244853163
356556774028907567985051446053469787084000748778806548991453493479412122912
146250929019724388344152476054302417728368779105831210479527976950285193466
16964138662010550290134545575068480927308630892568919203877519322010932671
262348889664706970385517227983354452961053648911166835527102232729893734761
216532609774531168039267426962675076647167171657634045886057613404229139787
167337957484535297809919539212387639565000012005004460003333487804824822523
242538856028519275281670002488602709553315664149300966196709661578920053548
439996179144315096123397802160545942094207844682175804665669210794317405497
285861562580951151196954444286360961280824286595826502226298215703639199470
34068054402210904182898102277100153701207272878298517869493588821897719504
183418475305994009762182711235103683831894123030911600459558175271209559372
65325376205416519354755563409444356026254355170642930761969086737997369063
66121277184433764779767445010145688732174233802073917537243773582426085512
420311862302961700019908666473075288200530870987131908163701786326887659094
138896600162795839013282043625114531331995514566424044664046128708130389582
305410273854352993513133719621073987153347800953133955009518303428630445097
85476784275287214979647964408257970469480845903146643478574446828728407410
67635302468721433000144704823455646030298552850368558215797842171287661320
12516409101738452227597030303844526207788036602517293700297000237946131929
402279986306163771394137058348541123631692365843673918817443368629507159642
257998724278224795013160980205965440240305107843736086423064710654604505210
236539698518859418842267835331494488148115284437575074612393175718988383390
362731652140118197819463441414048631941787115142821568742431805629530954921
59784584997172257804589016097059320829987046832550111524563102707869487704
270503740724580174176834651555292942978428407922313521493165383822946613142
329764670710012560417648748824022781451057488580771127264851126831360629160
246034372463910084594131596317832066070124350659135035116367528707708958382
197300103814778231680737010155811760355939185643679424327345905944190431866
104829472610900141176851325669282351012449709978173622211298743574295937186
275127357678774070574937878143471501048839975915347731303021693079628094274
296839442277787374074130121481846779521636995611696584447517487717664762137
284748356269871417922657840144176109820828466366457849268004493219643772542
275583271860551184576604408423853113008470499175177585076106761417538803000
46475333109000096833572329290147269970914985741013544972465639389887531786
73220924684282397581731100586955260996913746914187363315538239543690885862
393310886290452630583097061685286766442405427155550089458490241263571991481
49676562211848398268747027621056421750578688840383752203063970295191219325
26963087223439567520125344631774100322318345035309119198358268950240588867
376741833163907149537711769703531456632880709434205386358675700137687647897
10611145070324178202543923210583403944435192656769407313567502542390557048
373910502858859134952578986988318713338238164566300245070731019540404194814
416752846973384197533056600197393114848963334971007982664216981205796707358
124717718170888970522620577424641985201597629357849016127167928977667287564
232117538359073522853575775816256489776175469960705069453907418059476577687
419455805637345328201635494130883131018442130287210248361150422725024284092
129780650066905271447886082338633720391568894937897963890767685819577165345
215232977736928026042454144509273285604077850696241893760933443943160771291
389353434001339418201803496069155610070481955152429204624135624858743843936
241897858791588632222595466693226109191507708759746940422675569196568225575
217624669114220394825747470584517366221243906671699528954056466574481688513
351551376463877993100462327923009659332612966886631733868691279710709259785
86619239082861634557001494899753854169466262715228031433848131329799919816
129567613138465145343399518014412289402398190148182884336983699066502564385
367578151750532559863109234106139695220282073370886998783034023001037260780
79782371504504056813790965455152064070463517075790649284561680459376878964
31530752440960877394476419136267669537283928674695204727588136730597514934
388107699833753688801847948353790276789286386648046156489148125520411915616
266940101235393980027203979387291841372353865411124582732774893712769146184
190890240521229364239983691505952512363103176718781467428625573754748224663
316202365021562627200401582767232618015218804398461229308820986344066634184
188625462728186872684579302490377397461735582510912148817056251952573275549
215160672017540800618774962874692058008324090501408764681548819668011635301
402974792361684962217357087794091744446070630615148984270083737921168318032
183820402991080275020046253434525540951050129659228354584950165189533046510
162579772949524572317078273464473611230126436363254553842825492511990690405
203759092464247200200339609684427982643489967759049776582217353483971652412
30347425498507571266056332850645781932078003283829985927153543103745375670
90903345315860774971341866381863448806445936161320741806963428812223665754
54741309208679980264017145424404719634147374234130982142185159122358460862
64058363616142451510708565026198530119073723766801536431716404045000822133
107773059166201333920449155253355607749995827190147784857410118549185772951
393750701790210789418660471133505982741644592316410248531753484595081601137
442192195852824784727770827045517058262699253387560793247981080590810589042
333919217562222603426213480351786509498529768544812642888521349533339727170
427812134925085138777655372133900142173678754451583425968511836607743911872
114326309269686168724332221813146919536832696230596246304992719515835801566
251751253228759934130664706869111991902339362427692604008063880325207062674
56408057638031612407674028961875603246112255728258198119467384404637759630
419048848279083729305505142110793850934290020680353958454741789327196190726
449441710634013237801976640575225285995328188728933798224144928048635283570
181300185451379554567404856993915669778375090234880218193746910944631667938
240583311975206595266237514158159437830394140648015597578350028705939816121
124153172505681563176113753910269106990723467454650815791212733477839113215
250380151774127348215838762255984075148285265735920364212782180872410712970
227312111322982742992985266948640904308412322333797643491007147596788997008
119544266399070412030448509627291689400229052624275771217170100378321386171
396057903977082298540875961981711208777163683816276777757453607363114371963
269738820497416948858748019370981666363796467239156833354587028932009765871
248199683326657608979696415711292497208835985166657750892636436224268483615
446468533708192592942908157912423984625636371655255319567510349515020101431
187374360239525317075941339154648804722406579321951514844178109173654683719
446786057477092994801189418997310523238486115189001985969032831711935129931
4034459604303206969420097546091410130806011833872948460060683268418226506
284464905386633508779046723083849149406423466613960429053730164632023579210
165356275059758382470220906324646496261954849168637403146443913339198761629
375120058823114116057976766109325463056327594880236200159954777612208600777
147692361772984808503475566011729073979138504982084971783508454362650440093
415711541236840711001232276651168578028677401164788884223006831603976754321
451802177724479416019791500277480587016074143479599601819691004046183458900
217860943027696094285064341427818217479606875455626139750056500528718889570
283827725260571521136856877354127625494567608184183531728893477754339112657
243347472936440223211825180611044073014417440727149202725190889759869931041
399865279115392645034848789552699940159334261357097107328949947632513719590
428539871536464330318778368667418082062981051252516424247092983888408568353
100506185707456198912357682724825914763126506587711159126545569774080063103
369516418516330990253435262103080656466876791957233523898700663825954375413
438192784152819125060480928776068702668681266306129895182471866658610244167
253373776517720626019637455308036539588419913084232823871322774762880511140
120366995841367761631115810633739225173142743924022492923072423470398832611
262853257152155677722323559352188782186013386801066609524824346345319924050
193567143147467341518287519906375886282050855506435658558261344536977253698
172518833241680459982288262686949618964691268853626669185248614569646148226
270959721134328627832183581927506863839091145615506013739917435978378096076
37604551608889404772305518522825148773236340201639592374470007101490212343
313817991301897090798096962753487269343019766786152627502805835088798197490
59519886597275223452044080313633029753328357780978924342448460480489961675
180617664621569992960839515123610588982564234433707610734787958401412556882
137814577997801824808426692095896310281465191037932639578630130196045590004
255975969349788457732477202762655597398255381826041286242694868611444043961
106087506104709398138386967009039593410426287438972622727261251940146231317
382566186259122561771633478613862106568165137418080089096348309852068924201
221418618275722591197272724471551018997129232988233165322304394117783901304
18611775151466404311407147129960106396076161312122630793236570256317272583
339872939627156217667850758238622747367154101743969813418762293055595035337
268889932275598278966971893357764675652263686430802277641910853612406112498
265710580051991287837145512770463741340839688692508915691937764996943376916
402781607691888385310160897604646549453492759684762624872594530117134445598
181982373406657809219284748907660017032702876798896483879566819486630083367
261121872023585704458944261901730265953862454676882116485829890823635529682
109150626240500741654740732044916364345334927263720064939401644327633141284
419459703151195528249485058381290964971968776300097343021644182292336656837
433015791473921121348898385995065031345015453591682679094104681118637843336
14288568522515890504378810827200197695099188681204787601600187609936946076
81219586708209504930574357764929499353260640577210594617749584497012547607
447964206155375138287371085826240633561502857650693923087645596829514374542
403405593327458295080939855654452035641683432648902584504169672736772998717
383967290337703283528629582549905458866547173673154154714419596379840022119
118883951398397229148307247697572486998618140356260888506111505420964611284
141148575702376173883931777421294962124916505902423686014838256519244548596
296595576150191594516013306060593350984453312133348695603346422612044784069
428275015625217633487164463967047599515639751286988084061718661200367790565
22529519355908995207216421465607239197516357276828801257649985798490262748
67080450478841189019437113997593964794637701901329707357632143623423824575
66328361852192074303806250676930753741758688502409332995802343207549339047
239687527024681145395316523754819389122389084246499630644388989706229635842
358673563536018588489042454016416623175494444992336244161625204408620091447
395735613438355544257927199757779940851113820491384641577304862782844555408
137681713739175226371936968174490368657168913451833871973626316942323665924
4643428544110168691316220778996309164377333697831665008335843341715818747
410819663939075464371220257232248226483420588099730859518546570632108021928
429998256535129979035464224341325148684660743094142862423424119297825111788
330930913565422136584387399337059839859812306861578536155202091208763358341
47820766467541697218806428029366851261174254391641729458904925356596069923
247266986758717514336224041486237682467204577418848211312942664224808156971
226361510024869277134131551654126468628882975427979173920290870245918484525
36699107767079743925392695373075195237982803560494990588730373882182496058
335846935222301163566446200919089416971196050907565237085545253372416748061
77546334257153990465465073739323786824264177920980768335726727380585541768
439674784472426566483708590578009544044070596533371741587371595809922253475
337630380050945333373823221872495145188127549093293096086043389789141981178
197692317262460336290726568325135777033591205183963267850300988355484040678
443171935194918751157871007364418187996746238716535944683170366116974081873
118214732776788218219035198462254022662199270938117568454999132104513530255
176442345079908601468391066328908673689755685777091909159911455132420964866
120888812146523810927578740086996314555311541573025348768932784414711953434
303261675067426099775171261939754824849493021790766970930731061832466865587
11355967628133507315505129187867829916436895501222966150187825717253650208
413856675806054883532874233873933539080881857363351628348579010525796940385
181239620605715088951912130010075961990533234968897300142194957895076089705
27472720114416962922890521584984613768346605866357265894963999159682108158
344009301290170808128029369108148318369586168066600632320176381635321381812
146321063893179692838338279099988453830758937729560884261931977737802292275
37020960240076676536104701582542915624456386366673556583113299182290667900
326362988004443228697074089240504680938486062268881111778428504723513811868
96670186801137331670671387561739397663884083885436534077298600734839484613
437318076106951643199296778082417721601678009549318053893044465306378312384
103870239626702329028727403812699819179053811644569162773224102279150375022
189835510484227228083093618813513270412292250917285385033864870343941328182
273016069083633303757260748041716362377903933008178108131262329140122023892
196577322226164374913602126197124704479948082842837526304218829573791306631
165283376832923346283936937527542770553864755539445139404184285999190271143
332924807337771647639327096740880872820699045601816087918106887532136847235
236153642538189703781083814387467560875460143466674262933855320003755061324
182287184816849717543198329169775144424320516056340046411418401524738025690
144639273540209134222414071579301447569047425937850757310136327964085804512
10412922975577639510508095106934556906546558744092624223268149972219800770
165597516710697868949876493487335609361524596665994140978996477564846963257
241994917201245950460603810755936494616192380926739543328160167469910014214
119204966015548137058082719180394564578483487608375003703361245366805145861
179055948043825166618692120391501768064508623399235191390561514781757482615
58373146746614646967417236791112797371704953073392602938674217318342463460
156695161606795195573005135113972453257423608149867256266065072927299218259
229217713838505318971333658132562689363392990654496333184684497604017030256
7039577106562078938102406311395860545998702076027067231721419941510506149
284779006705796887515001649282620933955129732293052523548627106970243874584
265151771495154164569710055128908921800328027832973252382320143515540713302
953324071274578085683064316334444359203233858380985408689640058818634309
176269897027836058426628076879016919049743671145209025280052459671640314929
143787097955611497346454684026260260875890067567969551499650331322978131259
326785342921807534083437956623544317729778897474295020414040423541943769026
418166576041053318851970458155246784078640141801232440671553060884460330035
327666932535332020218277841858191762631832522811845319419002279979800762669
387629612527420224887578781380067500124930781861904142513789709897140327548
361683706796506119192681546893226558442003136299732484633518058331917945512
294891039893731266473170055302119805892084529580723315436686050353599742019
270335553967182728005599564166679513430027944002199944355355969238032164881
237613131278369135199008265112274800786620369455713796781108450886382294331
249169724945594040745077896796122826471183944546484620733162293108919035799
28707520333194932864599469040775870960684791452242631861470886054144802000
271630609628856358507141317372190933495253041767657158526965537440218817164
305029298091374937690234584468013240536557381098504295445231499019431065403
212465734964892960594816282708351920744725214026648585961128366297242531075
408931504906191135171885138098136383065308541428858079783282474339438455793
39244095783294380907757486302048080289287087689615993579217942250887523774
387248463034043205115413601826631374090720511280596095647915331456070108212
249420479832404901249464615710853540643435431131265655343202827419054003755
256172732852509670841952339625494730708340954107519048315552102222375046807
382639999224225690863298756951076847893355494343453000083102384880075180280
122132385318253078472862258241611762375315484973690818531884368636289439408
199492908946668146966317144419883174730279828802369582732611245331880358432
372301243549961371600467165598979443534294703708248229002982362506278551852
54144452985174413966383622906652424383695461255355897741587644491272110574
354590824811735044335307663894695152944790166065552008976533504940710880931
203139995755239709321423653678626467993245465515093798537668593635314203957
254126711656081782496955324763769222322727562434186549105189019817883139387
147225769910174329480731993584486981250568148272743189105569611776891325717
183083425184073033867786281632293605531596211680804672185935015032573565942
234140097616207948248325248248834096550004614880596922514234837618251292741
411537630414125020970447555713998340667959423843252053104913421869065942962
337415936829688842984771767491840688506787529719623074829181513113589625930
125417213620452837371104691604490384408695313205108914258868727018080810107
103086029716119932052531855031030495858978830124821013230197210328788675412
398056527656606357178507219593200223451092204531434327342086453138324191080
448172756850472694193215541100117600230296581224645191604229497919050994714
376031154147422307727142277073551981813246845886069698821503749287023916
53430867105286193851212545698496016303074803414570113938656088852986333017
152190875633334756863365887477486585359520162476776376215042985390418827249
410622735346702451096271534456690736993024077633427366218469010673475757602
195236759269808697867296508792989618516414714629455313727807880143635150753
103412872924427969854149610373004989939937850143387429545898427992779463368
213946559226391863916107262670641294234873414912559321504572260275566830192
7166761184292306050064026677524342275679198282269985298327337565422822543
326346158526548419384155722756368169200116841268370978291327864802402084780
54726205419106480727128355882702050228581330710449113998252465524402537574
147535439965244325986845351734680994435729449458333287845088774582153098815
205683488607665605578535045966955822418292278092092698529782671786981541608
440172500821409074314065956300293160265744465432164415378658926878927505822
176291450184737164022318142219419750374633470063611412014243485597372776911
253821801385603275358999506222445336069806161575967089591747723913864140702
282012657399190962226452218431270612643262629802373562363764760534464008299
378732659455222311940850072226065297201345688062935010552981316702518273859
381934687876902135897014821429218639358612946636382294510349306102635286325
289127442410032113627946735128917688185204281503236478173163558065243178602
88304262173387786514118983689298326297378453460831117711550735781943021222
249342668052947307823806877097363036847708506714268354349646173369740695353
210509827833456487850485830871295326995620254711543440477861828007422209056
80947181566255591905357996297557295778465921370847360779811849479535906160
284619117575609440214741984767017662501869159833202937141625473554541023978
213015299767697634034643020400611664482021351127088575300083807827819865183
358575615121372436866971273242367856801833038870750814361380769722258698823
400625857644996239738335503048477276397263995062913743973233643334540495837
4966600272311555484123129201215676917706291691535161493167589421164834930
277384266871023420943876386769689022404169269954144162220590395175876590824
237568706581665488487670985511332737255131914179091231056340571707448658007
52742631231783983380399835961912001361419
17
704
150515446754720630978621938229056561220143921439109775873220422840711852660
138575643257378734960054087783399495678008220444814239938238387920069810257
198579720948107297972834665072315097424403592789195153931474127743911483244
154194083436943329639958287174712290327088715498187013279339044550225179253
145650662326263937655051707596178688456559698235918000442329620470931472708
127911937639662615663475481390001378152814025597629141961835067933673290293
179274406966502707309458292860584763560177145634960359303894894835268739654
216253798233485673195964508030926503343792546587969088977006999723047875914
193168886410769726265983062374513699590829882628030524350245855874042048595
116952365561531890242460519353443802557135324282471785900137496426497332085
173650022236607372412179448130042025812589272073826539292762383151593436275
122308716168119885708808307745580775805277795667502170952977261298170938468
154277469603320891925834843256926733717143201545718059291427631456153191531
136829317423071202318759178688847232398387801735896984672340410794332940344
96011360332076295329378821004523592403376502539000655967127694104126115124
94211679084051378846892715754223329335613316294019883644791760209037192314
134655504718275746554888833953587379251738412259266180800031488160786115949
189350874169138757383160488757854717869593806856104189560669195277075896693
76474084196905659179638354429258335679146567034047383295576012315585162063
201947772757686477635474008356663345660678960998557530013200042366967108979
189649214618591798470206891257715081046037971132994511007594640295446591054
87398194047822727037604568192410130301577803429820379526969626377320623948
186073705071262381139613123801736088631132537329333639016112795528182647399
96246237058100252580470285249717395670257521109542892890228169672672947044
76508969949558777957253017139730500049692713602139147039493922286242771062
94403446982493969657001492284689409216790500763066545304481682362981308983
76563457492076242931954481646330422264924888679095846819649994930220857186
208787490062183979286600314710663349443516133122825104108584543698118276943
152752209265642103650458611317543612100318167777238058107260927553715859311
187647873845004266608345166976318677591817734355084069601295976157443147865
76763523571687119731600471254332835374475073280879229370502772636506024758
140108157201793587417341057703650760673918724745402321750491050632882767174
191291968743505864829215972787961792515444912106602326050162299188150553685
187839774222099346843152670767364602595200579263213423965350535531009895218
216165344862846121039747784983373713101211233882523191133733918294303529520
212721023589192104783252125165909973817468874432851040961560677893610554230
182588730941853887775652609028612807134172969947837225096498589645628078167
95901530645787283208457373328529184160683176511395017231293165082759415672
115606493561367150668668203598801041527560029855754803281347172118778957618
85639871463546145680875993039855566834551089439428012077976355627802646392
131479812444570911012714460075725616720195503982755118186839158500171920976
141972035116386943938553454703591685576413414280258889610198702255338445112
159633410559948981778279071511021483875391343085546731031721569101122721378
149121212572693747965887155112144412793982138734200347632264968222847160152
90703919168897990604206514073422612740713511618527522183250680587122797637
184292461299484326215605288498824645105476416766896752794821887894990768435
94108151318218495908692581498064182342652133582651481359775568474566522449
141846961078069638420901359980387717557300304256303952086592578358162179379
182768148326402465285796176817417614409970714967358793331290668072275234374
146946548715821461403884466748513077998893996799035291632984577524601866829
134834627555501773405101665036522309815836218969081891711711778194125123410
173857235861418404768249909398295232266977889225450384622016869340388018256
207538186889661320318386938672875320646392546787908255947342984254468797284
187764957099216202031700321024160564132732814655869666649755041039706520145
145690858233959590089233517451092613877499719563514235925683365068506941753
207537546249908541691764385915269667924630119785154827877405069264412506202
94203778134777786751112719159227243175239511173305354349385823173738908471
96254378014094901468308948326807256183278017030437149057036116251896735593
202188716848510962585163295719591261124864964740004000102570440752690710072
96103160109270187807254771887945845682623252258411470698472281355169902698
92595347417946747223360094607596418402386395710278087180755175483255374452
175500038231116530857727670046055146404146052271244948950810487711900776566
147216686630367779528387155904676222687474307050252502220701711264770503243
208946555128121152354359344397783232109467907716784928562079213942026416198
148887288698703223896792209062769709925622089849469224776963487885528487802
85322337316998657356728103907862619924451593511835354733688523045181800782
131115103131268688478766544377148626876272499526436010955493086532195282999
76790695610735582965660444739064453654001584165933657226051031358328435311
134979645092985693535909241200705444037666061951703290196580165839034869807
97771684971044110744102482046228376767797890559340823892362776287635597419
85197486750600970726135803686611029769004816941387715195274251412636789574
207323107781912222855443832593314782172979451515224321470774383184917774705
97799935197210840477133467207768702201304865233201704611514045354049351538
177073398484177971788694781025014863789416924775692053572351682679577336394
143593888626788255194313845471368543010375379572867605159875728696125248833
120692789948897397933933199457363607788022000553643006356335227723673908267
193416519325419890548287243609570020239076863974890549523287507420328646477
118712716665528198033458259550017351964234108017957543678839383486836003951
131258772919077020908429277133701417002663114241041856919122608209558651737
90836240804544288325388308429708709970545723087279335846560535566422980153
87110210639418367287402194378472135534593236762770369749261163259219889731
189510480949602962329516027744486592738960614591309954884425871412647309621
115690237574087969580787414590030917966235409941776858914620854962084204112
203983439438018911409151052636807152977697276975654644312656301443258926957
180696487077635373735598194220996547416083814352936189777308258717939681392
131500732427215677679484328284378009001214392666864909518841399250509973620
119118676596961676916742859289038041220458507955734851020210638950186045786
118925429267013885019876084375870522679349248349846381975614372231715714681
216171497404402121459178164409289053606310511156070578892782689874931233872
76817952325792282455436590067715360196906257703633324904010748560070041963
126249772993337736325627924497839539897173115883539929181799363937519159352
115413303198893235349172448949028594535396603247622580537333075530505671253
76569519991290242406880158840014409085459223691473800490074291718984385615
186267630598751236278729091270794064482342164924849307331587523250932246344
177452775498107201207739923000330263449861103257739860071246283138174772034
117103774411886447033993017736642665542189478336229930981658265963477755770
203701328361024437604819678519673622496885247776925276502559565624026349927
92665688241850612127041474356342757171578186245950202884589588495076578376
117214631395653165955054516020018825370778234089813384297122136181511125617
154256790183141982060488413574857315268965481982511790358035856782603348307
88931109640250270765442556472102787047894638674750739296352885758302306673
132853987035431133136228960231339581343735710920162333792480037446420608588
182540066775669451446985686749365697239707639236612267696479807759216630375
180972073741809375714064389334858239558094587501518343148390930395911832134
127676791190872164437905711006154150820440242560459248978029465895598848581
200470130630079465057574967670436996141160419352456704284407018635928554545
120521429569202417319917267562090265346029116348599746143616757050758228816
92348206322354029610962394250546039212475763363493890543673798213028573553
173740473291664301731122350922839197949363258757143801263506871283585340785
115626285098733063544965623950987414288710218038913321063178688462724494199
196826117986700011922443473396507022099784947631939278931489386035498082919
143578818869060834030216344024769024523482971731405592441759545395325925494
184521185687591462494628659519623175725987519648358244021896569398422959176
85513806885348767399945765147100253104648374904822501464188644122236766008
140059118002838854072530421156442277798121394879867598120827147725826125906
178812771593152414873818287856282034282261104598603290186554867200417220180
145602003210136207328336548777952724865287890215093149339420898691442702915
141964131003092137020765881707914090419385670321278737125798891071265272116
193167941562854529609362655136503955138058328507919955185984789823870957942
175665010777718311651560688702609120813250669114549711350751780777506788726
124516760758747154749774114564808921752549337597313684347419320975161711194
117062365749261428571910256001872266957547823562460545387020904434719084342
87025505420913449843413852959105117751492449600701775651301884819485848911
136850694885259478264814927133503140291981517190072949037560226704539604554
200457240697336461452681858419644207908844093174366916307574782428265478745
97917105787507491665468314592053647597139074468075845318589551691253248082
135111723234553639461635318942516641472950867033099175186974808719543846505
129437408200543843860062382466426969594670269172335569429434395724624580205
180779606058467522128274915482695673565955660248896841985784319201970965069
172132444522729661235903665625330470385916118558462180012176594151978644019
120741908767884957390331057002625683416431304938589743045938861933801791826
139977585214763546892733111448378173256716502550473253670061628450587963185
99324985683025153883683382165894223005039964109990725374138665252519096166
127697656412052039228906883034226959218837311712449493421955468070857824869
141859795800495286397664222443489470518087501439986789819616528001964258672
189628134254663096961440122283710839241198494424883584892619022848032453966
136512937182459326785089922965671458489093088107463206520034930522114913081
155995247677436933695405611181904904482228631971396443056573552173349161313
83520148284322058012714426584359580258098934967492989994527915063155706988
95894734959254210397113263346593410805770666459257981283641131810442986327
88730961849495114345156391436265152026526985507503048991994313403149145156
180978868907240116786637313828199568395845820983263937833727068000903120751
154173940889728800351423330290799614853483981090799381331409827051346281045
129450918271770727544366788505310922484732866680057487133992045968277187450
90483705482269861596252645793975936973238751135046026071323760369451167554
94252897691853010136817874572335108122422523626520147886402815650488735591
150943146275377522815177129100391013183073923963203054557831631738313528698
156258757989023838447135749458177326183166788634741744013192328322505664555
87267876079461522019099552316840895843111227239456113398557760690825089637
172110991246336050134651029879647982490258791533440339409202475593240047407
133074113233458213308824588656164109197505026179797134629938959246110832500
76659187924736282367409585489315713692282949879363909650169505633097308279
194823797135388861143694694311260341199101079835567022636666584130966411830
83788720761113906235296501604620199122156810078034257010710273527647199798
134861591394183814508591144996704933195273530533735623375233026291754690636
216323381940133670902097710082062654836824956145920604905244038517804656506
95783795305606640088587929750589846475259172563950808771008405512123993973
115654866432967145706487699151247040443752296696189243453135848764369759816
154490771967255780121147614758819004314624979243011560381225037433223333456
205294479971112734834052470340310013320405903809512356406739077385165693491
210968382087111890484357869214601846736381003870088996971699610352810800744
87275745023771570738707111857198988563592044601555186337909184294557079880
202209365552101219408371900786514822652569907476025155040908615555664131150
76521501068570653856996577770280385011792320055933761972188641047496507993
207275034215671278732395704961499175217568359777321269111860947219102913388
131432389815203602641813503005318078670355541964073837720055762075212005997
186017277073463743496150505751170997110265627250727940644970103542016538193
101463904433606215815430765800062071160420697382975897580010071790084247379
205757650481168398639096149848157836581996414010184706824239074777192751681
126263173886250438674957128993383921149455953546080767217733588987636054383
179048161297410558509479687879798349234868600637013571944349020081121154927
148867066934847333774155032585781309089282003662546099154867977205893705577
88827857162750267425570127931015974368583245913779499898420454692365086828
210864855484194146014673749212944501075724701781396500466092634321329410676
86909009295016661734435045880946427970570410243880601975749883899825698119
175305901012302953163863520890949725956032399522741980488748622025975354695
127947463701294878772502081967564250445807167915639556279543233307653723189
194928105176438864736507283712499083683833692847929433062012407204981271366
155934451614630300613814751211089712491886526548433584563478597559820837494
185880999071928386754482929879367873741110416860833639251512977881087833928
199981046645452810445476179475002310464205225750313554905522255138855015280
145649020201081185608647716720083510515825742756050248310028643824044176433
85536129807226375072891261408042180169626588094717893778287787522231522393
140280889686204326485584017852667080627138694157816561328103410383601750329
148990970955264194512569279349895478331172313741941052486483110684433019464
156079120383711124278322470750487326401050244639264375429019362527108092724
207247018837083130737057840683309734682985132738680506410194938832129509208
157927739611495626163716475982854310661218039337572588839130946931945587540
157721438511939039648187467806580790602329694890907999929975912161060614475
96213099088347068070382392855536919403698014564614655268956884060917421409
175410132919601353958006792910772375187442919199954677616735588116994340420
90864709132580026246531196495565992470570514030855103239010174150235542127
157582136159408659517590951060814697126608470097361268377443185986245116490
115653735696135219744915510260448842291859748431795082132042425327051616343
97752111516150729747809029265317060678992107678399878215887236666317294913
92265165799518250065949553058033880674815058359360427585435575084053655669
94190837058832458689703898383558436000152061187416782975422698841216868691
187963977725939671752204858788338698833508837202414871323526240949981239141
126041537011641284468250384201974178442933760095862313724100109372573169263
145607499036469773116778144081462439462343204316348364055546117163286932280
76472675656952295405601578826904317629870618602930018176396423706012300143
97695657815672250289016573991564877049083276711834939609464119807571880551
198447946125640130980409294718585556830189825975723101864301094340524335718
135049174059502554641829551432141924647212510612822953807717976139438108737
192974182929788382538736967683867419843667248945542371865997743574727029110
209283119621636046944431312207918325567361414389090727230080927432556755298
150542867122187797539975515416542806431843754610981269281823896564312395600
136381187730376621357882487585211927949475308810369099119743549941081847851
94322241532007627592226062644735041532317173968485591182058612588969936218
147216526143409769783566355931763903889231672557399900690784992499506758211
115675888868977095608803577234514554920101230311937215687497607573696312679
195052257105653760495631755049912375769578606040247466490001246600058654825
186031105629272515689601521532626793617392056420898184974578261117197121643
212347845476093110896571309488694118044035780135097259618610098560510084168
92222677017831929967880864823020956686323142132393525362149917176327859311
207399593388400410042924508401227881962258161868376316255512454338272973141
87199877618582942952902661474399172193767443826040102413847099475378647413
145615184825118096607952468457225540163005725943841383799679220825398404911
200008842025169297953972290449761847269094664405787963086962360985358591559
200001886597503291795330608571111298946906974550801282492559106085114434158
127671665642454215627310059326873001317542731762728799951237901242643600215
200200394242620930024835897704909824454989149892811668088762700469948343634
122757383194842886565120226485930933727952470934601167596068344253579079767
133218893818290485812304634538672170763371415104309844525630914085376049737
83802310666878853823241115397907521681804369629873555147310973951291644536
201884904695669814278867935630310689188261297995519913049332503775456945219
143799992984515415269853832040759380727281342772948964290308922897217582156
76335315359326067859939215521409489999349270902778329802763944984960983370
127898296127216128595750232994478163858553701178280896033854570270192527721
92395873093086202707847126236960055575665477906288214951243172281922513778
117325760109984387413746097899314197505442780181834050322087600654244731467
205716748751610611039837949949150393316718320549488507385580447251759904360
76487317959995218415624686182795449424490289770870319674563711197397020013
194707196120830576792187232274020717263496528392927442931943709962911896426
116973045418992304763061295992156479077297181927825931822480347883497607783
87087703163974950270859223843239768663214983689140808486240052636138746484
188040059976511128013568967776633413680886177707844629669521205432279264118
127511578018017005582927258302667982032337960525026104627625987445040371254
192982407835412645425725488453518213900739376925415882575259212057409708376
145381063396839733135229601288506753096590946224466835613716697537364717639
135096110079651761164714588354568568561277671551086761242436962839077806424
200153858211647362100422314745931442007390695513152121653778363759059038289
187627140995565749383918084381234264072600810437488214662339829506902484560
127809324926624555070638204364342426635568425178273913541399505958136146273
85301658113931565932915314959733718023576118164558103831649369116404634471
193167380025793706523704694585579938519402121634822709419815479835045998640
143586283402651935206776830924950009305579951595278284259193406291525723723
205342845778495492425116343762137505881822861140936448267907846978067706458
133033894138934813314052838188726775489922135589283016796549331407925955385
198357577432930686340590665202345678366307747129296958890086378090471371125
154505660271155589163135072437419443776848812898532507431665305961799112519
178826198174052342529671793239442309663043733953629100760025395260968817748
184445267333424421959287386025862547086632496675374518644445411042480372090
136663428670202218249302577763974921936691911399648073418779189292622564914
92721010164728589907160970082588614279477544542214271356806286836436854392
115578618121793878631673565552239923377239427586712273710520752540582632057
98007095241154155863575077269890625302204430316142402673533233029469928025
200367460498790773878065669185840665191505985974197720993280385064677821814
148984232764296047822462124774649537505969601488495711268922600387224615014
127940915794364239238854223686878848752356264989694794756183620867855831619
87365498994147597168078639591583192353024482673253056318793348178489789032
94467365035988651353572938877622538447654890211568762679153938675407079246
136552843178186922603000882115811031490096853062725654117769375104586823017
187813380931182472317498238888627196491711791620565539852560409585066658671
196736230135159697350612610326328798321190096665133467004686269555134574448
143904058612272040576158449489919379174696028581649499981876004344443069795
202119591745983910053082450145722137933359044766168306130459756561834861655
172063325655795451424617794734880088567152006653173078828822695445109491319
202100207863140326891999872637373166333888615683905743635471079688530250548
115531441488118654120235874860883540583867163792061455181408497412777007458
152662620090815019436668785658255486389950339468152110192496372852018207027
159804501957554471100813378039062379749787011769421964360942007503238490947
90436526627846375504971890663335664470847233469755613272521304268150503215
171890728497297533584819516623708827124328694961358985057176523172111544619
90483222622536224179776273906318466725193535727591898193485956445607644228
159584532803900275279884277834471778004797214353035177570423963834200048203
203554588857318160824641661381875523647729117659716442777331431949254340696
140039135411037763193793996817118187021834595542755092109654350132094776694
198400495456092668070326086968059156740156556882980262497903285647708809539
185907470691287181460952587972544812193837764160389656212155472562189973109
180773462881463689422172743844180485368464185108760170569154523755529073715
76563725500018638604194727188116733077599093940963578094681532691983587927
136816477328422251205303201626867679019720579624723131506396042905896054326
94412100919703795247816123148772099797307750499955454467375647060571677250
187965212534386342437595375458699528844509528992609302167539946621802789190
207110820753556398752995543980105430718896142733590075390216315574058889802
96144249476235115078724235053732392588676959935614294083379226823015673680
133317022977870333381904730669686904476194471982624494379532329026690045008
90732688400080340959638714414567770761429326982074778008746531546836597356
83507498412051686170620881238583799654760400121736004968335696217166140459
99456037669832844926916379963607947265842240121590705162290700814102984034
185894339397872357652854670018156671955647037591890021302854327268961576046
138182675898706182477755749000158954312583544843509676802156374575379861071
145456580107178454877839355759875650627487817144445449821253339541135915625
196839995617630343258648286122501274486952365119393410889542847600967243337
140182646059209539097635464960236352465399951376069939130266486545092399468
214336791115158237229758299156285910322321817776805220688587008884812048753
143738820890160033544124490120891689762112089927573638157397075116835234354
99545191039753667722960197176943994556648337229150336871087269468875998278
76321329472238195873354910674768903292989050972422065343943161403823257666
149024642138700526428989537722260949656991205251861039735316485413661863477
154214841449412014868264356251410173881403700724356877218164129688261706549
205744058885870115398378241273453777976031224479157336803893749645107147055
192927170378414512599092205125453969665215577520291018606785137072836532805
194976500514016245684659642770226715650473489523567985770659140605636463212
177412334292498116094327180569136229899270840901181988959291821719043922223
184238134166429882189583215769616127821540073946235425141220373020308892265
141840516702594402174581275258041945261590785777271830389304690191562862926
148803062153820143507178537227813991229334280755255522621997649262228631607
115683039352269174526647643786606352413396091608371775250595178016879947881
191635976697782468308528966626888019252825984749849238417362599869793056559
145373591173799280851579270118994130043876783332506008251228382667180494444
180559314548959893216899178339285190889605629144184121593648985543843523396
128029422435332599759920499938570203812243415088263537502133944160657229652
120693493336667532960803946392307054950217247362487313307153377350813830231
151005126996532417473119491616431732134604426477239915009566471396048979797
194701238493522236531888442773560840194146843509220355984482859352447338549
212707085391860430444703591716663725475219865072182495472592742334104679500
175437844773415135799277027941891279890490097715339353778726697819893755218
76459951088643245421794315019600132747684111675565590999163237148228923953
96136559680075915086023215851862757083077925634565607308894161055339786572
150687990203571377993793216664115020764516734303262274922982181313194383940
203983925269107619384370788868557208299999339865963855780060239500105971831
202210180553690247074377595304118913480122340703987269678138320497058203489
159743808907527238959005682563195576120476111030678359554137169583400120368
216254557329756704798217578386211004056335148309429187996653726950142653014
152310689367229788748815884682455049702735275492911697227101734508308167250
210725958470020842671062886858501867655454614775262886731168860720251155543
122695479791856189089586904795495711759843998377384270404858665670647246699
147340676701898603587881381211147177530380466846602374536920164903724279884
158066849565499581557745873702984745478520386748568910198125337634009133412
202132994122300416990802970655555663328844330832215212317196205040382194776
99339186400984689618756777761804206441424823408040907556872699569224238153
209262413742938018036175662315073090158862538160235158082735887146105981806
138541542908973027467767137560357059106443634118763043253935400473146714234
127574233540830347110360758151666027724408178979507502215346137592606042987
95929454414619746488748144394751605375385072407386819822612635191687985224
191153009572440369691467121999634896246576498030296473368429087855105109370
159494402423631807599208358075413359444379473639240295345110162938089720881
147141089801172220045440024006100637647544977098299339738991231164043912567
115571666983203250601343777430122783380562406125570652034149872080340012387
187666713134121569634566232902422442514659920787098264875633442150555398740
189883685482491341352597579191274180989919920638752502468222529739498354551
119154966357430790194923736263095942953457533128100349497418035909144557397
200104224861787439155632861099935569461651980323126560984893068011049810537
172090551316862859349976267568751521106345848543866816244536356861876792919
117070124722021972972509573542110917302127172234835855190754483553357292919
209007589063342649627558449648523489693370184143817097278471237712364058448
203858266098476913719952146321114345408942991356129626703841278358327998053
182787369420762610108705071570697319776276462805892337833445399304036101957
205281916430231171351325087452727907638930075142697327412213326394662405444
171939388775917794863358754664767065637859716578971942215529720041372874098
214473151369372865699801133014100837341022854531684741531730387586683847760
212824604966405413655243562792585673808282254324041943469498389580456674931
133287690250229545719842883316545534519389163139810396160415386831186783544
184589643837396344345367769837942679855930656712240281466268304378709301039
191319595197672243327410978939470226867774452098176035625061799192584809545
92493035254140306099428580592381764228400185674447453342409569036753989481
180668477563119364719742806626073790209897970842961750316737211497202674010
87337136081234876223779875885311520378139634801360949000656755729436855351
186107947687885474670615364079852889179310122430405884855946580902282488407
191339903617870166643805620622546692339361345088244340984654525755190428471
145256534439281648766568966154814158194806591309283908359069953121127385712
87289279548512257201557180487130521942646632118550916237577418804118697845
122246519684281162600798567445568869061660530599243494888299438024519079526
98007963962993328728496155526184851067935842287177748124391158837372081498
180765020615495790301551529472098372742711033473786738912552229066928579950
198248928204505214526516267088306251308821789804580918859484736845405828974
131350380597651774226591541843242026323816295885121771491368459595461112675
198495989252913975566869828562323335260532876348839314214180580380807346542
136718159794892110910848181895235613058029913642530716488088498729504762216
186038818484783290428092936993863039248375793495980761818851970184331801935
201962013729958424666831608813786506774788836714693269042667384483822727988
101091853902440257438332885135284411821063276505768518656775374222652501039
101409472511832538508630203793122430992604688884488423084507111356304345704
189544801173498616698802145924135651978114207759406438736489571194024457033
117442468553666318832297549773297975477445332794007688597688124746684057653
207199141335237485009345187713799243583815393588593207520747809534435340662
147236934099427975099362929125514802682290903111094845779077665930539774803
171890431294409626168710004771011312812189245741223174603649256189831561782
184450963139587314513745903632449316542441278739814547749137096047023770676
87309524550110988168959300542456107226891475234897309392785000906313792103
184051574186300901258864462300769500282032210743897189485115542518502742382
198283302549141817434243808305635520450304002817578657257650354868526271065
193155219304024540553192480986829772689372070973676503459610496054424004151
124061001810094101878251960717467694240601797212304658019881699324638217029
147409419918620308311915941428582228465889526271240142240842170793079103866
189869854082516058207069507634062330259166808667307406671659245000796168565
173526785921699118404895655722612760738812635531496498662765926695854812013
196647826355187062043943601908990294757922699409491181105067907689867266154
120832119788316942610555351488146397207129960308522209487109767959715662933
198716951423228750946606164685505690587759938893583801334343589055809352771
200104227790414104749041656070905263630640968624880548957208619476667556970
122742421980363636444392207211598676967944586771050765123085039789652726834
198482855761933956856213893772480062875986481607931919593578657578736438618
207331433995496448202971254767789977720255083449137556137547251274465432884
126186012916138702655489528932580622408097243593123737114323443216679522903
201877838772844991527613338737289209736930176738707515513326760002455554635
119125495762037926104654248036798076578477087592524936065139065711676509541
191187653643994714913111481177770633066194004239346397924468609951181206837
127669864271172474890801034685886779416586651780303205527506789069627278949
119105679457363377239551729882749280618515533239127591650014733570048078402
156298411211817271402320495995252291683205732857776297119189985840331375173
207330573593652725176632716298581515372276391979487215695941466743137329498
117324678538760299173860574217813625894946363118338313959380481716344140146
152336678028505690884621250018524410627969640165053247687654630885168335444
116980103572668289661914605505617345059168841584992392981261677134135585094
95777562916062372708234067183870649993584861079896657350964707292607706981
145656886492067911460865722134774270400206979502974032317590895905182267492
149003565039585140457093315981585419324554388168142162939696041342746707819
207254622574597477739183934603542979469120691528077921630540633830419882546
117352182957275702704578871047455403321688945474886901771130212364407747128
147257851414042874622146734069825533235579392719369664136767502711385323106
145395273383054167707938168237326730582784787132621089661321118562848886138
122363256356124471792293840051323349218441655834435723938449402761548413238
96102863326111364301556391607091632453844450242846478896062812066753706087
186067045449374898576604834755534128596088821586864998959223202740326265904
131258583987529294261223639126493051477525974086508839906148650597256682069
133191849939845027090453114067996504985144851923412075394658278655200226917
208876348884693781456342541144207047804451781077439940608030783255807538250
136608701029961365988698196015740819937328663005178623525933236324040797799
198593715697366410314593152228537965097514470392410749013328025648852855916
177514891531562055950781716735132348961145384410046571765690066619582335074
132902462940973635993723389375463696585615114105514984201300257699248563827
134855950767849003021011981754983339522103861094385675929647538708081423175
76728175479944396188630580412310528749155518962319525877571332769800270705
152338455260333838544915060107801222473674203478498787145744540569061771366
85543006179471968273329216600490080403606087150936259634780616143175308903
191649996520838698489620510206852336873864357328995818843057764765627536973
207448114448715626670521245759411744281258986164824426304111433431928484729
115144726210903736208327467540535767145699525343156521074507901897761109096
171746272376656262978243605087945717384781174323790517451276110281759279177
172179844543486720347636320154542942962773815873346794168370410905521120322
83740408641614761764858871097691479426248051343822419973273163223432054082
159769885595048237106766595700471756140907430884845526886296135643403875634
140150106965183983251937937601153101466582846006224048971465467152659985745
171835755811370318582665545687854320301550190651176742133749134702136281685
187971931016328587660614787860849011159190065385051749991645974775389970994
149218864233572939291082313965267630027303500168659159529982669248376367476
179170826315404064836816412948986457656866514599859243518246752982316446520
122486595068428945235424844458878970761041197861093433594371917690631190387
200207162891492836125108669950171277646516834150910705999696244458043559279
175367826540874115809784485226170713077979265026550583613998079166693992499
116992970092796113589548481679791793341453454780868335210239214987148478251
131224796013069530890453633945176728734150912083014041336433060069896253509
186191197477748837908731237380196586658437561903078772075751587916452557666
89103949868177909200053590016785932608186226098174306913073323512353149284
205495246567388998391614539387476235064398750250808335542617412355982049912
76715266615997300414404527087744083343580236615472703814162312761067988034
99505638605816300294806535029100344819897570890400018750282230536791488338
193293097740621302387741792664874960124526747677427234569284654767960062067
203520620673725317527667886457982928648557774235686495747968970149287257665
143641418809240516943907154694727662299945028278855157363552025377239693431
129327332850758296424847492547186981891660198969420745806577144848804438322
94183288483057901291844813601679970394887549349279051137138004379105772374
186301947893294735808745236859336473340659843362887946411816426211194857807
97752678227460681082342853158150627038668313608248710774291538989347595342
124027221515684544074090411997676997445549647651530467598371254435226022734
173884385593564890826003744979203098079311270111790328491904646685939487844
136560737169965425488638789687021326024446796049535883445882423972929895017
185984387194102938599023275137454955851807123091493112680384260089593611125
97937888726904782259123880959149866225544335981657841890258613449539400807
175259289492215085213676782213637330449948795425435811291054329989030828084
115669263040789468623803407004432293814111868109816184370430752502788224331
182505587405498936118126666533707990292099205938014958259773399051250455665
201802404721100103474815558998688653139152950461649876440704142607212048706
83402599050343197658963705224072297741810470655471254596686731054483141187
191443508179062780996840340790444968765898196947383063155483002049589113911
193107020065292427798065056959089603833452325508030964061920461642609883736
207344377816120823492373344783235577674138192794964124601797697028736178261
88723792828281805193400527994390410798513303743048667161779138428165698096
138168956754594122769372673246377730940588247532516951267398497937252115251
172098343361800030815476181186836311696093168282960214372266055738071403082
175651719940336895988941081053329403317564271717212813225684374921551162178
187680738005608248701928799457259965322308579482630057411897796308000321365
150977735594008246039374255709695050208833945659225118558362823211313097803
196680855581679628582046400628105002035111232404856029296450121153923078483
212728305511759719777523286051520482439738934069150476173952818423801067594
125897625126999603341195526178444486515664802343835936910396285537862972769
120445083441425890513717573937266423953839593029786574706919876994357813834
150550496565418746935792153751675225776271385044127378929607139244911316324
143738558134001631789987623768093165026200212848711295701713489213321736307
87177231257542974387295885585924332994522571554494215644421728502400697930
99504372843747797547139920120881700134354213144353116578816587494201649237
178784247751520693034664552670890364329246859334543720257001307049982391417
124379322007983824562515091749393779715254018755291150956243618826519070329
134752020058671373855188582110392035440229957829165125186270946147173684056
143676734003487450182714662311638997182848529768344812321732164221026645096
92623278139510094216660972848208263161643696699323810483582520811278200130
124005032746834664098050612380132185372638924906053867316818414416658917999
154048847165792497531986047260631043904389343379255936290184728309138091629
189745949953440082151439003634738230211232110472116735785429187318095501871
85383642154557945282774128349561743758151503840304536394328543340593105987
139961926755007236344181253950287384053080958442219205813763493935985938273
87322362749566365675765979901564943073306005762902484125533697715219939912
125987502946626888297935263012550925420351316629528781771183727525467748715
145345637691959143992402142116265106067477155575150969933000797152578455858
122432759093347405173574146213636350830432568628338023824174378969511260018
155871878325860514557730593797921551265803236237972228786643104844870216261
76590062087621600174661557510831062061930241237278951320316848994538706499
157921080492274588638407031581787105911091878348864042656780464370337607258
147381224247460355247121446489848137254695751987470743998335503663673407847
157631610402099918417595968232515363974219242119925742653936263035016408678
182788691697112813947818759827258049102950747194466078982421239091358282547
203809901117048624476221129379192463415490343701233953305667926120082131559
122273179389263355709289333606989050594173659635559169833925235095653795688
92415658530822092310549523483941228107121194636820850890160249897328195923
147196656452525338241156388267842382280615374634677565859262356317946603603
149127794502903376895470889503444320352384515276835026141476998129243482996
155870824778805632514624515025767729546549327634069116162562822267275654005
89096487751462922703925146393893713402347880967202954205782062921367709267
209042231105255277849383144527117570573286978129004647340549429732992902998
88848616532787831883363238197278584913975922364038648553749602729381687088
143861356160163736671807224879136900450321610164904313119105220924674699610
201787906802092854997918945186347001427808080822355974178531880391007368516
133357738828429589456840132491968206940821835934548037405531460879441480008
210741163956563116993432757122566832661922887271877655516778621815369976136
89084053527476173088137470376680419302451192064991474651528033030252736887
188005631701719361767607162537351623185786119262716283377945782886882494026
149218861601993355815870240965724193403557291285011212553366227018552068437
92203136319641634396418632062725616811808530144664960723445428611208268661
88841980799099594560363042889907795451157287229045190482094790685753497673
88861933250986268566294933370734522500651874389080198192479964796056588887
184132989966265737631446626590607823580074841775998376585784126696888545107
142033692410309061427431004765987860576620775195755738502053954160825095759
200243394627359250334258751395294933927892206738982987466918251008469719105
177258719595654679693353131492990946472104967982617217726665783144865680471
118968105713193660429611030047965885406674921930789587852643647778108952393
118836702723350567449655179444710687485254996208331338218676086775215634532
90844052120377473874365652405512336425850862939085114207269311357828618868
191166522742931912884546537736362912594825851474824238457360780499908248392
125973031149113848603385289415312435213970889210988007403019174219122487887
94127965615711904768420733994734325611241046327317079125070085481691235124
136400546017841905789662824226988322856573876814050342248639120054957588825
186307150302450676293254713683429040536319523333571392456126358709974153569
214516125932806926118296256230736802419408448043935318425375524122035311701
148714015659552253087187765366835334869825660694363997279247727097405260409
90856915498880483312705025267569298628504948700180937402777363413543958373
200422462924310636530378981467331638685996547016596428417903687190652412228
173476754676049297879673716013622224936862604710123705057611297099443957356
120678823006138895722939983031825527994501690860253903306245007174417346884
138154046739900661655084575677430019504921571035526517565171069913609556306
143564611924997335286753615550140877372999446437578128593148364720435910745
115406428219854874176900255798366642015647470932786195348099266000154875758
184127627564018257733928462035804211180989032126832873325543569571983738159
97952452691134936603392947138267073370088497480856583360623488434155500404
208972245632180774469401539639472342484441960578988118277132836468064726904
97689109410523098975955379386848347190198143548978762414182431800981799761
149115527721772082342201212823909688961895258349707797040683541020372391018
134820099186736272815944913202708426141727580376808132205871854444321338680
194872298713368555813233859556052256066906339446650823696053336844387577397
92270854859226411424807471459381745855499620585990397810542272768802187631
99283112680704729281879078709269866743260884617630092183770611035591234161
187661406056525676646657135168374608686353389708685775379245432224184813167
76369237375614446762266486922773156838732003815892006422202258517738681417
152641137120076236361104460956170634620484167601289788097732387511016577386
185845351597142309787395965382614488005403644442313727874683654521138670670
148885804015925475595233250332403194169541117615754756970811207811609866325
191394141138059053194468794990798269207505580243143184594943701754405205329
135007875425940683683317054045224116634876259992360760464793509182990268470
209208038475144315555429139249115940524185545113917323096926170996641524591
177060163249620222357469214173497598879514727128323043430878815098450829625
145490222419464328990042488987670894930291031763269607624865453209937921613
188102524910780339991826504969941301829490111308641844232429105288565050218
209318894499680263604224773628116951354020319047894611627036344152285534575
178999924782575627786473744599765374945212311417004663335966400143950968427
115627715971818376871134768254729073867781524051635531355329518849859400786
149094421865788016648597269000688358172153840318536430565793840659971204178
143924899371736337347342256145286779575072973309287887573021408837398979925
124448660873379843048469628501270607290989125346156078808263121036322231409
180738470739187364971836366862536530556997575110576455775200834763286532913
207198820857581390599932908777460977195928152830604286945306695384232650593
200028578839042697959978176176125193587219365413646535395586834464317386819
212749331726602326090747445522520930653966742956450599951157783688230752304
181063632462962774118012418304676821149816366525814590778851902929660953140
198267984791623606078916130856257997476477905658329282167120342868647112808
159791393618084299226238027865170995005379724495051955048239812462041003083
133198187021326850396005890725273466709901751362011879609009117782016076658
187627137647790123449438965082255381957367270401499922464323403592109947479
179185785913200602167571945698042086440990815069107281317404104758790737712
150984418477664012892649674266084819864957359580951608626592029702529575777
191538786421229575941585219749724509107399261332421773121256193309253726564
99429664311476476202874630607193693612352752455867856818837878448768829252
216392217740690670255926336858939008324439575239409347484456005235143954275
138603496140703091691014880306115484556739184508268082888424547022862645325
129796433373377332627662831347466585297713989357981231089812095944681021806
198647605252166563002166298593079489960419044044130468976532661004411169067
148996958274558151139474174519638987802895540649784495546456941474566259317
171738053905483546931904444146979481851559712528255477960783831517732826697
95949459662216494489224623757146576312439868738055723766330358668431018800
94412179912972407563413337823866522346684604586289735075241076670665742926
94480147941483749999408247044218185228852509205077076377794134485425213256
156100013604803439754257705631565629772433310242257405986349302608083170627
154269193431585835632992833224713341422695590803661929929658456725408723313
173864517582745596640909873341007169299872094844873541807920695177429407318
182538688750836290788769350347125990551639134866834025045114854191549530701
159854506443122677301631695540611176494359084835437919041979653090743693656
152330423416406439133294798994282363444870066379166961325810294485905929542
157762772527555940984079357662135440058696904447178515895483070086238263638
88717135825314536317263259026255688059619933727219981279012173342278122051
156161860146188061507792624526948795381772690976347258727231747880793495351
147181960239817128147682951674672264027017439617379586699521166362188804659
127821725024746501329373223516194876327542909881482778495020811858476626800
83527177368852146696397288155584942274131732050023828876266622094276782918
159612517744449543694439126956556143842980517220884642246703433676839539817
192884997433533083576885513766369052284113986790735356582624383204930773356
157624113099607817679924021574701310045606074586644731100422951124756672825
214626340730938697425949082821231414216958486955070918451211524661408527444
182664781385644953996298826762496706000915632302113396694334729150354896761
92679270046010957414045626185303267341477126334231418282821003906862760239
207103001414179152427892012274528536864579933476420792959004036139137970286
200332415636587780377244165730685223609209334978757035439403267420243245145
191539241347726278969080827748783216663529694415871116732762859585815017850
149204309659329858912504049238868906291652585766423116944812150204008527949
154277390506820357938926506029830628793908553496581688375798852559481761387
212858058259221603283951791842192943931382684600155790816339216828401537400
150784352082987459379350730475075076443134591760833366780508947803721266278
87165103708780539741246928913642921217159826420345116439137092793392854344
212361296362179893994495754300285407663934723559017777246210231577941001545
202237297110774403928876216513270515807012368781257318931914834114443310970
207330629822918100096699855442953019076236773929126951080764093848678984057
89187660926314329679168715751800028737891924857882130140412110772958229593
125806304815111074014519147845385944447805641798443680183045609259449529678
147002621836234632824022043147621108270373181486713653744343667550555435375
198697051923638665497256066832697940057754662751808749964287900868033149012
184445084612004161126997058077466487077422457286951589656533000294939243343
173449229108630223361186996955625787696980392838277036698351731794246985268
194713615330896104434572349565529759166242499208722086206053264399260079415
187847268665122576491581767708633015647867697736067579019659762746932020279
97765911872972202311131626603247826484425205887734071187159992692613198145
139949816376631894915641629522620923408941860722235393328861295694858840377
96240005215922871013920203087318414652676942149868073174952179804688042829
201940358358857478120626658019040083134747593369715177780195032386163468919
187977805013440692646990711295646689754906812276422366950851980165102597427
142158133081938851004463308997257307646732248042288258892019715547522881346
182753483082146273698207553801890939989695117432658872744013637526483334776
124413289548489616646916014169151262809270513781086523762091610420501821306
171773880194776621798681981304197951160311745781769893482639004142569353540
134862075086046403213382593346611886500023380178116467552421793727511342946
87122234761285393190924470734519412779702054472187249446717445022843033970
189606078927674592268004678860217264146335851947677251759505629320005183096
95901204731005015724221135836878428810804270002439666867577259039814079058
117082500710307685948904838452498533892204945221760970094890788899578791505
115350189218704567848728718716318415707487623270560033339039986095347556727
175465941049955108887622036179300198659394622769081421352361633672205520493
117455356469941516530782093156971625854941744834593520351622978489696727096
159707929732517922147293839903239208625691211035768080046937108143315628921
187613361193267421806593384950165409944808894429471765220217679412857227381
214314866360241792203240452137875555808010357651263883675160110804130085175
180959945042029924669227349590847498100443288032313646051839112220133305169
94211244567294259723800908649935086048219888508909065957136449212718465365
92610309248683528571645917342652253512513435485314430959373821221702873143
150522327953617101719419105259556795636924877611652032242147913285078373495
147459058351055016173514111641793245241068580003732237654327288536021235298
180924224892718853512272809162927524671577830695285213136898497020710839386
125973786334553805900597333285487730196325650015304695524306446965300216390
95958195726168107018000213609137141912563026335923623293009925774153705066
101382054027190793878666488993869607922516167700193538738445881434073686873
96087630337576567137936882198973987911944859258543225199213837499340173158
152488728234537401100724417001231193352323751453078023603642589602635731511
140329089214978711830327303613063159706739582235138341145187178542703915831
97750848206817843062374629360043507875278359707422816487060535229069947234
196730486707685387998383526406121988501626464015013850197009631917936497528
90483844509283539136361569840800514598566326618408424618455817347009892705
115316810199055306100783465312719928572352655459483576260884113039449813579
157644823085909577450181263848533846081393337605966775270613959028150850154
205288676519588435705320817757988087806121247787397648767799444698114503496
143447169234032026821829367794644997563885143489672205607496251038381926008
95902467324591558313173417429700089217327593537365370924272629362752319597
92720437981596563043003733980501881534265790680755907146129962457032636502
208953047496337639579454148861436686631875161513287285452987011309276122967
88862746690613809835659087012788589745538466689813050457006051431546384969
179020150319686059309799048008121903795020207941887452623216240078321969492
133067106914112567534505047908463854479220713737986657958703785107041974626
117089614668690309664335505098446507633458959388911531011222692490614684022
214529175804930859397229932991197577987332057647794068737832465861726070131
128030315302994483662465845641830667364085991517422352402311027640516031863
173525572932274737962662103686656394384137450163161425118565603904286116419
145484181823632411326304241511898834680579462412694264349211231865878439016
195189562433579007320936237182869223408183786248552199323893568782491542127
76549107631866501354250846799884557031896660668181455985770068487082302027
143676873460863297598339675533552931575747362038095402854678429660536189292
195024676252116204255464617655513684924536923546217114532669970175742922089
175727527838809930492824858044235914196145860333831198648390164974239573349
194720272099412430578034315270359756870715592899554589554746038618524694369
83740942363859026915611968627109818197256122369194646040737979274864315502
192960943832374764040466789892970068614232482313427733819332550240958177898
152750755213894736298294824072542458603157849407357383283822656436659828785
196494887421285147583904270835818739046039195731781500939394204300549245817
184133748849105944889493407560830991872252681772276997917380539128326868578
207268671140478212829542580898524921876245223637480332522699267882945628207
200345981024778038109933084092221996900833412197570234569899684472308654901
177522095311048068021091286710663166450165382460645449639697515419006415681
139968937716013209347313224628716834077147975801349512274159097283473392176
118939122699211393087064872373753024652778688743887673245932622833899696450
83513346702234858638150788870141402033175644580591544018189466096725806193
178956653664666248615023502787430288115028703022058351949095301589810566248
180572530698028804073420888009881820280002004612204409361640800567668458863
201988512305487529947921282988753509919351728338966778088393625366076946798
94383281173069263189659947560937410320312073581598294642781700419779917412
115639929890276883859975415710432838593788895797871599781861838126884092493
205329601081889813772993138758130987013927722923196806528509595232047289686
212521818961421275831076036901984218634373693388198161141351499156375946098
139949336262088519246636551757719957231818480685789891029018236300280424536
2683995488289149201109024309861344427495440746508886438717
24
