2
132
238055842666131678279832686905880671737915927560892432917466838529238093630
56962195040055242709753874489113464807251572159343515409122207219450449126
312989694547587608015180336150883386241241494111761075680533175815338807095
434703777004150841401052690183678877305883152983695180261663485139705297959
87941033551614153849562662867832314759154935805466444703025614493000977071
395751567034524162358669091994466330795766097642281988074249494228838404305
51892805301757799003318855971784018395412868367551200190651337347183958266
147313620358630795022879987096454350110109924846669490504105171734582986880
46973619125927647902810133820997225112060679821210569723452345636719648140
207953649885474255245569885605841554771470808948396112164641692251513966812
12471340578940068719931249161058776630289739238805592732521592038300429623
37003119679283220758692596281982036352625834845624027665960588904866395633
378131648258197086262409125351895153155429444195378369947760644590918317318
155950625461699267696981417878499651903093069897462887870611008681998836453
379568091619117346115978896655928475751132001751652204860717050632201782120
210467088658449372943587858067856156885785423728336427968980386311819574490
202284967394891027772745452329134906939071741426282495664134162166671355040
92531791199955716164436727330991682557179750864189590513660846293652995508
372275628184243492799223002177934985918517745429977838872233520012056840242
318522239859108526794792027614844641314702593027996825835574416170822159778
301378239615642482990120814862614848827198180960756978965843442424171919101
107583951869487238813781711978380242668918363631917551857168250721905689808
34358412863351514660818972083305512724551154363002782010704705924200651208
13036696466559791844137634787275253565535981133153359936086056220832219397
144878140865300934435017975065876899479257024120313832070647209547316675364
75362227910876804577912540307553310241037644081236533599704263219464839753
246130313051587485344229292103057661231461115391358000996564225244923093824
223120806216482826032415303420260459998025998054569351974291988282835992808
447605117850150619310901096924372701835746984683674756943774245571110916535
133221582846839931976771426296372276124347529735847321101807674204362286704
198014336152040785564867375470371667057497545276040789736789446894061816928
325345442469729073930644990912238929498003875334260963613049037012486191898
192117554758207053861981398596548969655639947175295435253453921936506689386
19235514961709919381496306731662806428030751712970954246842767557340153411
140583343854972986879191616596343070433805073281336049114938554675753856186
281078750279877031584136245301529912353748547626256723200472113896270395210
300848109221295472862153902032821840780668581726156957779206205265155388531
125843389811539000280413477883590833244890583566091484859283336956154799924
119757595271021546616912584200889267299423343700777654930611446707868936733
331560028261564813529786542016660454224927681786882468816625604485845227685
226434454564236105478256368223898988952448774676490404761064180940851218134
345840589769228688071296797400642249753601295971302599921750394047380127252
366728336756870278406638256584254654324014151421633861646108348018544145383
69040330699178514813198045336589314407253001955686641483077480991307293490
126245647674236238152065697801005778910611947474899247139789891912091090423
242287946483362495261922283384278706222009409586424758770928826062708786308
448004358210432978622458016387248730473937193178281169755463089056990533903
291613672096838356742924846491464762422851088830151501292831291929632332815
282277460604799794564924252848673399205404186342496289508049870526721002459
311165158582661620940349270827759983782438778105139081337475232755372283253
224027096423670666573926738813471438586709207723142423394003895537098282547
300771692499349334251651333268404368363713718099677315962423388355238813576
311325138699828537639012858141033860445224544967213091871465885003672467053
27486935993949074306979057259268165761632957996287041874726344535520177649
278103722479175219089214598309554680219739817768841191023555790212728536154
425623062884444972522821275225533435135954108073163341101637262209105558268
244931365134955167169922439451541545336676199348933424591714164340189200112
372660891037656598065553964535332213223157414987418945566611277262157238070
194894974535963666284613487943330097226037235797872410728362107376166118297
114369173080198584405836373181188077768555261836610180578186369487514519114
203988196199330903139608541992857453201879811989070321719350388037738744174
259232749092785196612423755182541471003517445230321284317928548790872387817
117431718153021507013480676920912767424206896891162115924905799923366196791
390276414445869223176276744292225385564487327170070990351659481656996771037
134120424228146488290532119141594506473230244950948503091074180742061427525
402675972771158563965939201109152258654771363952342993359948468846816727868
38432506735878203004068869726633047787275034230406307834208728049964956412
254270518026479389277774108208371934796107358035754735185531815284071175226
439668259996495653883128210210986748302214767281001575753921416181956601168
148349903731232601342661205429862525939494566672194389572601159675713263741
158111977326933020094529449946058366569528064800646765039115982973816838446
242559152059256964678389101073381563495306636733681554534336323460716253058
151886786917580215195296041843816449317002001022761413610272093744390028987
380891715659433614410124941278833961115644329750384740146945313147088291770
207120867453974170852354249592846597539186321094951584679041317059032980934
235516100692009058890627350508484853549244111059087287984443375533254448907
108382555226453355383009375511484944416268608093901705926679993872574080623
386396271735310377761169430093935213821711591355543833052344436670737792746
171568027022053299344488218349274058820782223439401394742014914491291942517
347293636474322187846027208485593181935191809613655481031512467738526509756
445108764180926074722806113145018965189801189722426693793465140665756515299
7036100906399454413058107693997920371507636391206952191048481694786563614
272500957830224069709481613220678378955445916897011711789868298241493262925
450542676294123238080368549592399742314092496542837105683938324481085877997
101104407268718974386807442630973668058626200657462552352712935170910461368
98484859692815142484507090544220860079012423440623616219506698200424286956
214624578254184785867646763527557733354701926058355881955888657195806817091
381259513837541599145280229127167106297626431308197534201715810028400504437
173220328085877622830723785806051551505862388754473017954328385659550875274
325130660288951649700157703948583357073254338194843863788577558504874483845
140760902630272875013430151951563493265690378817625054585993884422308055754
213755172465717325896293569882392211620677365566778597135360774397038241818
12959851556919590236057851140429763371818406858527079314151025035309256000
60305670926159811717635595755347275866928953737596530635642170098202191026
140875429206558882040677274021475227750932455270554602207722704774469351623
260557662091965238973977001111680465791626051029589036311379066751291705899
47982554127001324834710746573658189260362512289590588418881631687981164371
298555318234348738118339622043733160572524293732134003518338673343145527713
370894834314149958113158155998013603068088049310399419353280622660151142749
122660693549049588457312166158284695948871153160622448431538931845806923376
354227136652456730247886913653704665589346715744129495113852031093940370333
440503777716562588017802730746975444983457732297323712009729200033304649709
327378011411745499708995215719620268602712180305693374807001183353056121212
268196915901368740753061989953577062829079745621578703449387626571859513110
123088048245841106940617000989427490302120744726797572304107189845582648817
82702584815959218351736746049841510354588749996077420621994138830559429994
332559849016913764590622764436198193802712695662686750584487707452032303207
188200842032096875614593989763710906883903308840519849400783207604679190683
283419965217658700552486647561921418430597248219645779602636046963762468845
91242210177621904582949380331653884080695550369020880192660033176382660270
121581403055364786429038682170697787865770114775029213591629980528026894595
100571121106502158748842136377070882020443720506777962976519501191084811100
413573493097727143755448955802807776942631192486079576514466862774107812811
390177590701402226416404836781418285726873837660588573801267611036180606356
444218000840729077396771633083671206282750052350175306641308134638572568591
174572312553345714397228923974884387869974519204274311855638720213043960449
171488753343309995563553539243556528757940604858113088179487631248548458049
183681524816840255961641119254516210519446566160855966373930082011041013572
403651343442496271457112926082012277152934211511374998348034411560818199459
20602773840006002760047711613944259565329677519323659188145360170148642200
30110309698148851510533808601957262180599112040000844371761993409432400929
287841370015953433915225437708609530612052816628689694253464910933558694359
170314946561563120230076290382992210566942023835406545681540766970024452916
266511566995829785493660864170725450662242943611896027698152123392523438850
39727798287454795063369045036812544752964081686375266525243256350629799448
211951885012316982955157823796410182968861042087678657612177186381190538671
429653744324584914474762671325020958837869399561658561670680910200727719832
9468275573269112090891827767688565358447752328669617841995350119536848155
275857040747748200455595867771370313797292483761090377389578740466434794708
389679190320062536158342436868742326634830184788120036665833905494828326211
348264717450550595131001030294480515164737304402020076883842783224622613014
159713297851682197506098762514184218907720412894830629412698133381692092461
3369420809
4
176
184542112608954042532662751517395371232821939377444521184677837126236779889
138555643182046766140391756874198583667809218410884993472449820327113551704
159314479108959305652589480208576577653807123879296279985211285633906259524
76328577367782178311388164405629524888020262999345209556043686505981753395
101424003713660224784940483039401394505832135842831112231799012194796389953
154235385670025522773363628983610466714948989934175529415387098475337958473
145601140903147960491099222308975377264482922619837032466369086111396229235
200429065049778071605723392894539401048281528211825696061656541345157104722
127808029680810330694943268064825157358520352003336274160915148010781696323
189759422458676833366580436956170235982761474149871145385583636998902016815
126269779282524173535244748088881742086012722728126550826064729359340949301
76667226297177767509657129218312922957425957141303055290771492688930878029
177363108716875662382164802280879034249796891542936724732780093932513146933
136732743230835343507409721497594565195539621297652233452452699769770686329
97572884030661984797887405699063046089486190806072432074870475246702061381
198275452583704241957385569879171859595507299593184667885496179583340927096
87288551620490661585192333393832837036270573489905517443661062346409725251
203638056305006370590650089466557615244531164264253368613804575949302157377
150701151711692503806492860541962798249762856081417159316804920219379709799
182738702492561890674208764284797227234859163056979751574893642553215700591
177514405924300219106993197643611321425763492072169221371967723171885764686
92602111001915553463868933528398414202196861592577607101782796001409059382
189551026279762893360688254382254661493058223454885457660753171661136162634
126048003391623057140650456580267123812692442255342028005304260470107419184
85597570272950441216678451525111562266738338807256635216803637056065989714
188040698901582041396695941984012128651210338485203958834096301319796125529
198655047903412453639942362850888390544396330395839454152485238194255655250
99540179771166428809713501838511694726063826753640678302927046197707694649
141895172304623850763771452213025357490374944802904631250819747168587508038
203561656241794255892158299775337560942366359330701108111767760323424375865
86949610632023884728095946913086260384180611420118653870755184778787826544
205502419385545005888846648597753252157325406538389763135898730560507561286
150887145200146470103703537901449062109508630526298368100508414929615943000
97627231907388828743877178751099762497502773946833757314115076584673406305
216227031538084785039970230690088398903774492276310564923477534660233361717
207516700113701401830174426877309635539868932211153340952254845301827128897
180959676287971699941323840463026067761758224369380530072941922009880880740
133233452000677298376214237968188948680043311427700453630972045074562826595
145180560881801934056508146187489468906102251270005794132615585533809812793
122438959984744310171512040402205182263178637595385713170777662294341016183
175375375101639734755854607231844151949260043165879262174672154730653773423
186032454786310556843490821433738310169748173700762025740634778530082809956
101243962890235853699176012123860747067543975908967622964329110632769223021
127885590910389329320476794515229048538874191793481538967610266423387120753
119188341709551411823655113081887040320545093453611299911307073349696977512
138567878669691984948519271215149172624457146514639431615490826153097571162
118904829766451307761974249347349136395385237552805643609901290323648015210
212355665446857549971152459986717409407045309454558953695138549136570213451
200394615926922524636013334775630493038319437432723561322304684333466349879
216012025308582084915495815361872365378918134719297645828487018072434626636
187641052555159492746590107407909469067207283168442991712481282198846461285
212493754374755225568482748490120485598555205094688723132282927278073278308
207096585046470196208282241391966378950878567763777408959711520099438121582
177391608119355205516442021741315700869379915705251519491230001775445895780
117207868160563984523082944530994572716271982893951855110795247276039620693
83610109542516567640800615116268344604565253083721265092426552894418859093
215915401180187409382736757029989152961978025837383463479097671292273832804
136531893925255712331469438637024828620949230014055873249132387897525285706
141701301952190197890131519439789901234758910824488948755189547296667302519
200105362438219808079468604874832089755228712436487886853636033565944460083
186093682409828601133660303131122060828070241603496167832179303427494793057
154476755116026030932696979141141268792965859684405721027059338677222270547
177404601960136327858824806081757013020749096040098692286624792288122992441
76653529500652952195698878642573367814465868846291633953283577320714303312
194741789930594318667509523385385147725002981848552490685217316624339854952
131045379251044063006999429306899339736471972536043759435401389497499019593
141833187481635926768602518344030890343860141486240651439562142317485122931
120492451410040462257105887902550619973053360887220465627136554919291083130
200388412597292437581291448390702645770598290554805584157218009387810243428
92693291319934161438347854977356554596080525543613044412296142675193592388
203776010262453022671902087664109783331766184552310068363940629267272788816
93970033514716376294673583880598109884344560614438786337434246549124494200
194956256741528891025492359432408051166872868869365427021764317472722797644
172227939926675429153372098337938910833921991612113767832009674769276875349
136883825494524546621002472304101719040113401053134260011680747705070548085
119154857042772543844178343545419898122626233217111992963547699521895937911
85619275562907183280199184626413545461330747582244515034219959331469219962
196702068089874605504413681648199719023520728829996416116007794704282241378
180801336601588918486319459034186275559517113051441897097990432760537897584
184230159600494656340470282194922035203489429125256319150593960752855079499
175272039757843270326117553348932552689721108541252130275738877447783017572
131528691776118326081767124398583133195087150606416816094368810224091033159
207267755244876763485487390959473942104434199454144339994973967740080450378
191340084757862362322890100546554437735819620984212910863971272896712038707
90656547087916560401381147855358786599839782181126791868356153797877524591
94315205497701978187088987217533590589748020035691365765489695289089873975
193078519825561078273273974843310660459202346045307514603656221472236861004
88842087369792694076465277488015252888395217387690071947242532123134020920
124364381027676354728560063402290559618532118284676631537083313082291345746
135069423917088178341398899711404258892683745598458740199253891856398308684
97716877501961907445013461639264155511471190548857914158146154215500099954
117159036616970879200244646817474503456307078673828115091185426720511841873
150509005752105549043127821273274324512426221908788318656232604902130082406
189523819891189316616250698979971917981754643472849790452172196059949583948
90615089199622801290430776503159537770881156772655985587146784507002108263
200408150860453773725254543052170445383393237494511351081815324915571632963
152655501816706647375082368685468344322396359339896043636684071254927160180
119113338305375326093715459519328341172663416470878724080004649650622256718
135063056963387848157564787839201063233613054592481654232842302148265273203
134807644227353913692267695969269539402740091305392263133804603337271161671
184341962410007956249065505680476751164533160889623424991379528715763985200
83665865544246863045385087798749730000440303376652917706632280770522345543
133268955602454394710709692338429468587781454626956005704931045888876639053
141951248881863004621144527909781265765394739425091835009119903035978561393
157818389653063042265782219759876196522530117160627633045212255319844343109
95902150648457905460117640900743011761210032164046075920793947017560025176
83589295506503648074558015422339989042213427770901504231508616525112492600
194970623127659940616193515519339186531409010624572688960141232231885076074
115172574055720583116078126483925100916182013206051404051897693724920150585
101498415707135071784458103564072778587797708814571408709192767624381548374
140039517797837981133626790987512102630566259129397855989371279447130854470
126056714076124201708249559341768528993843813729559929842665477447844312948
140163559762130605692073846061818290818230350638084435754639260202885468487
207260747135068213059079678895855126555349054421416398939892680947317558583
198248007574388897435741991113033176854240826786295126789089989487941018161
182795190549149027915636433701220103091267890573273270637390192317383603268
86964896091267552365317050245229889110644901820924657194769342239362860117
94004217037926915526837168515477775346240137786867361393663910283841794167
189634659503859316824973122027863640954655097118405423027362029935010740302
159405900499561132936706226377455948209568787094191304387962505700810900294
148790926682432226561583656779427271530569625350421803588970271940478710116
126145144807838304865280580544638540844053488014123577484462817343255630163
189398998714708353405521866903745351743232593185605430280168868837155426420
196501896607612515418802692766673104085079451128105011989150762737299173697
129706439300412304086844067338013272535184427926061071792629007858514425427
211042906013570650619020543450377571869479712538390979158717556294194521910
157928680050591154788648012838495742628584153971189879842304458572370628205
119167478318689636767453176024883197108752849526671084785597564786792492914
126284035594617211898684900308241972308218075033269736568615375612701791346
127733324503242357441131420863475960177450111802884694468421353627365040978
148756313911085378294184101881609735388727012604326452028350380298795186800
149190910234710650076787079790154631409388825325481150456508466451977038948
145485158252048454315754335395200510547825679366345733684884799723474076227
154489861441723225958665728889886547240133786817928663202243334425846041144
136795560734159248255193646002023099156186328448626035016297914684790880122
216317350201671809996738027688641652691792525633104452050228691912191455092
207310756665024879156423722937214872923722955101369926040248176501342224712
131419448823616109031188098238038704474715689208519385391147166528617405009
88806231286180922766842351225911363639206934509433139518838967356158597686
159474049770068421271578347464774379833699151846234134594426530740837898360
135075570064537849724268447655198198689184278442040531866221757480528397174
126138431360711076829138087829783379624069828251551124002044124648235486810
184561976724104375849288633139253097013611275752025665734218797648189801830
88840692300763544858712599415055311769387173723403663384593816769806821730
196612911250870563490392034153474745512494908777227027753748004093142119216
142068416603542158672057908444386770401604700801490172754636962259022461006
193424391399069793854783449561829786861347964423972951157161857737060276033
193147533709343542609748644019064860983520650260652141276025417483873502532
140129346547010477399255810523400797297563702595948779147810125793654629682
180780521427633110948522130691544047662028908783833053605085859329860125784
131107924209532961589928748959349217286155267729226423081898454480724506968
115634589190069924659763438928680298566852200129415857902316147309011743317
76322622489184270742848036900809175675266304339746031688171303173431968077
207295984518125952281466979664666897791720787759986032294757506593198262101
154304322783981410472108573048634490462833397210099912460699787459797675627
92582108303631580990491289392560921984228397057969330475001067442742441282
159342997900915738090158806679302574925850867719927447110907812554003798382
207200594949656745519910403602469245582155162984709109005102564901362020971
122300892406071480446062693447722703844690828181126695596932102344565278314
134966539614184745311327927241780928677687133485474717156272350477577499225
122474540599357021358417808174090106889115518929518022892149601084659888210
135076974297056963935343031606617315668929199951530332419791870209898801255
191656597695731599609342950175342340841951586226107941900530604923641095763
133301658444757577026908102093204677811481419223237727212762865466434473264
191622763914892152848162766724037312125031722892923763749670050256726341432
140300460604455946565007852891573316284011322732811428285297214128904946769
127884518303919545551222244727036391652183732072984762421946285917972295237
182677186211752859789944525892497977125028679873823338867765392494266242934
99781847663131948730157091598086291271721110405396039910716274938362218312
126139239008887168170098048022461677797718021052538244617614630740738854478
187854031062749511151118388647296553364823949949323102025298827099112951634
90884525209581633786790370066242064978416618623346471764917073853430584405
90616321997642617241758190504572895237151125521819000956596290000565990198
128030183869850860932926875660419760411721865700152147610787774471691521136
180697295330502595175678684249339809050162032908250994591924477161117403760
83866285465209723547172059188454270748427045031782689848846826206140055924
8741018799434710333
8
132
109628026748299522816571628549202936896708881414686308932011477764159062607
287419322672273985054371795418802047595262929400157980838037897963352270199
240367671512505672974484961937242258020767002596391280352774740334834386969
24483658112476264504439057237359788181805302780612201954027126593162086030
95981760197670791462187491344398592929906391709418932515577142655994674910
46320912307333452418972716434285957764647215611327057282565809718767483186
114356882652311846830859670222656800740094062197440128396556301704190602117
390987461902352470324255876259249857978997685821465140429534022789635723211
315019260833798928302691396622560353304342216422912863851611130269976652724
52448005241948861471485563363224277152607822111889165344126043460723267418
231178143883077322880116274331782108841780517804701676959028838881325537492
294734986608560422346516313357963687952147302560737378824765801541126498363
373386718323148926799080567376462898360991807231632456930469611558068509978
160548835489532640782657513676603998153170690656568005326829664234373384334
406434441101669606320169606922262697895417367190291493646400168236047375605
213775662327626780523275724730030091911452438358935413728006494545181523883
281241118423555329582951220109641945842241133054393491169615207748578303964
156193867262362842542541824778738761414463292093995902001871968653631322356
254343655545453138536906827846404725545835956692628304801702988344540780984
232630173229079850173938394757293509126585987841745362685341583715978356214
193678858712627141243598243101711636156637284293831589150191941319120028176
265591940882426635572096215695393506320567847200277564518411697627841952204
261507016043845201150376412662497266701088102968135701432210022773835348103
203588096012450999160113672451940196689059458461110862089808084065720621831
292354406615586709676040465883376712163212926901353674679158438239749087168
347889467377737190226069174556267833539547600282249615317005781273338733307
155944500360406362197529509947131516689875415673047774001905519035752104967
69015292108519832071599732415596077714564655942719727912927568228241523508
346635159975554441417300783424130863981294393639721950249872090173918979417
163273353720267854066978356516788568925050501242143796062870041019151029451
421444388144568296332476072922099902677501742023645392006664268456893639369
119127025793735538260589011268477162585762602896354249887835181503480479090
417511721140067647655281145071229761903690896857539058463729685607826924138
336148047568550266640859679612171427445339173989891389776000602334009005009
74432366756896688271550792758035281508074353398675575896600243416247508199
205000038973708888193641687066341751173538361097539710680271493954967872395
322970283970514025363674868150277416462387024864464361008262154614977344703
1372683694842939984901324449366588052878523714591568027015439171627616842
330225557149269460766387410538962716452600152990120234132317121889781100324
315658906151090894044088029551818709095449342310417398374222692891094808306
148697820331923394371582193928924435482050784332280765043422594527201214093
347173607887475847162892308802631348575449986446296893616807097467208655607
125677655500668265835103750717876026247064732404464383134847494691405408164
71780871136491857074144774900393215990303235462730745102674663498585489998
50215663859948314308633668493090008307869012330665158131563095843714238354
417543751562259313844105773453365122158721549199370125427300782839892895691
259501365984423113725132858608164339586326010525994916610338591686846742793
433551235240271088347346626386976833507605401162768996019999337919079562691
51609586664793450434390886092268712258201323144418737655099359117637155318
50875960356493798490672568336542171098463003606494885489561874966129725451
199146303595466612086396231696552873372341165239262247612139096982942556936
86044313360697447517421657723480944361766206386751881788202947628257157838
194155526881351511039084859909200025485124955815519695522622383368780571146
67365133434045448433297537676248489602155711119625618992116852409448178230
68166333509884299705555207551751240115249996292589105239433410380509325642
348444905493292611648991420648397780524790950754815986102308840091525252277
76626525219728769989011023011941380756023364218439591331847050072420304765
365604254702390791741659435085447206885599063551607319597839985220062598224
114852427973473949929589163664817668307081077005638581025714223967708069493
392887329104878368648256388238567357303733973558248695438978921380895850761
31963228722312927310589341912449276040779783200093339362518645304075773637
165398194324845746896559452205430454822889235747483590914585271374847498156
118451421444161715420859915414354351968700073440599699504770115473387343052
47020480096049173807634774255174734203139890467665276960106977469846883644
162748815438938801640298517541111455777954567462343094179278703506582404135
280543187842650075684155934009694635230626145448441672761408182714947058653
98882782890916732606232835761314394198338715307819483927887800886280645653
132466003232129047521951923646795019596457525863170691493732451632236639411
247625266944648419077427987025292614518133881251301071313112790292198301763
274667523649846601757965656865796930138962707281829316218133249838309558580
243188929844622672348464094548737222383430327336489999407833870365196049121
187435631659356234795245147310824120414722854869222222625475227809675617933
415992794565192018952349368585858347102805377502151847284992162903125435880
81827335155617274662490172155566981344416079798993448463382604291039910755
305920470876006031816584709552609215214795829386383922386727717987149221837
4909771276180917366032978055934335866747821638519551506322138976967633349
387226400689266024181502405528238835728217582387249809965443438205912841401
420609724560649464192157869197236134519362609943798109557807377886121470405
219052183636594140840324952114160117738082408915510027517360181273688561701
448772284117978604012371514382638246952442182808238990339713796972173015527
324887841785444043402370267882217468822448288943731373935913354231597332725
376616789093530270468638381057675020327134504686638466908999367467058768458
414563865143174630371498706810883597018412713664102657141902861647266499758
142581712485170380938981506251229306196520778362863405735162999284471435575
70537308159448803169821767171246181159679014158054337317274356889486372433
198886857823888817820079175556798499353041711297476817799540367888345239987
56845657822817126768559128248548832353754006599461331413994414925621415395
310967471206339854042181093033385876935194378736722934908511205399556701966
238527121905594372634973955671583828507455852678657539168279573363819481966
54894815992488015618117065345847888948346447322276066468828695356111088214
185854376891491873874551770614144779054189098660038460149387621361253314078
124829750712830201675655228624924429094282384251224367755381017900838969365
238130583133240200018148843290438609229204473854147859788075855627050169751
374605795066753469394299868087473815599919616327008345962290580757346747598
101143892747468085752844057242145433197053023697362979719581578739695383304
82865778528026973686662064207178990756126822730940920256352873960332525895
200716124338210428337151841922046405422373656485099045395637449865112640030
346941783081306786054971455435061501334567102636499127870510330300467887866
175664315110326390413090855999034982693650505853900886371817218306879545534
55844616169418108195371672623617569530599469730240614536105992153456930294
389765861564896104915020434045171795303995584268222165773697329649589738909
285292471879541020187521878289466946619332682609741320679173774231759140301
346590656927486064871369897318370380945317925591771041584672170421226495131
67486114362586761327871870898926463569284149431097052660028747868080626620
419075445006653295549758316091999902432379875989605378822430192607133285817
80216051787064606765965237692695926173304243213063486412797401432576020484
118194939064502911513939676366038147322310759490092878137926984609900136347
80020226178379813456049881901799068576803689329754599784795907787698202609
269807108425925127732349886966113851749086196514287380533410004371491753993
30603684615562634963076196171517898964740175999711668673054425113337472112
280479319121221107233882518514664190793294152921658461261022969022831986460
225510333907211918020349083587523802628087670851241551385617350697829651072
431561166693818963068432686486691241072133253528265824455556865426673459849
170707517751523933190412748522745227591500974063694036038979812851390643741
224723184992458244488771111581555293344723216278545648542751974042833686894
208539550464776353473393034817557157241395765289633895004447750661525120262
435931009135776896435580687556824807124392332044931491659400215164240594213
249476215564182669780917522999442808536119284998323505282088189341081542665
334667952690090333424730484050623117453987833509507905787611811169635787249
101337352424677134730456644458039654233600647265722326361808641900979303693
232804933149990745669449503290434651185161186159997181064763195189983819860
169411174976447220277949003911870951980403882626898692067900563293171925886
366759781024589591588183322269150321857905643096452775748281918189864445289
202108120956398830371581467072644451930885014509248560335002591132033664498
127459438819011183207364369413419560703438407349080231724917969829136810573
449048811607059598846225182325527557978106931024800071818674950696365321810
61460708316542498480443739780551203820240928192428937607923169832272030269
341542348563605304398952918838609344599932251912788616662506354628567015765
110077353540453374268844103938457503190395004645726985923430044875565619249
414938956086803983853693226135841203556849915858473975767749906992851235909
159540346135693464981742605399499519962516552131938532367653491283013546812
325136302798298139158538187869214350077117782451059731407266082939447136176
401752161442
5
176
142061862810308435354968338886923663818152445835744736113501138796914365520
198683384916448362076586733414194978525616939172617448715686498242668025945
136829802728048623712422000867142369995822197584849126531510840090529653553
191608120446460732372447865402904160838309872249342914970111103483429611354
120838907589687080926663966968557800972676608817915096971213231155422573105
152428202304670293601652248640691855022083369708357370200451650108032576341
122529787947108572874862868679789416428669651780840293452562187622506640695
211031012362951847024322361497121929511746340975337925432726982510889167737
143642063953152388706402484866363584603586156947873482514078062280128226127
212513835428178489365681517582935436083084237466576291113945527453484214571
143661800822649478160047307099601877622291611616882872807407736267107021936
182525666992496727686747191791118262767223105843171360774622039750086587696
127883973760035450174317560772449213222217629461644106426696579599126133106
191616292043550122844014426663557017875528368781400059311715885111935972207
212624720027354388112746690630353104401664818925901157794926792508723187279
200381353096018945419831524094643597126028230662158603388807555794794014519
85149064272030037218584629399028920419238632044911671404265603916940856914
141674447632092828482250885679644290639052470659709331650534998533887058501
211072262656522974507204673695547985773754785372832365760085124865945924970
94010827828206545475797964814627327534496948501827633960478433548594149937
179005106463257856130066850854718436239023274046887579003579040992363376730
117061849705810580102135377532222810380257687022406064159521732262838352177
83622945524287991661337329150025683444410733567326718630844033168017945169
182471235812497187790778245413666426716923901103048109810478082177372809776
187612363483849256264610276069807428166997671981483438677853972643408070995
138188715348775118233298693613332354524033256378280619964283165024981382231
118940689767612327554248541236146859211343856238211311506273501174592983674
83582906538400230702274420020214638816654206971288121571377192623217264977
191566822135393643616582852182564730082282483772826871528399852963698929996
172062757612395020553151879086332696531795597196772232998532104200908131406
188040275105168079350393745958243332528001313158859663024569097900663333173
138381314370113691287630377088882662564638069698282187686034828525669479240
198496926766361909231940481658158574194528162514993816078992676295746996818
95866643854073462457847368847451450201970924172062008361807534473829049665
145725317591908558789852590117138644954535538721005142263159395267646808931
180552500523230120706312543109933098614102786056830540866899245443042529608
131569162354721263096120987014359404635194987190437510293424272153208971893
177439916334207030300945328627420712755238752110972105888169444562130133843
157610954420073421179079452646090532482370822708181101381608718994704322897
147478653800062348772837981706128342817943127834828101416186492724896224332
97945391070483474814030544722167585718386594632942537444551487477494935660
205426687126396257392348391848778340408481417140974435627800748957693464655
99566519831227717681036257127488204001007289724828204094110280136690462570
83734209641318708093092420656146343544956013368810653910516233689869011569
209228281495272836398445120273940736927196102786396734045395575691424065879
127973618304734281028526811032210061662384583272029603693888504365276486195
131515888033986725446910521484871279347988677566559023669915243542697949526
212410042280350559474792160773449974776458172319871319360475676052751994700
205751100381202125652962183939547749310491478031656494247071882209756468858
116938619055977654013008333800021585349387083412090215952290060045273560405
195107448323549491613556316887710622263067008458805082760115969918927858531
203928712428388672563459744798454280957200134184698705758426386943526385771
203970095972365550844138357417728346734954718799793527684466617987803590768
133047887622042615675818587202709775610145058325937808912343456989288286531
159405356039096768066069085123307340526602835559554033862674451638818131816
154076643067876578382839664772575321118660283024578562001751911239228148787
145718492814773137770523508904558357742054423663425114194563894186619580203
157699276906332842242466425784544117076290810068862522881674145240194175606
85136201534007575960402688454144455760194031993887448831324477193592392809
205729445956729259822065305548670925771345713506194287621001524635215816019
97661713362774910523975163044523899943576083570637381034455430054707357258
136533240254868530817832632981387175811845702166889668022128504536267503949
191200489642941262697275544195050798434702736393468788902395429897911498052
94431000478235441266411810005404746654153177071703465731913499167913947972
127795114806719296346133629627446953622044034066257084642597987521848621423
133330802472524081730098424267395306147498430507299602392234313226518615894
191531667929461182618290006898617161448507183473970167985461847958659102838
125917387396465229660853293448432896585661746949883602463883493645533400393
136573840337612992936164125351351840023073278007875099791975419958857524074
200373880781164525691059480193824840358289354071557361489740962752467528813
120492176128645091804912186581598775474308453463882310205289108126646694728
85336223702829482476936247170556726585765654503268488323877071937753663794
131521928296558787339039522565748658659783521012207261470072659283483783801
149183147364553215569498295575292336081921780227604233522073921866532145461
101546781534778530127695988142421043183048251943521842437408180945716015668
182747444897833184534188811512472072961318259663184816789406569667975013433
216366113792503946517471221485579067676101670715870476945118828537832039760
157768783645764999519031162235319780191265499579286763181082453979873698129
205798629500231368350099411689593812982886800964044348289310118600198417735
101512940148962078835559786333183357555126794109196171906755197280130778442
122632910473684015719998982152793114292442728358849741599554484169106142060
202133370923808380304711182923733034282782583302994274018341191547899627576
155933319514926756703290119682149799277874123232680499507483618888511075447
115372542513644573551193826503883683721620984199137392510660426698899421773
126222435509133851612827748942666705607535675210795810521167810329737195059
147396402812096880709765214239729101349446043399382871734008826219837155378
212693413734106348003377348197515871855087917183956388908120079867703210051
196660767366187692724532816739252208725136882085033556273419707184789812836
138141127464761344305288788433227042487995387492528401680885981771974921837
193272845035076915211387104134123816617665451683344904944441727821273852771
96204609130696504455906590211587496557853907064372889199320167673339138635
172221358529577790318897550415420687313682302892198520949872182428372976196
192940592337418335174322280246559296849567482730943552238323586578815018837
152345273814900191214919405570134751214741212949594824344289552011641713743
196722478259088212212365299832525249626265156818508131731354176027966519369
182698077137305247949647255029635565866856230164494002123462684943548244302
95763653072749536216433032961961019934671245379226536484168792747295977827
185845462168966508614272959862931994757580151043675104352895903902992914497
172139541223089386309565272700413964806965913927891722971816344145378160494
92548491555042792646618458618601514286438400827335904725657656362164891470
115641467030975056333615658314611322951198032028248514502787944588228839796
136725110076158713211823635116152000440114884994706561600590259620670947893
152428066656372652716362111529041197490157716171893315403481864227165721965
88826832775353547518844317856418171892059961482529318051928826937722629702
178778993918396111814557334747894591948385488545937061541641048966212766563
143462349267030908455723050300313233217887617271336774439177425141967123510
202237005055073392609840304330621321708339242979945040844261708659962376823
122612305299877400152403807157645932526344214941822365995703299382598724145
87151164041634470246802576427003093283113120108955753961193465069406410091
200188341786118597913375509389677455123342861446133816692019041389733962069
115648450391477684274854213448462575576444852930384723017336337734390656857
159640606958074443467751849864073451272119540718334924593431337296833168691
131046671417154997301187541351819080224244821997186350218444729495162223216
126007567041144316540235252368401555284868338140008911905669263983246729833
186293240757772587296950273537733776573085019652281869932477738913947862610
150632890478174535055708775082021534270902687211624764119696996027440771946
203637814735491887351278917623011175168803991920919579442821340147873442152
147120653114284646125048258923317283490357881287630881831469819983788525172
193403868872355757704994545193697674499954453873089507400477607430937079417
120838589135191583045777586723294537956296385223828941152404843980191658071
171965727789036121492590522146947796084239741813801607474654448062794723915
115591968782754922150208129927099115220913378769892440912446831024148866133
189654608488783613328280784737148458346720775998894601593180426038246796396
154193353538794631520546325190694251004083765587675857466452058440215451480
87026389514311147889362620943871220558567756252457638040938472870795179628
90691028433923005756900733371815336568888200193208596503187981713730644843
124130609541572583888323046609718578238268868953739245548587068786989478201
191201134877424940251476286924872992516805367292626392105372896562477745736
175541994520213082134599737394010364776735641792689149100944904075852407608
127545441271417628317266376650056233479959202263100680849257234928865003385
212507416643643087058849079464262740368118506667958455470983979742657915736
177438916700810531294098930354816869829361401299140850383033925510369854251
127581919339234306158622130006706306509973659237412207587287887985580131896
117346277049798624159781302051994677610742108715877721007677663707015501177
152772348661651190870535378598277992545953470172008905420003334077375474517
149210911259937361914456021572818257753401087285564298517400145405884389454
212487039032019458727317196118383735914656346063321780715179331425191545674
191649477006285593303360806217963758398001976111333751005648704962836256836
187819847950108759673425127235820691500938894433740962674862553169917461845
90657412952062728202563872705519462973463058984545423709806685142512710197
134883452759372144868671375591539978391241649281438071484837317260089124952
152537577545014233529268461907344090191651115185652870131624007134468990799
182318430835796756086547290773276589083682335409836929312144019828054782311
173539591347919749974666619233196462547510968039389543624397256390626469496
193113109536723761578649354134984218419884192243413016486001181170456281964
159494726152678056906735066835063382518031722902715844425644818790322885746
191586741852194436494711515504512868943689970155680078018169433440593260852
200387202254562456703748373738323802865955773205086629440491318073845965667
180593101140672069171923055410319744493536926176906522259541731874966035030
173478480437671422120122867639012100490876573990562769231248955205392877936
207427793149114946904901433458263810405632316549319513987775728949805665641
120749084414302975475595618187560990028374848739974218642336514370831922276
181062202212223957427308653777535330648575034513846730616386609545133503300
120885607268123552100300908560417906906845476498327309146005854577566630219
154104603281438906186543823927728781590642198108839944730210616293219381302
92417408811760521106383144929283992857278358746017427573901610410365244780
187867593392010157618112769504414081682493814766885247890455018586529163353
88800733538159541446086796626530314938700717616868923303113347525326042954
147423253953107791865679521219509976575864742057000024705782847632762745429
181027423131410664652284900964066154719268497225535180890333226013427389774
182373856685080369392381244478716017468216032012396476014887441997090089527
196895427157411011261390021330832763907736004491575219722872562627232683880
136829263300290804470938034158341715148381110869772159799414108007587531314
90864381298248716513417353976293206189522991762219743894883394042662639216
175672290257936026461371499555449543461432981650681512328975896717587543384
192981112183290902875971660302628541608597374257213140262465393026468960824
175761313501608776504135754495219116849573993252114486307821955892857236583
122680410231931599029270481803834197785736364846232450399473644834251945299
129776430682075524415658268616412254149599049882332103988851097597063557686
187833760448800248234986799820234636687945240027387984511781552684933006155
138362098462875848001860947485705638483137219544289667211695541107801219705
89151885488792827291118365182373661759083314823170702014075183396377487224
96213212393638708171264762971515519071944213098267667294617610701417497161
125972113671303620408961248553118827070427711226920906136682972205962970222
135097006175818920564426201015491196222694153358144727090612509653622476888
209282956587998286078222365831368850403037392927046887534235553082453994359
6366243021700942141
8
