64
4
394110827419992367165027665568363978957430240194262644010216739618114422662
160807887540525304139769135691131954281704698811693656787095076067094932999
226289887393150441785618668809982923990156044969019548271206225711155608098
377212057984023465029542098057065949116352277339358319295411691689085678656
612762049
4
5
90932026329068430007572771721106671552059457117880082488195279176147368056
127821756730336307273310489748102189102183321745043391744762365333866638130
187999750208826292778768841293164136361460476012503875530224386260951908976
159735404654569013210514674550911339207830137819333668925588908128882356073
87184324662085576888110041999052631958525129318345560920795585729242025806
26615377748144272233333074451386891191613
17
4
299134493252143344399947146065261914307392599272143361210736599543993154673
399587483539088652319991005287190659918870744283216332540869057413795359979
79308512200711596331097901264745992228496518918726355813076513307449632295
379249997071436141112443129194857738496490924054153140158765708581624314831
864523430984
5
5
200241752064629677554032683293332561601257389398585564254559557250452379951
133027178381110912969547727659160140721727276866082489683042154056189507943
210870814132330827271247225618705094267301530785601391124701030027272864106
211063741824620331818290584635828701672204161495091753688982245777732753774
87357786444729620111056960252041243284188283284299317506649946129323942456
38179812004078483807389450572262265288777
17
4
126457808482541235641668303547865746072486199449882254697128556165633292166
417049650101083683653109905047157464781928513982143272256082256820928242339
120998613574569452974735811944646047689363129398758051794655936887467122707
261885829530550659976991561852720674598964607638906639282986400601257456274
228559290588062
6
5
145249282866020782791069524496211566774227802350003598600395526052424218421
157789616726194801109317747896163286206897887970794993318191904815953703792
83728223913632269014804707291561077803254732378838947104208282881435448658
175245185860264793747977838426898034675017132556181654049022618706269782356
191291670067443456429206978729214492569893758052561638756733114229065671736
118982597672836217192608710697146556899428170939709
21
4
180465499443880787649237444983261899911069411493048165953652943509664154776
200364002380394954645093035681632070106965622145373153745161579856362350882
164147437274564716105044786202333030940979086772223443397862917698912736214
274930112207550059220546523860267242440573756426022550923809725396371770757
55128740380967985
7
5
159743084243672277929414808244607589602243974139758535502228231219231405134
173891851599381381280510111264859167371784899358469577479222031736562730609
150735981311147676737145058730155384362604642276996437061488134537402266484
180979729624956644877212558933340725218040866402941119892811443991850602583
192955206522884597154671039825094306608922300175971678232465954150192401716
104350119448452023220327510415523012623357498901821
21
4
263283276385858566212507222224498039353266747320603335221130097031843397802
98853860420701916999489244587781957554905244055109691460131005561178695567
437893304788653260786191102700114502045296055875835406208307425591108576013
310520257780063913590388526555259992737757431314779518288959350236589657856
14986940403223123296
8
5
191380636635222644615365669544416452870709054328414085672271969001925929323
133081285215712210460889318373430304593195361910714387889901188439687588724
196618979756461861985030234396359056736880689278057649866602698409627104057
216309473676971028230413782551382516744789093816101925348899343306787605838
201801328863042183328461083771641265932411450946071599768679789525577193338
165711380008800244443603116697080915109580569466471
21
4
246727859129773167102887412735496866849335833116097653680606363422239404916
93308287634236713666341143571617908829551500378542556528205180407746457746
225143266168526626355745060816570714291076229582298475972842354837006557207
438606195321961208089410161907886579092438152618439739823276341439332070612
2296567183802280458443
9
5
185893884228706817431896475430998123341135756631502079220421434973845935706
189593786539774787288044814370818645766185685659833228984524477124163613303
187820384842467533521667095355691683301764010487353476379717252806520366392
214260141669501847267212940018483496752354877318841354521384038011613102424
76445152054593451131344218723691282718202001111508085720577598430837436521
762061897410920197064090080698309373230147841288106040311101
25
4
376599265907606037447081921080535770725429006107864453793209647156397725523
345070922537165852504233613864691709487451401534878941277062766673413644591
169685294271012609342291904882052737003974386322141371666015538180375665932
390063355448863127234167582261433306760474906784791555445827863576203876862
639827087261284610862344
10
5
87150731630171261751056323434272213281285675446666644712662268418247256629
182346815458725458643362162136485558159918567708156710525436104987814547277
156092334117733793411762557436876881997536704581059136359457081628366816342
147409043335480805628941233841749335434576550349045149886449091429046235213
90642882997016238774270750703938625044661975749234641031798034953598236272
480012507100191453052949369152245842552335965236925163464509
25
4
24528312076198955154925633520181308508699319994875919359696973814151318405
230015115617399521677668509357803008868964949015076593043479371072925820504
33493556050544332316745293865963164179552449322965411731394872319377896226
408551306178796153014085724182105218286564876498732014902420744420731345393
225735949419932716904411508
11
5
120844630164957975014282016879325788032356226409817280965238999084738168116
203996297566142842635555698690814350425081415386319932669126257127273614964
115419931560234179493940528928765403035715322578465209208864534439048599365
198386935661042750088906095114868683331715980836150574578762978758149492073
94488045088074912405965572543636093312277085707268929541311124545333770083
762477097078540472156704666475137397893387756955074662123056
25
4
48675770006896618914518805450897847888715529166107903548692561174787525009
324152086944152702107447525913417921732656323997416889579179289204383987671
349265376102398762598184319690098619988333868541084750469096289243603665095
220191626841222884203488608267953197582622199286886786695871836267712785911
37590943357935300037506251228
12
5
125808306719919876616485798475327174476284375661173851728773288475883680578
175666166569498882347506499567392999184585396412416552231597576955845964651
216288199324908818707634101101840404907447248037870436671414544387686483525
211016318872764618880931836098266402974441412567947308085759587233967457352
180730403941521544394992576481087969343746695871194181817997792210256738670
2003481750896060539462660814778838932408700505448651884453380933893437
29
4
370425730080991581025188302536166939934925621143181756089847014852053377475
280810275546131222464621622112032634752003126912376891847821910499702948872
249416282089206049422473046798735784096153574720908937433151774186689267538
313501516880619256539468313126470187407368216971455037501654501980791315253
16176713188985179110916100549368
13
5
85480832737660284115015372189651223859170590957823662020331533998754972483
180724392821231483661659705552813578917601082782308237001636281518994773604
177418406401461524033820555043587687236623960655090660316892690306112248399
150970158469274477411104189306799190697482382974186233726785225518538122323
203789030653273344593458484825488641548781504337182284947142309456736958292
2815877212423081951471983447815831051524581797976942611433957635811133
29
4
309834791537036108579401718982039294147215037389612808538863921471516067056
198752631321896322491347262190264679847688753893309752653238672924645707240
82671256318550745958320116129528480699865297605824818899113196417972099965
310226650230043653770018772440584127787678270167282698049498435802739391489
472887134467628839821131671981304
14
5
201761965012130641010486707034424562300224375695532744883487755361884206389
138547042015316322840297506084167954610646171406194839736569277336209933635
127898291281612955186136308459916413612160703269664939028398268547108000564
131501943932062292626641358123339252736860197963751394583149164752276845625
201788656506688199157064766171551226976885615698868666193772993145538704738
3081675192357674287634944470581052072729431425824370002142994161826356
29
4
5941689617604498337424442493247872591601924010482893620044352596975213947
113159830973571092522361084239849143452529042282101303183600970975317959976
66455235927355207400262151827399363528481487276455966731980732875000789828
104529621358677903182889816460571888279604209291334310657823695907407789250
907432949096710981107325367253537602
15
6
115186545311703301173521850003378544046129782648444142027396628991100072293
117166431117783481351925094089914122646203042614899450363536199357125843299
101070642104629239609415998043385290632088035199497619626820425980813791308
89117295137215642749574410695009845548011261384322140388760979286633247813
140418952293369753312423849457614930009153270789756759600378539511200838510
85396613029379091485612469654797508508708897320283487530861733338659705191
15677
2
4
258294072557139884289459646693391149083615188295225424646758516920963471739
324670166421093599934308565552909561575763688273317665908612665634986429275
4343821534022753458567735114599789604888637048919236146102355382225723570
107431085822075771950477834999607140033979282751364590179560527377777966654
140869117333308641342298237341479918591
16
6
189786013294400899526021672817680679057979568769467501661855538659348019559
173719825329321125209856322144414671726007942809795515788033311536763596134
182450588062473589083461707483448216992811266032076481994367799678668985652
85479596490171744470081907360267342635783635189163118049308108751905309561
141880582336917739140655809457697138405591180631238742164274443000274695467
186018137251146375954818705779704602252826268927096465640599302956378567215
14397
2
4
77525342099785804420640989794892262603704918053003163944016014795869357049
45169537797159588688640526021020418335861566820692799902384631506019025681
441103959828620202935279407459489639258881741741798373064729459090990945356
114923180720165170067121154784070179923520025805737870694899592657551671171
37795872600065999247720829478064354165750
17
6
132812116582448904709503710834484609091119796119594787673879908272806052964
124364573037179266616300332603395698378929003509168995485543496505081803882
120486654399917502013862053759183300138111139767894001242070317415846663786
117450287243405604165436262206617371450531554338691308031308975247234191949
143676789737975347937363597036594957599005936949086809258914813297647310198
198241271461590219028318580952281287601435942844158643023436916008017355383
20530
2
4
297545615132928821573555508918370426955348315689548401798985305926012251219
10419594822555928962456765616969481473561262403972079099802754072268802113
43767609886541187879221486593393282275926050565077708332325619026819896866
399831966895603278632879502845257039189003790116420245947262735121810646988
12946949969963393297955161684329154053616997
18
6
200146476567094004045505901422780302581951742226446726809920035480762152521
156257783744575132627866126664192289907375263044857156453870930280880554871
193105826258007965107635288996964359192568149327701711150543145684641854297
127920266877295282256948176109384946103658728818993611900267749599398484329
92617720473300737201395427527504889799233476911035548158384456871330010933
88847701689007379215480071868969555880756938358712185406889232092195861360
84874364009789
6
4
403915695603826050813225991727166208104870757152771106927425029360009512514
432953427598895431263314592827458572302747880072454988667928266782038821792
122309886744651491312312528387780458582981962226865701612507745971217700817
431133480500879708156933260167781423588381536457103096037079475484654978989
3617534692148820550222985226532560388788398609
19
6
94156790634092763062656920005802394674952849721370880809729688850979311959
127683476219340314405582509953532852849644498699184232896186152923506028406
143924824064500452796628613246690841119179135656015302419431274081167094639
180759821045295868956271323603187031135982917332649501761784535987340338770
101161007339209161906811232203607779499062072296029948426073952310228234049
127760043620860714856245614739283227096984164590955818991501319942089753967
93829120673085
6
4
273316498815733800491738898626149607648029551765494341649559650865707006235
268771225714907099516155976477928341946568171896459010664357286569964924637
247856989371748517074493744842436963150763685882025810398853919058196205992
357221004523293828591867932989154390128267995367968402116291662706669628061
761784166648571180450462206795546970502387286638
20
6
193374997947785214432527223958694601066696473230656694126378028986150498130
191545632774519428774985012057070450020878235869801833073950322584498305650
152661084847373966026582783673137595166174050739627330318841678036586087540
173642531708580260926481685378657048786925108420287688355572663132936095599
214514588588477715990651648727321845605264434964280741364456422681175488567
188087937354087191665824387276519854974209250125689720518277458689540910641
85982902045301
6
4
373380368459473428859696949723248744626350340086930730449889777200409960811
183135152192469053122083546604343330998052957727897622507546758459000883238
220308251779244884697163429962880562098814389408458876084367168945489242446
193618828534912116538508034515030369687933106202394125191743370132066560881
344754625147138822873681886455873445043846676473261
21
6
85148959185063233515523805815516531063106202782667393097085242819113141305
143690725075548399433254574251540801142412572327709763665238902014136897363
187619293754627137295823251900530173178328464396424179811256333723287629652
215950607509601349627844392474892583511260130251046678585222234275666947151
173774524555116054831934216868924769359289194576012035536886770672121168227
159488829084826973511087022743349743880577362626014649463033209105923000918
464587768263787404148029
10
4
66076807978218135182566307477568931763384882574398045172352977118528169331
89291520371472133642754391481020843241275787891509383975012719808724458076
93378826660551323630125327400874673878999847350030712054241161163397098780
203509261370017914830568213254098795219457134860081013531567060940177068385
23797492401057376017982139790376042626547719039387427
22
6
131349519444635088279268809139754503870986290596298634523274058890950429490
119091525708796678321210944819782448143764523204958938828902735579827302198
124276119130165974054146110429381755938264760140937006139358434525192802917
118933520722196264566048784414418424965844562744438068704720596549841858659
175754437643665605890246430624608335979466968701962107574478667493847233125
101099914719917161682275216869009357243258237148360602465904291847785182532
511886292205766524357949
10
4
443402776795392708581726167303606271422901661808545731863207018769824390841
193032913209549643892689811808054116149146534241033270225730229501550514974
116902756999095881121550613636327391952355023717794569628032618803034331474
23358278069504195882464287433002471056646005573625821208991350753828625277
23282428870844081093489004534323621953485711613969428231
23
6
76791128639637429103642278601163070283993162767681754874341288204808243288
94252089120964948166677398785709675224312932981210392441102857298307545210
215916370152782124926212526425530257102495431226976165516903546215861924660
89159196256155011720671145091405828414442773202331087347235984540455562323
120728162458542734511002827957779501414404999534255378633064088096073146710
99402063848067824177372846948018743650089351500368948864156426487156068937
346216002939193034881096
10
4
424495441806176657707204512183204543857174272952850779830962592680199239406
181443739196585594045798808383650502223424224983330148497991972416789346699
427804530476677405256318372914344950763225228002750375343589523933290544656
125686038673570439957369592160640605120827634878682268729028214633286117812
5269461092559735133645728539239695936656595523100201123200
24
6
99421577470669574502497332584688184884835996921570625562411138468125362515
202044480924479862843132836613640503485298416921255403064063184497008791923
177184313195193706161765436137700657768669114062927660867735269297556510801
83781763942964567896209907443369974438503905911431211591813253138226820177
145718626665581016233731406267845264455303232368792339808906205452147971159
131135133864746298090690622811342610104380911840606067728139754833292515181
2014007195072466597179934841584957
14
4
187606987305477819958649963662991064378238375632283788496528793256290450155
449909474918440436986596069913517079717564795410371969156345172034995533720
31728480990097252032444320468535640254958851508797238357027555905170099593
406426417588161462207096398164584788024795401256774302359815500682311209334
512717613513203817087033438970549243845196649268115061114684
25
6
172110312302503907089070928410305851500225739669677205840245954171213342054
99428590657572310874679424200569001831341544171987793464862075943229355343
156098639384253110821680444380105588726191922286816067887673487384771131987
156215540890134993687067980994290339832417881565588730273033852253293589066
94356475930249840980227484270974516880144274904833147170988878611847803238
115689022676227015317619371706827889319297668484484667095061620540149282664
2341704235825656869443939191125821
14
4
174761515052630175092434025676241814143415219902228455848454160843403956595
258573249902963905644614759598971275182545769758396588180075861421717432974
103224642973251567186733875248555589968149633429784189918781850497203132510
55332084581714721712840891805823097031876807202770169643009247466068520239
387564334616746863106700497154490654294997571824843192919345476
26
6
158059814156008574560816798981725189759270649066141584810598008478989839994
87067719551898256390461294358666407870033153895051398517336928187850573671
198359380162246239540309038516262350817461399685680547254167129025025238849
158094215173004311389684979477692481615437016993276157140239316954748708965
127553045031538480429110723973969961836362784239332318929123650261411717449
184106141000653084904635792064092614352664416668507987178987155091781471589
979601869281943464750158391045189
14
4
65271077481773982762372702280579279925527799986616655685470216321227789014
71441013124919979985644888781152770265180638340026554918737412363844418862
91193277925318696725098093136542083942270875350417409928593799883910860924
199662158492217237413099296071707751742123376867125921286588674018054043725
18689703247387191314754562271597530882567993556992720196018284823
27
6
131300695079115456033661788590596545595594139500526300709255421452343398746
147451559389741806495181717246847829449921546049188447484263826556441482339
198448911099632896253514129823162900636479177566499464266316632757571308648
116958780034435663611834920134083736154771890085198232375763866695244857912
175478766713516499661968778481031861853793691524865136563468357117799515218
180924567046633803674773568019966889469629231426574303135616745208575780472
6306606566577630192916429109595257081118013
18
4
389757816583050315814279679230345669491025825777837844317516176918983916918
59951493759563306814938928101210232227659838506159632973797201034560034321
211639550858988572504026334875358388437584215743531703727034551634265143719
405613420233609053127812955923711888429605947284679120627792379002269680520
26931665846810390697294512362616456674387283265062600828786620844010
28
6
90622742762500690444092207110932366379366718650123865948256704797706833497
96020286810903778726839559945791472477617936413951769097475572339399340614
157734545469101891424695483264330168433309194009431176798014866813535738483
145685036363562327721295009314086815749186263455723739737607702554608168302
94265977999706283635745410938617659991814418354218586849839300433330787914
127946095681518616741648314323559118917937792275603122738912178250380044653
8574886293902142121153124891094392245022525
18
4
142231149717288731549419398635175315094276302897486268228043750730552617417
406499003923213890072620845662698784832966641752392272594580544767200972091
321522375200146834504481792121882894162834101503075905617387763028405150591
291048008964419578442117563888669540475569679427738722246299727617642970800
3634479729813121631621165860588416627008331664081544790560624490608325
29
6
150680197932817310547091292518281908827483566341983596544411344740592923446
94467340051380123001379581231634319146872080324456139193823603554604365666
95778187734697187558864260173677478079631604260502930150405427548970637876
131260363550531009248690862247590405154529064340386233336698637437526429231
198414409320652261928609403582798854627999564692992029012309725512314538841
200497899881653645351874478600951286433215504211177670757906998185083880021
6114283049924376578425215548211888667517510
18
4
209962876895696515081198367987916583897873628247952157645243850851638967905
181910833825664393246011194359118959808771838908671963204357023630955545276
330627409641111388576482961145134076594683791889363620779835544794835683496
130308670435137767782172688071725133181851528471262446223074825745133537534
1169861658108402962283696676248092565918205491560756444664657354383570046
30
6
177487667440719356151142644193882040920980732091821073656557237226403477296
200332336016421571517994297817431906854464558348300768150551881147109235001
192913471151831682027394611535171036212383407022096044090884737481302886456
177224854625194017687906372994329084632835433948121868910910078624319433071
147333393406638011323836063627549956278789020041929633247358158473348672618
88869753224765004168827195103525337922413624128602867575900990735425033590
30094455618431329384006946274046572495298391316053309
22
5
334041795053035968507109812900654327974060279694953232213368289507614458694
181064104133481553211450874595904596686505987634271687595435235882131928603
238448901572837097860210630153443744647152726064793307693546915208488467842
273090863831535475732624769435410115901715005221162360160007421954387370406
88143228493017061362520546865113578275932009337979411518618433248177554719
0
0
6
209048164641313289940500652156096352372719701108733667542859529526481334320
124055072635878022393732693539464146682676835307580744845231494297137204277
145360923365976471580183407648116252678007329890787799186200247907226372729
180551769764929438327132931349658484153414289899877481609126414216766566979
193361115779809715167144596111453563389775274968480528404163378685341361753
149156397512208440445417154566719272098457782025112499898532082373317063239
31525265632861313449996161920746145540471302359496765
22
5
409868771720296494392839757215847916663795324455917385434144169190038024494
140904516416604409622281069864126009252847111059129028379450401394483780475
322473335327827711106857545082839849495895410563439451507488742971734551981
125742783223911592994668411568083982670772754160246246423616602287542565476
56688550051026664347418106507313166660427864261719019545451625078069680363
181
1
6
93970275115864910188606193865577689997242700410439609622347881375083034726
101181470468177511080740505642996425040614509424300558218514295448734423406
200034831208814048828726335767823699514785072707349097676732814354574169973
214576458495972341056264270636035044602625950852431566108978579453063934580
145719649873979891499799143597416539255841505545244413387995847388483365734
149135049986623713941432684134921151265114446757269883887284721915058143843
19242828779969014115229523474822753298210273065137457
22
5
380090717766261573668749488736405252071484175520880906650809097857111223265
14575051834605136741900807680038327628207225963973815209973390271392407253
214651305430327891863867912639896278744442911648674130715251248109237745923
30742359090154154988091232482528039391206647582656453210018999695450353321
329993951334561105046735200249136114724719021840350841165383764604464273948
60905
2
6
87404887158626754375249556495513436414125275284857569360394671133258442033
201913807872557116490662500451253279125990051880283914798313080547343754611
127885241798954988560710234133596928526679506371625711146948408548710966866
212796186961542454595930555328642724101286311274087819409059547801084652356
122515333631878355416701415105586210578559353861450893270661845491393326714
175597313392338270830714642352853926572564785811523687210469775492957367153
105005942808062634040051901496744634092438745189566665569942845
26
5
195123066567402224705085487849638100400925460291755355516230993628847244470
187514318967427032036212970980310604729065607440018803318414968335755080056
190957339984839897849084040463497718103293299844075300022257188070065513169
352419917332254137753492800166037943767797870720051519250926289168794785114
62389692316905120792877758383098703019316583354168420862051602556663253240
2927721
3
6
173904470136750384399576225703256410047226372606026914140083679476629588343
171835836153064344452879768837496730123983246738981341086616795336659007609
201774475689945616228867662462314387975478545360258292273317801883438435377
203879023786328002084969921175726107524364746094272921197665784135050021970
212376075481504675074001753428393567697918010836982281058845936661864082297
92403315494641020713496002944363184235786882447138441469856569528431753285
77681252779331558981985791490318641096926018434175605206903613
26
5
339467863697548248057486043762905871241578680062323583844984971017758699309
83917033512841419353820689377248572228391447372932322409779567177750562949
233272822256499038481650578700259614656131690678224265513517920177849970572
184898108339445115419020328846973063530094736055155993628909232830036736039
47348332513068975593250297288181518953944261863874803488951048878898206242
2794821690
4
6
210719166749971427131218138228657109715620177833764843007252649355792437103
156063836303026531012114374297151274896673816115742171237539955548014930551
122467699618991711994458796266100147375067061653075583670533351118388609868
96011495012157250719580798483021540639914288238018701686073629433088125773
171904203830711710837472672435981187000537753176346704292266901873037501525
92617510819203339312450698907180648347382253247301559492845333922272529255
105081286877527388731490403149040337434253673339556614029076278
26
5
352843993336599612982244358733026255222932005542387842020677685719267389023
129482237198619352986853381956340532090715088323238044997738468267592647695
179712399583425503861226413430211721237137115524347831225419428593875846456
420833582820266864969323383314566764955891370743575668476085927059014645113
27286211438240597984757065980079547786737221797385484929007262601941867923
266663205958
5
6
212403411389450264030440166069296538097754112761000148259051749668540659275
189414825172210311586116200955065496481410386877498643670696349217553272150
181008473449129269215538871014924258358644960720795262508050225646936281712
115572578895528082024596191311840328106344206679143832583350964483915339060
97902767393875794316369986131089869136307561867392447562982590465928611146
125787298283524910916030219678740718689829242948263784468699326205913822310
532761345334837897488020856942294923164713405582850764033338443576065341
30
5
363620984259799139285305776386199405681983239165854253577229790753921649680
48354453272860285711025769500167453696989192622191935604330707852798696939
89001558158264184248143544179812788664123599084985170543784839383603761978
61784813576401549749229528735727160444141251317003387374401626706884878460
311351483579457896202130116639677007356525344154648328333422195003269504818
78074564404005
6
6
216239946171661881339781039820296205969312524619304540265362206347989897268
97937112579851809109787056286904369437923926598061882165172463679556957512
94341405302764556431981084123959186818214592680230849649206511415100320564
124476080636549358313582800767294318999391102013893730834548285510976425270
129797027021319105369461797000887900431372068808534483128229855579845506146
115302711607380289525492851170993984922264225359178527120672338363864740940
677754450735368258556548609257281617507411969825761973963065694763963709
30
5
247200252678525393125004275227625796778586922455205201794636182773067072039
202157629262006990140629928325000877294764095700888525566304211399391883290
207806171712907534433634448925858454487184143694509953258405496686593607216
179350297831785532138730890584434497445965925821568381619722243332961659156
36636977997413551575294723136633548321365206799602473925510741094752850549
65429292696934204
7
6
185818609946463576397501866332992422572682211247732691042689075091107244401
147243804568861260930632820580281740268652897747961035930896412903516696183
201808446906076684849388597670309641422967398780980392587845988864627341178
152654752535354517810748687880620209460629680765463113897576525228896377207
159632464841075457028309821869304968520850802095173165243786228405449873517
115295869156377030756126426700619763044562778540989262436555108440875549267
815709462507923387513398210206504612011525577290557165613412569870525240
30
5
90276496685651608900323455880520009725834613235573462657083354595778089497
151846886865780916324521864784220677917421206262537895712915215430842836791
198369629695182159826805317904790817635015961719992451661030833844431912627
138337328908180751978671004720421202401505915517880892858975123585162740586
46939137040063808482630145925921325383742458974210599597666414617737184987
7957226698491928060
8
7
136878216463228060860451098576167678139179968490070737170038749260328088688
184506550343730896275912609794789138534562317815025623428388116610640077107
149010466585086865283856734230842209805042192777949201674525254454871217496
147168695719889863471883017390349030148775008475143862283274431231787808378
149156830152388716057327972031165150377985311982807095440561397287277913934
92561459064455106005521583451191288923977020338219066567344950513272052050
87088377504109847996804421603464891356281019012408859982742746973772866607
4275517
3
5
110211293572615111796563876310639362332994804260100461876038472627313511642
62500547862620710696817021064112294747333351650377767553509626776834162422
415005358777405906215560629006288514378084435325589454870731923694023218800
105830609732551592812782307936002531103812781592621198165430542746489093824
450270107401472733441780270048328282039165620993487771571391442598804895183
184021154713422850648
9
7
142101872305327152077177648229523339272640379833551443011854844116327348082
87026396691243578719101901315238776325528145365819505358432958107916659507
117428746351256947941995648937027933677524116712703177154128101931778272087
173906195567920156888191811817485406041726550393187035539643349393046264439
139880076890885932856865293333151804520133165597555238925841951364381434691
133047237836928871628073099109007413330937202951812393210437774420850524522
94142089355676610265868325029378380940751366810088351843747504114162091318
7104317
3
5
389603830652824871177661420672747072472282854456852501023926333900428236247
4983944472381971958682159403244933379173107497832930328323035782434949133
409609033632218246166017992630102642779736832799135912192660990875767510900
25319879769879853127477482708538916476038434720955797360781924311647121190
92638831985037955288668179995895531620382278283477976312317494622856627275
620941929860250496434050
10
7
90615003689215876668038656275962039084974980653623492383992193857293472634
143441082477797193609773069067021680720306027585183668941448462115762230378
186073512988629048471841456755210922956225770369893709514305781597475780718
154042381087006856280616621294031677043708296368511510696954840377728853040
120893237365849445524825293127396071465314176407090233027552706961248445306
205295119523513391286448643360057701797384491931236339562278985485354624845
196811612478536976467173498997061455441749074627817091332714441019959302258
4729667
3
5
168194102832569349384639925569712506609229872624786164855281550129292188448
150001854798334056031987873016810941313423331918846200063188367214283607968
381210477818215250161839368445422670954191332349332758007417193253107086143
303582261413251093905351939047992915188299552082840234931838632213145386026
103573840813166358797814028870036173702486478963959694813997025435364836760
109102934186712771523006123
11
7
156326503796290395927773382832339267721684657695697769869423344346941044336
175429998709036462747126057255599122363072343152057231868244108458690170742
205474268569456830516920138478520772873358967072528532425397134063677175351
185887814988756006499480313181312407201656346483466979239307048554172402991
200049120923882885619986967587783461386580776293003328204435603151924587831
143909668791757383117347709944908993842782348302921036635788469803602833460
191387513098319894746782333836673152548808590204979689861091755848206987126
23998281993895229
7
5
225438379547219546720443114601213241085182657745347470572964912010912179775
446720039743807613510439995674451585111780762048032708965637288562952268130
448131248240625009790751541784864035557045385730766664865595887223476019112
257151511047304638383684211379104895021742791759701820250334015200410630745
281447677843084926316462680071280528109456016073793557040604550861684388332
47890139689659660695893454399
12
7
180586948377001985594876410024210343370656244577134869987273800188023624753
99311046314798109442719569132078709103241946841292625132295076374777845316
97640955340107158222700782307581272087437915606728629790124177928373949749
124262100382366698300391616379229126587505192792259930898571686057681693551
189669976421076725924825204141268002386978103853089187647957106991322379636
212831936283637428461391168273734996737184912250631337141953898702189839403
177294121779935735708763605727428465579451734223185553177768378375059238476
29635451718088765
7
5
393078444097400370725358077647221421219003708323366605478497385327627650208
247806830551025878554246246852156529622790111399196899501871170017930555867
262351266903797985298686771626988956759749585329483892304365295720728456300
190662474836305414499877279148325135530809869244685812787157523896738645745
319935416118270213077856388533947043017498391381958865137016706522859390549
10238280731875664284004081672360
13
7
90871309677461354047697346453145900701872620079268889056573825440193990193
182774910028424763167874304749110584476365367990991623693106806624958499652
180917887426463335561969006152438443715701168668325066967917091369949550896
209028594349849787737121814613135917854777530688334151272935095005863180403
171683858929039986866237754730251275083464282010556310487480995385063863915
128030689468036033482305453244160111296630179821972351139281979227658339415
152344011231892164806006347209760135173984301846305483009664233960809645398
31343096003904367
7
5
52544669287905078394295547985445655666345023078989911997636435419094367659
356223489822194635603223216737677482871376981129426425037296078149374290417
421867562929345996219727325435243951998393340349364068760025171131193002787
159480578864865496115726838661060297493568349278608011032307632045794925103
433481925896811543097202290051354689443158330653584324052138318508691702850
2398105080979342355287382518237337
14
7
127890658441294047269981226522716109216711398241551092096190819307523110713
90498432580570105771183196470635188892447956450956886296159735194660196474
127973455505090847662687911779346649575202943416603975760851242505633756227
196516127138775443996239045485182706066098635188807879830637956981777724266
154456291993999770807963212030543077246150387077622267435879904198796997485
143619958469087288172405445211129311054705817617424451175958844120010482018
201780867621958353348530550781081167874420153884117160179345741934948267313
145540848610101638363954493
11
5
172253290018642258771171285063999410240925377990709931302670116528553173463
83276682815206491690681157057820237243408611968187028897793945415763891240
409510181308775503209265379268456225701812650231562246346444984314656746483
314197501873339132164929168132073113220845148688568311908428685002777464956
258603173543102827750529107991522388377979181658192885989885247018674513444
1031555075649709952058303140737431269
15
7
157858129663086428476201911703579699959112586589347408781634346183769277796
184086058676024320140229890371385489933261943750265606263268085348130507844
152552569048043799167888660842205433823663171524355003264644305255270409047
129734397905872893174102864547517118507433953127438310306507889284284380794
203879807306430637754392096161403060505901531368804882553436111510636294233
140141126480832958352585869844853105077447014274821103051411005144757723493
150507928274489114047494076634448133155169946255803112398106372231659088718
64481003512709066463204669
11
5
249815549074807185093855929988178817170052754787296652241239544159500839659
262570522761344856850102124348336154839085029395408777664413281936917031528
84373705275216542898140362022877963970751974887391956528368355232082803792
108100714096737865803160858573381852630740157828514348294389141045054857448
395611533091006516169713719606738860723384766666992800603934906024532543082
256744648296407580962486614384672094206
16
7
187888403645102229731699478878889353450494019933233436061565226971267017594
99393543765629459745502367908505931691386442032806305544670066549352777332
154538382921256432877068159363642551353564927049515359399928851292606583889
101258254186625010019222655450046476060986160672633458097186109069702166609
141922101281338028045418410758339940222450574393163981381609807135860994913
179198404864412325810333808950968737800274765133098794614075632007342477910
97923841962409291348664242683841253451288971718296435108376843758968525925
64329335324735785320736299
11
5
61949710452446575887864892368623285381531830304980939604522737659660084600
164987649525512414909910116811605646598206071074265901750327363104399021219
171824241120859498959948343996540894133588140351379757633023649787634390636
174050220235299576852471680619473203256921192624885725871937985282558171043
387224855790274383274896174509084384141807458737393230947353544970257956439
20230065623881118980799249716144022272427
17
7
129802423446034199408744363443543294278161670316084774945023530522438350389
194907697978188481593786702581319571620793279776474992075908726437916203107
92238154146574340040885785673530873974168924259199589473842626403861350485
129699030886024455375813826295189710039878606388348881103957452135024056947
158017485480622365847628382631914984727827950476733106908083222592151315821
196419965855791293628332302838987796305761882279981561941067891006991651385
136526067233489815693085657704479777306062008504958380262737578024567337529
297126708979420430270899578427882813
15
5
387050017091282789804838225133319672717517491134560817610074407380287516524
112810606040652929466036285596845921127438149601678132732436629578234999462
145046200221204381270223295177304224409154326336638192639840232510116247030
39454868477378066273185383769926334474208842256254945457640329613752794042
220680748587858593285497167162042750160040716041692207541983988466318178308
16433277658004079364058710615379403695352793
18
7
89172322386038113072856823037381274145946902780374217968471526704443574578
147216280360540405227183606008278816196153226056950783565559439549382803767
115660875227803524367162907504564819287784656104108742122921889859072121135
85204170712354855095906723944593438899237080977694827181463716760363620402
124426932334574859215941796813336055017946974994799495208716450405916108367
143792289307183895535707914791731999070371578881212220575184979837942125874
212749032233570634800877160454648768433965137557717645103371002075799697217
385917471155448361229277638575090493
15
5
378635009235401542291875342448276468113661590593363865152860651789195886796
333308548854687888184385185834455532085724075574719296894878382975378694442
142981673020425055093222431859019494692028639155294787496668921474908939202
18850239675506883096773903522221473637244346739678697037656674243617091882
296393562915267107723666327716939340298593471258414656469971538003214643397
1701321525810869247877007711883208720938539552
19
7
87317289125458167620113770820420133987032086768114940495568043797644855127
177376266631137795445557372722417057075294990426851095102172102755412570934
156071814225789542310523423584922070315790243056808091822691214564950501704
212411338879124933661687680908435183715550461210841267603004269143180136515
119161756791072010680591810389933743792817041630420233220532958323624858191
147368469034553527508287529046544484334609083790160781640419564206503846518
189870343253597107539904107736100770594368471179898400307748819164910530884
437677561154447206260112953427259239
15
5
331550001978351811667211831302547264195691352277030059161093769813532894564
248155998215166590618826986586757200020236516088092957111010689438518568723
408062310867135061948052818163899528582337783522694767033910018225535527201
310177165206300891704717944382328165686924135099239643725757103835951279757
96846918832063527216293980901691819023071737344176468518155529354584917223
783560863662863082346890756860035649898492845042
20
7
207096424660744706637282761153489089733837719859592509081657079307359433025
182485390095509065240228712461239839207467572572184016527815339702527539289
182581609094090293546523141151434839569070292947942701203146638963655733096
129341917332810424779135579140758255480851103223412222049589367744658369384
201780840356319121498420710763303373723719067171323406418658479543937747540
136345379554841238767326829616269714423112835625379747195497140724401844300
126227829816519060526915501609105222035733380497810306075161568184978913613
2485942838266613524261985383448513495884578109
19
5
367688548564959162063642121680975134466599337109099998550195102954352402942
428090957828969997614200097956374511825777703252220966029832322921169453323
129583722972935601268164117571189507121952947245402837707851592607225273171
431520124109711695876611412226548488026376880900540301685110097677628310926
203732922575880082302828475457878959930031719225871638347976268377803486283
65372545101156332314446448034932224897735959257515
21
7
85267226141330702687022954201710027366089290487163583171549592292724992101
184521111993611768461199913108032781132395417185615963399264281155102665828
189848504975231793234831761930646159184028525521544321985811383014663745142
88730774593131708330265377112332298941919068081057623493400097759803241556
101182737558126122466005122343850272701199739023622634168190081098276948310
212596391005208617453346683595865175232256252001641619958865585957030352752
209324445203991111660886866683470338625129226125701105135186618018006913362
1835568234107364376323317515401612676567233341
19
5
199901752995947041536270743841119516906978884107441282978392050900532946485
84094051581984406922155954754531302947621047163474148881020749793388028614
390156503212916932876186020390835332309757374642296979804416135504268267183
409290850081288580777583073632530380408425624334296285580327430455147374768
223269618674077483975064207337679978429443443362938289521187723083045885924
84779620621092170150789043844134270428242161067557661
22
7
175492873717526396480041203046178430925280441824178173506440411422759595831
177212486536554962890783424280174415051308278676549696183405404776239351107
148949699508371514853634609355774730380521508640900514271871314990699147864
90581167179479296707643695751288974746314079508407131154910734520538838646
94018210838213795870166923636402977837172075325796823993939982258703848538
115170611773069258528748041376841835826233005648284460268781613249163194983
127704504342921172370293551809813779058653390044255733054030506031334321490
2662798495983522188950210851556204758819097956
19
5
367584555476871444890233543867178907948939696150867771370062173222515099870
259969502867376535129551566170881593642237442985477945215741978272992269873
13959898330137824243824854545957039021967141007182066175506688963997386148
334970876498602574485536632738481375438978729992620703380796547540625974218
66830415887212388295757080358831810071127560739390619969562635444767374151
9497426380575455944731734754484776286977864093291407104
23
7
85260438227241996649353220518657377879327257936962194600627657551530973493
122397383962671630965575563831737707255183179609066845040937513399754256688
186197609097722652994565180816330107382940571787132018508523096584808126571
124475191697224643091667302380712951817431076340649044266411885022273165163
209111515762524914266203911865403836918066852200915604386485931638150294863
136670276591336025445541501031813873742340030357160087834621168929095239795
99656373852026795726883101970806813382548296740319254826821978988876017998
7201631802526301391566326567006771075517357662733942077
23
5
12166753775797116966214406410077969480402763285069183483695183223489281866
162478162488911718091708421961115297190098444674599661216844890175567802621
82439724082367247963678947065050010485127504526928208663934675765109197952
195448671584988793478498617082634052593999468156087151434026564839325554990
369132237226779939739602403130547047509368586756796462490633697001237412443
4921297317226635804641390011332714181745610973566395357593
24
7
117421469049873860623458760296762640818689916770664660857041619781770628153
203970202225186638309496555895513065028982526389015589223098500023751569256
90442436338216186164325338111835083884017535106042367983922485363970169145
200250077633906938624329824208272094272830186802976342748171770696241871169
173925469493709223663692631208845284129782130400020220829322073662907174510
134634345363941973473121651461730999263166025547951296705781242128987469646
76741900107379230775083027717862280694611158914674151268946703249601487690
6270763079748382254855077484781343096458634857929141053
23
5
37423244714805046793956239731765855424083351523089807403910978590624534048
1730543281945342169144673056101179265946769804760792902748102638751873756
169772924993083244825256715759179893584056550453277304222283120174080338891
294723420313329524506747827058291215383182973419902147377064571838604479174
404900780337560767852319282183387042480041897416263149136485482293977483536
882737771042949731941389208646759400360423964494967887303676
25
7
124253576185780159263716870359119879462939811189896134411930017999449372719
178908967288988389868964136185452102108577584144834557241596380274991706702
87398760498079071437548634264241164803591643200470093269117378677812449844
131591429049192283286818181574487971420490588416776244967039087612147627596
198682033746947006181606520993627424539346959595318561669633605529177913210
122687286686462011338849522564163276451498370513095997482297955673017756513
193043791527668452446533456423369487081562148024292590286840401842299434038
6362796874851784812977458114717591200042708759721037880
23
5
364864052075751541165410190878548273700704803820781198780024363728589751010
86950807402928742224988654705398899892282796916146281263580302451862329817
385779601430814033428102071282637562200291692029783711689135311654383138414
201353239780203528656859618504253659451315480610483582864801541027795412837
377287378499702648315999077099472984373593647165312752348767402727598984528
75992398322027993543846787001244666464460222964441315296153687
26
7
216323328335746804009128715090554596033345870620469028070713172889153917295
83637635654239058470769420869996271743086797969663534557574595105447765104
135028501368484659272340303036010656593557403496239752343047015059447235896
172221683323867771130661381804992146525023016003318201194460732368148388469
175624241553202420258133446625501813862697761552908463967363460889750688346
85329422962842560717946621058159475764720752728315721138448280839076215115
149204821803701213955094623317675432297852233090854911775582610417678828872
45781967538028260353821061473779461899920013006158950754789309757
27
5
72117458920991210767495615165402099510031166244736499651115661037816246382
430591308597899843049473475415764318703874102181853315784079519643203899229
127236438088742336257018864328289594386686909447582058624657220235314915084
271401499506592468747166136018707767282252544967844704530649112192633039711
215753057410082099575398286643742567995473652733042853119781107149846643822
34530475207077547221108047857227038484619084761478175141081380656
27
7
133053738137349806017324509677842409856060280934532406382741330044912232300
198592775795793345471650814884272300250847443642451646192817341531018451559
119133265720925741315616700975277170228853200162455356374753773861263341133
216122832494049479625364567298698361480589790276457666800768551777284875085
193210651053666088904928691489184259645634164858091658493356496450125129016
150536044155234576972041815453479383353834885393670778636339932956599077995
129824151900941086493839192999251475951539416192821356068814348807262528883
49097534194410194969868624773157166379973542806814716237499220285
27
5
109371327709696589653434541904362087209086617543554946915138303477328485599
310203632554375280967223466808862534216644613234142381300173283095889307772
424325402446910413313598774886910391529966197755832371612052383554885498377
123149442209356011492967819413229010629431238614465791509498950913257111451
312843090833098935447317455040178167640734171799520556479183933019551506662
4576726768795918375074332267686817906268365307951163350346837735672
28
7
142047495354562740461598138836019780303943050753722882318140582120007684197
157873171717205155777879009460557666260676322303862677227430397452821743726
210974989166439861171635106060440739405160418628457417464651261848463170126
209090839160947377467136934801344517740472929296664023157397794877933246794
145559912103546422637795952135602553953593168963091136914724246485401499705
158025301239754691633604034553410550626094421299050902232443160234263931505
76535600686641857111104773234104453889360509604325403089905263316005057863
19923573975685063437319508524166248097817534824263237143363217972
27
5
5852561432838793471235024088483960701417626544374332811569937170008953632
409931835347162358038088756055011022082428760450388237151943271226109416310
220411612885823678172045312063511776376414145763217587385025575213241333737
270480555485900418014901443401904748757674815072812255880499004789287448475
443521458579988442144130466866686267110607627458657572259768880278448192348
5895489424744083637573544065746017253556287952400108840068750739284214
29
8
115177615989072664636117307872350134004429949596016577434352245839068476980
171974034524667291271464252108354371053844168337813104430425840742228832593
194714425070471739472265080220386945787857923364637062251206816578021452592
76329360456417058842901677291193027856017210322944223813519007614289471088
193154684528713602187724626941643251621663968663150208250263372917058859085
131225072661911264472765890648270304984219986024538024151525753939723236720
117367114333554425145593150986178397634898266905754550510605116716866758473
131045002025230391138399274732700977640552681557452702865728403899886812477
0
0
5
252913696193665690809437388077637023674037960801388650064235160530686707287
394913715995247780908248249455203557870399631563197654329784223866604359072
427423524267368061743590148291239621139549542655042459281571622288680953271
160949335127369138350786265473882078666331531288319920366722276902256328479
152405449029671867634038901043913603311402765069705324604720265119177127501
803856579377654318427811774734625973721927905750933242298373660378786442
30
8
188123175904498676749459276310242187902342355744377237903807046274545110338
133115961483698740141329482216690919184695779859464813567543710705578560366
152696053373415404851167530642829271857619692399877542638558278543054760504
193147131320488794106436995604548977757702576183480104060200400759839872819
154546690279752454002736390465990176287293075598964962097318566690010067801
191381256385716177736137281965630833567576791771312892430961534844707430980
147167997926811440403186787738372365192541063615329480047796982562700284260
214121542467359724531145832920592203356830311012483754976684568837020938045
0
0
6
177040714720074197957154705873250531830597627578152386045817146663049780158
387592751183444649569983768864874471648188577680902107291923913674689536912
397398639789340357944969765903961929131788370038840957871247140252409379071
111912561347953183142886522372838138794615564232738704369901551202447123622
399616089388528396665048591351685807985511459571145506900835454025050364967
77455388957001543901991545991395154584508469145328390516874613685201446468
0
0
8
159487693503191012871262035793525413986229084519688536104214141938280191287
205287092406426517378423462071688611323842194507431884017850925644174876982
92479551390449535253975240391399525891131318640337636421119315598208758100
134840690802475178462211460747359162618242601349436197044293731629638576687
141688630153497660421087807409553255839364205766364270106968445748259475792
92174369644347367474831408593220538949567465362547581443464976304239626856
209042283146790510538740643526487392555626011608618804047018327050747266869
88711253274895566075920094668531243539504652734792503338156624343355578949
0
0
6
262706937569699406902007564661951245156858433237581566356618862895341747775
430564330923751831473089187793138072019485917942729552889550219409269197978
148500671940213839669934387031963042014742596049464587197747315775190085843
179886527178777185555156940724432053379833797001462357771477501477078534364
256053637952118834538135993570082448623467843202267239341822498629956585291
328812604114679828869557612406955865567916676066590789818007127716198940013
249
1
8
191338390168007097923332318853387922482269963868295919597326562606844505654
115343773071885485022761428072416060645533596220936457890660508339464782660
180780364097188546440825211149628389273515746443995520505111905919737094763
198242025631363390361335998593694615357478900691942416176653428016999056468
159700787766339842504820791293087855122277317079259157899048688570696026691
143656114090519197199396293842383363328060137183736027240828240943686056503
129686224263367488129244466514348926983277279406991988298297713055104383023
124490068538165216768600452243160999206559770515177580234700512346575483252
726744381
4
6
129130396638543874813857528460755160470013369634164971748611073184701648474
425277310885091357901680802791768670392373382185707716327414846589981331072
117245632064014241052181749559987789395687730709955175648098402625734218811
86933488045971947934558314665487212282635666327867762917306317732248226681
160770741979718321894136248308844079700272413362763844464833430401905644362
286716392812591229893243871942604701334487310226342816946104851481543627137
15486
2
8
147216630628035074319979716636051312892091462449545931224680310458584157553
120678367957900716181287575119350134454582710057349284075010085647534351944
200215732245286551455400483966170807135590394858068019903417201052089545809
149120594508778390136453709605096210014188802694529384416460824265146519863
136629138147617136183891127847718811054242175275589402065419632383582036585
216303839567626018119081315918957836046955759575156811069228724523045958487
85136174060261569348229833625003000909617349809250125371310036661404135791
88820980048332769173346927923827564817793180339007078995505755356692105026
1346909245
4
6
79943247135828766968839385940590090985434770060607556363932990862796103029
37507596239080082836397392912335000398549519193744256745855954372637879624
280505303892823270988662777406948245095500848584957113711615056174008333267
441834052818206118132141985387055175398281987722727990613358332019843927693
328198433625729717360044354615248222854287170603173329125597534747634459973
92430983872790682439731724548588635916090557182010255271649262884498512773
7823359
3
8
134861641397382533954063364485652073063847723420510124580454265536338217304
159604803723211361601640329080696058176955459331405430048694763141982997825
202174237780749283233919521488636295819408492978052892752557652875196592194
134869405017061011853965136330552334550856399983589053807332639240544079956
76694124953784842057239755798246393361732497842045968711535886183888613956
97730762620672318160934604324733152413672031077138736117013276080642208879
180904811929223302511157990673002974245386037225936223926433362041258660695
140287330151099849651385841711091003844525341843401544266164797547312477510
1680944943
4
6
70405588783014806782026240720451889861922370435278399145470139666044262529
110037814220437858196157949398124789818869809367502955481806365788614118730
433183390715177181827978309789159356368861589232594766084296648344024245249
53907334346748938861410005898711521068785341631308074200522627359247310916
201005804631853043264476954967210653425914326372146003078502730964784358784
42014280866737303336285671741137222942154990317770472050659608326822436950
3561099964
4
8
131142977937306347888639370032648770439494873382840575715264268779507568950
180571933275857559877510431298622638706561835377159428717826113680673489715
85605068616768840004358823859919869653313441778673934330430475104422344491
187785901810183343495445253823872777558860865422720813033052126202380505410
127981116857066041613669652065186049762526438255572486793844567802184100948
202140620100414456300631063805687853800863543960832978334391391193195956818
200007578486585520795445800953117751430885335633813884838127355577253382241
124275146679352253526298833139575215776331451277057008452572586529930822231
3550324504066604349
8
6
261171651242305315149684381902341889131484594867364821619626640641246206556
436071832822344368213686026225112141128963414572037329877982770237033240095
165937493420655116743169372324801281247316880105558597321053957360286094737
141200277483805526204958856310587999703267241176535382114707608322005870034
70475185724769906372415181597441214393962378894566562510560433910238846469
228489100188530711995938416829223860403506837676926659586373926712650992205
285465601713
5
8
189447933750235873432224742705375169136118447027367499809610599850539504492
152703495374776652544316315315083171583050076043014329492569975771463051372
92341735831048872295982239105327971816696328940323981308633245764385995115
134814680339930613543253283486400718126812529646513539516642530487218493266
148714985997479830565815021838591480216657178171890118007734239833451418187
212597631387776327440815685069060276640451420503448559129109508288375309395
187854654525140047916308970159705938122830362251710464288834592491949093465
198730995545391047412662753197077909753998930924045823751193874872738803790
5867736578456175933
8
