64
0
0
0
0
0
0
0
160
1
0
1866546493
4
0
19100
2
0
1399879485
4
0
1536402
3
0
1177765715
4
0
4085305253
4
0
4049937077185363261
8
0
758881474491
5
0
8308090606030648125
8
0
18170625322057
6
0
4992628814664529994
8
0
55095813684409045
7
0
36895440153571953497735249213
12
0
11102095625478370629
8
0
33859950051248790927394035005
12
0
1402845588472678306956
9
0
26075889669435513163631645517
12
0
686098092351849270570401
10
0
142670940984672541233153103387421654333
16
0
232148076405461557068802648
11
0
158517664532637474726446638097800914749
16
0
63161995905806044184279999397
12
0
162510340672024516381968080266232745836
16
0
6743078086559453783155925304053
13
0
492812261115224401434618226053558556428678020413
20
0
503715347365625551492507713077966
14
0
407085493667938625352102343048467170774781998141
20
0
324725007607717881201617849483495220
15
0
459204353383635930577209311018116877893644870448
20
0
155130819650543197418627044854127571826
16
0
2459304165023153896550265273426062705676582747463349648701
24
0
84240636001275567398878413503320926294329
17
0
1402632777168241942832829446300613175509225476705712630589
24
0
13135431983885962781631475393250016397192615
18
0
2659208007098745650922193031905505576513889452531706704494
24
0
3930003858876179286332996817454386321382323856
19
0
12139065836841047059480389461392642797514882202026735274718606212413
28
0
1256533398601172792038799704192217439458226392180
20
0
5398248734088705616438069660694216859131982068308025643896364618045
28
0
138386816326825844964631156064139912955218791275052
21
0
9314483690633216493279339875340144863851344532318205503127360794483
28
0
87564964616337110245072749808303551451422627873133264
22
1
96123651872985228094304839271322293562579225198570781675369476024584651069
61
1
0
3522646645042418174952438047087311589141212313542698417
23
1
131280791398211677633257214694781281166191693804503520102132511020581675589
61
1
0
3474127356170706434977177973545242231248338382230200095960
24
1
187956426510923754960754671742421302290385201823120069588470024922926635604
89
1
0
818609791373185077652379090210127697723690126597395295665770
25
1
182740455727912006409486841286695281979774664057164914780510635407558602293
186317749565
5
0
399861341727150399055889066351271070050890559628519952489813807
26
1
76515114711045572268289633552106090003686521816809567126490405169661625425
289582692413
5
0
46601538230885218574487201677701892977412267629356883356531715100
27
1
175507289923657180909822835074905510948131613245337059568376756182732003945
387443423075
5
0
22923551613391182343183244790955703040814782047106427414869957976834
28
1
89015039535624394443929156227891770307047790908623257597145271437419434071
1516760116057799605565
9
0
2415384970783326272209823804382095744731847145443921601599141083886527
29
1
154339560695091751733180379526913401743474445743257908007704786535921825093
2032264099835286075453
9
0
1607058442411299399129201259807665805809476093798957696824241525041356423
30
1
95950972887937116109285137989135378539205673507037352538277381577918147694
1262112766621738153544
9
1
380070429092119334863682388411448455799493939138319111609987592799194683291
0
0
1
87406983729695354981664490715741354591486368022480089595984489126499809108
9141668988215342370292246199613
13
1
415769367579904935147099098314669474534538153534063700708945462986075694102
133
1
1
95749799650448418537325115778211453962114331426663732040814490501944266036
5423537746198455760968934708541
13
1
122161511250381513934119830090541154933628253992297894311684797277930369472
11252
2
1
145456497210770703367284505837885104930510999943615728858695519325203427399
7066562277863618348805045581360
13
1
202819891423718426972449681469756538853039741152290024492580082052767597512
1300600
3
1
175714611688180163704719520700439636459223800977555465042220024663944881273
36203218601828886482806689199852997393725
17
1
155346067196931113653519213912727492868554487547346235250529542142636771826
4177207072
4
1
152248836500581948121811790191818109577509006791261533709959398064123894136
27382321593472823771354089067140880089405
17
1
420348921808699415986557614022487823508471273213982871300990725321522344993
153362314352
5
1
97876501242519388069613975460049058430697225876445634189699227888585370417
16750158510932151880009788194896303772279
17
1
136414382993889402264969374168363271533705890142097974490667442054342112412
168190808072695
6
1
148997204519862234979996460093688234704732997527020699880200004010823803493
101295854428640108023897490082260154639773886528829
21
1
23819330126528588365502188123631566109313254540067503691967587155127683370
62446962245806169
7
1
120756059560466425378600948935390884489968977554091833062203457385061889862
95576186996005929489289593772327337609177822817085
21
1
220648459214903566822914754957927501806843928704332051605493763545325165113
8223844004093650566
8
1
180765592460354063881973000650509413658448981937799452304229303380054735408
175879536601062676953046386406082122978038796607815
21
1
279202424857990724329444721758898507454292029341917000302419345781454183563
4084057002525303211340
9
1
195066440470014845207357195183247412492515778799239441911710989934687576641
341547882946266421457050191266387113886379290801076153957693
25
1
143019348009775296952531195598347502372766047833984026097694299507183775625
473698883421174091044596
10
1
150736121073602395707498880952915932747205193707058028212919950835033790511
642137975308947530004274420891649546045219281568176289501501
25
1
27254023547061304237594880573603458184063678950616942036001283944476058594
216839893312510082153228835
11
1
120493987178770233433161862415415822464915923628051667104448577290686379377
718463239965587739666493886783832554130630723091388017897322
25
1
112127744769752032599033042364071941599065693926955873157355975215425373743
72825229298380296357667816141
12
1
141702188466475054724032011015177113893453778113953826636924057089447513400
1868481608194119504484680382800959657956708962224198354852412403039549
29
1
446194148722476245610187091586482931291891705744128332136007895700941410687
15823601518684833499701298478081
13
1
83548556307507856905741436491806049800017641301449218407882568350945539431
2302157313382892656232869435210411276496856465029900217409279233180989
29
1
79113951337101833401059368679434256670967626819075984804971918995478646917
2240669116727032043477926836266368
14
1
134814464673459892608393240868636473316756064807626395455150764335860900471
2647044785963827378921478367473598211931184750415849495958664995362625
29
1
86538178280464660522158996404350984684834869518474082668669497799084136869
1060858515554818994034323353546862471
15
2
136602419477626048377763458854574411236630157724525307554739807770641255506
154456828133959782613602442732492625265101437152242825092568940721879804023
15677
2
1
22416688956887087514222983498809177991474212242473754416238984365732209447
303445123854698823555580547437123361757
16
2
120664504112192511365297597480574951446597402079542237185923057334715576372
90829983146897508660506040419383900203974623211821895406292052945707161401
12349
2
1
217545451884373678374007547402248122639527048784318014603840018088586483877
63882016551020795763271967908174023471745
17
2
179288453719417209652038955764250474298575578094233813127050412964677245300
182746577759295378826784328584993681948718191902655892869759756910236036450
19266
2
1
334470178744539473596154604528261194415309301391308617805232681000000318204
3531473629165810707504329331301262683150149
18
2
209075962232435191544567170120629039308385762080252060719893907689118709049
90483061289851603370554691190081796276784093178987103287371187351105989975
80643687005501
6
1
378975116406499123145597734994736614638241898953549531974906905115728660733
3413447340202569304510829668249791094037434283
19
2
87336107912369474491556971067123074055358204521329441470024164329484994637
131576198801998798369730567773123112023473782855224556286606405013439991917
109076402303805
6
1
62862864226102569386127230133171003715332742596538572013736109619566294083
468356274389030763447105983456452882703178385212
20
2
129347845984103033042395432144803558710219810784013684415010219724149187186
208842239499663816228895442005902908453224675232536740455613689714351558754
71959364985656
6
1
258365430702858639126543963561066609760178388798396138994155181832075002332
362987664933127826230292824152779476763676200529770
21
2
189787302417290864189218835521371785482815307317858421355195242136993290583
200415860972845669136533863508812580412652922776198102582948566951525103948
534520235267777156824381
10
1
164169393785043608955120561898568524697619578754105712826689656593527671060
87970595799086080957318482961576358694616851226338738
22
2
156030837543032960491125748976358199364830776031897820771966652938401691691
120665099428243513019418504012027661987880136791611667449498843419890508134
365415251999392123734333
10
1
345236361981957320066967204599414184336064260178398606559253204280908126907
6354115283541820611107889881978491116106704188260683936
23
2
210602242950404615205954066276624527158976204276843522098416274982281232726
154298223609739683841599457273939132650274078122926988818038628381360539969
417620690097492530316135
10
1
100464136764816670439202993271809694934468147661952196835860302241853127844
3817516317048039519123757335439633281010652514702363099603
24
2
140122498606157482665651176197006074214000825563625570184756497134661228630
90602144440207715297582302661007100089406181643898087592146868510563448623
2199092537606611683259129192201533
14
1
423680947515407583618975804622639039439281537429478148334055927973812852518
493126445128139307108149541442952738428075787684953928468900
25
2
97566218710765305171858656668870221344248895726855104142843983346371212594
205350360135831134184341877775204393339313706409834277241356300909671506219
1406171903110357538642409700806973
14
1
108082076645038492064622825235946390068422742284761873739409017483369536473
31503235815454925772750279157631458140023551862589119517946567
26
2
141923828711001960534467600501187928606940611730818119373237551665070231376
180841024595961907462498996314975188427781091717924720270551196693609926960
1996501242029460026068128754519112
14
1
179319375405993717991584909363515331259663283459726146158599903334355616770
61688018583722038963377225468331494131093517723998966865498915708
27
2
159624943543399063402915843760108698049405621780609887791735168278699657017
83548561763097832282568604975106463454619991607335811864493544144016394874
6035659249428147685091896788710779193998653
18
1
395927569679531286727190806687639820455140217483242462685433874813563111159
5582208870053500964376594808284763225095106161043794053498474179038
28
2
92333996865150139677761435019927602652870288609235110314057259982217097043
115460621502262627440598187419150240069675797734706012347081487754781222517
10045615621190940095177741737981990616183869
18
1
182779486889576812306359071268891667507571162619108388423863156070335083133
1164222694389280097089887159943803472317930276549672258696546135435227
29
2
159370309673667568332466594023341529984072721232035849630440269399649037172
85176374288154520170207478951020706481180422872331669974237115007716647748
8649400095252408680268846297811961992537698
18
1
53306089898313209296976414057558841483469152816516097606368957590218091772
956077404860945204684846602168351701728662571943753908836204278510222219
30
2
127940834923535732257185518817027056180993161090107721594745086226919273579
85480829707355851244703260621509305339307174150720090430627954294824400729
38654396025068371943855978040342430799708804194188605
22
2
115527333090296404385119168814090718902665598715671972154983516610590331695
82655660464740777940621330249803276068496023075130459281629848511576036263
0
0
2
143717123373657323597454943772242078287752747150492141536120112952568859440
173856889810074318372761147884810161397391585635776254668880472212030966119
20004088513941239039098526585106655722251681011229501
22
2
268072233119808458066134209641045732642572520123078218892714959669578337418
335328230578899708997701822743840561496642849466108753956153883819839373773
90
1
2
191201969179487220433791458957261162671485486696376010117336964199318048852
207559115259937538850023735159790060770066064447256261619533373053629318479
28988053117834232062034844827093200080186886242644321
22
