13
6
56586788885580261246534084658130995068828797506963472642786595560607849467
56400618471762103160303971221091496142560146795706722255626341565843003150
354436030184570196277078570115372737979918904903110857302326255360153306017
149898486658372312233575872633549594721741715980536281035619768508732326553
364504804447238544778355663351584775127590859209242572987926343846317233778
269925494328313977791190183727452860407956429645240484376079676573285866743
99050559664779
6
8
129431103051956101774470798918456396449655074045835778964280306538921153642
154221745605564851881741950070307070951496860038916625145219524661953718872
198600997423232041732888382714431913091559179325724782417315309191043829869
131239437368303718440227449700808549587842646896954836153732993630994780008
152489837887948436276500077679297959508266525808281874518748070441855250502
101064383942677156182804811379852544407571494689295023235686278956303086924
76459468539880906943207907855866754982811139551784284103864755538965326161
94113706760948063031249992158003964000067410746455617391889884690408634931
6298382220529257292
8
6
229147950182441171868820666447306296961470170143907129193426742815654219390
120117276359132005585643184656595115438421552406726540483539500893354364464
7602355846427627371263716115619359913363108344302613155798293312229399389
167583735296899999702587590580440020699482768778409885812687816492835886099
402086964824344671982317868441901536705533373198757855833723535935312506093
77896552115928633920999588322166265829520034345704691981994817410081342391
42918306249542900
7
8
182663518669005146468823500665834282786317814128414834299468925124939708787
180601291816918704985060214276107815167947174727184380344084711202599105355
147484693259707618454547654818701113691070937870980372263856524676449133381
87082417337196654371461485039513748575227577346975158503252247845175981156
156286066198431057667121151705321053824368276570437241683794895971522145103
94100846655769480992602959692252869425031623435182857564873695299511792437
89070067632310281376223379674021358374037498765288817584160744537891098225
191347127934935607502878600623733928181406412204130329726396876744577732403
33821429152788065186123693373
12
6
413696093729179944711798088941809949002538906641184612675810324746386910786
347824262843104653349211320863725433372858954900720986907921656897220724345
83880553650358030033107212235368741623866262502318837463817863943621788075
206357099514419856156469405024090862827180494350076387920086815670104720328
265538615418570722492290099438199406429399298132040748431419432819905453164
16754803974424723500853999169529557978027217721135919126385489256255158948
5427716667307776615
8
8
96136697211319880704153231722364199504734136191051423721046394553928991315
131259280290537501110119626793284941371928217470716296650655294148762939511
122610911690362967229859133470035970637173586111519761924490545879501795906
177017539789972807146763221597160521547413130891374792611951605696643286898
177219275388949348203609188941163924247439443965955410030190839348112862025
148796616802949245058351424894910371836379351728825432308945555269634123886
177245105245829539037256931055315733887968248964671992404009579129321448235
92498669482337439685561090297999083908742756694119617217257749204358951275
25746858691781697613144613693
12
8
104284274812002193058369313012097463186884776859731994522051112199728848561
171753799364229867673259600360632250692739799476393605667008693072583560465
264101769145486450931735174135192099162151408619256562090262101104501779808
351137879842948314788090454430178152871508583276851571174015768875308092866
107970735569649854073655357396692869307890108865188091181777035788268270447
202178436484364374506671736379454188246056541219609434613890422883100557640
40996823332308831649545686545854341367552559695345260997177222512091478976
145208696419203052447570717463471097341573893992061775105808166330515787444
72029704429136111
7
10
140404607618890516114317197193030245930799944145814085931615752420583883642
97641090675862020224843335126814889095140309357346600732725529333401218389
118912351497359660530949160858404889109114011035743214365520537455898810745
127752816655873140355650519368629626859949734889528632725867988729251967335
212811721036414990468061187363585763344765039938763717034452913487409726537
154110531401265543856579243420721157077819088947659195597328283058427806289
200022731057299227522098628146859703106814294847128968683109375643361889397
193319190870952715714098184912051896956328634571241626998437761449223734857
124523499922217879128468630081709084111442685908729201557024938434728576377
129802981395495160221639399130231579487740045417254880772951858789033866337
347902658140075782353137656629075829574321161860401318470901381718698614
30
8
90866710936792223547565441093914135268921633988660024197848802180362399150
254189793921939259807347861243392133311233876195794736378660556299837933257
184596214632588588387852841604396987949156822344638574344260796253823087513
164273630018577595511401993433018810391583784092806762406855246820997675715
280009892054788050233681747701810428918072797409170229511535873685139982617
98381380075897974060870939148117959277914372764965990254228204162063148044
213304391874921970603792164914810147267686059190582454675895042512618919729
326911470777809442510503356791538092152330465430083981947751722415170983985
14185565305348061428
8
11
136393693258972833255416701703792109539568600776200346468361532369810188897
90594409762044029450271460838638259572436262909691264050008841650810214215
171987723208887792997253115528145299866950454357143705569031093506376356718
125814856827291051117408711336579388659959416736646876915958125379868970842
156037625036716049041928436899911996587001620149823584912647556791495240551
175513577154286021454824921104266150809859969169554224288335076015584858705
89180387320624922596952104275573225463826367376779328868073660296406594927
194935655979272096970322534624434162362529082805992883522054224319225614669
178979062225046317771438936237100794539639496868917875053044529736781489715
188129346058751121612844939566906332003245891217793779253506839668965330298
76543237532596834672919316725327730654803144698855290724447495169406809145
4275517
3
8
84275159986483374879022454201249823746465906043757465691294256821154310871
118651725418209429159775607359074441017063992519739482167778419568084731274
22944631983943467774483560475891000630037936761644180485012285245629773342
109569686780550687225939404618585063560732643666604675574368682988909125800
430823956450081081587437437634394634509589711971183237941968122207253295909
275349746026014812661822500340969052607276506663680467664163975458595539659
95657475396971384449586803461149767640005968665896032880471249423392838192
396608704853798998236860881255617047796550067674853885898223844804828075121
2795235297464611207218
9
11
134662007856422078362425492594603826283247846098310756158359916920416649552
98006585835210468773847291120542144389085429290714705475621186817581920307
157975996947997461893846778172234593395407875335968915211586443293164662582
184534347010153495292934854415470093274407175958398201722705167557597485413
142060786309199161323758289366339732402278202186001311182756344553962813250
117200366649144637557958344579119761661296680669709394949745096213989246041
192947875626426281837433061632752046211289561155004638136087730387021679203
186003852909956291530140179830793723543054168724555251050118046417294553676
138540922506890058553598061641369250782032200819918377850764746814958889798
202160407746414259598028863997573332972905494006299261188502452197101287778
178839438448363643906005049138310632971051458164161417930721603022473801573
4475197
3
16
247400682184770338888861908971681628379395532690325436924736712363702661312
249462092645454893819833226171266016728045517533795106376873644497563102054
56827739282509095089447484542194720849313505327960638924563975855743064775
392899911860466123458877886838401788394335494613164872832156407126191187898
65858249974929202873044274137373335556190271501288616352699589296746751912
312562070176578425621340117146092476771960762447822126651366563822758050382
198038269647760997133909935236767184522115834935097047239317267139164419942
118989004242333892964958922728171179149547414164141166536051457249489622949
262809520163448400066708489100648237161430398551524019286354844852949256579
358147067637520791308191061088921685066434979431327187845800506109606893858
57746943084240382695149741661467700199455987826052150240219725425144384714
156509484962545421436537081978969807524942297076100883676557546587325391557
442946800646241111547661654409336454135837794649529846223881409881838524825
202941111397079438612895487841019814514485480005695648575849586648405607855
191038622868726172671722561017918016551394093936010663546484657021924464074
37380487947405156550302184927613627171091668214013415863718805486572346120
364364718627746599064415234928871008
15
22
187736811327542893900924284163257504771533845659117619336383527837004753513
117006685877624119689489968972799885400011719700782097731117435590354824521
187812433776755418840742100856843846186845757261520737000511646254141827441
179219004911178038464827399340351212665174113736142496453556546832339595848
90855758554944354776715284975690674762200099788463826591775256790212423507
132992484201423446009723799765740254467315728956971778790106776942743214660
159804503534802865411068510650850545453662394498243376972952480862199638328
149010085682922262876303714598189490620298626969968080986702700391906963535
175375759621160159071700022924825263031885052400236716906812886982440998007
210746878219129128584563232230371721021188349611493581665566813792580758097
216240379664571476924511382277160398864816909647006952518849967269226169686
198613102642434774416431272351266307280416083163935270234225405020278320452
214577483708261723934257886663015083998572133255812588672304828455781747782
214383458244290254981987678024489693448500275356209528761950758493077273209
214604367401829929171999836318453398252021171739917000783404131864577730416
207054205387135533629116614522402209072160987594181083414931496112896691270
76763284480252439945381021862807498650280231361717374727859893726651900465
90504822293197264306472227307342032781407552041161152441541749438667845175
154221772053727405319816322756992081126867208542976670410213039541821855560
159860168960466078415210713248057565137076264414612904441599389777804548171
124254925659136163614493035100078420237351812623890713542306918894055682375
134620541040747439531424729542253044106916352788310022286269270209633671489
15677
2
16
222367680406374669440218895223569608029846451314784075787451247904918748250
231066897768148125230045609702246740556599334244839588854227641932787728858
452175336803301031732399052492336494561930392903196744109765598079040096211
94786341463091153651561665018698502928156562801620986957643236293928361731
257902393856709755545693575927864293145342064023020745948172742011842607720
184349226282906458972868036147038671783572017556238108782468749245606319611
197605441025514872190950611258090976610902906579452510168162449366149829846
135972327305389030045245399303126974496400494325783262243327133626276893490
323242873543237990579972010836945004966746618887342177884674623714300183299
257725977325642268068039193020432622502475000849111458433498436008121544337
433584424352661206104112295878366215767861732760289243722175499614696204941
34761399837295856405632587483281081049554016021191827760255570297985878601
282124994327574490479991303222370863810284927070630345662083050294350092190
276308250592704230726092303071179499358488610593985020858717398890172944039
385561777469913473919024061070861314235617698327789595290895640432328933332
423932150779159242051728977760445737148301080128492106018447378255338823315
207185016509111266777642853620050307622
16
22
180911683686731624981773514708278560822862522209320899518934130336770443877
76783770265756391019227993623638625575072845090023626459200554239535765328
150716250529621893147298382804622748934899676522669539799433983674424636517
143593753813988847972141364210575231057262295017403630179753941187166299732
138485898124998081391939474817090243155895447860000189900256458889707536696
200008900810718019126576462586167911741033765708491795183795888178104656450
136800898609945615512531678000126394776029567782673708897571776095570248782
210808834906817809766743188034876963332104973814526038903996098998820558903
173547086537694507101206385642069654147879758570068772286169190869687949667
189428544197451010834659012673378091935650491390759981453432267767609905476
83574741243286231316497545340897103165653453483727626018919488820605956206
184326915680239728875847585629904145592446460510236331814025333694904094020
189744223696627381863084488548812105015321979934038244647377542047754629445
139879916270322301870192268158565320992307651413933587374418112590036425059
156312836490815320395504134432681555411477137164732183909933870473643325514
203879968126167353300991197038225373280200522949318305087880985932400390218
194727201568781628541965873775478741738833915421856893791123856669209674544
136760750935253258010941706971276968689860103394577243875844516383198556769
136538661825805597005768954239351700993910995613377362672334236183246959728
216137416136490708253312969612579965951055719833363236462843806683152002901
97474642186986187262070121699514985082093493952704148086366310255641786743
120927039021817883695333900943704147099939806806242564955517082762326002537
22845
2
16
220556160215007704141907385488297883911106840354831218492733836375924923667
129346537086586355874330212860269232478086359085146711910753629688916175730
189373195897794655759150191275478381719082255550365647284291190843640992818
231091189042222766126595080308986867982088166021932086065867916419781456190
423340647693850149825475486487211750576179315392192574578616849229854172729
169723989175564814010292179550894725670928410847252865625231614694875026471
311241193452015945536808356150295958104756034201195345930300267355962361532
101537738059390377466904716547408585038923877773894553850666915985048432665
251452767752876804812890773587845710965589318675549047147866201761894259851
390905938214535058996742442004217404422589386782021024407853083800610084840
178888835017096519081996127655664561571334203322510135717545619447683789344
429720015233838115295320639405806349842969944582651511133005053806035744605
279669483321661877607965210473931186984270474482607922893436571459898050211
195076532873841532216968455590470577204874731516303373381556316868861379471
418960647764320442123248241053587936274744309023403617465570162101944783119
360732015916883760154394473063854470236564263861331874834640423269064111687
21579980481548031313339568472689803508475
17
22
180758983285556148326909373188601450517827205690708445042424764939111256682
156216321352090335024079069546493438765205144009944239354503517158283818314
154069852941857997446595057684573379072324036474545662037584179655099382315
97557354457550617042662569878423053788718220054327437742816107495895224697
182782055786189008337462726216502576314718397928806982522614434778794389557
92464941939951881814208555778481993739669358488241780704932841222547722307
182367983339527250801601245762446052057590406272800577134654395118909418067
180766773644732046615069625836916225440994949200531277985618332543165550958
203652613321985432817266659666547719516515919405010045910790453830341250356
182443845248359038247592606773115428304784981651931436208798528120953663042
99678102004173532388814022619112295479935616156125349117108581873240077423
87358593863067037200461729114226143131527349405389090174594982559829752140
90690415711434368483049119047502701755791341915033258066323595728271210347
120872344541794766933619818644075009463158782789304289186258113927042983252
99297398372505287213621929043852693420719901134866101542169909618094322232
189531883556669533150193146835543313052819534516843198404437511278393189476
195094610880308116243827438064967371926478721204690224957323332038785977145
132888015883334299508827815027411361625624717169755064468167015087849109814
94237909536677935622559905885715508776025506491255378004117654848109374801
143841490881226061328694160803511008386242991716132204018022230778455803216
216020839849106258366890342055137378260158894028650781317498451133035595576
90587774788622471988770021341671990935193706145341675515599587043858666295
29239
2
33
170536613097351307196654070175619716189480415305670756841768902223566811716
391965982984698482885044102879334286183442602938160549443699556399600042895
331623824593326666168793998010092295989833125396406500734534874962323917610
164096966768583907004716758244442624915970323435743771571886617012356348395
308116663132990833180972616546867554968098044325005665316000990873418195515
120279248461678488019345380483986402432152786562472019418643420035086801209
110179498377971624088232777773435922382399020096602899886541036273716736825
185519171312194592236956309851342835275324921685469349834744991351852825510
48275496870778996405023925546968443939025997166036428588422331781966075294
445868172955024090304902285052574874239466973405982658711220786185672708566
222179189142938475996204080462133046430322150163401887607913115406996254974
71745097812741355507651119232116173146430738609081420885213551588435323881
202348283289948508855500271243594380703953352714779005705162961545872281011
302366434424290510524750045169297959992809448837119982597899674643156448753
68760421400073802323179647823103539717883926155781601018688465950476666430
9870936337987187129454102347950908369239529135372867527911584911874910375
183205075195156972208946641220701101537408556598847126445630577185527744322
426634205408181910412657601936090186012450269208359379211090193224025230091
155879789221426954964152928736899691302511654826558736057567079328697881933
272108266156925590723124142693461733466670216190626185368409750236856734671
100021106977554894338869724732897592476164787766466953352592874771948345917
229202744762725960338126457621568184049669985395923622689758296640901076116
237193931151299998353965496463273767511296136318147604469695478807730410812
319952512056059687400310145144756495457962668771937882172777622730338670411
72001729440644802586004152835756345151496639790252876192864629297995591902
349371629323808752822884031534644234560896347166632295644828735671252808261
42198527116403686507651776992992553289462990102226450749682537084872713422
277753309069779244853289735784087908958849555976151056079641102716184377868
365131638448620323080324699470804992787177134090262285609566128543073448705
202799907720730297730725276264054388156100879664081549823468674309868273304
165608397395851422902103144511466492656772185732383631287784709530430602141
364719613055034631716697753883130375934836172396483553561871946908021797275
129184875724461265473688348782222344089089301441348918813378564746866732658
0
0
44
157755520630225964454436351896061343683646451762024423126801069183580399719
207413287867229954150547710165040503832082106869157844943944077014410622032
142137185116531741763252623645476593234276804669991143063265902620222572404
201801598359221454645788414697501430269937048799606760301035506088891741041
156029543587369772197889674038284282781672483451788445294956375366403646297
138492232761782311467696727526439925254869867500390342318142880767167441752
205424883535790847728314469609375929488360876301241864453500165234250706004
209098473882913987810696571834965236286105299860617062390225685662716750645
142096368914999421139409241447144735202552940260585489556528255263852614000
143869934901498330931610805394014088662200790856503697671822717245484578935
138285395622656324161051167778254491463643503165925465177220735606515387462
97930320162822073870777128240571782255180361765036102732645700469531367269
83527932471963745515461653683544042045985896795488488540602161572135593266
205412964500853992438387933044308017534792011537273146787479325603054109497
203984249417503630576249672227693872067160034090973517431593906977806576504
203983983395706408077184903382830423697527249644190398091309010868035352176
175686391570841891154888969766593791681250625431162588303658459641685569336
136816480913937877375411895053904114071999878179992644928978970183602563652
212823712209048538599144924641122929618313771598655943967297843223377770840
179075951824434539512809151809762993410421213890973144256309874396180338987
117235468078875349544091839142767545969013796492894811955383595896253270082
90731657578270635418101443523888692249849131785782776672182350443474089038
92575936371946388143392717274450661227471902895892918504695822269352849521
195191561167039474373513420016052132465902722458918828193504609592619332428
154187960389473509906309884796927012036408954850368138710494067271277235313
189869694424127824203252696511299955867720163044454830282906825578261990187
133226304849931992878137746450993860978854097130766330966358835677642573665
141921939203196637940703224657676320896444488233236807635584524243206565689
182664541580921151876972544823575974422558175365415902688926398922752338755
187873872218984867127840217912897246269377309539593280142104117559113044565
215916530130041234438884991736934342698266196206128305131150373140638289768
92430869003223986362233477755529610523972711633208486199447053831918609484
133046754996083191348400350411776604039492773089940253412929384107549409584
195031608620070216408431947279100357947978195168791691143503409613690726249
145456335655494958455266792205280485405330350662933541377038272922360432696
125911724439455407442540489496634371413243782708773642739835982109637170255
194935092534709528220311084891309782746372828025925746883382552723872117110
90683832953550576743333023386217985944851156370524016826869979193183400505
192960951280341253729347460705076402161458754319402213654248460924673750617
90442031720996392269191670229716164252395779600493980568610324362925192793
156162024525867841737545908051404349975972676623286799448971660047254368632
87406478331898596416385711842298813789628530944359388803193938062571679586
76535230109199210520531433254876618679575931369737689618671450144228723320
101408796531218434640835407605902782735030123774485142356053904433751864697
0
0
33
183735268290408906879042907941541703428206345341891924111585965167169963166
344875317576377013162759920170832485707823390049566647335724491661616577900
263782167293393914256194058039602129736132547135617187830602652574277211258
83954303360018886293366863854851036253957199701586115587552205569158134793
186995889836605857015300990708373628697290493174795958975342341872380174764
429878574509821141985542546710359626379666517032485322803930799991882434742
398141447542134813908081117978382635254335013426612401847248632537503765654
268922235328470092901537625454458794657171495386366660215314563329273190510
437413344670405411744504468377412055113957870668516116350154941076905065983
233190087314770321743147410279612316412423912376247950723036488720766150833
147714258666148040221500330842466812189519684039973899905897668999972930006
166253149369687166972969892738855628921682167703690267706435441819710808788
156965861354544138388627689084854030052844487794688286607228517121155769517
234038005707231928066225902758867595682448212041141051852838308932062197680
143121802702731956307406863733246266260366576604325021450479969839797095353
333742570733269519522463639908679312935820646007882289922157095483421006473
116802973569088136307618114822629547177944040414717737947104584102732572007
321704678189288307549672437545693338377936031344471598154565206099077494844
124631886664898940261447614272608038463392269340686092000692693548356845123
381454781275819251425758035947376193806747024968964900669958948130119910132
163324062455560201010512472506876477149646243365188868964435671899120094427
277153768635107258174989503976886509729096109954331103018969022124756151417
299381291850429030403148836566317841560377590186532345359932087429561331176
96358067819478441205518240530320783916853102661063905248463594515734201723
291508428874246816397098700284419390809701145203707775794238350819204686680
268492791043136617351339234761346510090265262019460368794530577955959823842
121318153473197234005035384694753191442517848314762064270406437067336386951
417046883976916165183013299095145703883340737508152177760541817671475033944
304040252723286088565897122258724998540289021238720225661121324328748553619
302622900453532762370882389549825354087079456827975299738934901171127816695
35975997586751093654948703347296022378587684826294004464117020339027490358
192320506571097093615562814880278568000230335623731418694598736017730027609
350205574564535618121366020582702966221389437982764472124177287084138919912
76
1
44
159341974351729926811013862075193376927585034263667425418561685317420854098
191628989748140274023961660027897243426078317126240487336647326681288362799
97773435173237497121904432188806830785941025587962463611486251844356696693
149244528010883520940765264950246359253701388810416708953184854952949469750
134641456785943065868210775596133730745153587516420919422711333031760648747
150854387411165203194994352998997782949619443294300237613273891230563266603
90484919430162294444301931288264626374636010708307590042007010673394017142
150875040824591100149789565670756199461028784277621208682246936910663739698
92472275042061134946743227939266541605043186702503832111955178969113384815
88821491349466944706468480628172445311615955708049605243468315473910459499
140122362867300313980766352297281609978544591232459652915002302722028631149
203687123845272352943867946859754678405794403008822133412646011851970589487
182312740703631353094732017567061684003380581273481996123852797631498768217
138167577689285864391031583307316055629349008818389498840501692248207356760
209331945974057764377125492465833331432647135327392022848954829525868111185
115144508859883428134068577713433734333727311922292626946588289681933028437
154256684967928641392978780397637001521574222762224779793401592234949048888
175493894824622605729647979033533039859844765389540920050821216487329061217
196605368253538000399692600831387328042158628878751333696790563302942207340
178991735400603123868267749852219021044841641443319799060549219732420785461
209035380334218219898949659558683912610412850392135787740650753938181157710
96143246180433366244667161230011345257490703870989934637450581426130216304
205688680721292326402395238813237889683118617765756004706897312019784225138
145552255043869597432842366501462293715521640306628314107332960278853084984
145650553127295312179880534916729807758510205837788463574292718367726981427
193271903631286480978734289992260431655128273858461002508126717704820521318
214378065313819586797713136867170988544329267107301330688223665411054262388
92588207129338255489821313952025008021607898910430706420218086590599494242
194892815572988729415167710058420129592355463113491912884854429667033301841
149128679945183576254868285180819181389808959715490677020255254981245035317
187660675693067397397283503485420597348034386792386423345492121196103104049
90677850067168934610888340540657058031846830394827983019452427420431373879
198442311810284264173012211408093644186235488066985195817479689406120229447
157769939546143967453900261503737379884297281479245226406484207190197626709
180716847944565928241010738763513717416831090415645898822021209105275056227
196715446975344867545570086466362439591629236655872447374278302929285246280
97628229323738120974116320891682023904441266833936790203697738485446232950
155837803687690686384835788755715372177040501879139300171992748342148757337
200490217473307268985944577745755765599298051699922733218630723322950407542
120928147221416156056073896705345731074956892501700772275789473644941756467
124165688222177223910517856574737743902549121920121755492628760543722162754
96095771903280362974802179565275862622907459617288479029977828047312679281
177211215955179591416472053342274600378305438656853325059643772324216469360
178958008797685357621227313327891814967850406455149831626290153516233680495
1413561661
4
33
415969220550369477856026424870120017562285383170602963708416591890494006099
272649029887657141322241452627208280656341366682352664478307833582747097711
23703748174124316035953465884638423318161177074729764472550423273714042050
313977243653446911471979463363743426477837190589446625882159174196484336463
154506549995774604663126062075036843304099528362469928485298827656257506797
428592352005486931097243716881902804919583069016649386508933091749923581593
104490707172420118634252727362027543351200490600991087932254290020390359680
355051002445390404656179336475510189568203424246152489197772176988739029857
244876004295482141406544406242809064906154468157390744840204482934560951824
269106026901261272650380055749727475909382284566346661511841729255932668645
330235043527175184751377229700325763650786440956757040759334464792391489744
349090861527828527901483325603287874381813958864010258498586761696714662015
104611350585927250334016830786679436968706552110961158850931094925091603570
329204334264720131515264858950553824856226110213963883470977900052121680325
80921931300546234714657913891245615350373164184648841557699786175358709762
92487363064226633150355222386067183871206649362734910463621823355623117166
258253941554834925430376585251096838231371427557078793773907353738515171893
19885270416776797507035786687394804827506609572874294490014892978361009610
194513045237353153801279929787731034134549781127244886145283751964457484701
335522808890531754084650767187048421647936129224799211886308269159143241234
110144815400166172715363198132160235320956752742580470221719297908283905186
361213287813372022580651260606582913017574949573694178551931597876236493686
199189723242950305413070260006286111592138067458655303962180716611077638679
39359606966723930882820505158610463028064569704812572432969324752223449999
68489614085039732754596373439181769532817496683360103016076878321406417571
384415450029930395182965558732459801615303621717550699793771561712601285460
270385550919854062400282403052643060006785555921192371226720701857477042248
357251410797973935087534187013901821448845257687183588241211508095837680767
317719304227673377682933664919046032602646713563024669928489556744247682506
51219925072356723110460903961625076632589516999293343059253602201977071952
447203391469548918320648823247638088543044490619367486704015668587423088482
134101134770101285177663958547628723889883936788618526844987934720039349602
100603438072593856614461567920379284551636189425757314793529109178892383899
14662
2
44
95756241918078988233673358286627711330893851752089085430731842120198352240
193353595216815547073667834433871125241406292799294439440797055498764971860
76715537496487850261320666859828767080432100294734580297924126937782052690
99338840759427844731985045656807774711372304027506921923956195322125177923
203866006766564660205478013843518056250634780011299439328531035181606654583
122501476325053447330991683018216239249967986252454297688162078536251230026
198234907459166564715989209850715867351893574511889360846538895045663215172
128008669700393943341384552441286282659771538205327134767039730274897573466
140418164259585012473004780981541570401246336260729534473897630145727317815
207297090064757734460330397192137926028183687162132466624041122403021252691
152303597419964970857238878966199147020463371719723252691114181075578345592
131225690416870738058856217991886003481929155738455371541464613267952317521
193064067301088367280133860139894049752497769050943350647542936562491806325
147168700027740800283639271179523983852122719205116038927548447974007059768
189855968343768488899702095193056808680670718798477758550328759606465086771
198399041416661978478799289558640705510153198119589259335539594618199228975
140425228500382776641323226097120910429215172097398361919816401953758275449
115420688660925327591406183176823490587299918292399744990724048489415270762
186019032748666319369355694158176212847934333827726540281526272563191508035
83795973837936702101379662039588187159213024816172734347622602691615932739
138300032855903346439119551902277269596497934590115775708231360933135466874
117186158869151629964805037349348965892268391928212969854833009866047975474
157733975107675340625086243318400584764825851097707205406882057873403229281
186274206322520227747042096871313729289560453481929935024660834083671595083
173871474818379539775632844787173802878214924945271532863657427176393365325
198716548177971260623264244838501931241223282128644289510987665473813497899
195072342472855803154559855213049153730832490013366978193733768109576319800
139941325978379677942830675706512929114072484533069315870744180518142235497
216054080949062578690602585041807839358974998591254644685782979159025742922
115200076445434861259911789305690416851667870360790158642256677989634294629
179295463304380817358595317774652085061647083670958365882792403826055203393
133108492541730255301269564132828955657135168522358649077685885869460967248
131542520743681284056768240697144264654600882621135828997177903408907175258
209064093757276311549892260600713794679658908000734077108342938510968507443
212741595480213511550878824341494991163004965628478519929084222862968248954
141805610307438669377779887855406150001183903610260057377984442088508965449
214522080392623571493976116346002157933397938471856635567250202984099361350
150515421469023920015239344128086648281879552879014626350800878414748341059
83741509578736571210652450757694846616339822771420215710690177475020351815
159516080960918854315447556390190642554985482280537222884890368278433721425
83610922033031750982468996188327571656421477538458207782482515134094788450
156236838401364451880396551459034198897866015613438077678520494472892658787
99664163188849208453482426799221971595876114880862576958096386723481282608
185846621136411793166942240152689464831194414353245036917052651393902666082
1330993469
4
132
77479236597372455474609093752701520647901267341343093870580080967276983695
240246217273060484480422935436686890653444753061231516716320710211704724601
151512589965715988131315543699931526558685239100335493643696782481847001272
92757854637736996025083677156745094601135276539503274723432667624416393166
54466019816745185396622165351268695807096342686092178054132966767973702020
381386104777251656747404999345428799310067038659929174094551912383193144301
272492307513973662720253969498611875273040377026714540370323704323703811784
203622414602506348024754245720765718965995094723028551061902055756068938079
42328953607566125672616431124315148440450922602277497632049606493125709084
98764155352436712100337690938971653208229839724647723737495348994739715490
189411717515181591240345174391336278275285015343945799399968341835082341393
371396074503790610860570257974997303058062375358356720164596269889527172155
346130942679406763731229408605467105331445268851828903178538026494841703211
65630448419529036517745561374586142711356606388344262546083947989945732014
128383989008735712259866569683906641917084327510630733970403004766458656171
341960234117545362114867401402238617592884899606162880435196704382488541692
154621714651810316365060281087342444933792563822632232739322786772127652928
189601811970324621845999547049072256494329246877833703572069396801661726359
25289193123846051740795266285124553940104016572636472896555695518793102000
424572936921548887845345274277297900682726094608364066355773595086003276537
202693407011298870348861270313808697568768762822507275446261653777858121374
17264449176879522458861331426633374946319943509396292282878931202695107045
396891518664099318920163069987223801662048196791696678662646672617447369910
204004761213476366379032182506785014931888324676943375671518894749727368601
396145441838947410449227389525981439532853359948601498698261443942097190531
74218309694837411091491456029363617770476324460202721960650595226720795348
319389783911795865190681703697999661029127206234710487580287257887764588192
295461492784643516379474504189508994934952596314162141974443802569705687148
389819100384803996136032588319728130814445856198920830711868317292547991797
210851732373353710126353727023770960754860562554154745845433706251233094242
760238624381091636441015904313352123578390141945368138912281247592022405
360258663266675535509038297304215617944793380231776855545069614093477903868
129586371935378057796698963323497879151478499379171430291164801679413909556
144936935846631307896641718005183956026138476067221497499256327324918371185
71788857842908505409174601250059516085834319770024712137308660974285463447
8658012695832341222338228645109494618436262118056747490971164115095992353
325621421972419722203832295019430195525469297283144629136795125455603432304
200497711580899374717845649897291034257286589215830781809408266876535388912
10765410706148633865261759930585063316230813302574127481725051570855258069
278695557137210410753131997508291685363835500686181912364188499232866524774
237091597174375162537582645901883752017434390861646400409578202036330844415
40570699691089213915128813391772136247416857949937141871325274012203394777
72695735545430774113381904939202946305025278378377140329582524096820259010
205804925901128834225814173783535132727370472658691581099578684464042157570
391139258710714063122893261933534389608228105007503378000834346286727219502
72815748813912543339756597331520249540527240906973790359665694298178204299
61052515145290267028797400684363529487360400695163574476208417744980809423
15962657712187430592405503196721774875421515846764487313276579935028337765
298390518404577364541028193232220133749480186346905159503047123676493564792
440671250862187662558179004144986222846810104495381338517886829778879495419
429905723653530281397032218221554389534651327462258125164383885816367359262
152611060944798482242672103319755619415362044548018738025514129541035074149
288220440143152921152598242274975984441890944765818731067222819415052177927
104439981119002986941781819686464356556885004047481025753247039732799477412
296286591334501503550860583515005814076730832846815221595080856312467687988
243299163225247364624217751877915294986868763450074017565681099192794692669
24757932476205113423705512434909077572166903052735581296889657419342255762
13600439165964644900128710333216721774526303413473952901222109129831641131
182642974437141754919672455875789018168711652295660525076089738346121535087
339771076788967949577208505603562609854179972257141622353537342717095525593
79284973552529834511285357915023862991115578187960239253536330069371878194
443586816898552690698201168667814956515377412553306384186212985450754390553
201355173082715344595544691726533643078908542251367131090329413601002573035
288887706927703803799107723984531826289907569273710868847126978100838103943
24085642814902994115849675776159391380530401714412167237833101617248839137
44067741850044236861664509421365858114902438037108608964343039149808121167
48854346158351823301659455463148377451968239047125980652439843299742413020
152394329914050659225594667765174793446251320165482206896286805060077011448
348069968889727129692367765938233589523963162938071261134187560863506141402
439792895696504791454708264537211809148609026087652432286260434767337211926
419972404256764527757421439653552498000445092027244104047574599903139613863
259655338175913672948017316244085964871694814624299389950685858219455453435
218213623784627194839372107763700865076896245207418670243645177844582714936
337222717704147583812339801748907071457824448591799018387087914333494012521
230630983675432312392579541874657917603958856635333245043562080460209573741
267495009907515589747141064457057536095898126192380060005002251948936051619
240473391430931504701769031875178830380286123299295090255095743806350676568
9324662474733538351616726680256411245954696933651563403855351725450109009
442737695737895445069636942497532463963113015058775316898277070377052884003
34141535233363330017119746664008751202865266890501283299628423153255963833
437319861406790719611739079217019061142975107020937882447413851126913366419
46803311444827958876394218461554426367225002532092552586771064837659678347
345834580419587953340594358188053796285900690791277674714547559648121767129
316183822856213521515516758526638387982315872855119066962834724515355833992
335232822217768897708470873790823731981175476737369884513908835893798872454
192360945682728509162920631546165409708306465727271751267610546696838269955
190073002813919376425457914055194217723502509393327708090984952352317966330
200230871431768999733698280538192407480591818465384377522347153242436640867
99996123952521422519140861581162252403045383880832930379398446158123578276
366332883669847422879632492807413825329673742651471406146053320566581230685
178363565431459403572487130592790091559689772618582621843953401590640780820
158045801478220244371627847611184569605329003235148570116985033029989490675
51172096370015167444897610282571896168030917199630716704804913657050298096
232159755014475625562716937108771174713556991094334310730436623173591346433
224783203834362321708945720844412414441616691996864718664146528732531839833
22115392642439986504155333559260338228844367746287585817185664471166169949
7388070091697418995226585053526766259733375365424826137956230032404629418
1779148515309176608600436705856999610137340226999556914006791688294050308
445323691059783455232926806413788734826646492245355232705417570019859008266
172679495926330530145236671535042803451623749573460651759114873362967058760
304272730583255407157455563895807800650643350007139275079255308974034442745
430428865643870318943420110457157037333157763173320534351953210901719479442
349070329892666008296565670060182037945431749214224283951277441830030884671
19308756315330656544212978921626264211485449701105644554796719088079298810
346412151395961242052455268344644345188508909790307116797141715992145740978
359401165506813722414443282814010152242180282086952673065587429578192015945
76081591832095738559779115580664491296169718481128173405187783548804434686
110461451402596198576952686900422649575423353151163208346769027104487496669
179651911474658199744584923618408804772874228119548867649830761908438764921
262078441539327401546774288273606052586914348712033465687491736381080866891
320040932383686634847970540975263954143950780199621749742657861837209416630
203340890433955771058639812527179535353152011084922842890842910264333802940
254315817079424754166020071047168858567461583903664090500789366634935251511
213675588169239265981251046275577375339256167099304411213952459152759806853
142789120475823636353970095812728932127804202255777115850230410404332225010
102870788811077221881084317355321336247651096236302448118268073850319895027
415209129133187570725175761603612171490219638691018222769517470682119670761
307931635247969940123779757156091911091954177459500044360331234140688504441
215995408191852475512153792620692747476573254014091896773101403355417619763
46234189343487928067671695989579848064441619228368029208749887834202896083
76761848013168214509972942874485301687206216143904517858859506898393100604
261647380967359047429899241429875764142648880765053453784514060494685094781
290289950342658522254814723967960047335441269914258649141815789943065423535
352400125009971051915733688870532566310478096774459473579397881372725309110
117982921191513031656698583328293937157552294884966658684189659002732356229
97753828800905967269271813669944195079698314448372675804742815427164807931
356865439968653368649172985788485303301482475352705566276434632572471939867
444328049615765139762648567814130831318485779377905904946846388044413299064
28522653869740630335037527562249322715939352888747004092134431408036893143
269223676737022590528155817722268825788838641289909861831155069928153652273
94268793307634809116926166210835919672232303715106333901575955879058978513
394511428561246447328954976283659882296272945452350008047098702893746213181
15391835
3
176
132909929687379468443102170907197069203846095822087406043753710529593571446
140342811811730955046849580688945831466773694625815227981653768905226798156
89152073889696091455754056274331791758769315567440260087087249383657400426
187854787946392289219391200999505178071802998472770698464999668333371147060
138312271201819169150095352374521676928495644255523948335749570954584422227
210774378106452212485056457562605882267307114360857596660801463053792275832
117283624636156588295433159087061127324558988538160753271218056232844014646
210856719474952942165864003131449984856430826364959571618477406308306024052
193320865222003580905573269988626840492392277376911200951806954371592762681
120982688474540877506036718079822091700402281083810476811581887439891617382
128042963396832596364573887948187965473993790352169631942481569913674037560
212796056467271686928334603454181302797001495736314760056592769124159205475
138113253088187381493365099327013150203532049882429897622931306424841942840
186334652511593723059149755078899351327849186224137943318888729096725030213
126269588538972086854247726605790647864916043955487344870988756618373130354
135083606876274286265161701109185815690992899072090989551325512201858479927
210554250134154849070877876267795893894781017090780187488982339222126741803
187785497290916346957058364126817438790185402657239238439468488449386178149
216365654621398808545607916824631486950988292082506264675602936081543099221
191436877514791896249136489636421378235972085359597400912431629860292679538
210872141495403843934012745424236598985641562782609905343737878923922589752
119160950399707675806297894665408806068340859400792842180603228663306740553
157872438763420731550144406405672627380585396599001701724493502075135807540
184327320514635166408085690120292786184229569623965948775067526057729406552
120892753552565111444969219068839759069443327473463620171771058396289380197
88890373595183894074788817770582562482888439321974055013329147433959175794
88918498179875615459641208793612647436678833056551663747189871681374419511
140149619686848047668376618964175139415590070758100592125431927021851653733
119064350076436643890828063737507476211633518532287877250104339268107851891
115593666504113388662612570381935252627887991771308626507549647710671426901
184079397251461235589214778840823020832507308151293109351029980721935494963
129360894501531191259743556887671646032770112719349019090536379112579880794
92347748945285049642511447767575154258653703440041452744354902938569304625
196626933890286038309058639617956148410622219467639156895408596295959922791
209029024758799383062625241343378595061324614858370963713452307540754724451
184575294838151698391874857102536659202313222931793105985394638564389118311
198731834970384497813838745068978985594059275756587884682886323017012169012
128001846955926246007634029783695987007645649558961823538256159792738432339
173513145667561865433018356429774506139332888792182795678158573114580494393
184319910332511405351192247172357863074774689152273520945475890594937532521
115336496617368602156594004611194032323593194928031475566117056950486323309
180903678997690076463704938500703357181757813459065263145555602538949850437
184436669624352670385025231217026976294765973492103208857271956496234670899
145270824362050759427031889476352348625318738848116219316339619442082211632
150895665096176217160827250419327529692841466433891866887658173600103543363
129741358633704314690680679847586610968512463707018801379443163994889601881
89083865649076522910048469106141190572620001549831372332441568153157323307
131218812993135247374647924100059360480340143650668305058315183989804656488
207200490076645726107651341213009386294236941257124595034784567119630263595
87082390707165397085362414923209504966861121082537380506322856959433398351
175383549347918874502216241300800325061761879653201983277906933232676784427
149218864247976232829104998678890447585690899835028648958329427832213694038
195032796042109252514111782059402279884736759768046099562596744465602983983
94341303455905321139524031603755770949772833755989705285322513227579995719
95791533446361492391506200393575689878650645872705304891193188915156121971
99531437464647441651111760784897845786589789139617108781518914931634430554
133088652230935995341646037305505521454650760456596383182971935552543816009
198338134867779042020019666004191300829981903561317125244882303344563090515
203797524399406393163529975674345081769227397662040628474248792998256527154
120963277096588617993403813620354881984528476394662345958737458969334475637
133095712141469421917085119206941229575020851083349981420637010648403890540
214322256438439378035263644050332390169768941599580623602698688885601415016
126179595607111332498962856143358743411543952692519000935693420629293288014
214370082740386832822707432652848821530571620408131680876686391187487488108
200200932823752372152781983489600414548547981332872291040861108646652831285
141646682354483317492325914232977253305135541303712508091885209128990436474
120616786902690170394334660281541695348690566620413629153300910808595458863
150674729687056946997288210470922690684639475424102731915709099577884366181
152695516057319925214571196801809514997606243161664191081423640592752329550
215917314595044756899505285572277172986736093663745417184070219325970276684
191491306156893243740412947495525236363143679187189905640951392158939756098
141970251439964105729736446582365585177227022966719357143765882851869155691
198268333058468690574438873927377682602557864933414136583252056322694861433
195190266978171229142468725544445821708706637343754768654828385330351591289
85142837054120596528215612198844465916628641214268680416685195019189972037
182436589532137321656756352907566860816976706603015078640059613577731203411
116993533307041267148867094099031231521737380143062900893347695114450385265
131335311048747652321501793893665247637371166926255112474474925758100631118
191497128339941550407445073498623855523100944582932257578351013269450679669
205728637137780983314960230867455964542699818753946941585676458494934022746
134819884451279127428678205487723800340007665742775281369426060972485469753
126132520600957357234487607437094349859267914891030148741301947952819749226
191608312417625435177779891002122107928818802521018560138647190754726588996
189580415161863221722926402903431834148715657948203148880673731256135809650
196480787813861723757022966252105611215266458551097920467590982908944599091
90857296318466629236912234433626726951907746271035426058894719902689950019
90443190373871214743513175377804462867066690638033141272201074130852864842
184465085951484051832256698670729813361957378170081162662830684955964102224
125821459165913613532200865047310830438833611142831636494174976302438691149
196598408575479225864553480294090664965085392127057796540375796349483771255
196854906654643251242315463177849087838356744663893503506637558515169063753
118843796562576263913255977387294798677805277906750763271958408584831321185
76522632952778753572943522977958540779271584712517356744965122938118624330
214604958753476438741138018112150793339669969082818677542206724997336159074
147463985172689307622646146335408191775351122518345607201577337407681671728
173774900735911886039785167799279549275034537957869333564851589978702637623
178812316414477296845140037195399916860869803984045799066430233370081906279
141715645706332178083363222826866936272318704515668537784553240010886958406
202134448259559636243966740927813509841654573268782133856152248692866312552
187764363429548469114913402053007953758930444672433031642132866793924147572
191166924921933250628475030590291533348720932975839295084819584092401721928
101236279595144205114987797473150544148278412833556190952438175286777182292
179248090477471920618941269067007859226737108618260576873171758941721544804
179150175009823941044931890493382673219666031016290248447899155766629319250
76749668445852051648731542263480116520787807763270381800845400703630456879
212520983921230891046229440284008962270272974590746651454508753963863852340
205454128461710930124411181261756134544600367908551185844391098908076888949
85170603493482236912130691198270045687773114215474896828438804642481073492
126206665511387424087719472952269931591819460121152403219409028017008817762
186342924055261692555523696767602152339233459829908853470917013361149161302
94258455653374174486806403480471429699298227758095577241504459333880005475
92410269164867910416733425961898965575689158447788139140751710676685447497
209167545171703941852274466745061544084092567637464902072063719757191663443
156085967681538414128137040845125251742506637709533951901698855101711788883
203728180682969303267248733026770037146632811834601076308674210206068534836
171924666227857371243477674578473985103744613644033649064252942600371267126
175513550226828754337111664353827942212451545034858477011066364303617513834
117001404254005456156046498027336759126908877463935386423633339296411632751
119154075512025284748795139976692124377883524593250077667712542988902230322
99242858209507568692254717889530344006212171704050686704462610722089564260
159570485294503512001067413471564409766032892733501415704536178201739094609
125814692317202997904045566141073256768975756939712529450644752112837682507
133075819193095757366063762319822641699435440293623410649722361900148273267
124371825881915234711445239609534650619148646345613772959623424235847770743
182332716333411769177830576813097898674396295705243887984981097811621203499
129749038007688821847110308970141152546909798827847339588854560212592178793
88737248041799832091781694395435596447078007304304628310126786244598921293
143882897143985345474680499047693205366787661803142131323546526100994936420
117075757472456524148394417051107010203871288822111008093067812421353615176
203961791146689783386247713700930014076366487638151567659228921590723078229
148947754916854433071921472785618727426249423736278928210834620139431215730
212577000285796534166291518677499016682852328165705896701213752846182871883
157928926584200807443446277322041025923137010710500668896158656749995715651
126041826699448219997622665881298448969571480621178144526560436171071507764
198261678800095766175801216587336972106780134593223269927959018381309596264
141646519453213548867296058780273888085763151066467265630289291149550048083
212644675426815089587218316829554312779877277308644063683897899638086845554
147327116693684938383031840868534244087048375211457422544467220545095216939
94313669218539659616587880425452051459694894219069024147604588686212490311
189633740142369219097089219323560517366150397044554507420476502644308005753
214136560522665473789241241430548224880896033918733840511966967053759042169
184229859240378629365215068032653447804602037604795766814185444057543233067
145621464401610422666822326154611323848357240492711219446335363060944024374
152524773976909264680972931212413558714572307224550013843571754981280806500
159687092237634777918703997747828272016367896327303859404405098254166339415
115206173312207190170383453859607731650043163315627320395484272209169042803
127539991158358873941323508938176948032171981608706210343121231993990901361
120989727836858541023286847997757048196565800176906098025780437684542132018
175748474327282273934936083810538110475239074206953402226362448061225594437
173973787318172622178874507809767963516475181565827685616288703666155975276
115329972320958013367829731806877631478123985660253101170268272636891982412
92609638394256297518748490693409507027542714837665663690540260080850728262
150722179180099464253323819675196710515972649767289104578293728534858921544
184258251862874167300911805561838770984115392987711138874562797088332601955
216345362108689243625080089353730355583419574394870563977479535177644595304
120872910094638871472043662023145898969295563162589995751302873470549980784
202161861900997584015445543303763076037856285791177205064452838321439594599
156099747484346304660824205496917410943310839142161088578674133197552843363
88903264006892375968869444032914035898327063098804337511192705385366898000
145443447437348250789531310565016738470455893657412724071075344002434753108
132867496297436212664590946188687703718209439886808568167810253144834262393
172207614119991731752878270147110243994876245925477256545040167576462841719
99628520656792204266467035704447742608391126715666848704694222820710114406
208884245207758579807818041645761386759275356974015565437745197850533508726
212375775127602620238660136849597459728029602120852689636966065173294967910
99511408119488506260779516716234348333024705141727618743281999429861857863
92651720572177891898208996790986196413635017685657939464842824123396213077
126229232258268038516407405599662714706633097567124974852310077793643875383
214495527358660043560414492224914955676236524439881832895306809364331443321
132868599665061405322078867870653193157950756080920026066741848017818834512
138638598297754807831688796781270859533323329792222456321256304493140206703
156037440715071598303238426676584004028438829083158293370643629375265982552
193078114693758354713604682209724600133830092876125147744212834765255886699
124260209579988171985214456229726963554596060328422583106914190156182540390
131472884688146879434305446458487581366819965632134830853343014730622525763
136436072490471352291460160775676072247159363124852455276194811093326579001
913602658
4
