64
0
0
0
0
0
0
0
31
1
0
1215774013
4
0
60193
2
0
913917245
4
0
11678154
3
0
1936345163
4
0
2854107809
4
0
8171838932264238397
8
0
753124716679
5
0
8228478078469890877
8
0
145943233886818
6
0
7515513061211402345
8
0
39123121466285194
7
0
32638830862314666044779085117
12
0
3656563840045454610
8
0
23968419292301189982526261565
12
0
1475943526539177291353
9
0
26385166489515206269717132634
12
0
402270846929976758556822
10
0
114745712679376552586484965065749904701
16
0
109294380958284545944136129
11
0
116210869258556259767995416364319982909
16
0
20906525090497104039009208851
12
0
107938465069640094534999290863732617044
16
0
13836990762684409019506816239628
13
0
653352529361650529574887966357450061649325145405
20
0
2199486988001966823240653592081179
14
0
561092886686515422764167582568847198829942436669
20
0
953699576075805547247574573242853853
15
0
663451374583104854828224366553139005283882331748
20
0
308576449676217557373762872714650438792
16
0
1330526187257271832323722622594604832356318036896983891261
24
0
64379255213484185483901276589996815907876
17
0
2901423867443186751031810282668498317369519822620766458173
24
0
2433520255597039049407042690494916543407426
18
0
1745054920311190483244668592593307349893629441173346539075
24
0
1735014674435559633070924246772719457002611640
19
0
8887155143450560014069310742430720219645893977165118147700044414269
28
0
946531737771498710296061606336132907965600691556
20
0
11835893291651260077671451591426153810158231849443320973915233669437
28
0
192515294901728927792127951548926981784686502198657
21
0
10869966002893940451366173076019061735816963648105746416109533409858
28
0
10238316764747821387369645293741663215003365550059020
22
1
125785657506965320117011466595775564439333656484749139878074862181080645949
61
1
0
943849708972071289788161967796274474229195011379842798
23
1
119071987012373536085849846584904463219332096666472333134310828838602700084
61
1
0
2837667303885171257237709667949883125886623128496481883704
24
1
175300512915815113929964824385161298278918384661896998683612576485011055705
52
1
0
1545552794475840380905925654708873020364131602245770021628277
25
1
101444705895054463567686458681688054060058505886109337396547473157334652274
482719382845
5
0
198837168723083245030985168312786976138800535495974162960393016
26
1
178834420954016083521471757327461233121585918092555554511209988787059305323
289633101629
5
0
77694024555852680470332117432573488419719593606291336381939468970
27
1
209027594394469040155987121450564240003116461042334190095670162411200790883
481831907697
5
0
9685652014835033089456532699942103558416382317599962105441691487106
28
1
154042914802598560078622213941253645055613194459467286533209202187907909703
1020793331163622489405
9
0
6387270759644566009701920593739334751389233204453883019786711278120001
29
1
97724907149500752286563698844478844765991360318144502759884024269595832912
2255939315871294768445
9
0
472206595451504599144470028183647698749447841870107639637757652737662304
30
1
145374594275350845241186561459797855859249702033905078744015779831816810585
1908537527276924318055
9
1
80916089447416939270556178941153204433310847653616269549305957284709948284
0
0
1
134966864934591294682516705432929043017914342176805890809690456180772776823
6680628293966780018615277141309
13
1
181101287270570829640346925561947725773418354005107605266470370372442860169
66
1
1
159776707185572253851110999807937429169704433462952965975292228157013963874
5649406328713366817652872661309
13
1
274125327703242761826299553065340029563228159326047783238321691954957065547
13650
2
1
193423874757505081316692415311133475224261538338710047282809890101343500658
8267417134497534174766036571731
13
1
298366924324976778872688208505210468491888873478069965342777186684703855610
11550282
3
1
200193521675289697417055655297625970839190469206019537646789972849141963330
30742610450106415239604293393858800598333
17
1
217143396989287741517356838221631091941053879767546878073143000444467108759
2624835665
4
1
179261466706269901306434676365612992473786978394357688566842591094361050699
40641542152759410596848501164253475390781
17
1
358585370981048499197259794428017602308742581411989018985768514739737882805
739962272392
5
1
214605035317169278182768044861000463245924752614258584495651374809583154510
27321208360760034199671945045759068762441
17
1
114713333124284625161814916749750948811131690565323642111653848784689716244
268542164837937
6
1
143663151249133460274502700346203661818330662911351101638030898022977319794
175958037299456082410304769636481536568031240600893
21
1
146473238458511217264142786434910544756895827921512037365271226411793628543
22171433395203400
7
1
150992131037739466797068484370176988859832449324722118076041923647984979025
108456182055614526435953830441606156587705658861373
21
1
225635917951975843138811579543616205267180278193939220318434871035641508296
252331275308355419
8
1
180600243424813297460878433669822234500486742453603691302980826480685180266
124742949911720393357756083389760956751835151153506
21
1
92536650935035099771821201075641083399324143099980563395340703852727735448
1520698996207538086157
9
1
138298357976227745332739698960410121004640323362114843507622164995398847028
423197824386206164360591162760941518904600249366175923911997
25
1
334144200468773649942892088385637628853528386178295556383191544773532142204
424318898873062538030078
10
1
209055338391959350594709128260787222320595302915703200842962933614010455600
541873987201745293731231997222186857535902671071430996603965
25
1
80343582121554915211748550312334106167912692733812814405862512930990095530
125340824403838074942326330
11
1
134890623559313530377728441124396950036508990866494915728327993762143955763
555111678029348082823776190498815503291933839080855738734902
25
1
272490345011498061420140202050638979089255866356708291198284145443447996271
55473174101033178937518729054
12
1
193320837319616562670425940617445857070006799201208776832875096399299430515
3113287401226054001815919200095668237161268849280864639591427925818685
29
1
365481541920682484765669644340031580084250107889923579054893671630408485713
7749944015426975407278537180208
13
1
216359030360252327259278220893256966413748369649776636621270755479830278961
1921879532366663915585506421618867431722651041013148614208957561717053
29
1
81201642721765699274059979526283416224949721982378180428157531073589325311
5023006539857455390134479963167254
14
1
134986684488160444524572738855948848680731510686519984310231779715712764750
1384046767939975845234389443396227246823521793625028103689043968552791
29
1
297274618854140406625067060704113815022892708784548958483649710513946614963
1032923087649656144537452796550492138
15
2
200131729062434208198746544714265975624569739560191368029940384957031402362
172199982768041030372533776862439364304822919175332184719628743290104723047
15677
2
1
313481258891419980272076135521978640194986735773257629616270405485673479222
289202527659934574343945402752190920984
16
2
203791135306369290834287489698581191356829260538639436705679294127212615000
187867888047916686300131075760908165705374755728897033377191388112257896274
26429
2
1
358160488555264104650414955874890053277316730191826408586689661045724782669
48431946607985698585634791187151861384955
17
2
214577705699678659338733764334208433714753269855767075117049768500845113208
196447596409335419271950181458293458723610090804037605151340508662111678801
25143
2
1
134299702351901640152637794939485066079247193126910622684673081811235286189
20346328794359797252723279243255230789916571
18
2
148865824038827904565178239643389447042284521086198096404492495997521782387
92477962321346038505715571377670820578037091483386749330146121500682645582
118027537825085
6
1
442751805919795246395477444880201855606970980752269447699106989032377132509
2312588539327784492593421410038611190646027378
19
2
76750047160787619952729015779933982105023886940286114056934956099331911781
214529417295164040215740095439148933725774405135745615586494827877880777266
85042303355197
6
1
435665859993553007788344599750880588080911943878044657956353771551031936434
492403590746903265008550199271382906897153303094
20
2
101485468905685607084733764396720911629302079398805754090760342449499032114
99773566323755621279641597810504622441488283352626284665460927068411998538
125577452407090
6
1
432394925967898533857799496416087070527880674738911248187905621635482510372
91074222701550094907592285198330999152187209525521
21
2
101237816846828698366913698298827842695132546560757349130401025008578750573
99684734141161101607875660375891669534185900078783174070578273624648797780
544978245754737478679869
10
1
261871955998073817950623361325120624581050608862437279262251665761994697281
21032510925777729529553739564953015806696406286341191
22
2
191291454085209736596092189610661218033262543517917797025007187867540542790
214370918072139309333838233739551777771569088533346836697368752556507352681
313527019321178779378493
10
1
415671360213562775740529956893495185452897608142521403070013553809234087906
11563747703971655239632432094503121856355693378501148543
23
2
95743080117414339123550475131733255684838123611948753985605193545163225164
88683401752310074706027310569321770345801550796660745019836512733096409139
232621691526940241967407
10
1
173375221162889282287628764653598571537457502705191920588292852062649357627
1561027403805517430237888891856106696611729391754951387903
24
2
157975857422022890782234455548669067086140906735019612878612671288948118869
173966697377116823525547454946574422710353562730819633711481297779425311288
2402862129661725991597862144130365
14
1
288591829944237380745910269940871021445610535416744352978675774413555244392
1518169758733300444302984127720587842884955605319085843883151
25
2
196460644814522463752267265140350557947494717717677474927459637947079554165
90849721211391174974942520401746015319340708069187007377847571515242852196
1489594162044884206747465904896061
14
1
156600145246404829927778555310593414515416874752039307081976955333042604895
91847974884103460330352548225339719418107824396798266279229498
26
2
154235279082033616580629857968165348801837187917595008308436782845636133220
150758012341403835531821946492570442188672003341768896208326249334146431348
1424317882103166382681788357568310
14
1
428392929262595666337932187467139200533350994001951326432822091118310717877
25283768926025057607188036657675713126982254900846293697623574173
27
2
99705032658765539765152873129430138703964962989195834772553327898939711796
156056877601709105357868985388650896686776621719499648513938217364361392197
4635458579585671046956283767905933434371389
18
1
192610967382618236245102200509653613729786163810748446524491858855410845663
87560168592011839998339887162198809512309725838013254314907444661
28
2
173712192294474062382261202041770295181008608128875204341510767327685863275
90698823863309583741731957705630452124544192277240195346932707388488249926
8490817705759004724896403590644233425540413
18
1
353217839499398893170578019163252514170145774663992048638106467584105719987
659552679772166244071640300774025072630035845430458975614683486813897
29
2
212321423233330029854060407895585930474724224845929216858053624351897241681
118851204015243486855582351239948936892002903314147184392307814740786442825
9784548870841903710775065551334681794197322
18
1
323766484404271036494034886921240819248325216665664022553234045737426386045
1701104248267796311242946105892900333279228785098002190200397758398866708
30
2
205797763721305889840437944884959125712249044298402951256035314742298504516
149217624505496744538198493018728298564788588386232887214538723770709927026
40133442371230909061038005677326730021756675024829757
22
2
38536804820031715075080380206035966814014711212756821500455228759924105134
430091625824506730525855053040807299797664994753772936048453961945259811827
0
0
2
124363737696324298456427784595553328980397790310348326340874247492276156281
122295100346015094567699472361177403181829246724839447265876802747814602070
26696252435917643881362201228288573960564952951377213
22
2
96199700320783538879271559938675934784166381252683567879960257158149233732
336940545845430260339909533738563754597204902813223588450667130752530032558
170
1
2
138575263378976647054807766865990051745590018619621948496373691415040046379
191209170932119579436386396152739510903891292528774743348672683706298619444
45340675118387006882415063682273454205348744755820145
22
