1
264
34435440955181633141518252742489029132079165082252947270602176394555305599
201844314586287626413515544400760440635374066354571202172053049274675128109
450739383868343392935910749455868217839562465906722188194836378189483167185
208707771652582142252093746989995661484310115078733310537733364979402903538
162268272748095902620229494377974161871926860774955205300252436912230916724
451074827657084816920179694233527287926212141580889042264226273751705873322
323360539215645541377814850271422643445082741768413943081125038298271478629
318691287989756592923617301265736324397144995706668821378717880062942763512
281662262460957120740518729179376389579595563525671763352712671319425368220
17151129322605144378899525528588024843078331567105213789519931530140088763
290414557547966755045742203620413601679964905235663392047531605967554896542
56952291680412464998722120145692421664878715934559868769676536357428542307
128498010848453404364364193653047982820196826279883041608231049219608829356
12632791806342714723456273864712899383984065031498943350980468837645925037
239348328086684719966670705635538438750873462432631431630078173450871985740
124230029856448895188245119376370281214864710115196076142094986527056461701
297168186681715223512761925385042747380314880316294278853985518777479449995
229401487301171215071880743097224987148371625506660830139147394381640693309
443933042456526865490861993669159254210616676586876307947569059830765868939
280818455747204303570331916540600385374128393707354822688508854157089624939
255473198908887730118607972670316431641619370281744437457767485084693772754
249276582600718779960634784617901948192619548914048585332735048397979321485
429715882604116496919357905674147731256949990862411353641232783247839915105
247309060122706287885703297870561133511242756904740412764014043691928387374
308008833895636607465353790352223375609969510303820221319172811838291074478
433901710319807996799020237456954401837184414180582413747876925037152632703
27813672406079974806927274121662418061768741174218101248869423087937239923
138192512604192278989943093651017334445119812909424558178682518664643878586
409293325163087829644498582540237570927589645236658923134059187955495644317
9156239456330518649675035398530345944219574144297312148787168485405488182
285955830698487942670968617450250758113967267379549923550722812921930517018
382520019178219052114039519790045733341148107846207938262589979815356316607
410020013270537570332249739798589923252168810286997844396056944080643146797
309374376889467360763273655085496799724215623082425744769203613100571584865
196666225294413785563363361145869987393316183119671980406418908294205397288
195430172916546148068914623449234578312218955836510146865843087741767453343
149603080168941475480135226432853788447604307009661821564060694455883682913
370309225610618949528007153820614577778784770352169572486196205784849193620
53418238121053413995974981125959101226794892709728114785859423096432320688
207377452428243143120145968939574276378570616612657334323154777409433152991
428353804880305990802247298261108365658497376928121606651805537790426879806
13326923989704707192465940579736260433120399039306132506320428434171904461
153699493533275084325536729973615506620656886560704359726876952062785861810
120925249914779493761871527287869231530846743337159953871423805627389788778
195587802565513521066276299535049840200404267416032030736117966469959867210
29377497439775006320542354859674573068196340368586518129332079561403493214
18863435875030936732676324227778341190301351423546173007382630863450666368
52705850984257313079253217747955671700275800042534796933400444320485199775
190891019010767884958828855515504630188775098077583866609914371354332210811
384442901687457518747056626807726013918841156665572698453625681453507288125
291253983749401383419747162576147658652314173800736180527166043640819856078
73550114405268100377704179896130118508373052147148034041292645747127205957
323609397409768432314701608628012403132307590806647620983303704357643423342
337403567273476715722948869275375635472319601771313853088374345834483802967
396671287006706562940682046242501197523078717090423637818380307390312019235
177896097316959280110347936430142129783081694185894425254274220751074881958
167303836500917363765104748614910856719185863639234138388740061553191027092
293276403264383747380912247866626977671759395855299421558772081049176679792
273747258975736247146044673404468230683618299506645744889078765673768814146
320318305044286443476235239929099469155714437243071134037880752080733363206
448822983944905059005153594650973350963714274383312909912018120673332426035
357959055049555897832477617227192508646061180450509315732074940873868794885
324664915636998551649641311392964432028251200214519963573060945867133407502
37068526076626286227830035548889636935536577907789771431389135087575375583
204770789106018922024046736899607271185157927520141944008793892043760222649
364191513333063387139781937932218903812204022759116255726937252047785526938
133576876241954667519514605798539763045593451896230645103911359324240188946
414507168486275598238858590349873949178646557250058057859104755337707633628
157465899401217057840757416999737620221093302322063468642680277782208337681
87475426601357523378175607505854650840587046471084076279571260929169373537
20882881792559088318220184672588258266953681391553300633497298585353168856
317916289406455532161554149444790480898121765582339715969201480862206865088
165830685737888110235875932360714913118605359452373665036372991144948306395
429396378995857012244526693951198781434704493176411841617995533826246068813
301508800959258227841681057369603171644010986129144467626976183606637348318
215900241199103393379201822685944849112733870803626642555037135451504595656
421360182208003114682469017274611444271782047383232931506122622638376517416
113828342411440024291646761522523428819126464639363245287197911688790699126
191550677339734479932522014699940882137773691920035849685084629395911552863
358800735221502614474639136320917224729826507194221623402326659937815235696
367849678889284822956475079125806819601153294175198403020267838327255123182
400537909699303325910434861397488846220351707454795467664741875110200912265
237887001405090398893925073127113048067411828099431152843760051426382007881
96999484321954794116938727753671057237085967147317258294369911068313156402
210019768344745452806516473528440177346236786515958795026366848291412902051
67183698748342584559635665107841268930510669317511584556161055856049762850
246247578257280584768286746730206299637289276641064400142177493127036509753
215341577392938693020866016639009222185402760157499551176599372425939783869
234438156200339131053903260656793862202960332251722028636988361517620643621
237477667827240963779030648965690030150697901413753352265899645239803414455
377575356451580240416484930875631029477214479827653477659438931512087561130
191045542341666044433614023856150008881565073945872872383947652540949988483
252218502424316174297186434918321621495787880124200406675654427137527294690
139951442639474857127374675004639452223882397410228134300868540500986059607
85042887527522193225539873467901087632646709921995196223805460602767584558
216494446373684186394302405877954661858185911452929236379721259960434364961
110724380419157809313823963727271215034743293807701410912834959115066337252
88913254410082598770162700903680373433326877124548015876573891099961874052
31080033436651881510212689196689358206205546714589300987452024275829768621
132970103557761904631270673857542335869780136288916037057187645341194748627
82155450530136613611939600323325618365050947117764395859936361615749537856
325371534136581693693336452375369173810823660306342221592397287865039121180
446068571547413923521212787298331366692416081689907545526848174185984593567
267614429804724409479692528104625221634117180559629786289214542747393113911
372540856539783528480198077029871859729658476445615707836056111182555830003
114147559456026497496153445546722628579858751543059083832453788399054664073
286710693313713557390655619545251310760789044872801480404075868515707133248
226394839268987116834797575178997688113014194002434722294075318457679486097
245484599841495540017667126845707113204233064476052463559217420257285391175
185174382511656585623048901371508216140253904976069520567640341751524819413
88445283631254081604790397711652805758818981316249822489019642933518714480
405050394471235617677412751734716842526321613169777472251272436174246672353
142869328274968924316487389404559117246737804452844924297015104888877539768
381094778703592227041007402028386919546242484444647571691779679484522757106
325130645554925408754302206301014892969242011329417790818125883067691479504
30848178464737510495878291188047456300035381595633812295601056078788289964
252142309833748515425132065516995723618566064979493048957895225641120808084
449582175564385025527013865748724710472428403076873224337173993148210388635
65746081235929842336419169742363862745130063770512666581162608410865575574
266914078891411216003694465338952122758562587830418954149279872255925362165
449999876146459425295953049864824841824363380737830743885394405109956280346
142906959794106651656169066522627031706578893934462247739350425997769090547
314416973294863015687766613146152136121512937200666755458608639320259476698
355245219318542290083316874450620387954046892353321887691691023689209039669
34730614154053860653927696897249332303560979419334840859489841244659236127
314236394002733553057051101820310765412896144548914646285437477550251399397
278799073060800561230256894815008559486580375998477369868290476181435086290
355596045089824296689798550717340043825242322419577095069631334839136905549
169456875052290815701907781869149387831257707437765700516376950085728304114
273570333005883444683612566866755590392071266506687653307677315924836186435
141843651710682171506566261727791501634479751379586867387878582576527107643
239750198214632210023260738978607392071521602191637052663773437371946278494
385119342711126485195772810548025215856890257677895927483639961982725360665
293417451544254592792163853901915903437678944968861894277242276071862161811
391154384934582236407248642772615718371447019392894208371942429278283514303
67541909549706969213080966333591408864270263152878403006341329751019601843
45868246496789888680114233461404726591041294123490269446958430084897420476
163227407774869689569335809986653982969829729578536414885339814482678353900
192600852655322707466188253964212545020182039765801704366507452305687664760
263067805568962579134369967751298712300445984191674301326878889001749217371
249035818363957873822249470247396374666874344711093639208227417850283841035
355089850875712525514367791177435596679061611250035242222849557838178599779
8653579006068656942684309036480032261628694553174071559054139650036439897
109485113153941429573364194781253863182306398344497574244810417135940670415
118897317035637385548946470453810304853109692357600013862859645262827035110
336793280685903903723528065978187616957542620260339170971250167908161720833
432081505480362258461212220687393829466601680824682571267371141436062552799
187522313934344544712433328414740569129293599806708217230942800361360422939
212093071905085562038106857296092537870662643700923626845775231927871614455
217978368188659644055570223653023505991566252209302430527212387462556959239
28925087807887330206030685399314984648508857268724951392772482794239478812
120120375014118068951471551376534732779652229996002502042097833219410941706
10218964311608334670553986554401950730498813612874103763312371463189963628
83826891420273322324748861948776727018132237342270849662557837703545868883
208826498944964064959968175521582897294509698622272843105642166288934015382
329627012017305124400985317292735829558764093094178995913011047274206534123
358007634873493570940531178293655724018820546099402128064272137179891711973
152350397035339067667325927856021480566236752675186838069238916291410191586
428826953770122037913855722126129027095449721317387670364437772853624127428
81101646367344017917922028486515102447846020789014406099980592897704148397
14535146271459222690803588039571878080712915603795770237427513942104264746
144328732070544325613768380891791075251072393750859623244331560812703019637
1942737756788159525312990879883502663042315270693876040071179696338645747
155789540015966874109801196286620840856308835392126995931393574877781391499
165714142725915099991657813092662438044587701591741225638275054672487426015
212148410277352742687845355296152606614624996498188656601214897806336339964
359292264271814331545935497201055044656115661249010733767090095090340889484
190088845897008189669862637879113740152469656308052032870689044312074378595
296191044983977627246015970730657491231202327157260473485547017392402944498
339542005238019812538224396986514007880175117346904813754448841732551990116
234056049639354059208211034494159051774084346822125300393355583592782984110
195464615401758666594705258684857519097473180066663354963817993922672845558
188565076123832217324658003643879676348579919345280022780829892522196990003
156323769343733364179986071593679483257572825751411615449424269087978947973
397940132386903397662109692770740982352473041822488073324090646555996143686
437272277616264465859643234357814247474818429092329138278737841885615329501
17821073475324703897344191026962693655154983511159813977540067119314459781
334391384200017796427809818388909636933332015826146775314175296584265512375
395203566945627721219722129363317282033438242421093971334930278831861829560
141413804427147784615047572179484971346528414468357042186669738780591935242
441281048433107732360414238887927191026216794433252943784734182773500797313
258976567697367983656908063330423046128203754434221039295854339512286279329
200163149218894084381874329848443985983315676465213885422383280595687766857
389588713472399695479209671604311383816572030145292293670614202622544535203
346655186736720442768331607388986140762015430548547805921440825940350385175
181361405323762051724211882036590813454193529363827680598886947116505317331
314535295360339543306832205477468411547626730807014689664718478872219475120
72085115725789981768772785198664722783158927630502478916379102067636188665
403170217564681539479277104611900652091348658094261051273361692059388611544
318620063791495145095102722482746921103142043992288935783713767486902387806
60626443246233239391121792572623499480449809125407463442786842846517529164
435008986130284264773688590492556717499647500520111799376363245991934962391
206943681696615241018484721861634852953251458598962670179780276585224657820
156784109488927602730837462017570323797021806572055290576887620473878720245
230988256619695288756944971190149442629257922824566150365850668453730599026
232631117197031965417490575767840425982960480735468291577779742595536922056
31317772456578641044632643466337885217221990119027376879787220545192494729
370791598989512246489175531298157985436960806657787724304173435663635846683
46645020676731255208642496289845466365182968181628321865126864480390256007
38223041163904369725850788486116245658820736287582248980052472901023443533
429679416706530884109816173304138588761401670860094028725863838691070349227
283616693314612162573818804482138116589097690362142973889870630072388686950
280961478980198460665017907155687211416535556287914634194624672249216587150
320926762245405456673022345063114236359902115724935262316490562531519402084
431459585533812695532906237148463409683114065501757577156579827794963295899
104978289443578365789865163894075486710301784143470940439280054181229447911
31604015690291557867124322209755572823175554907831974687329833483232782241
430709490595331185730060343675962357955537067708107782936107381954956810399
140645732387036932022268347073658627783415474998842617643671169762963117470
54090154374997977494157890703180817736094465216737696951998227106737762473
205756200991866868999174821219358807037692257733122416261555755698197291928
364798027160629406961117994830604957979158290843253607803450028521842063222
353331165473385912747211761921531349582732799661664140987116950173092012505
450274664974758414097738762594254757760453812015628703200739679031563890037
377586288709094126412435963098592649901845827067857590798762739496517082728
651002958821061430978240565957875824007092105957482012666258079770435029
367086130257939955175203786683342240874345757511646582441126084617188006790
51911301111473221392074559155878645535761027384608646565471435416653278578
324240620775114893024045534021023879750744979974529044344226443784250735193
158832409874890334928995519628415353645994015327031847778960401278927315371
139458705755777366827162950067840465496348689834643906644813742977332702266
411616157483143642706258234726072901723836379223535161112090936859934651469
139079466794438756664436485532139567593130237924071573786648404097478851053
101611881305391213078477125958294193288469648366236486504205946198097301488
17222488295550099518170677692909416474424557235642000572175821559294504070
371058233734953513912640814112439295006242956640106185341412088135281595417
308863382741853388845181160009151150205974123213758149615427411527677325254
420584990878344193656439312389045268963205505935879030092980375475150925167
451319553522753632123748814342835880346579044009828101685394922645150961218
364917122610800521607347660201855299284791050881807025307645155287294641230
3500853946805989469942028994605574176717499894418404293519111555310272338
125424887281292542215224494545667237971121179918446906735556062340073133776
277800347243399795530328380706832552579209048741440120544176954690818750696
389136450390074543654327828581426665087172203287889178973955936483594730712
225243538365944863662084349673974287640786528815119923551769568113218785808
6483846233133813836403561065055531530528487010062994285589862520706134150
31827535485255393415265146853021454974617001592202474883231793050881883651
113300727810832091433763278977473420374962946598974960593191472201444434275
393683028124133158890326454442580936567624011682726230638988752726443086171
281431692037465657655825338829683189406159172281627176126706649066378986180
62008015609036712536078362484789735555425479506970387377897772760707838239
374849014048591026300509249294342866875360068720356985243988278534053097213
420616101551448585183853106585188222326890406022392361951217996410046846355
397274533772151087884258585636095310038257899882127527526885139742207296461
408023390483567587083268740338925886501307922064808698968661711126253145302
307425438935572439087841421664809774369019995637634046199350897346753635701
251846495583296587755250319495662861761228983569833318285035786665443345076
199279140571594078279165306906859610021888615863491903389950972412495677219
258370953563498535718846614267121080640211683258007956964066038776192356987
13822505415980219342264170409227864563288252066291541909112939457729734633
215549695254985924915669924968769398335442091012472637741557242916382203246
165202802636774420633173258476914284716572367449199177601287354482931623015
14929848294172202803290092455079936039330844174972490626071084935288976577
283920030673931657093024750939668704056943750019661369427364971971776361452
317091843538640760750172485261186572911249894519732463726674265458057824536
166806280373294891990527177142767780574291867377651731969400735721674805232
110422851884859486598464854921472502093430112473010354996219906488630594450
113840734622538629998628521951793248920487477308478401314894178914660628797
145577798800303938521185864913371077380645807873458738832484578285490198074
86364612380701409151235951263770276947761692073437871997285656187271260226
199486716959356306684094104840904651206569577572419862553299305897507613104
213859876164491023645479408501420148714547798770962534792712610265415276046
404569547833071268557700824477277337436146738812504664487911034505798209419
435163105263752406622154478993783325544011580988338509439695317055380599548
4335585399485190198889
9
352
122265768565397445628975037860965627907112514027306145218971924071822943319
149128899120675178858297882731489811065892753542080301494562398478549989423
185983255523883868269064538626538330070141231121175352962282897352497325933
157762476091131062882931669729553175871063667410884013396607213718121493330
177403764736000459142053713376754548356701215688195205585461586241361891142
140059086610749666489188641827662728143751766924895635407949785710487293262
193148400552016511251325211265661418629859579124822058736333977604085532747
99623104339914771989588236392585387632038761824851940641967014105890387313
205777730155009570569162529827879459124892946475596982189715650862941950582
175258343875438349002055633046476470439785599027970957824145108506590345817
189420652074153068322070512163773179611817526732365656755020092122888099907
177079971460816021989742880252046920822346044786796295762445124550616499043
119057424024743910408692640960501488832125154176043532887150323063380264552
122460817975013778219822497705081218768894084699213275562791865703129887866
148907587864360272226393993789601462354375960245535347486165522504695370860
173766735136280403617650068937698498243290097620427127776030696521048159338
147175844215020401441389712152786259869023688119060067414270445637440004401
143655061808840792203998187030816558090454359544250341503318720172551721009
145594962663411877410449241457048996077461744262749046218069712955912569192
189537893311635662762782815278371354891785289346313014247232616408321972813
145621221314493605789526280575370391443711336619760285665295987729660793910
85335140026960157223641894115793807608185324477827397500522311246569493303
157970035638323151221281442316082907191031222075314013091245620377519862611
191504788750776500675012436069592275652852473336644787845074945967066732857
76307658041674553055927281700027202576384832903546677585065437985823346283
212589810675650947983102205548433362711552061162115454522041679246489897588
209207628085827130494102306511462444394864698338867544330868528495075947115
101251350104495692778956453205802696420309028225575904405208314898157956691
187854116056813948091532180170028730427074065151908393617472586332825080630
122598426929276758515182723567274592562134380203226466729790532939654065972
76701109583368644263781711184918106902609942207795146789718105927773017938
97476064218854117055503774790926704728119890457075689723354818461179459701
202168095771634295742590692780330332098453582722553604161197208406477386327
95868503766182571789140693300931466667351765637337198531584521205357639253
154104192987119097151310800649850628949478034015915951813975213845352042039
203735056934692809741874480864281188777605396605439314707144808264968074362
149149389717179442020301295655405336054174119102008716648159551553331554124
203927360454250137698985026966471188292631014154665151079312007981647541295
134772570474651609455449538721993491198097251378991772091303420734783108940
150750674475418639401385728497479528471918995295433083815413045050565087538
196813013856141116915569856998765762019777731965194708296230771405131838512
173540540435139447068501543419385074594052545617567080259369932706943758905
117344874184706659008521710105773626406205850395049878273821534687060449103
209070704611770941651518212039176971713805354012100611774387210351910867316
202251720992480008306289804584967368979062720628960951932143103950809551425
145463832306084169960819060592790534391413905941882262822391668918413648969
129376212587851637465353556897216720540427233403243428806742201005904521849
92417466531073835955155848790350194239392035423526428381676518398741279078
152469697463403155814633927734440909365114847591650768674675944627553190966
150923218357112592323994775301600301426128318596839208171477338543879050822
194728900244178690883403339229836598413048090999168285864744294540650231599
173644282836470107082809690578491970533706348454046707745864801024109658999
177279775931397132056102154842220711569905682149672119891802635164878132307
117331880637358761830044364047414883416020372811804180387488702806826369646
87197997263893471224421055711638360318056014181381011250228852222378208888
182575171041873834165853255214891301241571242123552819491173312396416862286
152764613250071478256895613094460456538106619047292406343227145400759904622
134613934786231483023878584853036153640299060248719154261756346033516269425
212768907391359836511698791926843977773523913318609816578727794720996553592
214087245188351138412869053411975916388219841326465208752427195781227115595
122431892367800454815066837238332787464138557004610950793191662199212439384
83575253478921154623685580604702984286911563530774385109805585718798268216
210588356793409722321743445123493473007340656424983065816356904471758592345
140135273953031731865591542271417705972483369313817319416744335524782156646
173602655946175736565387907916990370109743824237658736085101492268343444053
76818767013403116421026523962453959229292579939154294461954256339030584185
210927483427160593005530522913677550857255382801364954733523972181068041521
182464365017710425912619451472624471758205872036399485052427142868927728719
133184811609612173103951080835385695271437068766438978500535308090805735798
203556154099458079372665854933406841096739709277817205657865636224995046195
182359893538065481265439889518620917913840272075293255749950841874117248074
129375318181667502712397433248127644003300906481271335275353159098807176792
92381850981178133492881188771603318386049449318949168047244811968343265611
201801948198057385403702904746011267214426762334886254308706648790761033016
85274370627158792131632065740902497560846643561548194439219163831239665731
184341449643246677631932278358568471744113150911395881471278110113886455637
198592152237605065505345080508178060521061571161198239649596015029740058437
157611255635392271830094999568431365255432953779505701929645182675161868132
171856673658169164036145252865317353814717139808071100899325962938977174579
76598639786448831252219586493843457827526580661277160592487792307538917191
83755127839903718419856069209881933237098544009011638168148836489460134484
182491213447705827979130801987777871970349083204477334359505296140421706873
131556165449656952994098677010653881581369370717635942131215687283008361039
205784016144504328500674554659171542115022521361285483968189927000754439503
124234518972658564030934998044734386526705454134087442494935868667289940299
124192945885054232488217021496369229142659076683234102069714449257671841648
156070707525630110313829345518691413898068291259588536523123126640458420590
132970970679829410780024932594706855254765120170429703725031477304389558625
147017100170538386373488781305157739268148708041410278074242609783482827352
120485820546234441593346482784760872744117253583351015812169444529528204908
203982547564606315830071609946213253871119306856210692301160034035170702953
128036083662774509695461747258391856822052311915743228184923526702264247122
136663485633839976485130109632644366741465161816575564367352360777328916078
145490840821060737306100425262888004250196340546886082105656357294190380865
136517955105065497218537115513418978509741326630514590511228551872177994348
214397175153506632214660598299333541184812623419602248852770031434319738689
156175853186614682871208630252949264852616355584344492132984295967558888055
132991238446670112170996630084621676587284546365105959081051681075343289445
156223896974022098254836886689141927418755230846699843319963376973123178052
194707605454575744505718601875401964160045508173347959602216137412233615461
179185085380420973275422043770214224702140494100311131366099259848769096310
189531509171507915570800515254762912453067735726096971239676686547637598520
158018431608338102252676557880270324653715315708521027025181500801680494635
126179513879482995019685643230425343250035481543957945562701913070194096178
173644014613024494105589966947077785492404661730309394257008459679215726690
127740276918460828320168769321252954669813882632204091236537677761471656307
120735279036682674030054651318212401714260415379302959549965803602091323480
119161487304359279053310952112741649762711152206232065048323159677516076149
92664849225748891298246778729475885028817454781224030279641954282521645387
198559346081875973392790118014396550072312859533486658956226310367278877261
154042837177627850275862705910464374281465713237788228704816747126842685797
195155699460301550561037772788750415751177649454177308294056009574416020345
177486696785159119026167090867122436124461756974567407699751816892841542731
115392217059169884977543074387199175336970079390410659265774584960985688121
178833530422583656997019716235971350465221059196857484315673142404034228532
83658155216200322606057805621204987226408854236661533227666991685268288565
179150497770129115636280424428883750451773989019443915441258859852671973735
184251074743724750259469104566285916164685663886288398965348847230817357369
150791598740658211415744806169752806275745456980909668084729302200254490962
140253310186412341128901727776674781083703207266507698450818006351319360819
87253958744161476519634423726175231731372108752935825193129204536094050922
115455525756016976792381433507480272593783145023761212221367656986128562513
200484204458636884342468344854236146316461181178334262021535662712488950093
157811458180729163858648005379768365732165310356790777841292219458949706345
149259524480808923479673572137332210901555225481401780332458109225012972107
85157017053556178516933943936654245590049104300785558650060253600710026102
203665397389587409864214416757491241130332676803713926703757758305969334612
136828450202197054643143131546397289038943437057544979640546732510585309544
142130748844341607209141431461726029085556931995309666933577958202847740787
127892546267356619391518330805305239385153364757241640068612463662191901264
92258911292680069022005449697329624913229572827535094104218679504158471780
132964095888497236074438418604973119094059972364909128533353235582702602100
146981569895209197129395306571291509118554149979959950832989004316738728813
198558617219239945482056741342785043960024909141031137995827143360789107759
136533646333704730179766201279928827171673697336960588485305814939644024685
152717076224425258720668634922334846186473458688201350040884832220791272291
83541440854060722282806828864604936612243881866778690224793748127666496611
85481236087843095184483998490619525003716910779298100795359486193334970448
159522310197772399995449139840711235544654768907184319711674646515378775640
154229293131023531696082773839201746587066129586380307426336558944202547834
143628427477030716203512817954929583565360924899973706069787607442358952760
85569397326593947284212592470768453338285672563228604701602330332748674136
196708460651334718362473860534657076937560580555716417383478168269861779271
131079510330431534611571980530042635906267197041396404533192231895613733202
186335132830187731656650896709801396629190929979199519709234238010942842722
180711530092720525757158335180295770347690823131993275953354868756585396273
216075758737608126624085743023194299736039620018590834065341723678690730838
210982109543048368737247170851270445422794657934657501091036487509555239543
94231305515132987915662615114782929220539424518906853282695362597131994486
136662940332222003895949953593781183598095639785467993740824153183542135655
92327418631192683142841138265467544838901300529497168881930925791109531749
156105733316970444405600867598610418988051737629497190583312219864875366009
207171935989537737034865361211669508469277269536231819146156365394702000694
138361586216535717575945248096016146775841918859824125613695750224502023501
184534076754488757925047968980528384573349608114940527325966129391375626616
99297429992096250962578096940891459910651625342615940229987205376745371989
83803224384322547307028940650425711498114793263756913156288598752236171362
214322042547515176224044713571942333314063629566224242282569295811792155696
99698672015173759824091270777019933871286207684064169837311158170821026388
95867155355434027349111065675961546349869888023410895302244072141759198001
83830455175285299136330433776836099668630911491941458913795441530726992947
179158750899864206071613023960130192671607462202342671392396413171740988236
184051165975737835440187321317878730767942456887888633809959232681580979279
118767393012529997778524276779555416687565053401264977447622379139746658913
214348811245836301594166008020738494888901918348865868127683339809582705993
205673939516489832285912636484852181235193360648819918585157526632837246539
210615479428250681056406510741521832460307140945898060167675518588131242312
184230748614617798253473661946122752122787949803710714541820298458618554988
195039589936289731664904374281744936052690690692277816007104001035956675910
172111551835114048595276340739299670616625329687356551243768813647977214265
143573181291493751966981716670828320216232950662908857400217791225321043512
196661333525069572336082711486830588021641448131704518702361261515866338937
193389314425283977431105025891546415152591682689735279800786352928889000301
152745386508828421253560241156941513722500133731831413330145550322208175722
180551853176787762781291024420889147684383131614210447383522145908219597928
96246802709314720994326209184465428459857501866883235147279223470987162981
89049142713835322443409351888347087541426747495358145417538859795705316404
129706602832281117846572916337053022603320289780347756875097881563846295876
90911861255736895382605513520886078275657653909743629076607453212412367962
138498619848528278133023796701586292148090229705483338824565070424210491183
131481265562075226216586588942192734886874331529817183726089892653376824652
180891114404651379273741208950989839686784744137137586123050379205535549550
188012472873741088089337861351771728550874501882727931431967928364701987158
186197293803052394271358642955913184465340438639214236523470757109771284339
173712032140779088822015555784781637747847883664410369491709273781048461431
94017832326864445592675236134169996159421364736433611285477209639256151151
99457250646567350163164079606855505219579120371259041378647188050705592922
135118680815290044557423723520034234570657456136935991066994475424197007692
214343553741956005085375748736232469366847332178159344014542469748437306739
76371043284825268367414998494857196022280196788654681545622423023499043636
214364372069013928282603748571104570636307245697775008597527804063534634828
143833887869008209409823999909767254949049503238310273986385199183925104720
143449007568315044370775413810740641779818972235273022752455267877596973617
117199887175513535249718633962442329783089925074790005139488989834044787783
115309638002082008480153452521720018383340698191494778471783449741646199121
173871097599949624192179904463716594616273441441352832208385598566631558246
172110851089596355337171255654506475811872557099142433919244784830155541869
182470343512157103298354395874113273551442241850560474159497991546462893935
186121476620693689028298275075657623055263621278345639845768904514765079118
154519031668368183131543250656838076351553530668994096945388478051909978440
122397058333443986526053969961221642858591234198636186090812170935779609158
95881146714496089079542556752951568148973366277007102340600686533585041749
189538034950983897522753806820810581566609449505930267263460873876913220464
150757869514908621534947076265569074534064390509378263262696330049662176883
134634313980565570502955416934673719313127592669589839487725549643247872322
129727281756121878442172381000597273636586947506013245347196163169021482546
152276447408864799832174778458654531183885638635675877349407047639882812506
203685613973901081942574551154754830932266553237594277085449377241017511538
214570152397279316448353118065429044186427429016517638925755087006722845233
134883045301927752812419787006815537971934436884793276247615652449276621684
85301115440912345263349028389716896354331642031595628563501695912165657650
214129382437989943321557756644550443257345111522616004454806547960797212485
134980106575519290395190059004842841201660489465676295689801830336473819214
136891214209885992673969154460692199805456523807322584799346237622654820970
83430229837878236005849768025546830387248996697406095389908682478556689259
184216058696432360524244103717626094080563147998357549528195138304118508081
115413920013366665709793033667664034497115110829013523978288746168123868006
145256376260688675907941450691206772876282341905593383249592509207120722242
131481457742217626324977940695075132712790868200749283740741877823717993546
117187778367383377475084700681311735199606561322490328415238831807652390502
178909074390343445606050882240828960384702841773315169866961419179250702905
210865289991691041469572437394260469763269041437046672738869969914935932499
195024808945523748520622391416107712288809770711342105689827082048142340464
90581355783915624818402877289405949237713657882386041428181757692700537194
198261679322188162001863387590869336979449791864820320079006485263402956901
136843681618985740171362935449274527746060297434153504503114767145340784499
120762668111638666305350349910925284905322337605739265215057957804359377515
191561136519423124841839798801340706779890562893083555910693191142279237493
173932777758234979443712649026122438593921602345790571575229030818441415539
202002642476465127930209744318933297535447862768846890009116638414202102887
149217650733950549999840006132929924997135850045028388106774584963358944066
159859419240161095866563117610435892619678427996696260740819904872313214790
92458770839984134090819793654831799945270078978301641215864259596847049043
117332633735858463315449149375364622503398005634199399490433025001705070900
154455511726998844881201848988285599009522907705396822220176869591830327147
124350284890309925479763814362142036411994368843826551753508780981364029766
209076604119940158668374652247025820909147602844799752237122227233616835699
203644232024263809683104463313080530261272002269867043993012915586114615664
147485398642253489151416668366587802841309985247808595667756171067686933350
134890032564423328013662031796159051170811826433971757593795213219441489995
76659620147448323526954321386259104638088089501634900940224526339535425584
99477060851733934320913821749158835269214912478440741927164748241033191991
180751789068812286624164951346773974715147451572119665106046167817771235126
131481162983805723926160787450439566574678066593238894052183297329804112970
90607402573896513330212740795323323156616840560434010839617676738804934009
209311915042281941809195378811053140558391072216153103080243677054420923732
208987557204725023150441660926927236867279894991451774165060789661471036492
177418483171170575176231072502567762384936109511372812253129420045622587220
203900618819995629266408421785247563838869969066797192594729291905122382402
200153562723045731416098227536259912807854594816938304176785548023681987127
76742955629383498149739443164255366335574064519964744018328956630230393941
156106914623793521495555139402708334313403091095537247091865333292744144473
205439684544004446885671049406648864799542767198279282101421253202886743628
155872283256978105818232907901836018672508590368147866434455554730339230561
157783686093253721831948054339447067668785977355931282042229404515945707879
184596515586262231234855767490511229804759223413556133229758373921750086232
177259308820330759622515780272169187709856619623545978761473150069766906710
198711373123329103782276336732856420702351976600190190102207144843414685748
186198505950770693401657290570496348376572354210383710165265231330118559537
182492264253729744383361474341542399656189369442824718613456033172895253113
182360945318685796405205135645267502999569227454709255667601168575948682055
150543704651501942245148078171046765622989089808460657368595199293556601709
122487595962593625174123935665131437358437635701230762629824423506147241832
101472316586096779851216710018450061732837747265038871415675412631962278242
126200870790966398168690237268081312986349113719997302987611041726317606471
96163823887945362234335468954505524153110707810489651545285121371994805291
126158943467689720887468021217483167870341549332365854299047155929278795576
201802808921652162625588339738790906665533435555235175803781434997956225906
196626175620349507796390261250336930340296241742303606278573398244092559699
177219388808217921831988656469765784098050633736813238170366098922582528865
202196188442566561880292147770966613354671538035395054512708503504057489475
149100540822573448419422451513379763571223085258386112294897978941559685739
101181631695933303120968267097191967080015861980126838813634936214024845359
148775349940029962514294044463838165823907480976101508687931654635487587184
207309545253978426643422348493705746834418514240882419178832888742345458540
87108105130763336015694015850737758101984607215842291281877029016342455656
99332316557255886758877816582286061188388507598739505755051074157363216760
88717026396376946152129188388601038594376089827912374011361466542304093510
152641946229925349003530203299929010328522424428988242374884601094623806290
145616130333209661293680595699304047885195392538577986520695386844349875056
177183828654604199117401890807270212030301028347097017189389937024361837653
179267260975859111578516686140539742540705408637943272204157993622930812788
200463310270844662348460154684702420939752090626016352874313874027460453702
122384714173291876341631970066160945841576491066005584070185497086690412634
83845257886221530129293437249372144606127599403596847534296501954419185234
115530177522598788407038460957900918804879637683871048419911791705286594403
122453139772262296234721002128295779495556051766541184734901321235151808364
201893104211578300245746728785361707839414082565518797946730033984021017430
215943954825591682708767493789383700212015776147905765627719903141373620345
198668235529009633696764531184094030244559019826633795727862869282104111428
141854620005386121702874266828766140693322501201075479483030117213683143269
122743660145556614991025323692788773239583034968979045408460483072237006938
154415100146280631229191640984370271846800873050186800954759700508396375384
179130281594336241245125954879994733092052564232907654981616376179420784715
150737437689972877052985858164010424187148919272786221352077711168672583766
187777869649110777576400325099852080625408954251719448634783241721573560910
149204657922599474796275845194904030372073090041584667418237547550354654314
95758045507414570766612803801066350375762618812359220878534842156830704470
147320888848618154150316076524560594606023849331105246333200736361950497843
140129322324387877789692070212833298482325608121163389395833190328759843143
85521600702078063099287286189139010014842264524593596317989573486532837698
208994702204774604793826832469543766610605496355940147411267714218262880611
182338703680218326464173388443058185266712872858926192550082056062019909419
132846603492269440690828352163003061757461956508706593123040117708621558134
83395562502093805267878704144654030432948192090537868163285211699645400945
182807887405038472544203672066875191264419842430721484251956013998279313510
129340734138120833893816600668477619308375739064369292669611449025673195855
115331235343661342172847706689935709736009680947361744608387505364555413843
145699166545675277546789782431671908725779427275625988879009337844234740586
146974047664009603963218640367681783329284212647315746299590968016771623795
196578513301887232002656430812646451447118746959489382644697058842587189302
150722235426268623364072140804717621722440160881965016571153555099332082265
180573549808443572022196675845290179210935085736128208989648320121184404602
143634546028281177997622262074711060655308660975749839388912081811446197114
101263807593750987281286156110771754189378716752461609203396307531221465201
117332552736237155381967577688006331023003920290993890489787136686322299972
143578787695754715366046265570051128196733976811387188827941824595119069300
216393587444345438525146164644902260021759474493712113144448032355601892948
210649607264649606081866336408576432011741840364678509364950558954853716081
134889947036834702378318464990873898387529961383909913251333674829463768133
129810860528777168773188999153602746977296235431232222029449981503712359493
187846966096774999878243904712456523154746728627035950170839286575812326215
179253920435956549688227882127321555601289129540582064503275174505053310540
178840247653598220593021183935815057693359936160146707461257448007254169428
92417308146723964712401083804267775999998164377991985467923300421143906419
205411781963453522561435946219761188674817412069118646973300579044772171859
140369154125713792705293761644406613383602515940787636012577093997753677391
184369081775243913495319730856171638924444482570691589045213858546672424497
188054909223473223332349436708334531060718999196887401239854250389936501069
154188045686654400308537680093454171981829990205429497172580776780569082181
191416111609249331223898677074578661482361235194092280700905842883896560981
202210498699229238384439666620816720037011051802610493836459393854452156983
117007361756316651333641740343872960591956676989978637284481683568091480682
159384974208731908780736470838881923804609268277459276830865852010729596725
87080721177418590753916101819314701933893927151855698611817447882275119994
154298604300588525797179410039097970276696806441536189763700879842176619118
118877767756533120554238452459855092648714915223578291209091446898635195512
210629308853266985345140168386389650632113836989781805864363211115564002925
173691624293787052898999984993347033144786438950995588699747650966962267442
76660938860163240560916573044297439004899376178037377665850042038400805721
156237667951964818950928277830194106928549421123276001829461328244409529711
210767591255796568565782813664848693498066605360424088110021874899116448119
191319487663028741092135639482148436518544033652804675763873130725124630114
139969794308036433203281062758048697266406760742486664401115593382289369913
150936566808569071132002540952107605539931032861856356274231664600028885347
145580056446444741891447553160651295236644145843619848408233058483347815012
154407979545435112940317273892921679535701060692321316426617707058053861497
136849289293645300613810285755865654970825864870059829826485468213588356471
179013623825283103675049823138706048145343502924597383546911148161648375090
216158065783414848961643892446754103813230073258584716455750670874590536035
171917039733786257238020250959403002643176408777315138023819574803360197476
90470718682228404162755324153149003286789577730284844701260702665634630712
16856545423087640657991719536
12
