1
264
150846729299811342266348795521256396755738681213925906989496639733994691221
359088776208270071595312424187820674157831144652999751217494667399021054786
69047150724892997205290569657980150950485614831980964468896636972839937317
22018833934345830760923135678181401249842009537810695489565118707229697926
314589817174311653811235117488110045330292692214923916722490242143491587900
55390003517353370535368215402174760417673245294246206797033972194142289489
375135075940125345838020909365197620308870075021289333104751141712487017642
96467163722760216987942867313441447175191248315775369208402457565583448029
48751103170737001047912799302190267748817848865959929069181951104649233263
237345251492525134460238278739626052818194246011564978051011477926659243110
13691435675592168044403327890890335390405604412249095094827003081973360889
216804062525093686661278905431884846899592096306150618794115269687540669568
63305580079130590236827115783032740289126447448134937527646706819855230465
171675363684295136895122149145384392943307650096035375336426428399692658367
220761488983408059786624839649094339021956323903034930423724118375749305671
303381992696381526766323254993045337374922935059389798797917843926903178957
225477576488188343980912713113874521416575389266289818352479919535689260058
186682419952224793008952018099912695594217291027872977682214404133190847752
37264276339245163895609864947434065587931667006115672430670475147521646582
206781293790984736920994923012941858957946096312755556351685958982321745937
266752119260891115684549588425141467180361453793156574942063145987455585890
57293400192421457938588694494967481670373016481035961278184796963741941200
164675577039707997211367412359459826085819417944089274275290923083434421593
158450011343800775952625235593184654982318217281690401845122668765060728333
99679595317688287900545844932344418342218120911169782100303779802097836940
111428721779097560642831627766672900914380963672765277443115729571741462952
104558504430642789341275345756831341977228180624515224324112370265505629678
388868833772943669286753866302035035379138033827675807220983511321533920936
70135333678528446674193919999493359788416087902514046300399480598187299321
127566264394813484134387878819105579055146119586835697498066651499992427278
61200503910743013097361234828880293980166956948438624242774446008450506317
313766209994057836934337080131764221666240870234841511323169071794021520344
338656835575926170944871655742953422387931962977974670495653770952434882385
403110825652899623120090552505070285264409228026864597055642226476960434953
328629784951290056318876697735961277153800237181170908092784297148236914499
115421691255655184696927533230825141750438781113970204878807344038111825655
22307337374221190640009452207983599276699145053376423086232953540919643909
193753255164621278959802087614886343241008034912117076398213477814189978496
112215967136056955651319972972858121893904384493359999540946563327842944840
259535463117763370612477683080418543104989094656594459148287008823731066738
380187280095523522359033103626822778604554833099298713809425550710103162626
176817154328006816182569362811229534472301948379678384864044172359758004903
314128049501633875949446246912306597171711331943289568854752797530092753761
78384682999484807539860345338730729483400874007385794246524754610569320578
109875329358674684725808949087365416989280003206772993142686887238639971579
381621150579768874134888586137137033513803885412069364167511026127519462973
257756816159845436075607188360619610609222161131656400198803102086147198423
435005082978211256866075212934210434224079227557955120526136406075620182425
80539397310158316992038264365744046271243066229356569516945882863082586673
60230776644323040440592685884639690909631175768318420645177886951155332273
96966882201945201794224592153561324233773303527428101063361239631918035822
263897603159768789574795847528925979335071426261961676528195044609307335682
390900986142281227848740546924605885084965775216457973070463293685009013204
34784855957051552981192009820253208887790754445689507366622875754291654545
352522945797183352194871399591463088323479168564792961630435315872856701495
97494127581705302745753449449408924559407843594932879941918288169161244555
335595822974876461957994604808708548113339595660574329262390762488155497383
233801960498964831959280992945821380749244243233225558736713143927708756535
296776409485874393732999063988511710237131128580366008691465398462422523336
138452110271100080961863991448583833480209313097011826563979476488787650447
198943096709976355911195224961927581902414013193770796687204094432071743657
26539211587557618604606884063781451268139087142536153469534742654405056835
290562212624580412343938134523253225942664832201103377968583459718769607434
222599053118129567150234562052121157053111965020075783544428273866205199566
352580759061730570818028942594297787005681640398290607578492062693099587026
437184896452378306829438935718573984500579582353435632320553868260083215518
199364085455363593578789638748315390925978907345601572413270410652523652350
106642565607904761564939269366699377994675287261728561511934212904428031420
119601958307046846426535905165853961985373317389362095177384651204955019242
194332756941263811345420287770080179513909891618646087718581452409334651677
64960393782496045947904423314966574275620931652644911629949653754758125069
50570826042398123551748192955329789860641319315074145944986724156852692841
2181237232737418843935332255523343598976082886272841185055866244381068897
365430572504045245854055503230969365398034287351794163455698076755803585458
344716451218521997152447401279062599130318884294859622268484827912804989630
213582465958327022740871900123784097958248546260459459895650283333088615810
365392521224099081627422539369838059688687994369792607777038119367790589188
127936132577314924933245297824696677364840211659771350425730000109790986570
78257567575702027306618627956683201136642133149090372067804520297508519422
327641335421194186873151331538804070959807873079891789486605417332312487154
239200317979159001493281875609712846403982449620131159793196192899338847206
185517618137878996969849794629190932058722835141762910766296377298900381312
52136415104881960365734075852329966324700760990306039112702140342809532844
319227422352486922459357909353348896349009572624142037519581473632102979141
435465378329821800618013461327111165533459219235997604377625257964613993281
132875379945913722099407010228187404976164209757390710086962484506210818101
262021726606977405913717197070893956909937135092623560593740363400872218721
226714984366426340913541194307943276781800304481196230835593906251930922706
236790737372568362613008914536375905936243228298308081445531511804771691646
179613423091486435301844738349707120498936461369184613335278853053474277169
262754431780703562587814324004925071270169771604492852058616423029609995805
198934841206748325938154849641738122990550783868531569471339987674419260684
437044651937415569535620599226409270500827381575442751158671048453027644343
407321790231909637525907702823429556250651629127007355592556020191175444869
327325487130226522809581963900750795779526519254046607087729510400498745783
321618961132680607837912712034688754154566434860977451156757252677108032468
234057980967653559282441694150625035296954922724996929316518952363123684264
216840025839112219758337471636926451379910539826174932585093603998874418063
111881012317900442913268010318575131477974145405507979872541849773286174641
329463575340085543018991738496135930476183611670781296018466065088665012495
78545755689217239775437299483975735764978288270947306726484281936295723670
131720459911639440004868253565219312190608805506991423034935212468138835813
234352614258107865202879219063223733556703675152692387318039574635112524001
421470730191287636130083991909475602401466369841903253488553467781379155890
374785565739898177148494563595281085640398165066824418353193165080944741998
246159101354500417787829831459052749133303703189689451768109720110884907905
292415950028025170705011283766217233890645597221964142682995455104211637887
181317312566249677248888624321118339824980608070523748854794459388390485210
57185630968861323831724712256889813129849865350703568084339450273971786666
107391447381069625483676461415056264755580609689019583856699166882516864936
387892445527530540201309038966953624103597946484458335557505205102722471414
80753642308256600108674953756106597179019824410735879464183788462027060240
312315788694256693106004955876695146281332292744586497683436728043697429300
869294744475372485632025443093377012667526374922257217311271333773958652
162178441136676482313975873732659767272396246321375409456438678011438862233
382257816636649158376055857212180171149124441580412346498274909526687278369
112259419956199878989447900756634367559799705464258641502178174145275419486
169121609897049931233092413072317188938104884227485178590401356143965701272
135249303468509601072518942444127271610647115878492251325067352404489355762
284770111102058102355447856259434577671666445455628451546578037023097268878
141367209487926973015427100208852243612232844180949860535115859232671646583
387328014259517013883716559141882832816558896147685290182907941274911199099
351838750228219935863315731190887187899430203608839272991860393889587890882
83051126740585327741144466748926775806989769789186045212371066690267295985
129269897966624599567907010314224075621193312248116703188436344342252761823
117837684505255363190486783892756874335131942116719931856945906736064532433
429530822066303792246523024112959162502666589610870068570049209859177433961
173896635209980196768278383446132502824668314702944728698166761425340368656
90989160747102399068097958583580900491959449534115887976579350464668336428
230139924296996686919399931680715626701879486354583385189297648975286548313
162624775683133792207847617779989534126489473025972087653000491825346827482
223998019568579618832934540013528077403543358905867265711631786683915492572
280716137113121821338321356313998478133006817867885600767675728673258990304
69717728753433238424838353969652787872842724331545584739608650259655878465
276137220120592999666328838318295200114737169611300985145493986995620025145
439721743165273502726365019885929476228531700166633121412444561044835634215
140288466725573139004039417091115842098520938100160578680030857265769327229
216577361389181897041679027835462401980187707934786786955819007161473285074
144542352129977320984334093839279966011453000587775941441725845308496447670
372341085695584063113079992517083527459224941653109881127544722015091072408
85209931097888203362712659743868230113719690664726614569188237987214596661
394477180897410204046408661835180902434740363975740623535279053602608363752
203212006831286088993644460985509562965285922182751960612965593103687369932
265307932721268658859035114034505589078900797711299659021722355640289802324
329634146296675326301876040323696393892622731659736803007748768071178334870
187146380840224854373837972182836367576870601536221158465819398547623408603
450517742732722258682853312714029518846285283907545317599311213758176467068
252641264452086661514255451916751709922484038535165835934606940063809610795
152513352352769452852284878579965180534716011121368160387776186743188130345
349866232860780473993767238546654736248582931485937688396381856475507356623
396056053859838175412425738968926720328281273795105270693550590312090362510
253536041674412066294947232703305034015488775665284665743849595922624898509
173231434035994539828157524161339396184503858265570353344919201557941806815
32882385263484158064981130841302287236991720813117189952574605689965560748
220689837056398353624875775145687647387237011465072512546073748969013997351
298971996556100684778481567839994612752716219879589511277856084802382430107
417487925243942311811205362851975437914043055996148753206691955008302976461
4274471003777130909113430670242527498600812965040401365963088808185485527
53230728248365719368372830143284678848451201124377623097906674744681931999
206611027292262472118709724279816729277017555559001770161857424480744960638
188349134706149251318086826498846395268694258592508339197341645265520145380
364592307999227778810403919751343879918768161302680580125251423456947479175
378331432469156703455642806855214664506728319707623589434710272957780739209
37906065058489900476246582800445821961193155181798325550685665086806808959
6701142777039157618091322474823310757558644690411266025725561917359056389
314091208900794539072462777898895890139793543579892391254682324326740821486
431155741882151556866657445398957722042830331655493707366544456004862919854
148391075355036947292777136739103288852242710051578585711922240670021975941
269153564775684255546028215934028171624492893931312489723379548249543626191
398277030281809248840365243154444120154123018449524947142046331342348574004
431758883932072844547613865406813875025946582787649385862840948128523467164
409667230776011186034265734690145397056211090569402095729699090220111037966
162559763684518080462283542029967564301788399399547012675424174399606047548
31197441989347226943968180006623975042934827340741727298160767947782276568
216071017159532656060537357735751313783932856944843043558733512045426480954
189149994126286842541342055436909919223106660095563744997351804264328730383
266937529711914918040109272022222719479062065696602901752114778195140720606
268583327679702046788874357272640028766713420542778638714233433908801207858
306528546903834559299649783356735053796459009789243547225094823010452861524
109251531114287892659073109895703407860103727354648621693637778511482832517
20360944963793883746858436978798785254477852903378301177366142564094089433
118825007281736209948028553985369523376350517455766996502436003498896462151
25150383796626496193369613044215675352686170038563017832702836011478472779
276937040967539660143661890945935399786402327725194877336881538951216236104
446285233613926667149831197869653302189141240611815445344178790175897550156
220149622244962040632428943028495654083731954379960793608866253431110896049
26175080586812611643806071533147039342936063145742266411723124302910186498
176205039899213899130248990422509204195279036785745355066774659935928314038
150293724870379322811124705967813434285234257170977110009358630705090664386
339537711411926482006629889761101077919662589450859530150947079638201651954
245623808666514557484335485915607636775820875998800113399492619150644165284
301129517491894596398774753220389668516637211122597989171776205452761675241
352180623177880346329555659259361954676856317422536262892517275619154310279
189089518437497855801894518779028715277333553076010248076593598769624054849
154998535848467196652724528857519900047184358349477405951297189868206749874
54686944713487363032863378470138280998633180564274310945712602148239334834
392570766844596558288112348303881707560511562174042277871623030038217580944
438356826236533973071816700744550014979965226767502214671513152582627679233
211683708355075951217168240429245783178599841623811079223205138296750563098
106536804706804689249678236979505319568452267717837670383153980187222605774
120339313447600626992033453643154052465976500681155692147247578125701980849
67025975739863559024966868987211808761029774828467675700075238520098656600
298764542981988106050857609385665581310823521915520036636236001865769808964
401373536947552636909409864631247111358194639337833810635558553934193460038
394071446558031698576344511235008127193093342779493858971582573039265169654
252082045482312702666763459923794484813195778574343660060330036943993069061
307307945172234522675550183053482002566829159726440309709319419344584941004
306090309774732957847420583602263472679681318064875030222240009321767367732
394089506025589525706332782907752285719729491634611136072256049778128237131
390794752113140584055004107493039782866677803011233794004986775733871007529
271478107070317172849122585365684256820881652003373040344125992572757531396
92968979387603176499189809709532103954966002984212803592940533733594817598
122784074371004334336207290711238337323940516860407036497932315783269802475
68026782070898470903025869180169407505433978404143680733708074349537670460
4789878544843159644546465109359976814663238961433267821544684769460020256
47694140712325540108989563633518751115126150311993945033147608385658898528
105929394061000082096087532352611159723067180912838836800871579535087598450
289788291016881606373599284351525436448373053216706543677963583311241959304
202217539558599865275588741836912960614071745588789856038113767544479220485
138954876272874624040179306829957709445266976940379425317403544014195228064
361780158967752690104183614209423156635906442406342300275336418180766779737
8603961516760413600567621057491503735294764670276433838650825303615151548
182232588297307800448759573358877118820675522520953308820277955327426823554
246785234344920759957761031652682123635142431113634543790016519250732500378
8180784089397529624416913660399941346810992533340838503668562359434030549
102438514731803828252033442773177221277691597697275804537901504275179168478
97138130589587530634161321542081453621034482645046687651453279602025812075
246802587997390765779510831393923008415679155675217577443986197897646516229
104439547450022979720938481570396696849705659668664541493132621587333679700
192943826665953454962645804360091922403956298612722152549559170584736657205
359235316336376117358595341851435048763462584053733196217104819648263306063
445508149551040483339469971495218838859405577749376725831670721285287024636
256052010993837782809182150119099857240658136703441029708790265707864180136
72293435187699346328669623197521669618844989014243227310956432747966111581
121682867894785962566065469791367854545004532726358177630695599653302794526
271478174717210961306259013646845100668803208741792005803936515343388766190
203250878025732164884058967166299060058388081686988267976516513090800785695
268003051285701283548232616149618113411056407992030512837962647977300301223
432235210886189485004671542332740449253482388052967140703855523439781062819
335012831316636442096115109556020106557188540513103448291686489349373332547
443775487294137763471424841724231377400886452454469142561196201827963021973
438722985722630230361556673789437498165015047686813724787852878999089005199
203222730014170805662464605025046548325076710079264675727297604358675521389
263843835313593752772827954219618532024869366933491840782867011013013751375
60733590724037229984658668934348352232646993830481349048526330469070754150
105231152115972972746014761743781111084863708745172992718034415971984223164
310541682203676486339549972842956434000309519578788524178754500330158725715
276097176356453699680746073010012968060244401843930431454024913683659951479
397540018168069263260681378027662575975406103907689778938982069924459059226
390812136487740167599180114376157437884446862339550515736931304952843909411
160372107930671025929054756185264852191083860345693111731449934135995368677
269017957463821185039486547002311199618762041791307687622183820800965472553
42255134797134443624193908890703391075701136637879062047875569726492830345
261759697912136338548170588221302662343936860998442433441050583745638841987
365468483668105048170457041643837301620485916771750478899975807305283039491
45714897949074656573399980812841609913825570376014606353526298834432480464
125523265525583917869505099187172903101880833651560784991434972818614559946
236839862141709601699505831225327207538429144120461569650955904703484517613
323496254841936523734296937212632305622126894624637834273895097857603182357
239931403151314313240023355721444141198686807719355539915986679464541416205
113736772757689447837381860200793982686418315031211322893125083769532995629
90918097133727782010731875099095273568740181588979608939904586484404449206
141954178617107038417166820338123590512587661756308005698910357082586756724
10261408834323334133318203476478675062843184282731997492809232948573757084
19136378773143020
7
352
152551087420878007037448912819183181709916240787181484220277323802432860482
145214614137850534594445680382691014162554398961254496926728892472079445045
196674382750517985241289350800183658001999856871113758362816012394209035345
131114914406279748825355894491492418742737638307104514939166601829150184812
120644961406505587574147711639660540167337872193372048815578994546614817906
159536570743366243896447730831756250031879587997420395746479249641477192026
187819444628298253632883195558109346488453411692849694843227274769478465893
86921758801303673960099621570731391671049259680275105146905967067986605394
87060553982993550056349749120737445143324419351807628505291504105780702579
93989283033865959204278921272518909257199348877915765511656451071858732592
145711428362695416159729691839508591591699998347883711137724117859290276691
189509562635368670534713898502681158025605463209667627059870971092083691126
184499786674203862510094259772710328920885684995726385892476543964457165876
154214757399030034622844430209787837572898689700027246830793295948170145588
182568213791821298430904024348052590298908117628196537014003221493508032050
150935755275728977903361554023886691028206342183409925915835635202983557441
129375457506917582978746209063054757150657931017514770588003895629332379252
134868816535654961362440004194242099257285272031672659361805554833729408334
148796508774366506519916779701585487187561130685609908592067699933903794023
83595388998251163990572541813556116917012423392506689957060998036876121672
200035640550239800948461265454871987170271368737963624005052117842178750305
182374527755116818078426420010157023903421273969782140621895231886616193909
143903600277551183205956030789777016649992978563458307934705433886655674988
128029693219498129612551614997514900055864733925747388362251834303045447753
124247940595163226104142260378572760003853846886760821139412563365933036112
189725379099505901491236110945380778428576117016036468429082245665818037605
119148091798436654541788120548487717048371653895181201018939459042408941381
131238626778055035295124711426348896275326901245919675990618704090740372841
129471188690408414537445297826897533436006451237606894544613867343158605611
191532343497545238370735938297764173796330031564971953202018048534673380166
159861059907733680854544724310051815457316436810835769448499715207377279303
133268876927527885264956675298542048569260845506997556028242349111608039758
140074000424132310064487789885657254016975305495286180905088946691627052154
94377564278912512273864134406242922014588246087647503418347050891346005329
94417328002715195698179123216899278606960224348287943317797444370189220162
175369581153429636837187880101699112584985769338784407007801615441449998453
90567446463006752190295860992406128193738013418111796027032676169879152726
215923111731437149083465025808355233212831017769423234759910602805505905747
189820063267256269708287212431488246756081191159624811343065748208052752481
156064237441707083987401244368501408538387037932878698032661604803485791055
129761847231023609591536194245446517094448520929119480046313047431465363055
214240244161722734765297039880580841874092296776320079977814548198402310517
198613802548011971953634597710445565727532585426118378551725138612612903728
95798647174370107615216178708987767347216207808592099872532163854669079634
94107989362802574311800515573297632871532729372712692703719902423761189448
115337463093747151813937668938406424502432535119382224379037542308586935418
152323465548882938035872336012872354296308129744582152498737453066189958231
89173243341199616972925806387716465993421538254332427343139376921507280691
120664994760118671787106808386594845397318324561481159299250335241882318647
159583667561917131455010426572936646836862406928371238190237761072037853544
136738808365641545007621695122344000424841391830063892144715599210891273811
141873626239484407973947332292773161384107919483038471136577925317207352393
189862359641413602242841800330301424840281339626669184018847783950438459490
85522488276618030575299761516988609865467892670532080485915525853421795666
125745219798521118657622857634033545238904780312126920717846074792096450146
200200848787365587091517839106988562417154333166037305370820509952410733422
203873712562484655250788619723458737261367132815561877333818450263013283706
152780354400435993906304223710867243416911587988371539130310137918550192473
216039846075374123561910260748726086682489255645268029549163900273485625706
122673968683027922461697906258642473787018063403663396621285954381971028535
86901221327221934568019777197679889150732576623082592295588883937960680013
141903092001240182439471831405064370517208602281753505673529944372367279173
205466453665261742828391368057379038225938379155053546631941719482434140015
177405701944925621608069435301689819952801224291363548242284925774412148058
134903864794507614651322638336157704131902053417060500182511481177342567269
203873496480466503121122969615997951727924624192182694428857403563027623745
193395784154716181152072185195642842856811178895097208403954670377555619929
142027384282230073768170484299969572168496811143041833020417254078429023861
191416278620934791090913987972937189898823163920083282806470468649598072418
94113650614267863646253519782092992638746251520866033480785520485016416610
175493412088690783547013036018593066791636654851714962395440049424094812524
157604027718329153134357239596101520628503925666455692200758898374081850194
212382867404080917568127461272635688006370921012798938888416214689639656055
156022910482870339749323900096962216353023875856987154563312587681687285586
95971998154215149392248670990343031271459051134401026630127036436830975539
189448686415593501683828648361494693800934377114031843458303161312977178478
184237381091008755761843923675913585483682873109207096208513628900945441903
87026146888824709379990946154553967335097900298873361663103177087725032782
200463871800568189363229197850874193446037960234829551761447595854974511190
140293590215708431319635521149017244431360554473977532731951963545728410960
175431481194667383385607278997537480170996443873515604929239124987919683426
212762354223658884964000212452899775611856874050278587946215868143387422575
194968793127431435531508151909248568789454840731736082964254715798856756041
200043029248272649131368402788805453218219104475129794648078893587149311307
180925649573418347789530219319044059599201398227983496353229407353234085193
95770769549560386650712817999014223427244431611103193802271270533063519082
180745098066047605219612662476684667310905796107254883887224251609774386255
76556791414898724252487016422433341731489784958753281307840308489907239269
175458602773458744578147539319210738434528219903536239512040936645038991694
96240093368476820443461757874779408729291116874879126379212714982116771431
203741608086971902403315956451425844502373060263867204928747325200847431796
131569807500648174286960745431625961191022164414721508892017371960193476209
173856292495718692530217368837662548884819490986127238190275502477300231533
86963279648705171030148698388126405371198915049049630677817357778858570822
178777266081465131552553325185359775853383052080542161306776897061389955173
147272110615219110274791713702554402368782307650516147005671382934471795824
115428022080392264225833531468088693351279448591057851662360491577555766116
154215328921070695640723239816937742369552800389092480532727624293677496442
145386726037459391162789838421222536352343700946781708978831613328467900524
101072228551277432676060145281538965225048218567779002181389763501784002859
178998770977482735068451784450709061925673003752358905453425375050137087792
181001514969465249516918987472739272135706711968543583765330281157556269932
207206096780955995534311541941712926550316144030088422365976699069986796871
99545404311177679842172235028709258673448955470234935442583334874227099211
134759679217227628503862466409211224333569882396339579559963034338371786572
83402596081743778999792654495054093996710675334929578030371017667947091796
150536373463919740235313971279397989204845009284700246246581956874809258291
150957379040679218724131510560791140253317966981433538124989110806224851053
171937580450405444576868355390287415683296671278642843652066108572405558346
83809666106002199944723816295240426492509435251361663262524279701127982388
117104342045194839615195422571559943312395975923151747726219893640207346540
200126338337587123789270894999565419619160522735373406219036295660467018310
101472121965243893796342596695000497805953765751543581685368150487284611152
172200387905616168320612116269733686975797313654832595812943345885746909250
186052215474843568277855908287301105181179332827428332295783853847978922092
157955691163041460939131742112735755002776545813442071925794177226220388968
182470215544933055033935359221859987691954172660623342817382112077093293423
212714069401439745686513415707725690261629757531654678118962158861067824982
133234611907742739288409532187012559348849251282195474199784871033518372143
178784380127041638252849641572730675809453315625327413547912672869129610104
191346636247452295722763568701095247589388107138671101011158199444899258997
150742587032381481440490091081360789356909691951206901820477294249837421362
94376455139356606635017968263216504106378519854746285451365473957277282889
90698664815418140328110298321843059110621459282270830127822950575779303219
94411878068976514918932160711642169707305613500501613133892285257814527586
132813410646321324941803195562735431456890201541855730015888797398203920196
200400573758372733854505212090694725232474969669055239834555948319483315321
127926598800228429004765701986290515805086382719390233413511951804785446997
184251888786831408974286884477811259383328787239050531423357029452742674804
189628702009319561552955710840987742881509404460043155635159728177332707649
99519278105852838821036867988129091763878374452142762115252193316072145479
120893237369992050175599128914600182190605143005951234585894820744164223864
207483109704664073275075554164747225209100924017639714994036414429461246789
191290213166511356325959947169576041416110417961804337317845218825356391781
216088296390545935812711007413865137242042134782511962491214084848159446346
157596668810130418523811759597527979258858188006624933695995613954020620652
184271863807667652383004418792629843722160981086456533080289943301534672730
92353786609197549678972004545579750357926296784767193264698675996889347417
120721365498438767031867912807515281406390043242108854402388174835851084919
157720925860356456188274051518203656442223304370530254082796340911809312117
185859100546797901005519594553572693726940475818094751461289193941964048230
136794912653934462993595737887314015838095991409704184832111358697131426900
149162576302342282358317581203580492682444166235634977813772983336612352854
172055558363780194013275404345444683954256486363585771363144793914051099233
129464318104510393551889538036456930719880087688916686645404199916926036836
138299948820377614173455462007851785166404210491970318555439244876859533383
196958273094775045573973643725879456284286286790785616383122959786463744821
97565119982345621441591049705972548758057869601916134829788463197689108530
134958964180218250121067912755147220934170244405407160639874109408921535798
97695389180082407558155923559115118971218726435466506260298441758145194864
211064257970814329216944178385790742872181287618909270899689480340016542329
198607954450320360044206385760345935696221879798222987106237918151167259448
154105197144036750278619573196248340518478780133173326882413655309079368039
126277379965917871820521589863520494393119308257687292859848160834005202777
200429771385549984184269499264391336511184952581814253147240821147947332725
212742270973939943155187741220762839631097989685935974723654465164218889317
155864926871262275688838208890680839009643366539292185579888893158514845529
189600632598120993386955877958922789914169743543235489300599265140545708393
216083143658847759208819932630218400761390807476082746597991943168418330233
99517558585594216415408244775094286398602121294661669650237093812697264463
150632671642941241354575955219180155116588598919995597015851468728813710194
180697436774799056889650750236199798905340496749249237496027444882049557058
187895122334378268019656806172456935850359864181261823165265145977029413750
131555570440147284035208982570065707400022423701021361054354142437760922179
135103581455282963686523622963943975319673462436932945543165689216214983467
124150592345235770953671780971077764424027681789250015730990292806665725509
138623712943010891858363498667245587128049291617869229757164435201355827051
194880930856204768883575013194348705094009078131639562886078198122137202514
99774754897130351209639654090926480153371702792938393945108622891001591922
97945362100087002207506327031543022266293817021911562662791380123884402522
88882938838709115495092281816196661024526865240195849169085933736203742786
124440032558366645580924855657791030444590412709189440418440204955315094899
182725606911181906190322718415772320587755041225510445755061665061107622213
133281170676754895581593038210701913748169524720775848689894843264837832023
150764503980627926491810046440871353523551661040226810007522790977710795568
92265441082199258957666834948009586917388319111235713845757950851112270435
195162546772142784624724024910246302215649402770706686780735030693933435951
140093892111755426408497576596987116702657869214675291885646106150316618317
138313159301207249434353956170298551212260461733839899028524325247593564268
187682269457766808875328646065498385555347652111965982291172166720974638389
76513931096384093098918034358889489205192094261507681889801692964810339404
142170620186220530992849269372917159632975010619726320330121546475626525550
186198181357421455333944060582537837579274627455771429136584963552009667960
194713612895893269891933064902064665244311130778520170941589352413002888787
150866766742661231840695011956466759112932023116793159304688250760470296130
97966523790600637921842282397876824224193265580116639142428112470270895207
149004723056733792720070766617620311726418249661165277656325895695394495081
146974502403730601300422554953783279721206249062516306386074866562112843569
90442679067774379840512691208718202154499342140278223255349212247815769704
193202348235885500479755242976026430489868123456926261261882421261454291315
179129715143061294349951373284296669352385885385074233957963463681951945849
180792683005850288769435579533129966486247842739580379176181863920262473813
207495941160382097466315707499076637681142085362635215554855122703485593401
101431202337529909463479995058670754042658160886863792108589534660200121703
205785580665138299817903314230435393252954915290893732331680307113606338926
191283880431585768337470771688847963140144222536009624932291253175936116792
188101527802924974410503781791976351612181474412980825820072303993702544433
152510057025600307743772144183530502763086933853278531713775269712084428665
180709835187554852114576814453329521745500115808696134718603000453060973386
156286142350363486772893963247642485594444837603940449235592359095099215952
92341333754960597471034659608715701225369356150000335672397350581851026002
147319237023234131386307671504392056941907718214727099448465734857510314326
159597450295278629964281468139473610293737776645824792078794517031540646734
198352423343757535454086933749476120715515185011047294662990879118605836902
122688688616018945910037992960152106092464769853513932704877402877355910737
179254244916651208682454375295343359596377040527676989929961864897029560931
138263985850145569178291137014863475677207090068898798972907591258980307779
129804120974855952579822883046637840025703444859889249522820466219052182370
97655814091993458074249947376893593948451890784710294663298689311239202616
141964832466393390195356990338459493429834715007030341451890112502022031693
182566997449225086341470452891680811852599095671603660520977087400118418040
117311637413616501106443326969438684333652153601731605648277322270444180582
177238606713969533832448145447853254691949492469639066747653330674784094063
117449186219883444202383262396183149947256955379519032119001035189942242859
187970475606178221715865786519780831031335245725631345971916742344936421441
150557672347433729072563398929471428316819091365004402534548698356005817160
87302030132508587825523632231572380338218476151440364764397976061407020115
120981880287412303958149130362817928481140466482925310697608680251866243658
210946383309161516389108482834108891186127221241910651570351557601537450305
101085250204209951284688378034518875873872921541347211372950897933788600646
203872962756996356997889411344402565664894890951731230256133557479110372210
134786965205001573411768945339757574771270083120406310993507147348121243207
152759356371050896664323254374895186955505229121134511252894620127396325689
85584846312382190097407327513833201443110922543983632506773701108601662278
193071836093382881735521765783281623250521085707913454413478386249051104082
172125655696634422799549552137737064502916364337754840933866425084932598578
194713583638856059929343943553833554123106497733437806378478432057745224760
143916736093993753679208292010818499261434864027092366345776241144076135779
94037595980693941715455212135780132329238185204399323078667462782907397232
154449579365492135579151974028441326351060903192206471155630453448503676009
216083038453878542300355959235640105447210239890942410466679985051461056887
95757693877940547918241142817575393653261808385182382266703023211925035097
179193092287900023796014467017839594047584201489026439052642344879245440363
196929940626192586549898782288023075091895552310142943153573496701106483510
89118377127983848908333895235580062913453178766220518088226260904868998191
143952103345080879140871477071984312107200436226892625006298255637550884453
193037053855720371493025206226241873675451318783480393628887093493647300986
126138720857207511908620804724931810635159308357709075575981813210253310280
186211526134400265340624350324897567393358131423026001292607217258620996688
145353429445682415499801230420106208740413721896259062553339341907072409926
118740054157093684176610048469103480957289307343409900408439978545571383155
93982627510115911390195599670257926002692100352212230286859683660859200075
216391975339789735759573276644410667043079081363139525889555147659074227563
101042975942397287621446921011541782394473459524603957165197093254529837132
194879069268154112445080723989563759516011833085556606441098191641749112165
204018328355369310641441351598490777623877618152443205951588499207886615395
118968320871063249763716027707444839860761013377429440402033111055062747502
193113946780220046532434888545233174660155719033352958638373290042732932472
120948016927567980022550374591468674647556234976655323884274968906900260208
96109438084445417497079306424901148434800688729451538333790769503110461285
90587316894382660830527457761806860338700843768680883423677389552160813108
117436111281226524560731963373602252740860659820951634517014200107213022787
210720410829572032396615172083014345598946960275172703989804136255140022087
154084249666079338280887624552942022220601320815482621343531047814050363189
159729337512343835878094564519765682501697182123653623612361100426029919279
126208201925098537594459847351262322957577166355372691584416640558716180592
212361997126290991583391592189567739820915523007062983972033038227654785348
207536873008129028700980296571928986759282473468805390814526592193238812504
184362746826665174358735008213703905453823315108766431683941816451113317196
132839946706873529851976626587352931011161252048290871001229704202118654329
128029535774750739216477590186616195532631412589916558607896882780963492967
173761636628970836674896975418687472767125667065885816448914044883221640812
173885355820933799597385466661347263440553046880599960868255048344278025574
212507392525130934455766718016028645835648631799301771604141588045030651714
177072721853551045284493369693081317482736283273725442861665193763007002993
180904863863015290651190517705866550215375915073432008635016957440012335147
157824237531111684304761329549583773957375534388724182004217883519362824309
207565476354743410723211613595493315123089282309337497801802503987666504568
131445308785075773774211151888116422373031133077490014520587329737447395942
125799406463089991925195216114257229971300302050932935642987730849768030794
97765213315524522030887305252280154752849095579938690986371296925554727533
181027719812642862039531283382692502753544360108776775284129709798641126983
90933430044018341621134995859098733637260257050261180106354231940566251603
159384681654473726377748949084782259750069697406136481247764031392568136772
115461264955932719448480537609417438232874062681354204654993567828489304691
184368648752819772140468942569513122037312382864280632507234111879866823501
202001672652326700824222549237124391694693520670752348638217749810415297382
142054148054615894317122872284664396137088672945211249756297518746753644110
179013808637200986671869557432929332467141073716572079250967400964648955501
193417461746209104767540579567482977489761848227522471128296461569285514096
193258427360304394862820983540217282746308385153656515535290233167642387786
179227715178508188281511569814088413316561109501034357100630418752139457875
173732575710259474733673906564878348552956678407677192945069463031910458160
185901164160983754633234249312246300362476985811770846295013753937590700146
131514561199461341773716749982197160151969808079312313513464932308997262178
177522147857468752647070483049558113399441752505848708827857492368380474180
184050768548945736732000181528433546585463186903770761720992477914753947735
148997066336128037669523676708765485530804021702237026422438468681739888743
139907496844556243993200357661826634804074034580553692434107290588384554064
120887199919985180613210131994237698146267605549619655153741377024019214914
142068309068236460530563396632989310354967063781380127451755193589716972344
150536724158752376573703504494542130820084186849647241495461239107792358726
149197377252289933662536300734555875848284530419498257935795378981117786200
138147466001885240946587363023837209476534378281086693411064616725358604613
207565908869818375513357717479694523118885741421228182108069113803665209153
216393427060283179354639643887340926522684096807101400046262363255636898360
159853513132207556016400552379136899028863701085998444383943346054189438824
87040330329664528206430217615522785376409314506888045769386232990760063317
92574908827128598005256469099985306992086154137347484095443626198754160948
142184368179300716979506121848459588601611517365964154901784921246516458326
140287927390666827079694638848301056886679759262734382038261138883563581292
184348912902839351238487678699135596412424497471959484933973658392683826515
150633640630800122738015888544895391280914908741870740169948468754405093203
124460952736925991356350085141797931298372992975927398185486585755382015814
140412372064665028748419168443547250005117887756654913833295589113643084593
83651408709242748920307146386898722380305812814820774154424119444157777495
157575561303264938172758652276287389260910211317242699505665199174756493141
87267765295108983098685499188640851466018374952758560032174818318073099344
83506636957032047421414631925807714377259149901285101047721615329729269604
92547680666046807047772293574259889178015909666876334359083023627084777049
119134237337168452959597102949131967464993152966988147967581910831637411433
85584682159282137659990560198829010261849516625106716552103990648407341412
145421257301474834628336836395580454463032754548424797919573319742093878353
92581439993047991426709639394604309066551428940558486131718616976811454074
90648703625077407945665513504952860781750611358584377725162381160041039190
151006610223133437183053185184985957440479123302164221424209799567260150630
191193699739909401665942671281685282051606615965441257713949076047268301913
216372993619511985583371123992662624689630479190104792890893537628777900854
180917024362159466666109908036979986357174863523401136260568333570386518906
117414866830123850017692757128912907963290188615875623922570296087005460548
76812642695104271222221006133461514671621203216225483138703894236741591351
216385719559341992570510235867439780548447390409364898930042389387323406158
133289634527755917767646237327987545198846060788973617668842697789663361334
97862508733712471027388690677437345554482971181848161405199686788142872948
191415279331929187305454144096905442359207674026955434074228299174659842612
210822962766317486673175047901987303705468050790078725500041849725339987822
120990318769674376266028146745824991180132283404123388384129756307731722832
97738873783276800385846124949656403175752223246709102266019593727082984760
201809096791908133982596376356689908660758172074044960400428817267102463858
154526469163071602227440416592894462879771406276405475825685314617513751120
191600819893571236807734977964574415382969400630988189858254894131693246288
157574940786323045757386321610663111303715790017816977850355724910712088417
90690817604103282152464348781224426337440406160772192725261716555982854242
118871558773751349682336396422901125525243584083706910814839701790948683568
156314049770319015270105011296528781896199010951181929620703156789213941101
85280356281138142506241325575862722473373944237770728491965066511865824624
123979100227383126001704938610796314938902910462310260980709916657692468334
129313797270881345830366828629075767886974599288774056817524294057819267958
191407465364747814185295415541901006325133787210418671949490162508228610649
138486491223623746698505864370352300561786108127689426574673247420365161796
126137487567617563140568751001942809221224851916797780892157499596929455663
182767471195930851062200510328244391177919803908859634302377572167352271980
147451691564482220195124030992042205721475478878505366800628238662440996168
209319194970451267846802997076123854483592678899358004631495117347743890036
205785203527329231114848254502991871275966416060269888373037538532205358674
203687126361679348669792270221425432888471319077600385863594203715348750934
94038596345408383054539194020796429311973399944996701400964459178940118899
155871881804814159874655137667053726361326121734753898894949469203704080244
136401517541444476224493429018128141647250259941427220683998664576782775116
156092009782528273650081712422599332258123586262405178305072152545411744326
99766184031990727775226178974977381924208502006776077462234434864034502443
147189828439184288938766325104309191608715937384634135725650996082870138467
25125674176191267502578285885
12
