1
264
276054573803537910452187652657997204033224887783990150885924691399244507400
416154931947159576566229137756387687831331665126267472066667493140666239667
208483392331193822891511193869458031941982149944231518656137778183927597926
37406613764347891349781784890735389184013862061482404685141704666712055259
399546558699037135682580178329941341918867081023892346854785121402417255504
263333957900521091582346118000218444243281459171230063577462836024171270485
164774466661062079467293165850536614078988008481417935259808146170573899152
369172233666097646442481697955899948135685456345042604207417456883937059398
295159875027670124175279985698583433168995945693296303005450885905772183460
186838084360921899972733321116043378446792980203305692329950808138628315064
280965960293857193878480051400442426856715116648195958988310432842566121317
77597334544724614937750472108644457501469874823325084287368152769772810724
398859544629768230147419662052362895829215846383639415019930995930838657654
209241620485968961366283573520813413583073728970183052604044178557814134229
303253571666865139968873380527991850592173245171767009726882189637212692383
443526550922333118030044728065116139046310505154983381740775500864317409749
204101484399936554685342341028013278293358520753773702161823278989513828183
106275255049002889119385591597712508156302775699819704864805047995684050260
127021083575391255980455654413534733685259351539465371252396944354333249736
77627067702249688447299333428626903587448638786441577717262706522868031854
353095873793998857362060001880089974870012789885050093087588101573993434746
224806007905969336671934580980963028998095843020428306342369565639531245677
115238849981036777854531488444578806063555860955548310844183799241168730797
224701696624492315279626071154042366856581189204410295688294307056834713150
409903224737374902734255885695999265732601495398305844988993818497133122698
141969151176389170520475814849675695906109942353996115334291573294153658977
108989004637191642920332409137651560446236716707751882624405196587180255537
191101693445109082121445462780311776531759136776505606560802279608499974272
220990536304298948443646106656666894591762206802329956807587957233148712712
63608319104919560847746916258097123824906402371445447683901799603508449368
97079658030052908513940266340258894130659873384315260712192258543507827098
91688443128919032920092101940733472124489287245084794019177926278937839561
307938172102287494759630993888698481990582579532570140858428831064867178938
121193847548794727971578515625549108221407353965874863674470281530322197843
34162394200406047338702035732817580812815027758654106001636948073215467748
131369370889041285210113124076171956844931307645335492354627119127453973607
278391378366527434818857072820298877675055931869941668516140767914938155878
115286310717259133244291908346126787735005135197240904514697895692588673927
188898943970509439246266665648094192550881451214201648271155418053437698696
436998302870278856314679826673762536759373597388343737818284226005493170600
369222764404649792047063918652640641356370471744842638872786933959027537130
431023555628168563897861901808445193692163059201255669304435543335238148041
316011471179739758922006494556513006023361254803479716859738106322944934209
176724632952083521977222981868586024874247042506084416839901162595931419002
19488148187963983420808084137256953119215798164335026781116292818883807577
364965327297391568491339736323563518553775967149905260404811679594006534119
34769548048444134871648149275944994323677285558601228822701020374836265208
143222641194000674774888202165207696841282777521328475690155613151542247592
150867318264190601343579000753517407618063354803520622863392367698688951961
94496233131270648228724285009056338663735123798273423216029278248013453953
357408697545485672111937810431965020303478565802045889603674386839102413613
387894977970052000544215163141777321672409866391279875495958108332209969841
159832828309328593657326300412975143982074392158668098409803075049649029935
324902262044927351763247696874788067634394690875140692569747480518576313155
22823541898370649495310307334324531278726247889422571017971258391989988485
401250440720174775932585120229069501290395599719705348922845161837537600611
227395848795740346663966606724423459870915266802872090568242592488671334169
263070839860281198375287641832705570176988998429413867257509685733369789551
394895609478168909401575875142310674460823466726880161798291732813975092313
136572970034245240902339599570909563061743147048821439368913409726518588526
302109987644181848874268186941055380752128285493424696048696525432229812253
42762926044046536586427263808559152471800955024423968050430044192431438358
261972993408758144434661070582483053965352188773915897883159929153238290544
6283518400338049445568932779574337051738852409413768932398424862744739724
289536094382929079172192296692595507356284011263535707956838311156522434635
154308658603409240486035761275870726214705983583057251611832322729521179864
358448030685800661540861626323748088913543077766761675848458097707263212761
58066254980790130939876225043966315001113068768628991866374855697323454492
395992253385234191854468175933643496141529479119041595633374591076330689564
56771662440233338335655218960102178734528123431724916277153147251936463418
91553579271274309050790660883470573796061794508838025081438523142724827553
228363028111310563455071230158345981203235304768201000279331785325937841657
352269760260942877162737305414921253206010189211031027172551051159292170649
212808591006068509722455233262525327772926028052805428127075005801862504568
222422739381183330829573041820153261091125208388889105442391526713219457571
204716237306819748413598243275539020575222070756571964423569154395745679235
397154454296072158099519309379404450525177901893849555722288594478279390133
29782092479042887317322602943320594805970042777948901073555846451534647382
93164283080404361382845773385561998978687603289243915777540521585621933297
39567617276078359214560152003763796264810520295280684258791775517467109409
417497795132510168806574824629199950375439790224833249034058767085081732851
348666879750777889272357084812312996096516758039574348746045699513430327291
37292874942660759946176813529925944137059588550161440782616272423381782604
293368127074200967216761115472372756752595398910966527553390173738693740944
191961739674801253098670311343771376284848403554847236170561150417871790166
287896771111066115858238397794461806487384409603699688922249335377707241973
190645613805349858987165243876973525849959803799613707202785116078476676108
131639956358518863572142526035808290481643185544984348025842799103899128133
392258496365599789987116992968797338727913972816637092622977114310899287600
304914023072789102010366289458120956149375997260270927962980092299598083529
150006976309982467131578674392752649750998427467046056904519050164625642581
283255004772784918621002043279453209348104747296197757533659733577097109330
323071057173201411897257545716493700455951015631088351936326010291355782451
351523530980701660596223546620360221513476476403865545609273937716551777577
420709763097550434355789218932174998248082572164211522191200409205139542396
111492126582581965582641937415890022468840035621883187799646167296880923888
263825298599098786716210924296946796590372383434993398390663553455099785129
200220822448008579327839532125642866838694790142877981964135329645661438236
169232274499589743879012980843041909938498219638373501524208716685421054178
363456556923349129930242566315585127744322794678723811572826618896037226819
18351242568860865657290189661519350242386842420002403303306615456790057617
295791357719652806883756947670077950568075223415517700435254447434028703494
314661926016886885442870999763416369131788641320668400093334532478903878178
308079226750589608142236861451890981053608111533071540515733137007090238862
146388397652298200751056487746212351194174488320457668677261685533991030374
331264109659168942450294781582991197935461393993345292440094859918342641556
205603335422449712418855930326570004474321922826730925168181255826806255365
70305458478699917097418247168011047287250222360085562038296017559353998069
350838502056144662494611423779128573248005112369563540287632362928615093188
6924353965977060775831425706774578376882652115847999955501696898286640099
333705244357038755183738712323183034480611814503873550094043894959346221651
254379859394725111079502377400262040395720989968900246874023590818111348051
410494724440295313587123767566028885819176415334562324919423864478302449911
104759081491375840625934366376102132842156537205781719918555422514999061012
318647490478507031861577816997620108180449081677845121158880040619100705024
413485577962491057043304547489713019375147327567483800800466711665252529724
248797186736202646895082869846274402679822406244857068916087819976839155431
117264087353616276012359863063358547268815322757174671413105960026067043482
314710162004424074331057470377961061859278730297362057935551500144860631656
304364479688650883399682395213809048722050875084262102755305457942239384344
232613819649418019028273309391496858427374135284652082196358146944792737116
91813194676255325437797732095763348759892474516253884341026278504096651834
342984973812354797223719292655024306213415681502014531154419849002808829887
357134848974385515036896839445093034365065926619898157998637972616422479412
102353991048114798095926321685670934680540904089715719203763902613542644506
184469908499464146096418002669373750976063251609970644517227933473760760101
55234824316207009123619358107456522625431729628138558952821652737504047159
83582264236957864154132762325096319092718006851580806508666334097263032074
174073576108276498952535037143482837729631866494268021394337855464556114696
396091401468486144770108877518625183635570422740035273785040294721696137609
89647214166554646954767858232836212625325517107019448577392829548895634264
379006376162562265554469329451669078261760708279372528860309235093483397474
241092723415578266536431866008177055339295901996678181894587988915574022229
124196189671900401954816427545646833894544294501384035872729914663842802676
406983631112396615708085377340262994609107985429766348531906300913095390195
14847378163501151407820721039511074782590379943948738623653492899745811228
149650279046752297552541821246853513992285296894255181019238644560961983745
76253234437190328354642465101690701804951944000205685454892512900120059767
330260637861788417480525440792910147518584054761885753371492930798133317189
270724613123954933149538224535973496836806674850189557727399593896730550309
240052273740896668457702069881138787156277581168454694512039602272221310680
161579132443446388487300976506515931563449253831163155248369905233326005359
427107066891260721301348852727874644641961138283759587781844671661486018960
137043749328140020344457617150051369545014030381916276292499018459615433490
97502841543126555980120088985171885266516368064746357161057219144381467292
74670381805340320468084181791212561826979777671575593227091657266362284439
307085492564032637203613483649568385183885564269135325224740926023143988305
227882084166099565394116597892048604481312239920375295119734049532593849912
3148325856653356122101057517556683473923105930857239875008782392784300616
415612672803835190224025165915152345186489315680945766197557583167701105660
281656281283304199056583904921003950373375673259209880139196274666892538338
353046841258955396985674750801963173453733262403399872051313906595957239768
38459266792266241321370426255949056294141808071759243816714818828116008424
399127424359422763698347523542851266849075584388609923209347663991732084928
319214902631627472004371257857714535833055570422374531367653103492200072367
296969832604174268295637763446340977911873180910875928959385685500988714100
369891541587196418041014536283415078823998317335813077821472126822476328135
70276320833166126131672472544749048221085458494340432114607394976997718659
349213768704668820855063368973630925406631395672511431086906429545030915081
240783439462386862214806126279654005643312356806822591677343981808763299612
97867880959706346422743248499574562115842705030455956462711861868518632734
391547396591008358927685139250908767087831771067411747703468559263054494686
219109394347707433121385154492643504060040545384071024289599171680094431037
449939854059739191601066377141703216553520771567278802876774431322228317744
221549035249146232795826523794926851349948186147262602846113010867592816529
61371212252251338469588905640568907532201971292261062189102812338514413352
436143376811957673770301272018404524862985451610933390458284290347691773738
262839281015276179001397769551978298015144615636798924843085913768646170808
60234930630060370768467050422020409061529159174015224720771241043500458119
33500628220152260703750507982456310660753768204757628122159079373042589206
212792342237454705030421657235587311014693869570419844395320050759465689109
2588876022273649754497618923805437402857921752619347136012563218322004867
212185913632081535975850202148835610438169742143420066490412408737013734322
379341998794627193390876971928002924113413160092103045645613726446346620615
285871879219218887503392048350199632695670776092892626972916622022377196222
284603160384486631149063242739171871673214947960805811123640289953164515376
218185001881640290485761523850765836796963952249206991368150198248662060634
424512573113274275383047850162759387070563432444758194753508623113657104235
88335078477039686485346437847018781437156522430167277200747305426190401849
169213280753906094549851706289522662777462078961002059756147022871921848177
156899929093707014858289997455057302412244627527069899063894257796149396817
416949467515503699646911005507923222074604770171566498392612565163692978014
94199225906145476164088074915281804108883807830259829559398828324417378502
30258176642480271091426039541022785143930523696528230512075400085879442892
51425206222942698654749042585503131834958670405908161129445865715643395180
202504117056682898741078704276146188590830902744772752899954994473524071511
358250067094110977668598399116575967813820621967964835206831768089401088395
408578933977135807704368212207843192573253063591898183879924584143916026151
387071732331926216369104870933460933282576566938787542864640379190863945060
221173162394752270837898489479985776584119451183912492666671174267537920998
438464329516577416381978695217408187020545117333210168893713660742435886584
276421157538050997414499136176899780093757569001353656810430227920236438955
413531219656610777965654180377035122603142344762202900764220267729810945484
294986408649672168512590107202585346112998603186708705166839698066927033555
107433787749651084425828720181328547966101244867108614785848468120240216626
107076972271110604611453908815084533415114923645608636518201559721595354
55096999998464754963207339718579098763865419025547117511189648661919533467
298320184495971228125994863774052071160394204389761008565012341648287799182
205490662215046785563221103357184292583427356825769923456990455386770584152
247459972945337969788204803608924848263436389692831648639741530392281425169
450389318929173743097886226617662087897169013197322461413505259802869519364
428297606712816777737810026799010180089666219309981975892509247397009289280
54248677973534503551163305412397899723250261783989089185853222741042257761
248348186781674120514358774166926963115595653756357952117880109504837347355
77715168671327244491280024697919087886288782611421243363861841581189259883
18314084047715105593705000837942246212701285911488450152033151567650516135
127822252383303895228738071260280347963268139059666923112093663844534925410
224120260612237550343306336268434772276900379461864551974610983628481863124
358142802356132446238644864980840812031563236724454194194658023164054521882
71761136374350121529527805229205088039776016047384860663098167694813961871
361195747762205729013595757503132056590590423393294769488610324764332228330
184274491959915635005906247356171306614307566737476554033436197301571548515
198497185752364225331168296339071288745065817501051223172155361318708907068
154059283540575827149142896800109859171282165864801450492638340568262394705
382311324131587781683362653726696773176338359542443051281690241752004040593
118987344639874264346048695649587283874231383986277264949761550180866576745
140576432074058010724440219119078023571713684912706587184331746708125923955
33883621335371557141335348936849650774198492515296239187825385381779947364
49935576498599431019742474225559441655899414227293753879377658198183354131
423269486527947203286644571729029724640398959946743898823949551927048103487
205563647711099169134825697750707355975431575016348848757397417139013086641
279018415888952823408118903224291443556111389688271369943862004103554004720
340588735350312703643930120565703275360746712641754559479374788441990350723
770240667048452394871342124120634057520572727576494104283079261925366129
224373897133226262205413608415430464470990909715760679432085123967414772784
298616029698534703437206064305430374831849628095012156336310594591219869343
12826591722519494523881636700707087387436970772152427245524476647952877342
116274005491609786943521811323357859183616794667692152285226617614587559270
155457660370023300349468127737808673567235475283889417146575246738910165104
184683106590418701439484084125977505492401328677928734598537142720314614952
242445025770118146197877056677436695652882435342607303678380551030153455428
281885174732742057354329365600559647165298884238188973221250390231834128605
171023850528629428371992382211833963648206465009363358841804348033161336837
239823017770179957761319741076669185680597849149208362475745053688510526860
229435676567208308258738188265603291054304786434258900508575024238645328531
312375353121565571198772622189305654498669222536471786031056974578778133546
164627167576127174810633958608158770148395177161220806388022242657607569957
104513953172534026503868043689372736250424634856674162177526461271415737305
113558973730906826189801294935080359916294356019164430594762815020773826370
345490968786966650487333453099193757149349326019552301792388498553176994264
431637230811541585880573952349999788618237216188983211576286460918126759391
36118767619785999980756549211435964089733602584349751258543427224908527496
151319245355366959090674238240112884578027331742547283656196031354208423568
386346742123518877204439450989472134887912528179387633261408155315418529324
370086434677329514698423631146005628139433527603929612055758564167568861180
115934668332170203961085289109693785215754230884891019379506699778296498006
107995810378782752697310746582951263733850957686311387137172127402558615375
396120178799651464421329520661482172396132871957551464214637896835228484565
381446737013398821555246398812183093875321454822361511568859043184915023393
130251271909356865966677799289283007013187951830995126939162129540198084465
179067321066239965619591993078952035791876576156025193465010054456991627988
234608660114835631191580355730841299253656540595316065839669996422775956092
348089544633350680174433761152712712812096707394156065255220840869785638129
76979151316664123635731592255972027125284353474569017896012791164943167859
293445652624958864375932141722168238086189068987695063116005831622048837466
146676305918349423916730326272407489090685039741346555526564900104219682587
69120676161166979372560238750383645309429636060696728075641654090794047171
70884922413168456587320237434229795636633141070754683150569500798215317969
126104137447989102322364143344767224152582232165605425455058475416635300668
329060954143373047965325487233784988942177010358753339792402699576007254628
441595689767020108271965862535612670634752935327327827334002665380495235810
416446111867569153612690898375784764160353962907060142521672424474090643370
346103163622127797098529475528481527571846897973138112268583276566022669339
45748406639921822180873666283192322957850293704363638782083121295234664914
2175478140363354
7
352
194823878660285700710075157663016173584797423963248068184859432230777996612
209234671228084338295253591541114268782147113341579543366706475960064688722
101492371719159540469919988056342448532014266495174750927571022286866104911
177182803421381346462648142122975387845579936684957736792733728641329493101
124255331642241708262014657273310928136849067322502234672014332461651015730
94356671060275390443356318232035176864505625509912400711917757788000436818
180938971130330530242927192534544038288714471606800635309273927881597865069
189433749468075419015876540129155874067891463908388774766794578252075976278
156071193752588257624425750866967780316288240408889470611446829921885704264
198379980941793535168281738007411601034161286085579496297503803237774864177
117303919697743322327825196859215364126872286402082947162546689543823846487
194735127155444305383178526171179428241691937373628629883278771748690930539
172062057182784327935401569031301373145521003864386590779197195316128605283
83548585265494008537673847574187827778622072057754652023647416156226220593
85528633245481655396147548840322338195408761952166478913770419040695769193
210594291657242399026258606848170629695763012125842182573610464766126344299
92553938531914191938776782273272353983270436174358176447832900477418821740
117206755627124624595857417549664318788767756582461708050174978193557049399
205737000013216468985400295318257862512387955686853248254430695526311218037
203996408986136007819332269269544513420105368126975051770015845149151144806
76798386447586219297740717974770770554841816498919164630188823441885452111
184264991338594265054502044461130546276635096358753417658343847206572349557
133267744707259246374747489183262221678754235025321992301929552425260578886
124405412514013626444754628801780244628942543189181509320412739423375021653
145180430818573345503434748708853841971079670260171226849357047615257594486
154048363779561659070925162714911013497536935102796594931681216491945555015
201796503011176250709826334440529253406102897002592638835905140610780788817
115338303686247190793006027535462542247873366202544126021115745126062699830
181063658051364093311200106273032556142365880174510361676863966141729429095
138644178686723868091091277309349660314127172339187400140017834727961159027
202210553881963646882084480354069646188131481966726014350642797626580746582
145560507722832818472812049086326023520149604606891982768486296030332606763
93968792106083163507584666218513741275091359617970876207291900663202866533
83595930184592401731207290022619565803798925993781475492480399171696356965
186017221572238952486622177063476063185119234048219040828204245006255864185
209201756809658061521675680452914351408504631793187543692083530566558247800
173616298320445792656352694506461136373663153184188395578108226874300187757
189779131551699237736499633624418981944044498258438231614098756919148831573
207343538920957466336247073728698611670588662435471718127159529722452993080
129672067042334617545542745143083617082344630330816103286607504882760565337
138630423339002796941719524216517412413744913014803044045774963058252534903
172186040503811176286999075427251030804709534203466472184884477837310448953
101078836890186036562850980196969814013406558399473338297696620358573253988
147479224603797202705588356693976506017977783045872397607062181279696186678
145394949454762143481889514633983381126243142340569384691696720781321201251
208821941199198274599077699008052842202202468361524757612997660095837583469
125987185864859943328331945654286755107835186917419287872912124397842813263
88799898948190449432000555481964582818310852012127303482972134713228687470
194976124320017454761307371743920402767511880719658332992662952144792662132
117228864573292478529782097483663778630220186719611022200568151425260998254
83506934438340557012247150674894779809309506051607175993519257098746814826
115448731190896453518464955187292396113457630251622943169696369396201179977
101050768306592543398957296989242698381328630863515801811178947437586247236
186287312204370005153741935012211402375558565238387030592418745287878271284
216041435153540994906333442594922805381097449325766803943667164589673952098
173919383708233764394960496342900414613007891365965013913361429488955174730
203991127553278583721949208370521315227620735672446045209474478362067236143
127808782258488656208686938893150714582876987433556288860883452335014175289
115441529741752055907971663570994940069768968093894698237768824132920767542
188074784494721629618472571501658616706921752479485141695275866492528520282
216330101195123964222221903791586038793408697720675513146855175054358571841
147231165098310683520223040953359894530481216719961399824982997623655786863
191367563681111707332218521507896241760898503679150564632372627485651653451
196652736551852871155418126734259904465877525990254320289745317447221068655
152551410403390305288249136510467822070053424153603141026159869462907418960
200255607576221671439827512009813195289832168033417600074923164179063457112
83714038773216059676140649001157421437393633888574026968651993372840064100
195074174900976409719717496978498546627925204446615889006426256482932913012
88704276131897570627325654842791422259962279500113547387592326853358082118
143882200188461611027488499567227439124693808037365494194891005748226503255
99393456672366158406308448063323448908640452905909618340381694893042511988
172165234046092791312860159257146285141506796036513653847905678792981630532
120693923943770509830424127793560154493637769559607390083915781913552768118
148968760716335123809515919892719994731107918595013021733929221743984539244
92230010454414258301809145345396249870926902689117128399265508373819716714
127801802035202928768793023181895214935052705601085911503865145067517982810
191366967107545003537677099601188291129915954996052107136231521657501927504
147403330158035205653441653744951075509283947539488870338273162258978075969
143661365259568063406918737205013489186635399263080535951819788765734977908
198228192308527614455657441559479461094947526396403524172595387283600200309
200471419222320159845523132707802190096251736162134783196786833040130861927
145443178459390974340170562852729981270999979672995556649518620427752525127
210628661682456780779642910584888989148451504741425885953732214514632773741
124455046060562584284476176851740987085527268238531752075290037229263602295
115205391054971321344702285098537224463694534751262235244968536663169455987
201747278051699282656318598174884047713616892570730744787977734668189787252
126255703650929566076618428204165891106375746896862069811529660295559788360
97709784946171671853289345519191144264587124064186466137354156245020015193
214590373941907128020980471979115434362893993967721697876819741427714241588
85521515421813716421181853879832521597504311347484141198413332128978136167
88875119952314390313595151348718481561398881697046807624357419063725279319
193100333577713329093055098495924952130554803116942947430038071827892162915
129444179547263577486157660925885018173187914729087779527954098583961027659
173822298319833967171966003829019156938352874288348110534224246449389401199
189516467211269767928535886521902259595889681642604686010618712859975511351
193064442860344638940094071665243487910697862656307318208527069778082027573
212368553458163793009710439208136932330041559587344724286297864751079707981
115516721460424576303241120751934135885056512091596255846371674642539236419
135090023425004749487702120170024176957580813468786038844997588200331237168
212362564448132941496677192751046264877713652626451711587214288366935820650
175312614147234030929993973643179763524059882581474744128938448161819870550
187654800654773563267573506174249596706609652287437351866126452483025360230
97986958151994864470167793861477554877783384916400895222898691216081499762
152545395307923277645036196969357350466952869486868045229155222333472653911
138341661868504601274916561810444231677530438212214097566728734031103865923
131432178121456748419457594652009053137435939121561554088545778415614717232
131046622870712761816680371379807491411365823998490604563473696662036378737
203796040767642956035830949711184851949376411565929110609936546062525489786
212617824483714265818732025793356839019133973211393604983726469648112239176
194713479153417394691155689411461998085891174894301611117658469499728642614
140377812045046396040998914283036477944745239253570677750671277234720828513
141963184856086528019281908996036868794995169455406561073983607952521784657
173670995731111162625045716649612751779166698473450261697871572779899765337
178833475674546842175219264183479336506749378238144358096311253188939625320
205577180384707971645741528300474659062423095784909931887317895358246368100
115344364401124933190748092886423602997549147633729265278933163181085652813
147416299669469296690627367667324531133751008737058455085792966989816294520
152647277888012139388914292953606980827370238223482814671982465122543169328
215951797236090741306585008515075098643659946963820347952560943718809691703
156072488148423733384167657145807402864024577783737586235417129576845236298
152496711829764608386137709699415143685584806938334513862085184714446156150
136670465128728086181024006606735449648386533346732253841677207792407295566
138430246038942031956318593652067300747723295187828712801724481287325632592
189564805664591930975829938744179357622130063663983951535094505939415806074
212838299667444326803190713194987269846310926170592651623596997709243829619
90891987441973499345307175294225472785402275574488260299384582211729836337
138569575356486244043195775297469511113708384451426125343494239963094669108
101547562210706803786843953227686851467979791704125371872113045588328141943
191414985176961157333858264342379704623833144186454995902872897265005376311
150695139837429191702161864799984770068541781822761373100709427960967751796
178785492101422400459448215045949930484495782130418606933222768855282560857
97503705859422310863297853514828522369492019781327598391447061072994986601
216234066271742797204234407812551897823315369672964712003719712985670567474
191615083692356235054393437906091938302158489269154550051425282343030638696
151020115579133529701727732573523743047163413567705205538502926698380800328
90504120997703476080678546755089725628321145569558412110218228114687539271
203907928229752454716595000716988864833887163659543893832270451811131404906
101258224382047422172101021270391467330761398047025988330339853101974114163
92712675947717379955865355960522332859459893694692656120169727018901596229
101056730167808402715915206426955880600156992430935476412289338405938869613
207074401036935205669211203812168695746299709279609964679112449656882873398
147245019026549508761999467067311443187539872588193795298050106556245047662
180599972557472452272144407986945077802296703047184385928059144868030149452
175404281757125622196564204791539395125871847131150310865153541324695302705
212796538598909838528094811063131561477816379298638243593923178902501618994
193209652383818767084378947067851556801172080099451508928640550569998894947
85327461495496318157665778236700522890103246466760944040739369254440552047
127919778776632798437871923687007842123020396779105401139908064842874309204
187613091291784867182314308309893963822086459097596087547885634258742299512
95990814936527871984379546599134351733553207598733610513614430087700115527
195135754575650335927016270082942348226390108763475383890728571688160932978
216358136386480550701319482924200732672641447815057358979549367466404966229
205440276933871213184532497762268472087524817222504393824105497377737955432
148935219371853049255982871247035648155481579670993812991350575772799677040
138313138979993911832721347143892686556167455906438538041496824315970014538
212701129992835368820258225748010183606665300172126191067128038176984872814
143861434306792177142954804541332188704113998051507154333718395750355198318
198702792917482766308665048772283307637581216855457763079361515921667029570
212803331657626912706314328940453441496894643269519756366290205754654420791
120471366217750105258777350640199172807608684818048749000491501663176248665
182360675595456177970428412045429413746785714907331019937621853868926653032
187971818650179918977609961740774419657247480147008857784289470673878472268
117284562568724639802839811911516396593564616920785431583298373215665275201
188109259312538762450045659648883907398954091026546608463237610511342200111
214515101256943975426003317197678497967639566876563288654578333309776572258
122253500111612391685345926224397534746277246279354416107509693122459299408
214336870812341640588550689698232561559326046889065889208366415656980395313
214543569148099979116225111072787726294711650903813673261933466359383737708
127546355818925068274818589979122547773880798445423208285747872022539874383
177432206746305231977775405849451474505162906569413169296528592761988871786
150556483567447123716015600535644152179535791670487526633684019738178120270
85362989437580754576175108413039327741165404404855892736029269847945923913
92339873813881418944303948848270994457507623249881658334254425921683814711
120603927966115954618143155880319291903181634405852470365599811748961088837
196645971498039221330544662523493525767724845103981344841971942005443753305
175679132736817901926066416248825347514997941960550213208302510029561480809
186018062382310173647418358353595706830722903176747392737487370161385515886
90463218662518080700755302105943777950733825381761945765571169585726642276
203790784504527868661510991293085501028563848856869111328261693633064023093
155974947666011943108146566643868155193181903389124495464854360685407260794
118871451336287281301334949129532114454706738779198209107912115549851381859
90711794209429263296269191388394205832424198551698985967589540799252219444
180807211652664335852075933487127543179282736031001077647567910231324378977
92208822971510319491613773132104316345139425715557627249747722692771068211
207531770187005561679514684225306142813716059031296587618707788670147320161
115579271043634804593894179997737226624476234547786250846646053340720089650
194715207116692377706338605813976613484245592355027721634262225212613995346
124405818781651524735951960431410662359624878973720094288599236673209579353
154069795872522415138855864307880629923394741635224154762302628397407159927
184272588676294414537459946349155979917788193798566796718472684134090487144
145484833283461506990735952523646265974477653513302801960128192588674124664
184272535480442639384657964202704148088894569362058625767043742758017322323
138650726486657140248296050657582457416067459603708520747561903601302061625
89144909507191665113891404071304606198689042994693441612692344280770565419
179144810290610448342664537395243289438436354460569084807129817858019324017
143592619614544571274682530536028882849089435600679595880902685155890067538
182540387656048001776593345161001452065685562766827915920597154129045829487
76272531853161473716548129532247583295873680482163731495517865241767933808
83555544088981518003180165972502832447490142324924571225861175326404200046
200449181796376037208738640461056205670897827115229473831361979567234840120
194701188257399084207050254107241206470477928928388067556328605944237750103
211029314526069243338187819279035955450816899504874609317470125807822202965
129809810239810029412118166001679036192230407268253528360359797112047357273
208856798389996755201609858129778991399819238415548784132435604744238150511
92575508142922116821930845472973917089275646774280399993730124030634439274
173713350013837880220837076726469506057699024836726906040635307009935821620
214391572344138060308610198070539767882651363307344038957613477663153272399
119057936894797514280484225898252482894216982285393489832288469996916602928
85405186523948863034853130739478390509846822551947019008807575614615874421
212762242709466999668948607127158725510880335668967639109208840341611430710
99304765700834376964987798248951366826161719457208908057558599133019005800
209318570784013247377700804107659583279700081847045814719123296915674517834
185997867065829739780390726121298159949497612231795424061603229051093669753
150930606239725086542434155289010139621028559762844901839865154542900757622
200015314231878006745830595634285663995393915891653310839899505447319064174
191305255367552235386116544105290063793470761577863116378191339488778679909
180669075954172899467596848066298049372562167941260339654790816848025054769
134971719827174969337601941753087310021896312176979814953545855864386056809
83740275211741511591769459932153411791235520603877603275386138343125574517
85480347982193136116477763799044824921687031288385079454292677775722505554
129769853942626441207562478983014952722820715860301503842515352486184376427
210817141539292620505893801696919261581453397611329162637969556505338465604
147470918738588300893239758710031271697470440313358239053974127221530390328
187874631416534241275984860464853004156843878885760847943970213190590425396
129700319395425616122317054870618095627641523156117458558721331092638033240
101208643135405436997957367906588944999850750853710863727943532908113179982
172207369160694083692227153715687123442542078109040846167001742258219726926
147375941159983697344045218532245318786034974342883681002370292374544531798
115455092187754686541639196964839669990099047413569260652229491372823425845
178839411072022131163441285060687274964797966030369920224610395182339676494
196923333005973889986463641634150378717773810282786380027076799576771021143
85295054058663140165658263491386542924855665168112719516392745422853846856
196806510928993872058969996991920300589672872073600008505316724743148760887
172083000109307735222974718305946429393199201922112382145549456004246168619
156264878103458731237700946959440618343285489383502967681192289130923719024
191402230080883709577304883386070705914542980468559321756734261438100551009
99421817491356684587356390648194792824624412401660558657058952725482911318
184341124952652190395566222177970578702899097590634081689716298396849875815
85501676158722195506442880361759794749534890127107617953585161105194906984
171945642338712038848766503601099275422393391989349412290897858174984731000
154248460692950235099296035427980795126334864560500114216162874205129757299
154401184160691043504437216558014162721524702966259222596045117839574904656
152413969459524866186846393163351066427251408783920459907347654499478759784
178751221697956049553681833699164694602885345766961979142037927337620171335
122487055901427430436810949234191824596601551709429376601034821779164903218
117008196464796142333447504771607724263427872089227536350042076635267684424
118836191833998991213274122548484947910663593101189255202949260193971987820
201767117416779783334290465136007644127202993503966333928508419482120714328
214584283421884593978113641162017686957012698435032701503451008059757516906
98007047948074069183488262213475306469143043191464278440921198502209794370
196606097620895525828649396190621282531212681436439739887091883640250648676
90925963084932733093292933611944526234869204155800150161329676015998415211
180792626031085746253962306365313469435308318945728195598115818874549199155
205509025634611269220970223061915443046677437367339227614076491097093140790
136655938448698545751864576564461679464101745179793997251227396467408325187
203942649382144320415152334107804305292225741862247624116284067329381586802
96123921899484738624155568221007380592910956895895196366641689101815328854
179261249672443082332000475031350213583106303915743943411477116948530146135
173532689599570532324843420920491394762465436805413869140889839063590910058
129458272888125479931083301053725225384396666542774032166814274610114490233
115294839209919571602309705727383274638209293928009668300444659159910336344
188074671471544182873766793585308137894563181207001394762455832116115827796
120838886719669149961320913803313227550917710444992557883290933495292320086
154470396026996885780396262151921207218551018966587869281905359609606464847
177162280483591744496046430834545445972494133782106202956348495265207185238
179033145761806529892695525008606366449658257559139820523200427221630938728
196702984518720744659995130171422105028845762959530243947985049335314792787
177390745811237525035466584103377068761673843716004847173330265790739140933
99698541639742545631929199777874451876796979801350448115249439277935257136
145504563203901995889383389509264261120531842232656085017472253905876710761
175643923561948904184227441836529706364737361986987738864328388836649553269
180980378130590614937076448826411597717579275392658186344398381098860373858
132841125561133179687376015297787465933999568770509762711331029169988330822
158039460771551764941943687096982679285699744219430168442747849035939395185
159827037198043094150911344201922030429978960381834619345485271005468838505
124033985416456200303838661812408192159406052102319109527394745148251596905
181021866666955064441163425728046256655229008823121722872504497739425331300
85204843470701501717776237700767442878436627831794680311663081637126169447
101438208974904506526585109101798001217071799470011930861361806605977929296
159598204120641347406461539983673694233526614092338721960261031487133464144
216046746138395770646168649983608925285805961289375638697463608221646283093
209229707858905864558099063037603164052318082383831345803370395673258513993
157956044080162990139482433890476527906561147768605926908382077700669989189
207220787226527690930095409771735510107014553716307657399756893852366501688
152792809469199368285046564367638443909241539414112209583747522105919099223
191408161772350161484117783530020367845358020095696318867236974128879851851
117422654674986266423623902995734957742905391834576697998625715595844677462
143897455635604766614723617239013737142650338698854975403887805266583438960
148782704443754643056855131742340090186220350417468181303548811926622203736
194900606896293420053425129339426247262904779385196591855296462464202463308
122701331659877458164221937860538466831368169148743754209765597768839220853
122667930279367934506111407728716592235237253344981835903537107550799738964
97536757463078517241282762389213941683686178728900792385482213354230084147
133136126273633939225796821391029856405980345736218801591865088954446672500
124448686494276532248123495471536072246762671109795762025786039564232112204
136807852259557013745358219712904636879941338591190348248444494613392089719
210788431710929380643462892782534562996846402292492088346901252416195946037
120499915858042840672015206830427363658491390556584349788468249569952608848
94203429342102198041580313425749238920079424584595533236464562388574496584
94170213026256446321411734414232436281380463306008367064709950686803218807
200214787697642486938636977441396521306000098307036920040514558705859582029
94203776342816662553343088995824288204326033348286369147741440289154421338
88821789168532985903092409723847379551354417475400208328386694625546882418
126187385983569373200249624099628399153870514551818683590342179625345364333
152276476245931856445599973386375000846154717795525002454314849409764128620
216338158123020098955265648132317134983096795328198059243014127343444913491
132964174550202135707268615660454495628829276509961071621234483709384087599
194941723846070227196918118869090905989896861161950497738800436721218184261
194715123604843707343436324020737555326257204863308485647226192200360021367
119166825460215758101310091420856828196807611090460402696057227385667808622
136622289163583474735192663161597848704830124911179207967634287277034597457
122707584674993334488145281967082845711946917482504052421424881219168327501
182678533791177925449888147392636669261971608281525664094719618212778424131
173946066793825858647951665874211859268850613262443382495735808494042443352
87405262919071858965173180368724707192139315283770857545590046645919765838
177072376425912600428258101588132341343996901432284318261945601773819480428
140418709009276299097567873972908881121707042044736492711244068814972334933
145360436914917793296395625406568136080986794085016050972843423595157402180
124289053146827361774838465736915974552259842177910344283548605797768972339
138555426242021677536831081139533643307809629475709541152392210825179973721
101189746330223311014668143952111961007360344111388290794449231384178148660
200428988782361188224069055766801757829782581239270336152506884799193378892
207047333338022411158464588927192858523152639163130856559696477614529131595
118752965752661500892412561670952438393931437029162050773057027493763954257
89125253691229588731304028268236286776402159745809161492291019643804347498
203907549831255363738286592323720513909254483659080477469500535328333325928
156258838232465065343022139101997719089185765766605391649474758701928184153
159826525181952985721171686593022984488160247780884949166857642644177380439
141914878014086961932938442227917056635906026497096142699811494438494497658
127512067603377862564407691407455405882992405523256138468528039600669552718
150983958907111239228107770208950837897517238934143216797625516234690361409
210602055478915912510386936795919329156086221517924505630789818205694679400
147327459901127791682773283301101283229370254534301460877601569561558217271
97938726190381457855448877537698155915600580431771791740790302110455580975
198655831745208388383522573441494618163330628517722235479013612504283508079
92223433155559848318817691685676215891719427737574067710403804738987182648
212582742762180458690087138995720622881177709819912317077464000501476979282
131100571930557755240887131962894731568648400703771745663257736452193539897
88682600107681697474339918766527418295150188229851734684004062941038324529
92631472580608586647382742707952264469973088026402519128194167272054602081
151005500440471994723061833369970691172704092966713529542435471059811137862
198682629076142302983379332551384145409095792842387910257128179611287577451
101194738862627926373852243087568498640093039638258773194971270093659597942
202181277593165371750372349091570145484137778189224975740703192137321115218
145221190802372837678088595804376391597368926953307431385327931252007913525
173726504444268087654000872395728782486363346219509530485153155979221623638
191573802231617387117442109661340015214154155072046613688433873011774276952
200483423154617258103269305466024473787846269916607781978671084819359887977
95791419410353300310206376799416135389793504666370498682566126361120293449
151005179556875657305048588067588228608284678602339006229423708476264432195
195100326474146946779984562139616746464989169616446380944832126225701290856
159750036221552629932754625096442324581281062213387673525049756035451219539
20493036785246573525161426237
12
