64
4
94862339734220827905418306949405856475497249235048395629637893011445053105
381466926751797025278204311957555208732054880945130039165490495896473249470
137086551167811133077957549455491271416543478463746585782371424359883821791
160730031469732078960699959145990939840912641101386707335414250892289088861
2636941889
4
5
138492260986661000915219058999771637644181963684561341194774049857024251211
175595749840120572260507537523262217017187723406174015231686817648505867092
193361360228107453767762369267531584722037230371634289175810991479430149482
171759163227720795186531679241541496195610847653583358184312712034992409702
154532913101657727969929856601971492043333168446558669595730851243790464345
14769661327612385875743004140370624464189
17
4
257142370516278361467756379700439351149064176929429999906434838459240685287
69360513393183831733173317369902367800217494677208331956694140943242340104
234369617647329461390964595133219742816116668445258946912473564785252680396
90323707633898651979595493529559540864933395306249514058478329092280502901
775547639588
5
5
189669838987218649087653212284712036987301640744329451275777991716599322690
193354752816861409115243527370731402227600204619743202450247425339983688793
171993713692925783821177305719187314587654889000576015848476899035701267816
159542721799732404669195173632919468129930710495756526601710675269747166285
136876952301019158775054481633620921618425470705610859692532848502725887331
23608663917973187243550455768424911233899
17
4
319528284777926375688097296972038708867069945942184730241767622949805475241
37890079830050760591399255698586586014658074609497507467934011791556938722
380984332436152125529794438775896595237390327560207146536563949588136366239
26408487781259591254087746661453604888333974602667715813130385777028335189
214817743876381
6
5
205495432260568094372633815257022688444275360801962184901161857161969091426
152462307380244657363358626414696603255588201573150869291800817785179952964
136402216591614907706755441630669381399855604867289329821811147063424600182
99435439326466099602437423042807286706754337179730478209593326077609657190
120962011021456939595415222279367357814637312977998358948395323723363218547
118885098882503183762015292216437235678539156634941
21
4
240830198922544054716007461706337192061053384429376625071605535645396857381
86283349754774146279850295867168252250258100825973128956577582707356138269
252024397258195408664004920213790111470393280805193664770417874775272789479
299448065607079312401949331506165781140805340901058408449676532445212416630
40786164252105311
7
5
185996573633417841769817677374247404094523677286947646993178456527754776881
180890032084671457743620713763171941476780553293949789127839809290455365935
120858372982529962742525571834670470091615876061560008155800638960243462455
172131610766481577216391904038331692984749979527030909808677157069617911918
200264207279232160182715875289464947604315593807334868998273279167258387815
121945857013973356655249972873364392888397369980989
21
4
27080838340714467256083406282109481884835378017653351678620198860070986490
325370302583068854837444005084667736952378189113464389449294489391174530830
440835188498372161928034604153083663709910336045800087763000587532192406565
195767560225806404982077540114321060679993064577140805780249685336900761017
15242213973801780391
8
5
120485950068016781382909005294587743829639398716170943189916119940732314724
202217075987373695341884983114847018563933088125099047584952732752803219811
195024434545513924230778261339357342107969555127871393706138686866434778704
117062629847313154364816014936949944271007885195629912140676589720305760108
173948014649985686122550742765738186610783956165428654158038365334186443599
145011068878163944800438072476556437666077397242734
21
4
389231431872628329790502375555583282796714713781214388050698595888044068299
186952036282781538255522288083667486696461455579691561026356626933784077362
356884377469716506866066060087191480036686760436569220601974908671233386908
56950283480934591082765553170892738045156464788110248317908718544775732125
4308838380397349677043
9
5
90588638019080810593246349389439718875017222570890007001916831004456020577
115198811019057668212656707459659699349615479064839391026962321460399917417
178833101584779223590588480080348367965610781745697276542385814495341861204
125896762290204166199345083289299389936517589232042542786040658416263196003
129452317680488214894184867675014672629529221798505263935268188415265624930
410519560999592612769765978464352476200351547842489396706621
25
4
265850180565060210810529338524032053636068121235828968886168279140685739253
183867417747901740979970812964195654392615243745577054436975743185259372474
181828286167618723157121642005211373169779864438244609621232071913727951153
213192896455014986496620801251657623139008630838857952614789651333744746563
688402886587229412621448
10
5
191581378283115722050710186320980787753383298620581877735862152124853474170
187839875200572526374372409807243871276051916989253899127651215628617477441
203535716866974453333113802716406907918042090594155265675091883727094443314
188130805248554318383263686187355814130163761338180784548927648577802028408
178972128235150211112810072912905439589462518921074656487413204667841143595
686884275798389461742422571226307326591972759399997228279613
25
4
436808601881555257950889707893242479456426246354989665894235713288498536135
66010806907884315857770164998488615561571277441769051630333393141617409584
252003377137551379624530212829310100851537292558905510340848062195403217025
181614765294028369480720303552909753660316865987859639772932729769219190206
37804153175653350016364292
11
5
101555243270072193569673702076499990652753475959755938496039165027593908599
152400165754151013380320957330316333284430602521492289144751099717367384437
127740464591962771858248597811534901476811977759936312179805357487580858929
173671293845137598720859300416487231800077127603826347240628548672003270978
159812964942527306570674160117924266002940449068244452946601332596280095314
435287390177929231422814152994094682588630495378266089797701
25
4
156058428278864527132828390195651514285532891126198703117096463282677102318
278036578495066273343113262806525402098219784498951262566296109624013559591
401112264930678639541785725164989929149119357640914972176156233605660454797
285016092699160153802397717211255439549503928588604309332739596683986713025
18312459540193097797882349085
12
5
154200932307909620949527389058388235362168280278659870015983553371781359467
189869691680258629686669857577801123463655422392385788235846655489052534905
158073374508968085403200336134053453847521531451689064842196870238712327479
122411162799098009348351159423517123811053851263134353725193689839627742030
196715332500474072962971660174082618530960678241088664196400893442967954485
2303012090228987514385702550220203543893151053170884951898193128406333
29
4
451800559366433104074141427269792010209684361398471246681979960549547985877
29003407245664137698503060308407926241218929915853426786067483414214368083
38352278014016527350084802806708023078088668910744339960425039200298559972
334998345957733211828816966836120405319176994023998482863923581782115579571
17413848441401330003398763178283
13
5
83423788076359325549717477129330926688583218153672194875125757736911008331
92410431235104540076856688534581202070286703634585424179950267494721533287
142158110637716135303029371362854123645472967693625346721727814846745430342
207233246075739265810420267342293806645806202282874901434833181862316699243
209112116250685807081096320090373427966518585614250175301378653355547908418
2167453822923876563946711184362100507137731731872943940371132336796477
29
4
14098203455031338756210538245385923667353470883368665393348570731122296385
431182262308184018207423258143142908168435126382190789141975370145134711739
339905095381611175944752907081051658740532148855503327354643727643614763487
403529617588942465228081080266520024886073381916140833999669968693965733376
1868836936526523285782739964720991
14
5
116939347716226281073423798206061846832616294004609267097966629675550263412
94384487390896929763719583197860264603531068260471162511956561567965860452
154041996694277234000239788139466425528566375458039422945053845357514337135
76501153143416181047098908009602493887856529392251535066059746236147461734
94135082207380718163935381742148075073304552608089568297859782450520155202
3001121514291429688179548421208570819461118390830108643971146577896550
29
4
433220858478447940252683991955400614722970547266346308613632613741850805481
313353217386674154314820998127587435996090790926602881036429856318513898617
317640465597942522441711410330515291775702996757272088640598318646090503851
23157593324819743690040428371039967757047700949499498824170323433284049186
520492179902665310460219212146301823
15
6
101291948118449950128607085505908938030661921854608842581811964953626886480
202210043965302810345743828868326199328604970598004098995698543138263156570
189523826018311946752989489977411585947228856506907403392073820611865101912
194949622494110655667006050554737680009492980308797092335366740480112288114
120714679721601731034664976412799040045970276546656795954606082866542688610
96089330071767951057755285698413983711796164230004124873920167347017115255
15677
2
4
360691103594172381770608545612979032830587835268288882686918449889316051941
395190855223322281748179935847298193298209309699338637055909166313402173358
9283990914934417487937220378849346979359399711115256484445064998979225861
338452959976710462884995365377368908352507986063554608829790483949347842034
162022273901080774713517930553225000259
16
6
216020032961493926721605642459463501312837721763893731631952119439029139812
120679120313009981265448501313455450078588654359891135185027409230152431981
193319459291298247774824930340342773922544591058675259316135051887038126185
129445095662575451143037809350022209955960003925372398146693619852620557126
208848304846341372501720938109328173023633426081616671833871351591026914134
159852652427680750823753509238538196373828949227365872414734004249575902805
19773
2
4
376300714752199371798329046730243897729468940974348357769507417011346388220
229763648178201066481362691082987464335802160194788520654846815805770457168
363869914532215681755750237864016952262095016930190799275078550610484962362
446369633378796291654514126180803009508044457151326498228860392580026674356
80493380386427339850009627141083018643445
17
6
87130700182446531609348550815393826126686757218991752290883351432183039275
97524919545753788248212346966356864890030555672702552257621606820066773111
89082173497378304796074656570054761585993684322086269908385824096982884930
182463419971004384031412791015890563722371961056320999207262156751020708150
83561502950961685417857532399236704249039760924989977162885173064603233622
129665190466488711257066341083925724004086882568347017561050076781964642901
26161
2
4
95051134404630087893922604704615958911849312430476886994613042601352661856
137824506623000334564885523817439081366984380432307620294593186582185983218
226774886067240177277901553804355889874233155455785438702820765015386663165
370842100830389497653220447163519868711460572596431461549631872646786075083
21887784260655839455994339932622810101053653
18
6
138500560116070911335867980248477695359890530937099698552385657996422492524
196908259879722292064195055955660175975826621346060789705239776825607417420
179248497611458502451265315844816667947976870829259940247851649840972974642
205548974499831732885355918677651778264549078598217724995803055135862254137
85507876410786120580359994008560104769975325364075390464656886271680403045
211036108530066123465956477537416270411255222545044722916249852095948154233
129966537784637
6
4
295009910927149291121441616085623218750604827183882844960831712746948329879
253645027848805443882049378409905586941147886419782659245105492214903439460
442743261215849029839534674465052530364457611121352456814874776023196323529
332139786840040238221779108036966042672090562161445661465827387988878389065
3155782616985528318280367393858730525742996519
19
6
198704060250549880903458917595640797210611884433854958480584224309383808047
210968712559548089356963844631464792313245986556264934187322232053370665030
188108563935192691032720904973132567847005856697739721368089694818784065143
129361628113987161169995627654634976781088987442657838512395670217421043530
207048704300099424498897597572713701468746002654627585187201813932941002597
195067166490911197565871103932342285855093860126205011978340218369906131288
74042153591613
6
4
425003630480824222895330403650513823156376770562191675012888232384794828088
254806752647972801853796440550319845013979842008878905180871362957354723548
157295631061736418416760577549201577110129093605236145746743653728658014581
6671244477850719270463471296744001919635934869528090043302424798286472160
1207854444101532233223463155464003652150362896465
20
6
99450374823515619485078300368137880302944173082787460785893196945084935532
99311098985020602238144838537036025141268409738256875790357101017595981674
172213841663674060804853193727401356250453888113258756220646093073955506274
180710693793343333974737531407035006903149395960449472756232839370512221745
115234182368384389699239495262012489045799934817563900197114612439059623989
97704307847613127474206933015797880979429964798351351289086322143390485113
122287570249810
6
4
110016927777873015947333298405586493549814887126175572846625711250067636526
304847155369060839633141079811142966381150152303305001649389172798780482736
342263100898078031335714361317776073540127686953248440626689938887191535389
415949348371179608743143751223780218173388164230234305216945131503598755213
304392977045748471488068983896722803463228858260933
21
6
142088475546054010576831189560481588341496618641879721103512279234338638934
120527280721429318173666863102466610058718182248684752227563136610864680812
115384910481676703769419065938543240396898842646522138591707750633465605730
119051144864917940875124246157723416883803059823064368448140085136631085156
95757963244966638793442091365739304387763498124268112920968922979350565994
131584610616830112608480543962489496979315145475739015674803689643921990247
535272799420812677430589
10
4
172632843511308777566935276845090227812127634843045752331657480836969141844
340706717597640455659407139918453047156543889127541188279250509513633254500
153535636435378485903524936420157148336711145678634854094297154675919882769
320179896700499613275090109684783553844176739252515952985454178752688794464
60355169461198550457903983907597434609825463449361168
22
6
157928036681791485440436375612678961886623132450677633664015096844728354122
154200876503924610551845360306086863719713738754308360742899202000623384424
139929003726123017789715216193640234670272238934905580903467781447002517349
182774346069595551675479159759869985178742400037956184048110930308359090002
205536686550537743928024054704990935126558337754280362299466339131908181835
146982266748245384684188726411135321341045006877700020005560864108137759317
317843559422373922357565
10
4
425433631830358113927782557476033257237030743116696727449434077961635048259
114063487019403911144457747356111209578740248323218209759518125975898986847
405368687184143009038113466215114726016004737686690407902982155234775091730
83292879917829007016309550724161544340068444899001039342890049132921358533
1076693102468500579166923078008155991910238643531011780
23
6
99477794554158805255016652771350466215708153034725880940655050988700514097
124481872706953024449997187792717637046295296202500729563355460803457601144
216240509299524272841506171337590299463243582888291596065794731563148859718
142144120864760312910289853244508201972427378943720236835266182369197977427
135117709839238813765933152256832137246579565472975891604626144493188571717
152295341902189595864087127311968480371048701536905738739329987839816788050
520662986562854106784325
10
4
140908722878273680678821921153791948686646894918066483929910405866791005919
403845122640112441675054185521822778458810762133997438563959200766457310688
187550900921341524084775276581449622034759499973978409384353793632726946663
7689179310179692586424214497202150081887857613867185861252427517980843136
3725020621141513705473936499211368079586953913035412309245
24
6
148803441783643134356866241498194027611132584965125805194716487097679107909
155968530801781427464647558250103459774349688684371228276133258882003465076
175603136214710501275821421358416110412568066516924079904678814450254623061
148810448539486551377151406383863921123868471723969006934211929440201625198
117098030383774155321815826272794126725686526060871809892793795510998297715
177433043113043283842974191697853862552322697195891915460244046577050668653
1549653771958559411583583438060861
14
4
132503205437395535226343676830006166513946214136171131999808058116949364641
168644155912516198763934361035324756546607142007213930012487931931890448360
405927545163112590759240052477905579163324896411089836929283015978419599540
399644914285142824263059782200872318073148738034208643373268564585401351827
495801720217810882509648872566011571750628767682733612170282
25
6
147464175260911131259632427706026557976060285348010379592137399615149388357
83527662648219756811117864156216212631459599237008150857132948023507896177
87343742197831909429595731786772570913718087097023233048588537019489014859
131584441694300910300825370300331894627260930580435829318803656459082164528
92609477180040371727134680228566459434386751255133981470931711113924458343
172199874213319315089165147768581160144213140684223039622743106701984361541
1364568453555120725153506415308605
14
4
214160109535398662629560840696213055250807675303298548235287809164023264570
144087241909417007303796317089147383835240100140805467400262672415568541130
213977839474668975086452036638782589176266158536487971909360732391693302291
349702610728595713676966227894146177202240602401313919627605485407155076958
225324730273605314010793173860554085939560200563876874463458763
26
6
179033682002102002505702175856737747869011494279299491069709902061610887223
157921832434757649361601834457838582211873238605460811649419944205829236843
207455722417678360713187763304056203964789972144804703671604408556372781931
157997697921315017579229593207528539225472516920793447900136824278364090196
212721991622327603262538184863100478284420211998842949827318646391596922953
152634797331607653155125292128732754177553709976197174160003724185858697270
1405618220029386864060035126220876
14
4
21955766101448028233149290526682417386213465556991177906564210575260569164
323902807483561141226593991585744791454116687682785146304083542984749772249
404446574940572575729991519342588287973819973783573192536093703285007770491
131280421457690485178326837960391748043683309180722206922417814635975931757
103849182698753968530332901208707817969323310869908945351520701081
27
6
120636931050932144256392621435323131693258520213115711240676195573800842069
118713172436482186928146735129539236936565352085805352435931680873374109547
191512898877528023060536207683011590850480911189299247879376246774074078572
205433693331027051851916501319738441109956087293278657033775500194221084215
147388123371181174357706995265759931952391455482431266494427870201695585402
184265639736848076861531286754979801745645946881968211725611448763406631481
4903620840720095030743905262547505003969853
18
4
443193754368506770722290952961451374512096338901610024410806512808259954567
43830941985889073433275488430327453702917836375009647798875006424737152492
212665115556082929947158149672360143003539721996170606440773014750790432825
411742685163108188802142430079546372052887181179626229210738145470077903282
26273370076997651269438514492229961701853690447085524007007891636241
28
6
76777647077604626064274679188246808095656082014656298343062502335651009102
99710699625836569387646367159805730632540002085480437098050767152819302502
129533495975532435258973991807828464784445433458330129605448947153181635401
193299861429940753541300558967780237720866966984802222359768189041606158133
95971755523731295618602427026244999233483143522547284788919125828860661561
172083946134534533644597836113616270463537461533718800251727875532465401978
6225280108346902954954189356078280311194941
18
4
223420968081694382083958755396922269110643233645681567055681253077524247559
233635122081601803605197336750056227374472347440218337806556131072693732159
242967630863514486842704754959799946935325697990832415487865607220886339902
418706435820911173412403005074661627640810802323958073363079263377371660331
2053531704125743635141976146109105137018040960019992640758228097313660
29
6
180979734265308128148968872046008050576221746748307796973268154338708712257
148769820540879308929540671042419555987105999712429665639070915152114169704
92437957888683452495726637659769561318379253786693397934644284066555066159
85645669543995663665409462570481050424780788270375325015314652037639652651
97731780663185054772779758679831772672779834055455317458086576545430655306
99725416928198718366652452204118919647283106928499515133698968463740450136
7786481059126547084526335954518933821289528
18
4
72833584080770410219101170793594746676471376661446725227402090459873655758
272094798025183027274655825378984133322538075153311913749551966802599289790
6704208252858978503376310709937427082128071930731808544843445339021023261
357823928299887499088158100382519361595226354264768176742950658426013682348
633822965793676377898646178069836376751000998810924384695512183457174565
30
6
133096146360912654866746421207232268860680585218296837033463638780877499975
203810521508463428158203251759521732462675600164226313974881915787256223306
85432766115017772536749404630803153578244588999211994697654133857799467317
129507069863413546486313851182877291185249018346251258183978099075858851684
214556919274656049351938137792615712487834215381595133187682074011636427897
76736594269616416096761020811688794535536317673823664456428278088302352687
40552972756544820107200917106636494945175463357660477
22
5
209955600079022983714129388828109892777676088882761948173259153453603297001
319672259393468681433328137363767731547537477071125926267006390117327982040
106200683897375613699407611580791584249922514452548441914017032982797542195
276589015235914318065448948689707082159083368946090584345245720526025362809
87398876412044656659429690737555102237193540909034814572828220165131818831
0
0
6
177487558236349787852978663526363183903901251569616796310276675233313418313
186218456932073880739224580113175717475934346570278869239532088738389651301
85170338002041985531677901582149647780829570158716917294008573895092553073
83733912441821768341863622599047387218423478092302305366221531158024244602
194860110528067377821004647134836697110668415328727001190010802709868853321
156237971337429167886383994705231754624128295912298116288965816688921359472
43136895567292838585750907331621089596204104784295997
22
5
325857737135226849605870930883937917815570371958080402443204526301165771094
359990846855891435099351341301383473469252811496706035736024659181147295661
71373298257047077948710223363652600056122124634701211242481888766659358726
107928532062530112389294229866670428228770779812607560715978233676108029109
344191556175693579319503174404882586343641327442775595738649332427301489036
232
1
6
207212513984632405753436206839455284596933882424205183846802613140801663828
119202120358827068677575585295586990570262842299476377215821483422145132897
143786707743439968219421197381117336287053910300767996088264691563061668963
214115098839014230417981183848689324582590978748736280819910980289168621895
141916091227230916037395352708330508605356306489542622679474458873314698094
147326057026241584294481545475518519593627053841117205464693781970158832198
24451335456287354405673403438554668957037658040269423
22
5
194945356736668433327904058539992997634347984950299255960741798924763665423
7738714566593094297793452313312763208659928887492985939735497318216390375
329414243321993316063551794194583182496969757090489456973207571266356334668
314054016859358893964843534640538139421858260708099069121889627424571678202
254186345380659609591813203281400222729881290882270247322092988705349913713
44242
2
6
173898781674398648771809055763654298987235250824201624218869822344578479696
131487312274236560437303414902013066880084983051283526821401506617563827243
173884629712393693155200434925096471587879562012432781104534470330855684466
205295232315071582344931101703854057324625121659783129294760234147397059149
203864951211219373013750618283611849790010162585684875982699186404596466768
122729101772256040974997245216565588223437337739506348238406458077658436216
162774109314476800678990500766070622179032190290934093987659069
26
5
274628962720902089997511778805058242049787831334535845882255509941526366514
65772117042308544165724344220771855272993360110964838226254134484252752823
338308386187870032286571412315261197475666821888703390681743761209719598552
52640465888939957085236045947996935797390479745662122519334409193136787598
176115970415372388064520779688239683430426594951572435488889567279350309023
15551124
3
6
192932932858789323667198753985032812118703950122978076774988744154346305634
216020764131604527574963270147979578547095379200674230090906453133257830966
192940673507635373779265238327786480665791141678829400718097643134954778438
159743248515263401524893395216893287165881753566114243971140322088046506841
127899372725286293837247369810956226289520095033762733203445206261304484659
141852921515560888075889210397510170521562980031561383289328035997511145808
82370882501554795760018627005888509475064921926552626658300221
26
5
292012747560437655253929235524421462472619651737598102877608901576340691466
251000181532134031675281039991044880722336345059260212611651052326421557955
49511733886574342629224500145175666930634082817916638258637471875171912507
392751831353915677835080097400997326805115684473145304825286527215075977847
450314592110154607788523297199119772059121875968623903479896849866937274760
2775427268
4
6
198475897906796602756803436872305998408612044049438610449442989783082423108
210775294847013648948168327378056597468588491016740782986866225367854640177
120747358758875621417180672488636250376160712011216355947768962142302189363
145408235212866517516402331340530467407874258551278972513833784595322598199
90850691330195476511731370043749866630249825623944575600172202721903588935
200450609608923991730473352869036622830596130019418485144145929251866175046
137062338355880763480032983724396097980608052137374264454113861
26
5
363604821483939882704404210662218672308524444619413521733074731629158504830
235784146018466724899679823067828539236015603578965320104729528901134280529
192832589495247932906249256746744932898611506110289945696460970246683919004
110944971314577909089503757690856463377356842876307719677652136422713106419
20814326364338244725850550039006663348753096457834407639598265441162676691
360900616932
5
6
216241722488927241819274120734488473213156205526859329061972473183479027019
172213679998181302718250320171990459226437187464552868613700006939418064244
133281924693879893824386691536784107716372578563298859019623554788307134531
200395230736388121726435868334926743276224793266047541565012785819166919523
142144551288551808527016036890112349473728242953099116078852765133855995213
189773229207870837286834981941820059028415195523979125496505054759537225552
727654998890032376291454700801289770423271684065246364916975800162532669
30
5
271427814899946817083347524552380632822754054514789969100211250753680895184
230678014819128079628168078873328673021760676671688639333178109999783868176
75566419227408902222746556242793744643008443718517511220473143833973970654
78823986894917552866869717790871415766249920566974309023882762578993810801
240999069658498491389138598354765571127341989212923055596656117930788490754
186170756890754
6
6
193209035776195405120864508975303425070569402684320479816152476666799744868
214543462035670911204400761262148296786865064557587435045089816401774144299
185852071772328108541815542611310697357993708711158736644558169484761124460
88958099500082044645675604507512407442693083123783591968992262916985152101
134794406144416220533164688926364128660491876851497003707032836002224236151
179282444072749074774135900646755731333529602261421635260413255096658841707
684710760820493074617102656177662860340886721445473090833895153386211645
30
5
11145951439040613627753274598956123804626240675422884702598463086003725574
341807600839899969289064603245496004022140113078693674885938568301211754462
431231453916020758979125261036588891573372246825746509118352611080262563517
359575113377814064698913175312401808893532553159240815880467322254573971435
79357417627737261600643703102671374672835650272520200958144007674435036787
62626228146240843
7
6
117351888709430185021318304516469425286818409178222091583615627546592298034
76688142593635060428217293310793394623235528506287955751734750971321467466
95783607647847668652046912888726951727009690983781323515481854272088523344
191538782103383686198814102619828901399752259376789205008846313577897943353
214149473075773748778506571595910585731098076652450106580067801359218722863
214350487809308375170254363233352555437207155348992673068119524630556717673
389469313886245223190486355216093883620743043544742182802354377743085900
30
5
137670162275855258290642664434678735271802261103335047344734393537943549692
348460483579841782080818608756758236147503793080756614952590405544548871280
209942322150244009950808499468528627215895465968497452839670122196272547495
394063068967916784866206973766410219781732709412966207637618481853503561408
416995845597649870730014173132577074487088239473644870888138848419834049162
7017829640009832613
8
7
149115341725463356762615070276416661710899109045394261800311267203847640399
159606024084877299107321726759276293031539977313889734065864434034213337138
207544341218177457519127279359175635581304349573142862394136800701244141175
145484911928197315842956201931702360303909412979236589861534955693572317550
90933296201086650308573259614905011561373761834303003285865460687041947206
158018460039792956628132843370361905251576762348250910437644233954327808869
173994411360960288361149900000613488431806648361276535052036554176637262192
5324093
3
5
265798295362425279256157112113929679287273618686417515383464891411562671508
442373784989975323049662566771268783135961395701727345644728973996115879017
385293323930468009495446495070598662888736998314680303581269643436664357458
135294796702330062922254550522448663638914252073198395711679236824128646586
408533557362696035994793848925662452603768013758836838626762026883321663855
2064693314701087136742
9
7
191572937202244868491111940465540284679739065218402884579366843127145593422
122702082315146650649407173597790141544996067600673787420622434746555905616
193430993749556304696783711502216209260210090141034514794514372913948816451
92479550864739898493369867699354272259737716840051377588969013795898870355
148927937336160687738643346001221451491551446235645622633184598142676316217
189862174931050853126356064605348481678671947646934011597048685730083004728
196866961128105178934639129751670618047920051767503127444401898688982114610
2840893
3
5
20094724746211885288308100502707704763123536405988014061396971434920557211
280951838261567482218915087222269421098771849088113446224930665448766846167
165759653603957057212253440009175934997374262008751113232612399769223842707
171819489001449179476569467117744736721450905153948676774822494235551506508
107817682006244055354524062350192170506876535859084772492548838176143153939
254752902824534477971064
10
7
118718106136746518574630957993184217528159933042620379916950968382049839210
185968911545829113388080172738713357511278885543908531654001259715904559194
200173193244385539748451242536095849096301285883177779354299995556426763061
189800648528406095873709043904476892120053636380668436942203030460319888724
157830654089787462859145898361843815872039124492801306620545399793867049032
214577215288671880138592581956957094946000718865917804401694740121719956042
118864719047318073631750627508726003470578356125325721269163678513701671275
5387572
3
5
344761171653135061006050663619044417413171176832872821023901278748216005335
72292580295895352438677066492291366470398260638095828122155832316965654778
157627220123737634894119489975051656130545784618028933364890777934884477058
323297751253997050600615454847497866259729566604261412197161552088195736138
196544707797933926263191138941329725906671800057798220842929800962335590661
11284443120972718162610102
11
7
211091722906016972759516480378094257324128465084242407150879740710359821124
154407253326247314409607946554954279511308533785460566437151799934265535282
208857046722963952940736586044131347824269445100280360221759516875161685304
189559225684953654184731139936683909873457483371464507649504278952757520707
205771750314127466578267685822278571173327449386614972101367430869871715926
216067482029155537749589143748897219085498896096966521690043575714561732466
156105889517287406301513440901590626676066176413346402599453459388123147866
18950394095287613
7
5
258606013507535043587669285899641900016357350490497797102313184835950124356
156245098631933765549126825730556846114644941041901001923848519898103610523
425239034327865480010414158002741781849982653077251302351919886014747137674
222899547658919333448292067662641518029941071539781485888446862241417364482
176443630660306670899798981466573570956583981609755319006217177907100272862
71473682044716465530651684277
12
7
189799384044089651558521836439721652696504434747095856518047416383399162200
212644893650687265506991635688182535566158923383365762778991718756952453713
88812973061107805649858927268007359066963488690595013487120213313477233264
177529131316632864016755216774931654390229739952169661202915874368668852555
180945871217128382928247722750208232432052925969944693945819240786136223862
180752030773319208638150992037001424296190339496873455207948997045538745396
152697185571940652851506634945644185671382673689117228335891951705329793131
24298293427328317
7
5
66315547830920093856597487953678883616998482579590210494557764257767499456
337068006848429702937518286682720491680964654238382597419219895913758704342
166453818915499075628168839485703498720786106523936401757438029758004357936
58392438091887252971034958876012317570568922533583339833374742312369608833
231120369761117484637155460451319207187211090203817781843059799846764269904
4031835065500012327177179174967
13
7
131363776316156225821010761003175109796211962953692592333190062878204393036
154200765718617462822653729089575611999183649994770115822290273635749090372
184465163439172790202504620130619041967656063878017866608382535877438620789
157811241130420292351467170641063916127550328824994543362857184013178467191
129542146940835456415822939354409138028045535432754052389982561284354689130
191277758855992839965055273232217153716134188390387385782133038030613936456
210767938053722131632657573339359193460725407723046281956616873997134620257
15539717698381619
7
5
451992879852898493503296869090794239878019980136100588938217592775795177524
387118737854095066897896123591304485492518525604512930434983483603955816605
329105585922133550499524418780211129449617457745963362748339585757243470083
9242347499831878145201617364937281468362997985696945656613513045266016763
347259292274197010052789459114208345356644894982911211555446630600998994914
811256377073928074913016863794431
14
7
83437136953172053414514857706256680267920695422629678458333684099145822542
97985853102260483901409979125418929542668204198589863060224840385294849101
138299626898837692726704978676822485404853184899583425719194758561726936376
133255075244973242434475389642700919742806507664557859678218097332556350788
117194764363105600676617312739781250068730170362053506685181113739174831190
149038449001066135950416127664285924945372288868800323635706940671386927944
159348848198553275880179633505860687251736342395111885596723439097470215534
92394931395437307970927933
11
5
419537854192296375007029949911628751441702325828557075869174617229319993277
435872745723923636410176097721342174054772605593935047852590931421057116038
153555571632531881541282666839990841151977570079558017431492081171742735367
449076898456192682297687104021522086757179190180600000346590047075143203602
190203293989526701556778312511235086063367332289307510773637221038085888542
126592439803696184013289377868360630
15
7
97786031027239218913180141050539844619771091740383688744977592045841561424
120885954390626445593307453341193122861021313219022413475118216431740938096
101251244813638938282248623285260674529243839784211576316449174332012983873
147029233824951790803553284587870879443603025161380546275015141007720871752
83769606991116923415380086521054080131867879476889787156534332610832387442
171923833536713243526584170285971280197673876940178408503251529845722544737
202105387256575520519874018320204444239761686812673792140042450500799715671
68273378978918137148692797
11
5
341381162147210657105483787515383214260265442582294275784834313940981253075
130612026115513932574697607185959877244724133972527380127143535872706467317
270529686387078730046888864586706349830406231950888582032387896161343843728
59166477970155499504746085243073637989382063758278331657546923527388244895
39356849025815735670032211219162949316276468734561600415065417422654307235
307427829065751030733097346850354300397
16
7
210837223626210592511941693404417173985292247002811552058577083444658529593
205329146237269627988412947034667291378818000043848732120110912097217046601
182602612675475277472012825734391420324988765774671741854831313733657457746
173918573658834296556468518032949533866526011495109318281871463265517253201
129590463928179464578247536628620535298250295088590409212227791452713408362
193140610052175960737531855066083955932159984761140292020140078007988211024
172111228335967402764715630720738994049569818245982216215056906258886194009
79101470022292832559519860
11
5
102677915150063773511753084726957182124811335225516200825787128181659104881
452020075400423329689703777086780448381103865929811730947933294931199302189
16674974709691647483283945338567736366677523699043506017979117675706472280
215275847337146968451012802289380878710113281519164216936476861467418974964
309142716858621913819461882184508402160153286892316995210006254557646144347
21617306967080352726945043273947075950899
17
7
140300003125752201320685825691241143179790942758348552866760249682366589255
145415109914990730449712387090030820977945834895761570823128997599846615909
76459762474356116007319272762198131426874157237182931306436690464895693928
214508095446070386144196764516181856056492056688928827892480535032379499609
179144457995012186789757106123019343849212895287910244192384197174666671468
175512711094334660133745108645361830789505663039431800529836822690506424652
177410881097295200299932292814321505560330839987675267278437327887464951362
224980744477403348021224130894839101
15
5
342085507679259813630548870969886645625094376508106290149436036896624388832
128202165044916640619023265132541348596158988050093211651389735944233098011
387010788699049918914464682730532881191221439608872936331826615582462178097
41490222891825446326146649817830817403923929543862182358601090610070641561
266062388966313704103665147494755863042388572803368504079096146491737907328
7598524981433974991292320573654871338849287
18
7
210877260535013431474004163085072587078399214117558338960836189361378634549
127946951544556288149626905922452238712326122612899017958934800231079371640
147257019560894371597965370231237183603852899689105695195954665128519419448
136802569260653229761718871511688209938277736344118093434626750450716003704
124034446148267353848809747172970519673984116714795400099318741435807904884
194810646378138943564586825475792995039243999151430414687129963008827347058
131093234414292564378565851696173431790512854683982408656336554284112243307
520799144474347605649655106375869245
15
5
293001970897313953956800469020866898558893944243161997619029865735183918310
150564372003578011803374738171050248938268550535540119314217178079260629685
125037154657727906547724949744971207460093209376088777976576536226683039074
422974219258401231054842801044047451634755419407340771083867235500442397639
141957414456814378595292321034430387754720048069017032282958304919236123729
806086694738662064566307836944349520946618558
19
7
198579372900396890176599781653706435634920971166237135092745520979388023926
184203927994036612392845595552681516962143851401308027087010141539032199728
140066748804345866889078899014907286216332347597096494202402507849064854390
171931706262773276312301699672100694104880908859811332882978432009101717865
97523977002833573732496021798800950472650694890085428542119509940304770129
83871859432071634399005552624553251913143127389179118409174142994691152437
207448143092786367242580239892708755697038321649682012986206168892053023799
452706814951401608614590367164482347
15
5
194311050099220600356909711781883569269129959008137793473289063850468590689
134298057418022045309334827724179004126815495710308041469534512326849382128
214196000311196305509443852964134795313601218326749360769250640600349164851
192301998695473816737307560545256805229486819414633632437051059134072856677
314113713512904308345120685727756684627202779681211843811941523238090391697
420068101435724921138790055759764774820424072292
20
7
173857967483494835893954915301408484261383908310256721941515379879130645861
126275787661009992270474618589446915845533255999983419589964348219287819353
85521463504406281586932589420320912887805614189409694584894685375349553511
122266764601986553587730271329059704603835419776179571792224210029160125818
173691998896592044749484820873187384637438038924032003395159655210078188388
182669823294280790508195742642922250201692478565177639397385494331583001924
173725295362157075724756074934953797713307837735371538722265375596037745519
2237866060160942860395321770313098599415758141
19
5
408466270301846862305827719578667272765920657898328861646808114198199105746
375997830465411472433987868035353113604723002430617031551654454049820956035
258552576158528674683931617032054490993937002555603714313390309448168719187
363616260803723115995777411542256980738075229224771214827904183259240768656
260753971440689670944350802266376213473709186079450504147851905656663515247
232995377184915569197131373867187117245002797516688
21
7
94479523213320989082870111781904779927930359647599375510762331264834958707
186309014854101591007579470672086676303296958903920492708755056861756275014
97799914766296916426169878871072521470447717129725132167881484146573789522
189544019748455804218566594351924741849350631404478897792029895458565410388
216241889103638097638205198458425202856326324448875831112675998463058129005
93941891531725526101363282496356080785795484339766348111566184622601023564
196867608597121388011736138512070996683268081720122567904364536322876269399
1749336594750280682948626351023392493187449149
19
5
433026601322021665695136140901254540492039516274020952427803481018237723217
170458757703721145677513274790366298151155928174158740931749946534665855092
223026040587611890949374310599935784852985576215239375633631877697742824566
19031325594197603705663219944451728625820607296425295757715897351351659262
308738494295408370198503845235104644295163836909070075587555915970329032265
90136345851523195628234431607138130561312783683865829
22
7
101278580921768740295234261073347938596450605903862330450909572236502642532
99442388987127411069127204045140865857469068901624534555087665226335937097
201817073472329797721779917723958567487123843646164152918685593476676405877
117365716847256803615389415311533378785596311648840390055305357880556474930
119174778125722693233935401845927347018106960656230808865541209447533735495
145235237979049406058320188059015278492416757827933961200437092917130777393
175244190872201347248466655321984914623257545940557947616409935157415535738
1745330532868277952328461968942623530058349164
19
5
23932087357105880794662254856830298741958815206040471313904501293727921890
156620523260458745753241435542195473452873742929172534043585660114342639154
287224169798298417048182077725372778077269660146252002349527476257170208431
134805345768534771193100531723538698684288668962833481381222923271590882340
393245529591695966842738716324112976198234618233680563692780836120987164162
19019086449093719680566165967807383323456850343066731089
23
7
120763018083238516624800064657162050235029627578439337282322426678472692041
141916983195251543249435731989340434636462297473703951679815257060617187152
171897736599536256380735178586559472231408331252146547686099219350417205095
177183828223907962427819712341983397264153480971234830301430710597751955830
148894590734662173446145783825418409673735395804344410007078866077570255929
203756222806798282034802242281589523419728154385042318211934524376633268076
140191114616765568422397609393216602367621249802282819521541653569276700497
11730252229418626350306857977145672086778143564004146493
23
5
234527715379863041609805818202096890282945194635548797520656901685886072081
242620838198011563273273816428885086917496959810469021870954475490364417406
386706866270978109187788748751256130279880475919058317171196999742321709612
319469464546311442754121751729741762566303603486668080791689143067805287167
366345810101634381821986330082861200394833553089086817743970611956454110205
4919518753749029542829236521800308809354514809300113725020
24
7
184279928724597652626388496538823600892097362203798049460008201019079489381
175756053673472876305561782709592078690093409863426664063949581382841554010
193272365537969045481064881278429972352561787097828245549651614609332319333
196619223981844779510185627729669080176349440874879612900127269182291331443
205494353313406164399014868060980623033215444213777396867110240026593029960
129735426286577837053994265112057113216002581517083810557408102164506769217
208835905904057937814520727903191905223273727493674149502578129493061561445
7786871008099379961800530785804152839184430027862996797
23
5
177884258368304721197551371359648687798277254760398723658200798039965171615
254749463823944444623682253996712384740246092195127820066640002625563988609
414252260958681217439205987242538171402108891944874076366484928694815631828
32375417982771952815625675862523694481984002510425115278153604930622853619
183005058847939926350834089969623081963944297175983138888332586411971868190
655196633468579938424733376913078981500851765150959338728267
25
7
159535249998442114997635889762576789743666428817329941829082818456869036866
184307478189729265836121910613974947444275844438041000579613167372236637779
184223824344087595839868961761974329523180153377890629387799239033492170617
97992457757368161653511060043640084026117887841212391212244367006716096085
122659896529668294889823719539445457737102711363944117198313138926020284993
87349937516016151513475947083666002124020719635781887805703492124673797225
83438269145811032011502149137123534417083870387579653503735758715717184107
6353447598746936691516785762492522020554873073886131276
23
5
332578211593019987960961015307975085255380821345510159218132974889325832389
214281933290301356329304005546500763847984867025182477635211601411982189202
149611489473006065903312891818857770881683459331092430434307794316862306751
368682838384030323324246471681853310705949381092139412610279162833518280326
364690426091745222790541020151207867714467060854637947755323632212318121514
2508136822455335115785413350956249347267359393358641031512504
26
7
208960434754664394582985430621794689932514925761565183778656035992270099792
76686717619210969475515234444088416495051616677741803127765564852582762571
192947335696463485832582650963732478451990760072121991122368369236607193140
97778798087331390225878790763548924788105938508421885343205861707750206767
85329371039367021151510357691983333311671703880175045647973371654222344806
142075154055746326012211773506348770487047924443831111171310021545447549029
209001358991902963689578051224622976162290436744169404581751711948065569122
47504807045571388853506122238414572584047338288057231647824756029
27
5
332532669808989643394635918550847589848443277552792271072094440719325726420
344099067010932512556897517492306413101113936858682136899758953617561988860
343182193477998944126160912589198220894315019249680837189808961683208115362
166346468639478298400684185724677184446559031013472077776876077533985063555
147954794847523108460400395292466288485034451058292347178236729910884110213
13301638176031678380921687407520923401570289512466570498894893506
27
7
208959549806809912561847966111809287648187064077229006851697371708763229050
136759996148898259734953006018200725754342573124969969822391282516833953072
92569253569449180001374974860252635493477360987306973748591263611820266101
85550336665262501199222649852269820975798662982775410371661450035123082089
156209633599918606855951593135484133842856849288418202895313201485285587576
191663772508926856042461699101900282150599212337797694530098528592037704044
143612844732030063028635303325438684279450383728183385187425751628857432147
27749110482722196312625756798074882439033147863454938660713220413
27
5
273578211868829682969923909589159542849073473976686910273881046130823557118
189103521970806015959611630995523870573912457523546243670688581612449286869
95926245450380273764487389492653638946261603486928665309932888517767373055
376841270850024550257863441950578660660921912961110142611478746619309835987
331659336436574570740855781459642047672413163792892951504986467807183595436
13242508739894320198325241918291828252498031583108907665814293580490
28
7
193389580525120531873979442646614429479636864570741899835677800845327032647
139941838344533248694144380011985054528241022464793084641810336322069545776
147127153711287073938357006725726533354403821859809802199593086305545843819
129493835672089354817599915806221930345514139564964561110674583971487761455
87165022733533500994740258166518217704689484655734910925132046325215619404
180959270608967303055628224807056260503310384665253844374841632729424672626
123977854181345412838592932012328662248688134108937715626001286478481412730
43368359956109960173573856109206800968336933093671234229053256267
27
5
442224384810448704352939396454641316643486170033158627018920609343714958447
310987424441269707007801358491909331478463300917310224413636957751470586172
421409187365446720997761203104056551191652834714947833865380258739606068809
188524644735525015292864206929366859297838432936105874960997317581321187723
66720075444305917127246228315030072675605157889817270815747506397834014258
1314374035483863829045425901166500469057224735097295394019061614658209
29
8
76715937664697340695639648095319587997018077366061064784493933538785063526
88918360115761722327564201067294214297114958387227595599638354093191810410
129278160014256143972331300226147089537664891471006638719361454225417918002
207281636329288918974739022278496571871495939367295731969298735712510817610
172173072240366907734330833190705541101240979624872645394043466353367788397
87378461774325484967041251221623417938141415982721643198711277648307378252
156298866907918844849794551776570970900169403677249190963543626992365302636
120610666991491167495782611334877191133141486141716471858955505180718742845
0
0
5
322292770932450927464183288078480410069056438546266633967946242142611793810
278657529661160188268030292731831836627140518905344581123497464642811762050
326127605905511328465128783682529546346321595037688198424233089285907729291
318861764266548492081998493546458569259076638499607215264066067090108852618
169625925226906143852272216104398721581889789838540297605679957545826853407
1336631437426475445659059312214541631605950270602558404519913560108458870
30
8
205709469157075247830600835833129848589979632883911564171682147351909385074
187868567234108881504828740414402262286957211328836331766347947767803441747
159392089837715978247364989067301261802026959868662508014815626296348801611
92657789067962149362402311022757738055812520170094036199477680883604092236
205453973846805256530547119929299434565069169637601627028360118693140390258
192947498271519519721860829830344907860816524926372444099795353182034491510
136546367516281837131483463888866031076438205062306748300413846263131885416
140301107098968486095376230612655301212330182263840112551024279972146796861
0
0
6
247381144952064435035285419053822786693921277846588863995101286919199662334
109333386888629598998136645285961447241809523862982580947569417719681651161
178103249997692230819052460931396484090468821257859813424041302480265131651
339537610628019759696056567109730353781148779562425132573625574506444028777
245812369619305925616670059496409436115414097974740189405373082528817260937
423224762801998544388225154157570369689907803888886139890000063538009514331
0
0
8
187736512567640068561758581672295741499023058861848479168937821355985096826
125827742089429988034858347476975416983243885790463682843832375521787729252
157920752221950883221441194639664427706452493487381088989694419970993251153
193265003990782125727263845446793860410045789758213024946277591114015269188
210720410383998639322816972761579343744146981344197188537656492192554508904
191533630835859895534148333829382435009515961357249976007872141919785212524
150758061303824179384115603062356721974780595043535691598155051280026055991
120721608335822660917031616672788143775321470933347813641575389346333935202
0
0
6
68359556489021167646217165036220761246746464246834251345490077235845466751
130653880722279425257379302792404025431369963400312442099300784233575959657
399743745153313840648688176733703268134877940079342706615992920224307514618
278573208572873463958561977423405366689051572200060511673644696880643478769
90852921086955224400387120094675391184893040930055934902720958233263654111
330720706008420393107781890937712773448009586969007851833962464484044454469
7
1
8
131535300325543931800018518721710234932770185460074503691038090267234362934
212397320233043299395042642056588848286679437370010765602106273440450640213
155858105679790545231242638269650694807657619138298122231190875110737200984
159571156986952506318103158855956488710283811455173891395799708038859815478
195025698305446938596138282504327043923512292984503241761849592059618732918
193388288892895674070187450556028995487900052450004493832535794216754378856
127898453870519930145575403055916534109618892934394913674865291909997941362
115308968429473652177089447056592987074430661371454977508275979895297437766
1115110717
4
6
308730308402840674368786829470989520819462365747008233534355208693741573217
111017354507137415079197932964014323679567917706600383736020096676560153874
66930381935781791174045572120607488238967470783705738134737245798948745800
328182210185631407140163181842985867248051591576030375260843859875614220576
116812371300651168032764442574664198321346038633287500802704392239362565855
408719358050847865028004060916489533025683552766633447958266217765733178245
35790
2
8
202210585594632254862889114776231943353321695911678741652319847828558328185
99726311344971398609995632030227373461672236447080408565608984816022337593
136849907778742598879358667568209428890068146893939701082052176107381943395
194811373969253141134478110674176501523374096682879432219391828416976407113
207398943821759396935656005153027708543842927525854922684559383184072324463
142087691798815501207847087763790609472087487087585687843496612960721651020
134813871662028380936464943158879458872249744928272855186122003661537835585
201719293206257887326513278651863566056631186476400048513476910358110827846
1765291069
4
6
339830687324997269140925122292666759056149005454722580062800961160240816484
201822599085428143206396600198642361360854848681491527623995353791189827506
188841553151086285387615892587710091071581443803551631169162407873805271899
116704890985340695432703637999939949520341701022794533317202738671155472232
9221167053916372692431013514005920468310857917304328663663771897577251303
211470833001692250786402213368719579611433586017951690837972300001411506672
10146551
3
8
210740359823118914692041406377702595045034960300045013146970203190507886922
191187658594892151271308094335940035192818769073071250209889120143190800488
118995848439899449833506838977747310336286242900573960200479718367231177836
147389066654669515702487917826010664808419161256717204623265140367313882722
143826818653909839887977375379444348197494410071526960919851541463345672567
94342192848277462564314992048732971359795787601704987876177741509880726892
196811720214656932892429014631833069141140033044497589262035773006396935542
152476649854688958543818774350850892423792814945907696556378720308749748343
1836338227
4
6
393776347229548962440067393566427463253673501426453185378346819235427896754
290625066749411927817174511550357939893830066067561047944215605692716731550
160062134761624842820347427070453877682980333991055754697846790967793381395
377222264840444082171407573107247479927212370527530478104614752030640339329
88226569808486523187813440385276800220144389104873341640647255931529585306
176300532261978703305947589920943430199127300695973399472528026969814419175
2831389821
4
8
90911268131959486396879614759443496813547845335545452531311866961265111921
134655911543341608569645526324949104544946464999302426470396634123476823655
117117175004879882072229705432386719592135908922671102498308563796836829539
83527907394390500306571126020726875245445497245897060691850485755127808340
87191522461439770701020981990719059097982253300533982721374237352073057356
131239873977048379518154733668873945658293215808234257186858423826362289015
184589098526287593547387535167270693358898349936192093100823670749673435469
83831777476433971822545098411787763343878513358633594344072539704414003822
8164268927699991869
8
6
103139157298617780878466146185317024843385531483739164621261874767524264269
30145206186758705556016291595569155233493030299781577886486415080407289358
351212473919232906740929507268099737051903445328150617197174339652156621534
163054959329525030807302524262135517971088457620932591954146878285807483149
363522461637025926793682972143807231160106563513887334359872311982071218365
88478916533324417116642918430367102859328137047735916777532253073706952457
866773348257
5
8
140327585869567870575123632699856664639046774468154172280479855045294442862
138160624977586288472505090749232787364541323734952352731660205221105257836
173712674837097402911107423441798632127126151685070556269867775054087221587
89049253817904154510904563097921916505771242819647588403228550615704816741
155961659068181487519839047691030359436145244468009429730877173876332836984
147272441486604850246968617126778039493929149764395663654730362221579826265
85500595242429922943353252670882900462669619388957735383747913451685962597
214571584864516494390327894633500425112434741775428494357242666251039368010
8746882401243120957
8
