64
4
385335648481949086481705739790465979298608780195017956004085069730387382477
54112545566111927958453006397914064824144555541925983193654486811927295894
355651750080395251417832548724932823435077295244587232121874090458794203889
297746205316848557154182115437868327708032031787267523336870049765026214363
3950402642
4
5
89062868389036973065162731323684631930707119833068188260445980892535683186
125800430705367387412804919552875123491519796408328446424576360302447313241
143496130084368260297021606975248171324341413799755976639440152941126562612
193300046569761185130909033800153873356809683558488590150752839952943968888
200159788577529594331645734622840132504693848947677361192971297923559213616
30042158937946024016482505045318622923069
17
4
230876386855217307073535795531064696641727913838933313739436370314136442859
443267063893533291979613373531590678247525733459456127394462422442550751362
273860809198804431454347042815660899386176098082691367692860395330429916802
397592314653058720285288160425983160620915567497920399180611392573673487082
1097592828107
5
5
182768337266099326789395825593811508144000597246719921569416379641065259633
179274673291310997114241377625613208517806706754808136829980697408799523919
101431364712201158921218195466447970647384627900064882228877734649710199345
201754206885546636284060292574381066842333817674842143613763592668794347843
92437789390280249268110380147768449753287942627136111046502467118254405740
18493934781807842300053880750285014975564
17
4
122304804841712978506285825418422217991157485079077294694617558638573588343
324756135411627201226051895279778819875145541458529125396135420254098860470
342832757829603988760840434712096286877020989586858004389956233827336107566
170568987472524886755330523930515974132931783947589585244006334643801739770
183065967049562
6
5
145464073273305513924400978622169158099733398078832836333712203924825066094
179219757129338055674443141423728335450598474447066160911710494665757913934
120616841252813766055619877099645848562266754485986430577635548523777503554
187984977316171242711720377581045224020862618320002465240537160921931078005
157756193042121262232821731909682791004970677974220201546761012380200823927
126175524536657853851328831550662698686916850040125
21
4
14099413488405882781636628794921729707107315387068285837107237647562682482
433792869701726101282718327605460204382997715509336308681019119825663186474
129798610102716302225139872656379148312981865761456595360121689694199853615
39703121208210698911533197187249106711556347498718044021816799502310339457
63086107887166589
7
5
116939372669390258405132499905914729630670132475577422648526129539794950475
127808298964722440333176959247863174520355612204673586761533561892932843098
139908601259029648838443164704369171097673166074067288411638235530775315275
200269461639388895551469409575162777257341564895785819509012120515594635638
124441328108960736538560150499170346445494701965078390264110215151186375798
165734415477094324069970354569421969733651748368445
21
4
99367442119889460935137859795981403634996191925473843945554560792425504505
285725503894348451131173811465756727862511160863272059036400269639884717008
387948895836182744581386751819071165725866659809078134077008045221451406484
68708499354586672753230070351986880173435262719076982525285623109301692585
15885686045568561975
8
5
140051570367217980096636281255168980450634084139435048799662690010670981961
203949905697389360483941397208415775933411435290117268273331901923950478387
210960997792912450233765837220257344956424005127327612334554809464864855918
143951866048597462659394320116011673583973393174045611131710667735087348053
131556268845809979609682775274946221459669315208222091987709265483355482732
171453575460212696034426418221964017998092393401651
21
4
341341158180483613682212470019509227986322513554860058483722898091798253142
442105327932260253003475065411831648617676635640839192339768099400159923317
182134891258037661908876848795850570978016290511277568260233850602450566539
246277693401068394259232306149232836724957826765299115796748432454240611706
1127867567110267621892
9
5
210836413041573587662504169969786131355462601782006756662692980510041733188
132971858241575891424704030187017438309865184030104623720343593540233081700
120733520957739766307766229418808577422525439397106574561299738076417974874
187660569327283078866423918004221577717781527894912134866032931137775940172
185866143193967017438046036416966165747514612850144906801736594337433155925
467040510399882878641306943304172159643786350098350438694205
25
4
440185942965892116362167297317712551382814784838908393360837764293060160438
440062704912849121922322145819591358839933749524091026427172957034505385028
372346992242987542509014960982696826895662834027219523968855535806739932727
146315234441206961750895163509574539637432998501569857257086171565670579176
816297844754049727711549
10
5
76549329827668763737243165690156257517149433193947395913669690100450018104
125999694217567311560252465264632102412143157504678403543517337368147472971
94038516635097902134359882883153992144144491334505129000137032826423561590
175403743092195424155893865337073102813581669712515526185164544962665601331
150976866663573388251155650542599141652228087016313349113612000432961570146
442177954867092961910119352646199603436335707205789629558845
25
4
445739978410524804610371349709195352072043679961735010766998644374235339962
17065776468692557008004067900045341230186530782502591410278370655029476867
436342809197167871319852926353621430786435434257374049466781198163646983692
412190704742136822962993914371729790250358720315492232743305363745326679717
114481790787206544971727208
11
5
83520767023638266447669058377759227642282437963689999636170803421443020624
92175989040002038990212276609902309193368703941621692937677783367876308534
122502176639789555597351458114519451364324852283946934023573026163622163762
207102143844622793854798743077737613297651188965398913808024385201348097101
95999448329591938337850407621941092358136834685356242758018797165557673523
629560707276862943767997419852222832629059816797360889480815
25
4
433443600681187318009173718718254874959223943328510375459205008783858073567
142407602387246932474462116286033250170209550445586099905568461133874567580
237806077935937846238022587238741616607986485682601644042194523733787739769
106309257748634661395239607631310250649157126580202710937772151444679255881
78198259646662903055505956675
12
5
101305808268326055860134650547850931845978862703894673241968916565450774344
205557420114096350869673960952476695222347537758712336524675701011951799907
124012823018827689187915259928182554663363625591952414626592325873580925546
187784990744886523032038890988988621135188767289673306183623979380461623861
141813288627146309704725309983197025671381163173218271413644939564753896235
2734356845083929398828244945422216141181508050924964323267196273245501
29
4
67165030665358237784267857850631871672695264274125369472291757659527302588
444019782369081763439709446720975239683271387892487907553799824963122443840
378559485987201770377877646525758274321160977439839654931133737676344865424
353289810419330260632206353402212008823009160512305256902095150974158562531
4747337690058596400112176052803
13
5
131459702022125975794164124416636760663979512828443970386853970208833883219
209241762225892021362196788132255820187349265972346301155019488433261265261
207281501528662433515666088987410913575389252026919341743682991048773548396
145553659606283733831988670610697216781599776189709684833398547266510932817
212348245974994135736691654507567050399935656268023627019719373647049602101
1466208051175359900559372636074710737749443309494164876882262457273661
29
4
112826129654909946998561825752563857132684391848501839035175394318094784180
6137223804710149953894316965867588238479663597745096084380006649544496908
303319582614911170681429611152340283453097090732992350523238391040106854083
4274214405551374482731378251481702151222398399433871533395510097255469811
4165797524234385640820781042938714
14
5
141744297708101355137576381544602033130550028113790222176148681752221017155
179000037260714853287132987445949235749515884376102298265614727806946793338
143594130726576322754283122952431995314875997827607886661570595799362402646
196454605901252607241670684042783976149730955998331390425339577963928642116
115600484960373743766580288745199984425558455810868340651169647477014026610
1979048824829491498402884948613583332422932168762636367120533241482849
29
4
304776973537752768995126330135033551313859966572942152538183632643258896755
244263139377014568768314038144856393493890743780171795171835022445539051203
424878742257052386807166806652351756126986417761920543119755125595306998141
11328496480884000210289657353292647914101970966001199430595043345553316906
662564143469181543075998472144996592
15
6
201919039350700303975262833630953138149453337987701832459582506198299136631
177148645268919868274550231201226336900524130687289022715676648413865138793
145559995698168452952324440662551525598502940630710591264551237480345130099
214599217655544764079992169665960719356107526122982179355972634758166637625
117367119709445106634623414376053637474056860544662850800301949741642640203
210580487422836037392176563486775528340748852680602578828183249914377615425
15677
2
4
29864069508935637391572501428043596586597514436823141130198215970544492249
90506196147179424380718520108159511620016617205183510860854634914332902356
96786576106698560916184408357135449194802633410945551587262798884947630901
307314384330065987517928573065821834009400581657360433807561027505651728681
164092280923752162429127445619843304827
16
6
122460362070307668887757521146270607779448071877752343099265831386598560365
200325459437149643581641905607409928777883488489395768688451876679261178159
129673149348708844320745271699022204609007240790805935977684266635544184914
147478762069401441415823848871603848427422510344527293183907890576088003377
202119159659471078870006508602187644387739872278037028693244017671795265898
212858247710683180802104552792680172935958516890685113836066662917328955992
29501
2
4
356395772961740852263821272678791178829359196187109613381843938609115726931
428281208818191881020934456585269970862714163008880543979867102547014187987
75555051966165010964091352769442500585583094014673137495551569707870268243
11075564965682361350180899498345679958439905938316621405870867597324466907
30324543651166580862962575406875624811238
17
6
214467298400973653858192905933930929570668289624045010221365562031496324963
140136057878486443556039959487770719207324687253401204110848453943505398611
180785511544424318718693247975721078850862835459369305053543718265685358678
150515581132837288477889994574077606324671407179699581099819302737975407700
117352635803067459653689606253931071548950762344195740625460137563912093999
212796703093429444120985707797129102885088076138378768153321923237691548793
29293
2
4
316082900716459272962901575939536863458682703828205957577311357328901687903
141253531339021171561653713841791453474276843310204841502496939680204267636
27839507040277873832099706633355135154072691770084418943123651934640257036
305129158315618450099604996867023631486538850608005539051174036144952778171
14376296054862106699988589524427721212701564
18
6
203997269801776094720162004965098267713326891369724354968304321058944544884
138292946081556482638472399445808871184693147108846604263357472448926013525
191428164791524045341266403777127874332915057191877529087513860270122039930
214163377891214129182447126629442273762989749632423927439878868855068714829
201947105401907077998240446497377581234032762550374477964050986067716304175
150522351542371672985970875065439133741332115055308768745925017883206768756
89551783673149
6
4
291994671878977860881561547402293354648211208624004437700364607597964382061
448077502420775465161848147707681950412530682686466399691047887257563211538
349005303043953534448281346095775252313258754649023944587241859300054831346
36680385274154744502566696972359073788467801216272940148702785954162515524
2355532345534615472578475630249064471588591377
19
6
198475633031901480496132872250867111340451925621234557475608426627277141830
210946759697756574953388715859949686282992691020685000253908178325805685057
189787359185152184258216681835300346221094653485869638088676776378407275842
209291830831008088461415597031857697753025594039735697343116165997428098169
124212762612827008109695016684743784881896568576850258957398306417170540855
92451243868116102815427028335037832200854921954474881042494167005427942725
71967922734397
6
4
375184050274502760328514914226999711533119160499494094515860860032084285177
304246828466630434269114911973604354710831847646218694750856726305136129206
78775831112741222648488444974757545020071156235842925268691148679300623385
113615947009227731226504002957116615731199652900695343623298749267443203291
1205734358033756071339191425878307364942419863971
20
6
87061465236775873668017288835745852437861555620556880769870521890308573801
138319900769711690040560631332685931582211055805502631857672862831183226950
140322409370223102720725712997942640449922164649522577254638576502817375541
92381989252101889323046569796608534048945258808959200077221576041063085914
143592219544703806956976558214784692576607606715379621804862352591222957675
117097869767702087432197703262822112152849185597360448995850344239104341807
80742034140522
6
4
412728906902404435080311477676568238172438591014219003017524374574676329600
49030801575191565789525300894679567343948521550613247031759729745866919287
247946447831402646789411014634810230333611441176267884145927092125337680080
93608204213265535064040499522819465514108167677014382698153707934501756875
91662262125034332963577566778746580310109647576950
21
6
96033740969531271016058360585063917327769462631082983825611896634383488888
187992576455727882518262980411078551994625133199417050859258065911987857012
211016376266789182628375189066060788825464959387369212753523560340190884399
92360555650200665705264873890462207695635933259962117382656128743729818193
138369289809782804639544653583964810251773995424550161346946943592187519595
150530142132239308308097528928541155509743447919191273116186895675118089827
567962960642258166562109
10
4
335897998937207973828634582715927897717440217998207410321444166849132488110
355304118255958225688168292050732498544795673283283993106862002714557973476
75147756220156833015233620740872251203340659040542173678754405388546432628
410809991097519323020759831619910754707998801214048882823773193814152987600
22802691514888030151878222957484925227734105339569364
22
6
209209005664850528391171931508306127870191015508740542190395096662771264364
96012463562715498861415744109181321792181835392952332882438795098969500506
141971577109422046130256732235352393200769975618925875831254563272105676917
172220686651228737592080220639536684811941540207886483333097835732789179696
95915601549847742773300017586296073168601200738572884607611913470641203531
83540069486836200475016032841721497844144571307767342964694211997417029936
421810764938484451791165
10
4
48812618560020572919913549262326708803820252565768564083266053192315731038
109765879033340419825893431010948869299971079112446247885500827905892480362
339608076007164619840490668452192769876935165550128220922833801898784969547
450072087287674685458732701020131064029645893993582721905167613929726498850
8949461288996951465805578890352022633048534301694401942
23
6
125820649109967384963515240284527593988370911566007530279843000404874253104
90954486913448827373741413950372053679481238036672188148276414273974456417
198386902999729332956293574043166614922844639279384900630855309633616499827
117123803225606823526064365057977078010569635171401210006733553574967070284
83831747582062324089630344887894705925155150161782366439034339477899473707
85584951840990140852113630511526932569262968517974129250299360171985751601
369255845473076470886999
10
4
226986992416715111492837582296240675503943092406431510162238081990845436130
248617831875579143378183247611302477611921330913935604649434587782460641887
150702173948337526284062833835755283012705937524164390809214717998910667927
259837532095538139012423028593668910127208175208228740383762602307841197898
4356721038475996751263882522611993801992708491703976977795
24
6
182484986552696207032833157058252928139272494401493784821916550374460771449
209325335412593063571974466202730106222590163644577325706794886141374461514
136753905302242833246763578219408537161111209836295356013584064029051941960
129478602026524248312709358778387463379567318197023436577323256240397056344
189882606994551024653710722137717500032147748313288477690112118886152759120
157845215205311474622236284864423275077017886876389925516602087084587762266
1794142302104983251124612182261053
14
4
122042098968251736562716801404975094980247610187647201415904044050120791025
415398935201697012118501905605154493551653159363484112507885337135233377092
244777759782788276394299420263673481115342973660685139695292256805074981197
258994133512601165344719357041359749452085405307652645789341877857647629800
318834825953560834274569360935045938406093856577240259523990
25
6
145449459289063372771511682191405042344179151868892598210237797589014113102
187853597385109831999636063599297513965099602836220730617445638069466515030
210837364134200851466129993700566029000226763122731086383555729598019099212
182795541223057693973959424320679850011778202511746151303340342808079844942
189828015090721208896048979922603596698325182489506696624548471228807014489
158059730746954130693412070686714276223621819878584750907821975785477338947
879287512827070471879894631078205
14
4
346261681967562029368257851342480158987967244608439435227649949676555438235
218819752870109470720275768184352035603168493493985688667515297587856415336
371962082096808678973563266266113508607718596550363235496089359751855337696
401801077678272918912903172782151183069275563147857648478619866757265355482
74443031577262714166596401753070403916557276955872690494964411
26
6
210582186970387499505359483735459630923828863817248354282946050148432425281
122619589333138833118851390854033845259899890595087495197126270219918931801
152297155997700767353623601117065089894694697374114342577602294901655032385
87039362607290459926064998444415348686091721180970276053472651767330522215
92224054714011323062837760824833043445129123951790908313060451739796796225
214584902118792520252282349903350482885280407150604706339629329364581964395
1101842904070108248305622947679031
14
4
446248405721440066601427593866339801327188862075233462995362306051959173006
330210581975323096377102025459668103658124912567496383039711908484886222402
401958939121304727542889544626554486558762228895999032124964056936897091109
206707396492747327968347801392842552742666317742058711546964599181067914238
76984713463862802677121089000489415577213219293866119200547295476
27
6
83554437140752928013873941791268239451142750866774558085112560662642706286
89069765372459744683554483227538293851758264196658113869280895324840482384
136504584358659611740220653963330992186966925864549426239690101287858034541
140376732163262390059397058844344670454995116893381114802100543745379948908
177238255305371902432570686164724507441303729649349924832631356086584820090
178902466909184729925310640943289260860470030907782249820808050123845748836
7786489227014273884554858434943974643940669
18
4
249380475292714294401923950901826679130503172191280371126753644371684693730
156020681312863032759122307263687840446645914316929256184026793227458010803
392258357659445316490385355958655546594302362676016105458280436414159458013
349611059575859884930441553255511485924900781555060805710146696522604449848
15972352835420929334447893538314576602252803649467943497089290473314
28
6
187860911319683053975984713040244697171174966465564838845102226576273329233
203927417938746581507820961569689732601359620492540924382746135000892729452
189628588454729035268304475608617438015589931083602117532210066112928961078
143911556745043193586063052880471219312192312941988500908349356233691969380
212713371890583865276036095229836011415809673449732381308800160357546412364
126049678570796469891974058884618102757870337390421824012088591790229767272
9954736592453232918147871265355591106840893
18
4
439807928605521282208937539907698923200168045888941255567104621227424144736
89376670424422207812318673070123655475554005549857928035604102747569093186
2132022933664836218979094123923258560303832764604409016952267857055030500
296449571494630688947007972056380675803507996069716960595128462315306268490
5911218341688174982979988619830383844169827575633468283260633473231752
29
6
76522881508237991851047940778406157968051888317801569947333164621257331534
120644611373923088850472181137226930528779680239815195519641014678832247915
127837304726894216936154720599186993543391922755309920869264954307240161354
152454971727047250496504766620286604829658790331747156845953047973053758059
198276235910484210214574678155987277329093938754516521940759466200162987831
216054948076898121894206608168470746128897960885586865292726237130726077238
4650429455571339423976596765299082353276233
18
4
20327319120692304451158746257079741613875898049901267891890923273573278418
368711667781650525153636417378651771474930396172778320715578759486668338366
127154482118269676341725283611101019804101896038939389465252627815373117046
177400471651494267244018359681454392561146104997541433808218816999648420062
1362304652624871542874962105462154456457399950019366020538200045738511622
30
6
118739508945877401717379055514747273749329049384823833080082450091429020772
177295305917970332328409521846844697761051072985869516226676348220991633489
76542423975759133692027605424418043237605536606498263592838742336913826166
145276728615472494564890287495241691852543398841220110104230563189074450994
159508987967802326273993553653185696905424855915656099109323709788282106215
150675243519356357843704734941028198521933119835725508236348011536074885190
25994885972625271664303782278941461381193788920642877
22
5
345477211090556585480515449280787528110006026192110214227209581396327881276
325920583774816957574791912857863327687003804891904825551587233657719379405
301137228663231766661244648547924429386093593239391927962637716835941139887
89384821785970589728852218364008745964433319441436420825419895778154546087
252298263696434518543094586664234712388974568663666127682888477952135594699
0
0
6
210616501379542280403491682262401922509923961654468404508961913560584106353
157846152905116081961696959064055337508966540811611511492659504662011540582
145657375348402232610403480336726955945012538177306985130288980653300468559
138602685659057961755081596498245052060848614542249246772831746021118924662
136822896651969698958048300401297144263059162656383398263625853771555501618
97709355682222974878547449254743348445524297203829163342581931502263154995
39791142886590323257594769495829666336260356079579965
22
5
69982632418860799464378033510060499435721815171195514587502320655375063284
393593287341717109627594776521347299514367500442947233481573537382674269572
193543981066472667086233574673840786982256659668115236444307395946025484179
258727306866028273582606509826884673935376655258476717871503693912524431605
274882705458610783624518301913652249196551415011631320737772155772238017941
41
1
6
131115666025883836215861694381637184065065015673864825206551566426244467561
198731105997110963793651038792817407113176644740627490045907376587553720141
129603372458173965932702870308960286770149568672022991175891995834148157762
182574947774085350295096416407518304730666262622946483430917749865815354196
189806441653082774837754868552680914027483223678613531463537825034932597291
205309192512413669469591127416299441474686764287647660854921403890957706099
30421735895968839639640540817490051691263002463065456
22
5
443308358856859184384565972061146762188530223397625182902828253323260079484
348744649171315709728433312198850339183152900352447895773380523715836081851
394798765306953350685943019216309298926114123011503557736522176981028617459
412006077453915975663262639077973183629704280593170610393838550676513029268
423213137447637982786425644287678143999733213761686357598858159707415734092
3627
2
6
76784633076630608320088643953958086397931709257130316774716053758380697166
124407252933506138891096235988685769586694248132146443176464458195580252264
118912545770479249723226004993283915908724769874428757011403648273900722755
76708660289206575616191814613630245746372644652645606059051655839525665402
95983865512071916135957825368823606424672643984046131270106726894001599093
115441688763782920390091739277791672833172436073925377635057870193720309338
177298833181185917261570864670886972143297557727410476744654141
26
5
18335729292229089561390229918678566634515343242254381508198980048772410530
139921788476312547233116498420719547962833778091600779213526488720634817439
256622342962164249060912208925802518975340742936853839606432074189646727632
48261795062116801507342009483350338600140473992294083498800957201436024477
96277688010244299554807493279450142653203724634335069425208104090393621998
14783419
3
6
119132862244026593437931041319444910091847400935405780002761417234146347074
198406397559656377482653436185595224008275764332642501929934789364557172852
76355434207597939951426406121882813071287841344244265795425220378991474041
184438123045068323657286479042934926637569498361535714531775114488171687505
125786146165826751207531410364417749773291825785282263424070861022043129712
131239140702856290761828307192588611765557253471957355016857140529413711156
174085540290009131716999823112179629248123111308563078285062973
26
5
264747971498041726749534792666761093353863329797006982157222835440857240959
335426578968320773552215906839327305507974066085577668185725058858006347833
152596943870507768412378636941210161613279797754205345828172626017168183406
17185904984615341458111340658280421686931050236094776160287522735437435413
264164791018764277464727183614337935503288289866272345733545854507147487210
2532556033
4
6
191512389143404470254360427194885471769154016304648430727961391750046709613
140404904486011217152038087277607024498142543668796408498802399530005002857
186037926297494725090691321574116465017004101074463907538682534175142734913
117332415831569562805811589535281765681164998746724174364174290447741370997
119058126033966675629791375030933286054630601454327924442898466465962148936
123978043327594731609309272410123035436931389784793666902416225602540499560
125670187489054760106563628619251163893877820516276484974260290
26
5
50164414105423292556904438549570737045611544578270456812559619411514891768
247253436059257863423616882290849568877602571519626302323818877549402870693
431676014510854750971034391321434082451306355734686384607771445460014620333
45312953134792293217963405226777649377026018624414517294980473440574591927
55231634114490301217954785833168061372871247486187332519158448434271623677
975991731267
5
6
127705233944835498681383672920287870128438479754515450415134145352145850723
177391684140018504165585277399639953090019399280644333723364977553119000899
85633207096006113752583062776133620847256038675049598670379786787693754992
214287239776882389870028527317434504181889249112075436736427016041859397236
126117941892535573548579339378906688074949618172359304604167764836430665292
124372170471568834085597168364941742326091301351682980590317304624590173795
596818076537168438728194557006185679497634210182572847611601456555572541
30
5
449721119299321943231553704379181303608204969299254605322149255503815105651
173461305159048800307553527146694651942304081797788920490931586367688762498
131161141277107954469082580858781866898515961650281457461490638171984429125
145904999634747291153531371802634882393992987719496580513292415734951743067
184188879250047808431825849223096987420338234517998910254150681079923845776
5079541688945
6
6
83810715555802394998277008427390903876135182615213187820122690356994715763
216110324749450308732155646996533320380675011052114146851369827197674014289
132854962452183168275018315507901381032495768862294909327364262467719621463
212719996677911301045280410267849948398399248439202170185140531564383388230
150957215059603780935705834771201262265236872599694607553278292494323823205
191587363810461750660419204264994898277547101193125378121880030577724378674
339997175856271405797354844241709750214718537924191817616428131907683645
30
5
100207814170821830242747782733551869947630539408548433458078179272280389185
263291899976106197156016628190833679599545818419956958850687225310664462142
274394780421109859448918340562651268157736900321960172569100547013929701341
251768089174170445815503759164923123907082232369874909441986690942838514541
35438934414825637737904984382147670259332501399300276431643535266137836703
14333942982678362
7
6
140108132657365631440685416606092042750450264117406709723977612401054143560
141847070998582728225261724185417841672532505617157660846493042506724628011
142082031264764400614628480116791626369758722947864346393298261832604003169
94156917980409163248367299910290506207710702722390279608567036967233597284
188046475176366430744873889695419555209155499335135039060369143428492707138
207206451677576389511606623958331035541253166220604074520904274884199664194
486153467391770898019231963240734778807070372530593345893935188118889569
30
5
182661062640984281104041196792219288180139322304626574147061135638170688758
182017757980606389586548742500298492381570404223092138657997499697354046384
136997014377708625170163716710025984738799964995551372667438028809002297072
106522813821997835713833715561541035543335057332431105893002441635702757481
299491325615439551933469242422585120283574871481774803419643703820557662553
1383162032840225709
8
7
159363276305543362646750498800246293677555837110550893618423830052155646830
182456759166450440868024734968921335912743209410193984078228093217117139059
207461540065211410505597872722230494447457553014319507920624634133404472429
139968936768114051057117290145687233570868221882263685743739838670158652023
141826990604964383767527684656025392990195875461621300403830780372148639559
92603654964434030629096448815790829246904027738052777560723756979202447480
172076158065149571939518290115199208426836971032542996362883879770792884850
5324093
3
5
122529596964718218381050519914863763488825640555806591424792296135308969580
381208818100055923723603954189021511091388779713215283321878796883448230709
270087758074862831777774154913845119872214071351194668570965390242158696352
139672401348736655687691299134519770553492138193446463010587183621536908411
70622395106389044317631510866637415519143671417183048602286416928345304024
1696092837673901941420
9
7
145477933213408488432943779391960369852270413249169454723584591449382404913
141797926922202390421596551767231083734156050320970096549549242317090155860
171952432867040075018409112096923622294385356779445088638161301610745907505
124288004366419706799528340115596054870110645056588969096250628307699197287
149237789279341534445897099431493205683082872484643716724054247165238920049
198689314813444082735225703110427877153675480203704913090226140949827251012
207345295315266419784218138279670805120565133669829456030792448233264478516
7436093
3
5
185631160522872519937428371204746652178857452497851603002462077308715346444
438787893533924493632044449192073235154910366377333409235022207095714044840
111624199169070769503793555692118586389683833079306635696168483124295727447
205646754932701673874384030452034046881384116248246828234583740090586808481
134559371154020770092782377587322172675414120820710805972345825023221249755
886724024204671978891718
10
7
171951894936774889562927019056743008313262911807867911144328801331265041744
122723249667842861843255616792562174222996935656585470301530369528146117228
96034091125530157294440186128066614970204247173981273869981769438701303896
143910989211769869246521702357441264191700344053821866174273884154708061272
177176950375187010588682220103067485262961374410355755480031128641280947308
141874545087683442657508630779933215075994972576216770184620399596699470923
189676929874036321567526307860841479727442430610337298794179923123851439992
5205575
3
5
354210588191618197682617255031497940807441997454305287547006234740304784779
149416704023994148564383498289693589114750380664994636197133312971053493579
125339586483638283696313307210674825524927500405828703345806142371224741976
308563838737823191977563668667917048501283755286015592366193135322066803728
163266086907261869791641126094174324418585844343359106611486438258772424909
146409715400192078752911063
11
7
214288397039194656878657662674597157844231735701384653023122299202448141154
159487447694866524524273578915706493330747071025712629498002113839434918522
184265824250232456002841174878152167096355934273816429654247711717488290421
150998841415099276919958233594899239109929396132755428942993146336430614617
202202655450721538745882224849747000118354860293691465789761478850254430579
204011881469996074620549913082065885881915846434210650667500882758517533510
125925039493245123721826187236580029936958887352317035560931222828254636883
12225809921555773
7
5
12624210888981926889665631110476117633328081619937806060470769439424131973
22606282569177325967614427128439639128302337204043849556369125533267476870
236982548792267464099946004723224970244279010019420845886840500385042134343
364308889422743471542611094082573586709671178233196855322551440131745824489
60695629420319219751372163953200831994634060411571616830396320590247812401
44220319730112727259684637304
12
7
117449320263490023184830644542355084929594828680448772787056923789115483241
193259019110890933102923767378088128593496783177220482360709609162824762231
89145205957643661861681485354688900263367915790013496184012595871771552356
182497303571105465262679058436076730771586060773305943650280063662853936712
216288794882728370776094720309993054826575746566854375612029312835947807335
171993708742089472939863139246296155061382643820520276023066826566284045130
131044627743771172189459340952688311406409299266145120161591761670510964825
30787744685778749
7
5
346239102454786715170809917994421503742047134238423322528701133825419318213
132366093076429350017162261381116608531782534205310756862634428754591585229
234309754812089504396892232183674440139222558479657568955687626699430005193
449126403297034512313228924353258784063969910103341686708918955787735266273
315840524770031909386219266599992851347488289249243235696054080508289089974
12950558888912064137384185295391
13
7
210581835948432476071493876011485305347729154127299915940656547080866771796
205744089619005704406549000525270103329006007456943958405814081721520649044
149107170234237665288511232284376902378277938583066161338066060822549193831
127760152710846782430444964879688279771649699291743584897567534952593583690
83775400755085103968868242491680107754010391008941163486165042325707516728
216145232409453181670831931940176613264230846564422943513805101453980036436
117408013952464720181102871584174959312067695199956607530127334280850257743
28790047900649830
7
5
100961181352704293788037370857169244526874736450863317197835491724074057615
304957014899119477066237908568175501407108793453551697963744974578543208002
281622945475065956032015753209699634546611099856012767239033639795721387653
276531994307200336322432791302998660756930804389452531423143434335006163744
5030828845052074192238342465485674950246293847697373445953203657979299447
520373249882550273290180122451384
14
7
140155984031120375491589507970538650107572578271629117744417890720439092293
136671382291330973052102547515647669528066247178087470205698903333128456531
178749684997561876482337166127754770817544169990053896726354229320271221620
202202492331391996876730542558672256759938103575433324227951146397380261446
194859058773890477861490393362173581339629639343285673791496276582085640804
92258783456331626715047777050814282070925772163226057959117996077799123800
193278562949964133328945786712831885121308791329671404508839845081352597555
64481026987989219571481917
11
5
126305101704565617817279071692813384944326704880885160594812707089215261519
264071406991164537044234724319938117959365680209366297315970222952107613095
94907961009676627231237351140573424987159339244842912790072867434450687492
246455267785745094994653801503321865401281183941768994770195040008027208395
311486972940150590953844319777060067521612136992806959007512578230990696490
66419019058843676978600703669452807
15
7
145236688669104932984936514222374486520060725519510862765828016982782538323
198689285660409360512562716552024093046024247552797623838355594432018924597
94355912609816985406772776460776691691753488965144210177953962594380362836
96151121118477424311678845408696529726311368388103317536132431089934948677
185872235497206841659575188458148619609056974873624029561232157912598198063
131232593735850497755017859674104345011235478240009025820902047340435633465
136580720198315360554087741873311000592158503631193585489013128477950358839
137012184333890686336197437
11
5
157749490239632818645409612197113149774694589385771157869089525690614669250
389677534863461144252992928733631377838504068323717307694409259287071907699
21522705726814739412117488753312541703754625284349359961833262176189505925
224702414743391885544418226503765941536012333115757190158433817265896735853
50115751127495328696197960990892952981438652150178857486751621981179585147
236296771623501146255689428303563768847
16
7
154305152119809491099347776365133272734189584175272660787332878520141165686
145354022028874842901981284929206031779617484966577935220421975757139308905
95790698123266503705106803567846512696530192770590537158185148567522329394
195141789926838138003122823250449113800683831805889018649793080489910880070
181054841848913787066831642563209702012808610464965447996619839064475331917
138188934808534004100298472824090652159189635675954625880514958624057541474
191628966169597749673836191169922952649420436416758309907706739230586786100
97291212251310495902814544
11
5
8366757112206037118567444150984819503776445341533454010666078774502147012
405561131990564825422381829345881874610572233132231473227339034857072122856
309430594560689036237154017068324574346050342567817122541442380523995038201
447248051497250828744894974630672176908386732871718842550054345053041485070
244456395506163705044255571696327465998291785570083517936115700317937982582
69397015651637297568933142407086434942937
17
7
117139681491739692027130092532016019198114347975841571135616011118581403226
124136600564899132642465093823898287682642877548576773781534905824659600215
145655619283984673060988012368309131671443418335354065461359080744130588725
94039216754537432331679402575807807157134411269729756790476519947956602933
83616636790157123571868444398451082653244552799580698062732464319826978887
87377576533187113215934773791797348234569016551826691592182982428453136458
96150908071782097776642327398704093287294963759503365463609457994980881200
364523259840086253433696907953257789
15
5
416629048306368084111171341429717256182696536627268142588369809159083115892
157448027521471790261645940401187974302896097566400837187484835669167915842
78909285546751663439064366058865995820510379267165218068399957748559850477
32939168698292475864084950718057578426682889533654104396368568051137696558
387052503761672779094302303901256887638188947338437395786910184648066017326
20478647132632990516707836521201025706734317
18
7
95797591853490037047117544645754036478067680360771476700812486289110938996
172091093243676105949248427034440070344498778486721797107993218118899168117
212472292252993088024157887470588451267357348572549831012459810777271192909
133060933718209136903829088644006444049233081192849389184239728149782951540
122694591585903712125222824091797451788441869592486536862872149060238006597
120486732965739620799705116911528050899228122485690881908850486209454632004
209097638347094467283954770729062177784353813738585428705783554815442904425
251021226724091701094775864616628285
15
5
148338415277557169598808907447103720971053033078909674154263879038511008017
144205275215185650793871813611851513321913078145440151623973240998650222121
352134029606082043978103060131782064890716578971034715663885285782745598113
49916456762757547174901297797163752878971681845953691999642342620106323710
14019817213747430606517727336513051875041863960226871035140222965928774374
97192195273266418685519192975612260851286596
19
7
150508658217797176899156349603331890554131868538012570629361294179094974586
120975925313330535808634478233809580968567515220307231355603604865003767601
187749615190151360504800046543172831020490300350431249283285743996349408357
125746161384613770999156780864748182301019721703856861871005734405502495080
127691001084884970392347215293724942034605401987961689654231064990305902932
145683395795057398690352572658816222038844625613515112040466910379409696888
198566326817415101681868163012041698452942106806462756619666175229809552241
276311175538851127701826129332488773
15
5
9819665241399294964173560775884203371218589541420245356141801055451066135
23490201214350137256980042100296201912729568934540644393160519939550484206
283496860422492132522653534182487968074772582665141717255815180317788276134
73648506345416494520791610482540065329107557409200951170571735993019202835
443622158403367518843083507357738669083216336571746550653906440745925580637
274604698867793828104715364050426864836290515575
20
7
117227652125570182466546491103295315028319782957179770899827007873158239594
186059065927171752963482592925905017429131093392265011171735982490189652276
136443003710663670440812597364834887487350824758186637676531969948546065751
141744385731883335128558294569284735693863991133413462647825925627714819949
133184486602278651061630022690268807682574594378331462968095183112639770443
189854568532352376152847437064691391442331442287084040500265364597871702315
101258791486721255020930425025837611975389768263355198941386757099129825394
2235937392755561534943878188181932403827621181
19
5
325373645801261378298311159628792276305969028970599394884028448212252840906
228960119935386597263983172657586750462225030294512960139860538697021313694
449711014062753632502324245661130242418544567642177195675378266364974312044
337522282732560737971484440281303241445204779029512308386284388952534432340
114595951894385417132695964155778125526821763783433482650255993703096686158
148687460277847038011122852209291068989398514062342
21
7
207186258578779389122157118859148698118780568808440405921775736037932615495
122592061304785970628333548309951826391832387493462020409497754117535463248
119084546229579376281420103343053760863196052156761661631850726080388940654
150688239565861246550869710979277275721406436429607221292080265099107987571
209312022781278128061862505351963011804267222324916611489238277737128547126
124295392763725460518391400413746525801991403077752614203077305478453548344
138112769403201025392556692528387406160134250882844265903716431232276719468
2459384501610391802201635953061989657551657277
19
5
236068557724944722021355612784372533539401664944510595604776364156635083034
230023615013355024912393292481503530087293764282532811833885089267521123114
275477293969381988165217814195090021867865643124701180741317271944827244027
46547693683781063921449723580663835238772171477015929172899729528538906780
206915434489526010692784677580223618926285145513947576031956496501343362182
80026035123413884105703021813742183533999313870480391
22
7
184376472399358871943447504997012097888965320625958428515542826230160783210
124060762223314222060011231784020244090705915593536478924255910481978013047
210947651571482096737184847116455128764449802691171207285168765194132942668
76597020716994327473091739786460809413673671256221801425581902713023705911
126194343118428905571081227371151769995402563229057412721115410150148298595
172075640992005935514147562889855367911754324536091125448302051270502732653
154511530810661990318416310854911365456215136027654360464246312547459149945
1525720118318932357258716407578824839337038152
19
5
338770306402953290943783874826204332798946327146216009105530494781858852984
405260128818417844259174498479218709532787227426695033264393218004109275250
214895812418846092463579898745104559396126479935564657819145960838171215261
327841393126881290494667690805379722176202459326343735722493471912232427565
8779779508243015584236096438208560073620281128099839046371407571798008778
13917848622928770005491732203270987848876266669675201437
23
7
208870817455766898701532511436909155064770684755200848587401065661278465913
182760439592079987545135244045231098501786456047569216580655028172078406224
198695735298142167372867288858117596944429717399313150622902415954732673111
196860488324976350695376598805701950529972545280277012138838044164898510692
207336661692718601586376573740079830975399405862757195993391565631059609445
138175584054182190336397768145396531586733061669602373785513605652357999450
92705534810918561608980798292000734792177131983455173487222157955000650607
11051650956954107321081363209734024859353462155242454333
23
5
339310989831715433464449923099408485455414381899735163175550425862813777008
272022133616483062653660896603043703639312146840008055442163908441688540089
418307447052737114426705217422750507679796942806182871533984812543253087068
48371660490217751157852987930341217478546113804506019493791665221548365883
163523150614142523311490723567233390249200762697946830003189378584758882720
3139455363197988952219798927176040528776310692692453380844
24
7
210706523174726085117603036526012268938279245823290321304855741429384561018
94411127100595003324453360193286319200404814156852251567560871681544977015
99752404359734804533551538298517129520540922570402395338514632171823850825
124261069061647913079684746429538466817726608494280455911779980639234117219
125793045703983496592344793149176632789977226827585225812774414123838818411
118994444520510126875558957457511571873258649174816496799290209962471016567
157845694602005597807835308995132775008334654588827773744326554511429888593
11714254792687188974602310924702669956278228011867010877
23
5
225404357679368271302538767148337503171434673860616597380998406707032543011
371273470174263934261748725586059659957149279890069909181942979219677239406
10516635667143401764438372023934304564527815348270880387404739389534431387
299750265320783385105368583545445737572378617068897674562440201556668382953
103441548882289650609095898979904444911780286790034274134764290135807244802
965035579773248088791268471350857740999831029575090589462991
25
7
180586276802139328058222624276053853604583542579476348829998736019103760722
147210568631976117947506271916758422829234317280593567252199758466852729421
118878682843012095582824446770244462155751007024490138125438473167379515489
202140406856126813545992502867205204671026823014601479051671988602550970722
200325865630476630420271122552600177830933004181759717834229925324293892722
184541007356048377014094127465990085809173884532704396508287690606212626766
182753611662347848398188236778453222632688084658768866918702221980603990628
7022834673061249219420056700919406693881411113711585360
23
5
397275518413952436587694104475047902066061792736284915358056336454446683596
75548237536990407517299691098254132061674491263651351889640115500584293789
49598219809639108888048986132145159208125644807447577403789094552502640602
89847826262897555251109575330519521488924280230427703272804152968532402674
132400150315335976896435666154880590398766239311498780441063604924252581197
234650097191768762635389057607036221106211374959174039870532033
26
7
92417331508829409906093690818730589255691458029483775669222725898654734669
126138079940171071898221654539142842813378285711530991900701308494867154035
149155159053608504534932056445792692692865436159332984386370779374204515657
196882059327681197987321697039361513194035928655037008128673886256192171873
136850830100061772597893709019369344731175167425046993050303879232640464712
182471073723719505984676307058762042156628457665447127440984641185986929717
92603383703794748395677458259448130261461047774635576004120986283783767669
34300503515245101652049932820676082493453146356416448041483058493
27
5
380594355158845069948163030546508752581325300840344268625286087982452117062
373381859588510573460717641729003353720959012705251431100164267135105192411
59447132740496714437047889262720047692368854055274075043611041948503396904
136728504929520522504315944420870429406599693193753598219259098314555024982
447543481295915633854969758803595725114807459038324679274329910029746019039
101019696556249466238171749668729597593566339063925045011227823047
27
7
86923435692299881296095194898722376895226016356665066894360353448758162760
145381012639583967589136011658064182498398183217267247038269188039299060833
216048316881558463370710098925896623594079983634817340154197464634442467693
148775375765020237468461310122337197666446164016257947286676024612268427631
149017632664927510170054279786766252388694766515789007981214615200997594187
207462275237212112014827475237992819259278323033677962236449225098578243905
94203343321704346281813983991809218416745276743255899793268371857981535289
31043102049957203762260108564660379923854561268661675510164120381
27
5
389447148902996661295559114701887939186667851928999386080073405898303882733
410930660731025477485260001507505811599128922686240393860500358802814991494
284872589741579447845466582390794781790396611204680581904582772874060113689
342087605255544046385343645913211810128625834032040592328306992376712534484
148699973575818384525692328862194122169269421204802435266239420083195579400
25472338781711173478310549390104827494963398149721202014987179517114
28
7
90602360749989593915228718471951542423105550463353991419554298577362826552
177287133565660279328757582947329399573460429124663923967391197895895567461
179041233940791049994316263018658186553908291594993836473762466235885702989
133261733083056137651423945038290668941366128522110479252040362684312019802
210877289595911008346932049393731227021260930667816694315107249494173378917
143703344202771128138320441689453736063873176277293496448582244917408910700
94031366117721280649062676955377523327795887382233909640627716410007434350
44139872744195592702651206805219887583880888463779445926259282742
27
5
336116890017708612890616691584682137915537990959931249931910354707611881714
61223407963883980594041399848872233020526614567228480811213436857493933122
392321738791057666167159547175878610195813549889872150024206145360769104241
153579734025560973729175653971838972619069003652814945965033121803293754206
61891960204857686370188350907947748552778624639021393284230637862389978990
2316322793431373431652672668962444415074576735129331070262000319328952
29
8
209222781252634487081092399828856356048388277763401807766326017002969253740
125946097820517235143676606355584357608886349416961544654418819698646403122
140424883179340660077484196846565917668300114293665638863175006143812480869
148809883107950082644482458957395590477126107642908388356755889244798217336
152759595219324898353939563712138908215452732289920774428479571989114336343
143488770319166933384340361510429829489850142689650650530036374468468164720
122259351655437351413643259855203538362916969583463393733223649004279908422
94092840709177169682780386086388722356939696866601794621837708306233244989
0
0
5
319163580116241929617389808446468422108172732116970338662229816253476528612
254631154670391522948028492099710103307437799590757622016015870199334188146
441053194183367799047104405277433055953060653672310146108091895834944423319
117365371087401048654730824061741581613385044759451451076523093394522817224
186835687451206562796884992144925120697575556907543377382127595848597252627
214947300166002451454533966217190510924186462315622660071342498582295544
30
8
205474058479709226603083638345164380143555143267294473374661729270098390093
191490420261699058059256951648397312323755921760040161603742755657849861492
95963991157001628368163659159936546230705658096892912572840804276173550409
122452626363267319568945946730902497030888465995018710827680695923317430104
143868208726016199416438626276880766027569221952604733738195385928778986091
145270771309730263600170996829324664393344828755598171247729859558999550553
99428966299085916546677405055810209277063657611013120719045278102797370994
200015451135338902945707014766789522686860027080096529381472681038497933117
0
0
6
134716787563539725894144218598764239516223159655205172916286538199712230036
401895595668570063358117070453998065169423904040825707816608462274193169031
383054125399721481491904119479237334782905800632557594716145557448589546965
247686579259664095477839817197626541323496746965014083915376783552153420494
63058591315227471619107734801393544557967209747202012439725307732830319710
339400823434084419879020162454273204803461425642743187653780929881332614410
0
0
8
148885987778542109551908805490571680274824109766578696852856605075710424652
143648344137258475891515202300013276784927889625614473152627631627236104243
177279665659565707146938260862725552564210418212392343025725709949523752806
203859879921212548072927802974018463792481681741303008750661096994332039254
187749372541600502808261158419942564463574128656602217447601607314298587704
92576071805157231275325107171724916545038981396323814085137390753359149383
175215805937133480061362170152182306219924539352066284075208476270133211475
180986550931190800877658276929816056316164192381348762062961239669622789451
0
0
6
446336089865499773812397966082956547276284176887033523665404686488305636184
414268729126323954472033316207672193766452495017198967849758519051227064842
218371149156033630943290263594379123917606741628836601096567307095345881343
131877200934142398202629067957830725736680032989050760718632480553366495434
9641833372491117099802145205490592659556596893116263035327148653488534829
390389446882136006049431461260810131889486103979556011854978055733597645307
98
1
8
83553950610825580728094791285056047741837441080325921894367331908797817956
210801504771585261275264901992676833995907979672693451444437074770369329222
133136719483350412795062438014589882410566931729114421303407093599873363010
187984679824164718506242001313472421584765858160273903139586011372794496047
147430368756881244392365936247953027706684456588964085095889395600356697466
76770883514939111247724358384507543276195087107802793093456960604883014739
157928543663381471632385431535324500060780038738558978541100826499838922322
101492047769927558152513395970668666211851946671133068242763281859624922679
1499938109
4
6
37472120377553112461286736364093405481264387581383017884418920696261028967
334457509512177498746952678786604530278615525201900968364312536292783555553
282350501072126129303838292610454638729673021335994947082759698596192549747
283175262903659429826549228622078444069909877357477793646648828180886521836
86431891318000479927964432410776039228836767597671833660246424861472014250
440212973629655531775134454877045792972670334314279308694831939672595001669
56657
2
8
124261370451393090851297791066201153959636451499359178945155259338895283265
193043120696559868507340966182792473825392248480613983753271667043480063354
145602485422322054537778291984306559727001972302285664125271976769740747079
126035687329733983697811892259901085390312290641796320943207477137368118394
196598597293471462526642537210954774624377859789081377108043302492487954995
191566282084611522408667327919180925091084073250509566019373304258820730709
120977025510888153141118694101760714053824221601077117100519991647212357498
76336098681142241198487140334981298192108737913751252676120090073763432006
861291837
4
6
374935741412369238539317953693893761622769003420350789199968986183954169527
349838469381112123051536455610932482107077719487426648305139605287179482655
92741306995757349882001328907976239665708479469329868227841984305616092281
219153119022059765133568534966250961175812398913412318663295392252858738532
305033530527285127051584242766142139139708457646026411648441844620551579693
261635524261613500924210877703430503973026317279723158372325904965389204399
11874574
3
8
87047096767034527164440797649372957768349714426316506564764437943110029651
210960539474635383764338934782321503170415122633070618373215724576347088201
117325517875592841970840795075465707752432429178273521671755917663805921106
147471781973955820681361868933565136313506576140195779673348480504626903093
180669933499775926841102566515208703258652651378898684664284910410494733391
159570188929640588182370382176778438461140619527100724022202866986824718152
143628344694209883157457550398177850131416824166432142688012694780778464884
143661614654326397713701117766520393688096880958446854031809682629658834294
1951679823
4
6
92565420200478749059038206032244209269148655391248780184723764298666970915
214200974083239338088934557313558972858902805622540546336672168783233526841
91651426974632238520315002431414627061001885634227388711975228743873571627
149925147179199020631857754306416234400276380679189967989210652134501873306
321037413285954180984266987265893633912999877786640729000542846292589960228
155715456986899065615800909977122238992219138274894365858666446242069671882
980936529
4
8
138306262930357045130162331623416598365886985664473872345824932061450237251
157955501911076584494817260733007558214868991191379346119960898418880168295
133013567088299291161795183398295002457534438406384444204599702894345938251
129472155870683541978850954157185177260580578952275186985709132465626510194
152490264957165337042765244111569133584761559507335012457144061734211974229
101498572626974831750390528835748310979689638924113337599285351776273847351
216393242857950470625581429092402343915880924213663424667690013633851897929
117070179388937511515381682705732776474270780386677101544572493977814511435
5723624800498302269
8
6
136976939511765659390704575124620034975061591183290106420957932928116592071
170446647964340044788464645890204406206889365426616653726798138555142795891
78897867545267668447032717645018081482399453016149888935748011651426554179
372307062120192489845477609468957106889883694472366739330971645279985746577
36118162692356094588742886736662210461293879775207612627975404700774933835
323756509781053254144876852117620191953853164647654684383086780496991304720
1097013427030
5
8
149032029169885046647050521678897265494254610672393210691057981638851834450
212576437397679474609987587253264292831571735905495351111558115028969737333
140120714719601363478311155533305853269265699600746173253484024332334222408
149217029158645611392389496637741872936402277064323809477660710347739776580
85598219416778611659863279332951609353129027001582462976611728261377253739
129347042777982545961540928060492478214987398120741542373480725264343202378
89070249914716777016129052129835661010126440915003738460477612555493978228
87282619809747293637137591981724191846535122100676564401057465835709560657
3400907496405162301
8
