1
528
159087733663979069177676057578440999804219502528002436581878722542283750412
392760964476891498269239843917037532030526689185465793026772641805334742719
198707688053710628738630865538445105783663666164325950810604555667719859878
87903495955146351426933843140659305548540179396709790575926757623242308044
315369378856484461400851847973805960706140646313891081466445647511190105797
286301939161996634686914410762299529144096075977332935427197594683648629375
195542413152853372701493682947663162785406819661344971759394091507317123840
439235541561690211852903586084889457944543998914069922809014601933570031446
325881878246577219045378979665377503561893510399011070512222341008333397939
442470098430782655943774595552847037217135125626072649560231047536591582488
396786768109386461685214523290249198432844452929044731707182540200540546618
388241629089858107640398434351613095227360743162758923501337003868854953632
165667445435048456001862558586019986130245117236074730066219794034572952483
270332914826499229038807804588622034348486601873579437174128266351183403281
94191108635993005009311289833831005887489210481737959912575040102734905685
104202738897738032024410487141567176377487173791546133056199513729310761352
88387412153847443216076883816934854988499605589975353762225549747749034765
134214089039892240799777475510241306667106749137840851704149369597742553904
187343999272063887320880063613493762192832113675873064613933480705790723441
166150533758956580075470708670148555164502097647184457544857060530675274205
17865910958372297846681208488718866850390531518965052347621701898851646159
323632719987854785434585509999205989087501673335344972854397144360039335129
447674817282478241642993690612623933299720173844289546477984508653263530788
440115294351730272997836832439415723466923681361383998371107402891734881180
388547751027416815095214453765468559203302168814694722022633965959086246977
329379715342944618570632874443947726437530327265502399699332242526229430406
8931151879277303249597409115854854763933663779441130063437659801387359598
315382039002541751669133448331940577864627515188360515517599372575897174236
398309020651120805766899264504557366116445202332268292938866851840824624311
210994402626718165422978618356177984044566675691695236807612845446989492180
421571728441915606810286852325676520938400652230704028606592487764575315262
329150159731016301260188861002545376489870104699670097272047879222790379492
59664120793020262595627617145128747237532498885832895932898828797286775269
215350052919336325990972562562360765704549753107937991069707770010598630619
64927638504832464691770116423089897726075488857618377056384226365891971713
337379347106419216303075629954582898256226292215335585886408626776785965941
339403225275787120123835936434446141398224648613421602714195559336976654829
26479009136208656525801967873612937557656837520438123324510778292389082781
4407395091793831962168399133516656725374936556762316824457400300875310419
310781358341555013219011007615133792784105139448727616958279045837329706411
402414695388291040582301481342166309065247105484748416360820206142374655528
130797719988233559510228688121882055118095384248431010805785861699720015315
107199417984733978568001522666507040719316496075114842371300392501003974536
91828913307304137758928228601904811045542349685569483131345059397070645742
181642382677615731285048523339988515056196936195409693704754629512295660466
392838646949469454327390214459893345773113986164532795039534892293764812786
8967628540249814378911423747021957227563517398362121321781815455440183341
158128005281517579983176687035112022337132328949940703074485036382017973803
220118219917279300095229462082470787745790834206422096146285430339367282225
344847365977628664892721127402525248866728031111889070730978511150791764232
88991996930200401578186670656217362524628124695813978203974067464220138521
254313637858424753744659192700262689485263796139599548316553607883980436877
10408599009718972113180111618152090366200648266191259066307734541619947128
427350019039911668871424934993438372817326404809369538511629966471095505196
178923576677397273512934007595492222758163952478133511577679436615702152302
388050619357795197208906901304747832411612479526448751100464960916476375640
338403106035520690457344552956221124078782215899341636813979316095382095549
279590793657758534723552999099921112184199089752691121784352077455780808381
89706472543107585407875605164050580105327752995524011502813824481425133711
67630502165891064413147673559849499727497583003514422235894104258128791551
218267860260473295884633363492760383387879676598973283618476951850790437698
150363878202929314567744351354323358548971032758083473601706753608431062441
408352993413964104163862619247694343518929530744604108825494556908747457371
416637753804401422391302462880069689715799389797517992314034227428419308998
308448185605206956242985952812609721458391391682971870414397221279703048452
269797418518060224088797728685104303540290433176959515401826535310241495597
13751110843327683972390014640904544055925829770165708641878010172731689196
324726936682564042331604471137818231195329388955623919120744329488821591255
117224215177491100972966146021203409105895551926645792720447755107623530162
182500440059343993442141578409764018269817532566053102967615904609480128262
190669518784357260595541832337587675498858197740985482019241297850754507885
329515837012279019576811142146613563959075888930236396721156717858961756988
351073601386043751451636369734325661616043893309907242254120444476362782308
15719537999878872117876649260907701938604081894992491337008784463054515413
204867953799852333776066887946997973636064771962876811326206803500536419959
398192005464130676658621121316685081573642357990406022099588047053739955098
28628129531992281763566250384174793944221614921934142914075840999519901681
152117490585798441866025210903140048323521673255743454127283191385674045918
429950451700466785187420748485108046963316840431597591224910750386523645855
104015267899419694677609065354336742863700750160134827941930424246885452427
16112763788826651393767955102834457760016644479258994646160117248156744154
69668635215713505701661355702994150507754208545824612971346054876874818168
175976232061660554056822608057261577690592252484758184921155804214975906719
99954018074357265379339498881382609417834955309981517464522275022151990970
251715551843802234778558990277149516253085598711033521526465958985250093364
318423063727340055157539648904704278451424365903128927930661189720361238745
343422686740711433069755346425232684698823775908676663549710353671767870733
37153735796511699949714284536815709657071641019901093737427726587550195495
255132786052494838027733578294749048483386273541474602625245771581242479199
240521363978236074827908123488196866647207609134246812052189867848649059126
300712534060827998159570247800171406441907208905621499282949025866954864
30102748265693270884614583568411979337023612033965270210573847393973917197
314818067222620964939097229876088591981251378313263544837950318712860885676
400500535605421401314344261969782958987128034091619735718300224899129631343
284738177051975834597886899559297460926724640742809214619849688517723605079
121021500112195931101320975724898185059644948002002594086221785310559372822
232436955391524491085436443091872133890501968240931890081377758904525139525
167087274171162405239089975131830924038296320981266478687613199435121360027
157793974490064496776975572409771900228970796584589370529351368923100680633
371486106063256460518639923763231586692866586968337469511830560802825551241
27794122527236719233951664468771046113378000711288517892912804524261050087
115877110143628488452623014166281079140893260485290667022192633081816993845
116838689400675279629487912351553183582127265683658078100487883857349593809
420611594519418527637718345761863952456606159899035843927085988378573042591
285651105406731433576638545767869533810722099082917241829945214148275424355
47757273396702251347058333191910645151370817454521863819647755912652758991
222265368162508455870375561305560481795918904847261496647655209570480671042
33110387780508767064721195425218290602701999416310724609518679757219008569
302104427411514824379596531210360274914128788089245781880912611339091778439
219332962217970815649388031168752927370172665105023840277459605742325573701
311119113820161899453439512359570525098175370352731486055465811607023254826
118969312701792327258369940225442787966958019636406829484632012135476731712
351773502330828028025081775818826687315951771539764916640294416420272142813
113516882967953331143432629723042251792881318906168401400246867589281913825
181016153356611358483228723644919755865117449239852466622440039481256238173
89034876077633352767537189332081846160969560120541427240916849150734275434
137907797884135266151477800209740398897471299402933983782872606629659600500
440711887895799366634268882284939892625904872825310839536806246900465253179
158530661932200484370227115515232660536201122416152348171930844541404438569
161844278126574734163327599163043085185662956864768368699647263402018852961
336822629660800316506818026293949934752489284003051156752255301666978528874
5117298843942579649255214512429393082624464912099273762082180209796378730
105524909151639068565042067465915840411716789549797307189348818579066477231
212537706414437395936857958643134519089737479371358629223769018474984700310
31019189708912704864246806880573122821551807738824633092483413278161661093
186377755657114445845366085843611990393675725524391338175804305134313482725
80835604712341035018604443535191796996254994423353817614400101890617900324
247740596257102742774307163639228512413397552290166713794018454254855989257
445549181198333888854399463340654213647422943721994722397425581236725553605
60152371613486558946518166866437231109017268705425618910393765675067337940
329127949363597251530383118362036289677724932926487487868645839486875323141
424768724872328033156365229274893761674450705855135021992256588915874268038
154721800995688385633649177650681732984081438766465044405821810537065750018
151662026308004742539049442201558937942642384699817499189410845657354182115
177873960233040041556380145769171773394114825826665230176067026342307364847
252533603694114252133852241203067162529562980383468794001799768449500709614
155829729254293775530043304082649930276494584669896282018724291405025854728
213828551305786656865722900114272282624899674064738500699006205590245710269
357174036758409988832848916788735549465403394667220039384675635736013139903
52213913090698813447081494033376160255310404533950226593668577697170532942
275536683760896143414171357203156300796699646717572554494695281448616897442
54969878772274956711530917540098654525544916183585797341654172907228178176
21763420320196615253374781715966723176448069646736379991000907067460970217
52407885376121364739201607300119527258819586328523469232818844248072387255
250315751888678576841236712844067707292225465004664445268234407230218324627
179006563215990844199231320846439836488054873740724748816055572201005159672
165166493475309048067165961312323958002586324744635914888617429911111799605
28529441839353813770057531497370871696107394126981111199570132054966143275
280618617991045841582791691049287890997349354700306141293430676249948467163
58941762896365404354330667406489525916933550685951044861463628820097354193
358382898475445765327995041422473357381856038215083407194673982113534047831
215474086418085035052353880643638187210870646494491444255064765681290531456
29189515912339167199709416864189026508633652237755048296987668138037693956
373579656332252083898144885401455478726986303478064876469839790692428687789
328201483616445506911736839922557135712287245120390778967013614026561435071
450675088501227628637078866574217881398713289170454254920137142874784246539
166929417123022244567066337865103928603739228505356847912316636930239479081
83719699804940525138450890442116718768766778277705246537668526394992634403
236692210464051349101573670009758461113013370354667341754463951527165859693
243388787708200370983109100348614556731812929470020192399438425026465560391
446181945729468240772968578187035312767434608922205063856177372647316099394
109867622491985632622819789274089824871805123960251046514824627715518595389
233992480806063305268937789807581423473982369839484058329542725373315420681
350507162374123137770186340354170009378153645167252548389412735347042537070
132594478512114081427748430110968402906430654267447366682518554579771809481
11622004169563798448647216803321261414799483568937551434420111039218557104
346742539957817016796516948910161597907438203671362292673571160326015378078
174217197282144753981372522955050238756039098010358129534583543244436604437
199307099995624047700686030187904066742284819561852528911461158947842727613
110779718735909024033815911868335381336901918029644930717927889961324307569
250511435896799529919188820811069384374126572349495846467660836226886915813
191256678900588208406306784952405067800210404118604987253073092506668773239
71262320985205126769137838960824509546337407191834270091153525682001500849
342789486275180139187308278475077070904644767116559772307517693999096862782
319135238429572653896328027197120574216539770102962583389371857065552377939
198892579405479429337725336818477329046574251110281546454127965972542541960
117953669647015180546579647051750554605363127063087171666115741690512158940
236533263902887072358963389905984682470300328130245163020382400187574334349
162921009931464573618140243751672487149831913970020756738128513239717336942
245991088497174435745081579485897200082281951577923416223059575391989590351
177462972044618348501236808488878014730123618764819193078785064999174606930
158059479916085967348876030596850312391188348074365725982018174173604364835
288372684639166417028556025998761123536368381360974640395660355495088686508
385008703294056388759465174427476792331142036958381113960420587327987546770
258669931259057805399939446835872350751714157667314650544887431623350559698
45235487335228693875658766762551254656160052604152547952273754595000972819
359316635028026281945134543337530639463518631905204846257078723816030035840
263344519087040030591958672714569821389511062990165453533061648956809580821
119471529134163899207829577490776576962193105542792021885846642688949518856
427846754377773330014379176224524815203111308868769414013700869746807041127
332514065648751730601783034725345967089985650300356928758908241813390847285
163770699006869108835755221673157232862476485365612255565954445010372381657
284587791227550214066827356364925868008666084737909657065365348940542697406
197256084405427041444666123565835455607792571071883283779009949078507498669
321221426768793598073906674952838677687455927171028469010772235880474722962
189216715466026932645158143260597614155610934567094821151973148199740553982
24917708022809895075148454776339067961061067284110546022635743729779429531
241477251497674762422813241781658278422232009002918080448631012423093329434
232078205329027575741338291542285295665461574726838096550143030510911743771
311522687171820915302147387447004315622402778339938780938641680728474589987
36374650212101662806282891050799724226789122399710475049043954244131061616
42052548793990897368658422107351388906819929568466333007329553579578957903
344938966557766993350645719657043796369557835413585088784926603167362605508
341351974914603019107323867779993363519330564997031216957870208154531437142
54131589293923075338206350537266071208831120249801459993452260970676344647
185846621380828700208331391183554517515382893558086608665143259491318413120
56470355355989272930417724340780915427057949401908595030715634610875605209
105711043023023942457843893380437907612145718605835989028948550061095242555
121205707254720395646949140991814330176896725527084751895295035214690618131
38777733078896505702095194840410965973357909722105643946257634517373555548
134240099355579700103336277175077746845409479156375942617137046444510620583
134402298657231228256232491323793065015663027541769646232697823761453773786
51635036139207790527634073990859867842149721459552561844732072583353205821
350880450665217449693732063063090968955634285273025927393412811852470492765
298004117300103924870703335816216885286646378336203738741720890115203449702
248271322664922734445619171172829949690776347441363017372813503811095387519
377517426438351123555694396018684666328347888325006469927610875639198793088
203991507406518049309421641507145568739996314567575058439806492221286838915
262382431623509628098433019988102843419730852372716351073101807307728020451
427517253975225972837875896629906241907609836452375194388660367090948910113
398544795148923060224167542421555710598469281784822473360599180301107486391
145198413344966025012275530629853280072863340110820108854034235254881336219
243449144662209878110458871796866793062609421799738736971289983392544865400
336022544866962653228786814629262145004393266181411867091071881533442405153
136860441121945288877769924226379375734239120373543843401416414867091663749
332501124606971111518860532163801619929110956494617887360159857407223826749
215268196762404155020496831830229734159136133990910010981985471464567073166
40983808872673487681528748461089104376433834437359974629324548328128665221
247100045167405005490090799304720215720843198967095171746871117683010479430
394354175900916501104409051135597459809714441501283937761171326196423535318
351246035198309191367898625769599144810425299244971739542051082329199286667
265779140014471696756687894807660617872935218086188346730186306199839985092
410188201191888080137190795637446895720344546298542170872702711508164623530
350383623442856944966950104786424105893083750634471098610611981564756735196
71475612171794806633876892564693164197965416379549272615763187694043893054
390183044689333822660719577419376596124035948087114886083436846467340751976
25522470784413509557414153463527070994981524957810916270071640847960110547
391871884771445626131720873227361025147806602752823497446729092213252273952
76546798731580856866508365113264663706796287496993873178299814550866842078
232123137790721878022126593770664805564047232890362252971270036689261148692
287669298736602339350223519063718455437323281365454820795739502824909635732
263879779295058784347984099296608211711869393894843815800694550449779106203
350214938110635833078623218681962593856379212725818323241665888996887020769
11954778460585030285707305802183839779720065111776691160543097067795582819
94402490595349678743267857898077461871475343867130623852384460544715697315
257382972671960678950984981941676085799694737236477858352236298611501188575
350670723186096637319285653174338625422599256459566968788260520424890751225
210098374028340464062265014781995878272120201814310400475201628482058506303
78156269101147482562278508698065600108080467708707878766715548517643951631
147692127785193957202624872481639707023839369841678039362617609659570424990
219736549885573920247644540103124585907935568211398586749905900681498684410
77268510469289273633703194239070585141812268409355346999175925916709015140
271237746536385745018292153428485257317468762065572996832297620066609715441
234478230822758398287655557621978928609293495987212268512141422721463501593
449981289711416595428774227335818167869247087452044338597201711145490047991
284968661585178143096501582212917532685699047498890802674514211695303247566
373427584264044638248700229926660614190317137782485249463552261822967279277
4513540101693488409024443754209673774565201507809050337402439377621518841
139790302506894163267626622033912911888716412930711138995910763123401665700
213919629855414081659130642421088926511905981378802431404629472537962204065
148828651199870362110497944357017801690222138528148304503338246751459195563
333130727742481734616711572821845808866652851965488301489237973140775842288
378600480245351428628743970465986266491069270131263560862194445954221203425
220166581131279123903333028081169428601752467842507466595413251523161894252
320215716383651060209395348372845551273822411880830493962544436707239998450
255672618301072527852785138340353953562811017500483395760720317864383011363
368889985732273606288423256389807258228115827891621505958227492578261556946
384072397807754446824235549217292335300467610991043702057001397169981246562
178129020808029363903620885190293720337872701751772742998688104767222143662
281567206032867824759978093951663657583781122299711445944545622996443915723
430738345282567275481214362528276802598545771394468357695096052115507620865
21361880678164307634732347951401079614823528275338396224492511584480175823
417917771400139355999539757991446444716548393059794774538605020870604047267
177618510446549144706974606889103159439983769719355835388258895558423463342
142630532487614622216010961328258383269736745078458295835037393203014455490
149673735573622672176616975825049340678145542596959528748606049740590880142
279744571182042106920370725437298549487774562993400479042084112712923943657
85535287504966177271923223747598633734709208243947072878558613322610409183
155028015216004882933242597859815830258048477290860826518190237468223701527
187186579484360240247643411954816570277523738372634680379730725640090116881
156706875929057767538366970084073820558784932943043877801370636822554966317
279699711055634784720211615871895055781671126401560207226968386618665326631
312511971967451179059700890788055711612541782169661440639166801752341779989
245718459459162946434858010252947081095694811351237030472226644042540231048
245928526050154953466560261378690757930786776585284213125914626661984226740
58373492270453558998660667342953618052272196719511893417150403996861414263
429882378673433526020494391955812510872376369146220268460165793373584879027
22495071567023451009724518868367688169404254195106438921646885073157934363
278517201019516719430526571150033630006801083578628450179908129763443572019
276828609273624369955577253257017054021540336550471172883608459171637322180
272110741966720043636373761808929764134724153726935960793270003879571082841
382753728975388566065176948814876202790186478437348785250057701638182363449
357683493870144766710453300041749983003087580622289225138710454907936833123
34336219942553377499052646790876014620520805529802596216401061263476617095
158308596337731637848386802853550410959079580277433349769167633894010632173
196600967481781033630929231032443904223839292106377976860464223835676003731
430333425427307678898959866165908715274065703990858392126453984474309999975
106413749062820991119007620039322995974999554600436617572334429223848339383
178192716230125720499263263625045493344730598921760740417181226329462146417
438237944607019115587130830925131716060734023957705260477591396593742994093
134043486925936491722953183893179208378513515409288457948959849523962406282
325915900643035937619062694515096576046317744762402671203450717618993573674
393816795312090332663285122916519522590736436424526550762227487811798456978
231262418520353470281600320671050051806052095717361016292154981246658302655
47827791919075333304306410009153385939122844155607442275641640742698457474
12463658521494045739265109387720465767912741569076459611324430286547913116
105054267863197690674936518382592267399192404351113787741962231947582782791
314282127389169170602825334486094064621509536230273642530010983337805737180
115362523876886498548978300268116776655758161674352516299920133349066851702
171637215381058115113964902611027634469996074274765161834367128310193452595
165280051655984947960000719321663722366339402374037173019079315482537611338
273167503292953462771727176953428974354183036436020364382874065009649320224
303845360532929078719369891525184663622081152298604417137923742562316586009
162071189482524513748233240898611819486182892921013122182402206925608596280
173190780778415470432014394819012755309251311863688164439754990067118979406
46797802232080445481891278702254927741433483338036907211311880634052348862
419988327298445903212984533452307130652710124029113246459395912892267343879
67628676353806570399497423936556152019867345717403979947429878477823520038
35372032436277813186662368632012486609766545295361956622696655025677151752
170539208115487592100793610766173825768888802680521038051888016422360493663
421128642958250809014533135966127535582897486003400593395869174597038910236
100483731175311447677054044935677633871628985165952489940100213259435647268
385845991393542188692765119507221092121913308334677184105121600683162713020
282503795855036529399028213212450649002356069821515824388432784227358003893
206979243696989153480784011693974899533867309179323041196150489429658604144
383861833522818571186750493746120848922615966246189727076988461700784107679
188560571590630431772877128336076533972999783654111825566330435127873758281
224500384749686921027238668274356944255623255584327605765698807402959458513
240713990357809386609442784525804309753726670240594610394576357191451615766
400142886148771877516300860510987852668540525135205188814595678854377249876
49017748148790868691855776253524017069749169047113760343009085112478955142
340085722840192920866905746736889949628712033253876163017352609440782099079
107860477432364269333085410280550979332845253984161037512347310207790342323
94400428838073746994961631376552637142492571521567969879829095399471433612
280625078066991854685134222322214466872508532417472915546748535077051065953
173905048324417943633919582095237285627872321757265073397527357278694080608
327140804694115837772008158087048580645861579882666226721285814420090888531
117624649695105763058593847293542630243409654834332909012569693629578228379
29357819879070896184305469163548612651193181753327588986006052743566487727
140807376654917611701596569410032901054791922734675869922432230355587426456
120064036023727250988447912051371575971620533066376784971359712282403300808
120855831212880909371104014120200800220463675067668224044488014651000886465
337990608549654893109249332846841166963680774638398768889062172274262463505
213849170918959646954300540688648842426741195541636710021492238361651890628
72511984754488904523753607342936449506297753223547194961452646068447962321
324681492711867579547726723828825795041882706358501824675515692506592443195
46056443317524232407869761197208761484082135051753363539980717910262392322
7178282667027574457791707761168160710388849975836560220573282003884294084
26119042852537974070115768089684517784839960699773696634705978233877913528
50664899692920502388801033041279005790408194339239165650934055526739806975
41271552679232542890906374958058138965247214605205153935861562292117624383
402664419861615323494967349303139839994710450981501377315006855881947005996
424642048097289785304068172692919079595853944702258357056646733876114404774
389163550114184117053187092485775496314019635076894545414957911304714916588
244131852644704945760055148538816932513798080662084204854343943446563983018
31743637745812633439580785863774883198760808656498603155171540960166020114
52934300556851407273516714252288234793530107961021652765531045108949041632
354583812541913743222288388285934357245963672342066679345477340123549330868
280556678106726486007724112277024681272618494135365947273803825702810984909
44749442508464484559058533853653679784969813101867962102048378132318785134
211278640503502819822840968470810335788108825709678593784332786274719740506
170087675225511823161028860187998006536245014856108594700176742944227687508
270007993464372755204437883816660179650909605561946660610792677966193458981
261387791774170052004512498235155623336147300403066261586289746603120961659
56551476017680427044700952383397583503449327896165493457792728421434421406
259475736232839475846275930397943854373423136786864660636951618621992374459
312921606781816508020518123543090968585727877415117531989634139845529871033
344837649489414295643412467210523342112434484300463969423116437560023464319
279500619298899076404722439584314079694086301717780527098819752752839833527
129016511074240095225963673512498198545936084413311724274537022937439912436
385374306826350316972359664531721212358516011796976463325165789368300351471
388907673321654055713860094312774885600666866373461207759591846014992101456
72724426949596813079028019983870730751353002119809770328337138208452874879
195551734245614719647347849134856653825979069216203242744036365103992816494
328589731940969903167447584798158533114934845577190849621599892752849088937
349372367982401641761105918336905122227915936962986492297522373855157675167
429501937587757305453403953444926446796585415999835639430491318134534172551
255159944846147283908209430173222906212905916733397425970362559219098484696
135910887976522232097379511951799352747031950143511297766421451980462362987
14018174650560672115977741382509437210746212765993028649169671417252952601
80085202987112725000567054394090394353826400031567420940118888903618476586
401654644514643202278626190433692217891194763791896820350275725018374292994
20510539124256965271252034121232487440960077332645845059654388643044459101
257975908110844014643498892957723058583998254698412378799553659804675678740
285846890081046265572141945421168581960330511217893406787085199647395217726
59990079915887596715793284428199339314836313989093934514689199341276297844
448214360579993125244392944610565834626210032314029184786794324897995818700
219065537260875328304279641174345260311187623277460824987794215015108078564
58995421112192694347513312998983300564212118655203216945448446006547475447
206275968264889624090336834996921173703018576942111955167189286579250417531
41723886041519165223095193526470102814718555651495952272533967471919849647
26744856605779705767882708541702458941565629910712374248771056076039634347
344056174138426985267168562378951753038556100389180766421796555553689025062
222868429877698860159287023019455811004428809211961504055694588719990154794
335759034881065206277555160567623594628190089507293730267340841168348996659
97757997535354076778358471733596731080165660756224799957702188289381971456
146186634412961916850742473067730857484582008618751662710745942135127778363
365032148047693294604431448815102642857925133093317331517926527800702216604
428153357705338047539657523014094937618273557694224685457093603440324178090
320408112576617317691475815981202884681604371422982842719625652675265753397
361756683339547658955235459790481675192631022084762044738441348160851802817
420563327691758485012799727703670456358967952068410592581624374730800962967
420595302550595617872543059817385127922268863407068482450487737420731829591
61050220872666470054054001474473851705428315789267523319034268239716403388
352055422448521686489030070463700928009239930576122870558559370953092004289
145270531204696044582455140442109274966067690702282823675272291675795207153
81098892650128630741746098133914721342361401512980846628038425815962824058
75561712336209708753453368176179855409189355253390362049882128602319320590
97820098314820361257855083564445160184422138004165468931902473457194088281
255724758298737569685118616853358836721904394677586975682092665188651862898
102596605980355868169382815634948775751289749029963536802578995655137598113
215702796538640443520479807710272987933835094420706248157397037019833706303
376407333999893179564275204267425353841623361280868266936523395718624341558
259162439517985886908145596511733468954762766911830136961232324696514565096
163381025808186919667528816019772912114685207499450142381886449544839644154
56455376505490483146267055114640603935786594841174259059397977610046714312
347833475540103857743421730114786786226091234653573121481742989827458189946
61955475661237463821539535643479521574793560117538340379186329105284468602
55535153829045620558397746947661482207657947755810667175262152044512906748
348440156008500938203832671166415553467980463057998029855605479515919278185
397697511574067301528779277175984715259113784126873699134454050012485617276
338986603912282004725965333565730153845942254847496025505882869638854206385
32246561806390172079569835818855253315412670610901947493862344683584159532
135716197674587682189959241816388424696351678030385718088224636487379492042
42836575163543997279356590167585092317283135894925496650243933669314513722
323850035849752875707846000507700288143174050768886572453653576652898108925
8746031134126261871805927984408817375328338572732644886263523994973988884
144888634066529919978840624389335963012059027640875596103865649976496136234
69334993246594836002592777353290477822095434636601630862872522908263336063
87339062141830019326223362106829039821957476432541793516756807353426772219
18678759122415439134610134220755709254736732136300011567102920722612576061
205899746232633969425242959078665652816621086557573141634029361246157670617
74183523891682146699533438641830612634306431664750782366483082837307007470
92831000956283853846766010154885382340596920630243872602388125928611695668
422673910918452559797587603201591452317644385092809988732031049323233695638
357273360129862281857966708593456458781740209845354569676358914452316830496
18528874166609635313308133581899899119676353820355614953508386974155612543
118772453236840969667331964971173775828072630439126270565228632140859253847
88057667774975156130196858264114860261153598382153275610016516679821423819
49639234920658389995162700952763007805175113619477225871134329526089237132
408627462753682948079738000580281143441786104264226654533418554155833715201
376040529021232683296728175829844223493531542477578219719071868277416300010
118959957670306712925894956328642810202255798584903499198505015779090459491
449041733478555684593093241776169754477148625780509458795760518916564177690
308255706046090048945555678558012672915412387309041407982833829473610711106
176718420904596858788264213206863890913304527045577036047699212422937096157
114425138682076140229946328775498192209921883338593062466979378666381607469
352658292506064515378297579399902232877835018666534415086444836637283820585
139898322916370168495379162463077345136574381707195525124159087187501961869
108102508022867907517135614455200166266179111385356590604063953835805627357
138160730628636472116476801407908820575462951315084738102474922942064698959
222833533650365862477166179569817948642257852900043187332859785958816754788
183049459498776775475283334471352428230529942245054499095296306916219863376
189987257234337264750494820591012249437714206988036686245025018030657117327
406968034645637236240516084272958090887540450355523676962638855517215552053
62514737612529730620746317599041137242941570728066782615953516959682634179
246049861691469057939029045465645691075146963537474528816136386818425956705
261778113533113586221502542332748559112386832270879561390481691480860256014
216132446036455370633269018542553533005521806358732226699628503363159098710
232591415927528792227228115353765174831222337631350439278061209700953341703
132123781039312816803911296453207411467999575851087594602839458301810368081
441268335597573124099469247717865028026750538203803746692183611824055386137
342867844052717799106866519004937696078482458623716126361947878115589166218
262321174284225597704609540902744177685438008187440827670899385540746491664
350008741994427663574768812252933663734732807725442672423520676899236832539
93107164976695164565532382034797177316665562498682068427811237077685707719
360506619497922443815517291547919787594306926805683045039104948871810646608
296438885242578306779820623439055921759051633990819768948521427997569908640
114990155011091569888174461147333109036513484365185452708325760703944207532
85155396768809280373043105253118608130225951752154972321889674381035881518
450180585763982577289102273993381897744275745326563424430473857158501226256
72318622441494668488396317279994171060943521012411048333866578358260685106
329153097337724274361734053362399969345251201342143691584338695729109012790
76021076808783933464816383059506006324868728893763884207172743986137805566
219806782603200593214711719188153245741064882231708534972881865921144134268
251184124409613865442887589667862237819782715207076253598123853869223079596
94083397693357876980498041892823357890103619767746312799002634054673157946
378420379344742280221071209449354544728874850169909471566650720033660363200
208694839593425702715117959855819198855838131423638634763076724829689164297
188933634988638064028002365477567796385575936875467783001453681768102070289
137881114443854200249374882033475082331611077800436252166281712055202032764
48503406262607163814401075385098549699874564492859497429988392806822199567
65518454406684523689192300434169749375245619245726948535365064605921368186
305111507164065955567427662074074887184307701537873095885223362338597164621
200682578955931291189699747142896351343357407824662877656747605748866308461
300540314466585118365437317506599071684779602967139579071395508777118610432
445032508837181517577354688053887742445647182327517365792844745667248003051
298406485966785712324411487352766032708536619279520261070982529398473501246
114537739956314688050028875939029343354394128575179267649016436673955766500
267226767252180261854207696487802717845753826866983741148072513028085249890
113857457011957831191184347670956363003044039424473153770776003895974964177
417551574270128843811421589225239714196432913084371320416767902698730594510
280540736700771550291519124910002072889422359210210040909778960379514919822
41260326968530172541826346077076758995195617518198728473045327130364902303
47048159580879011023226336155184936781373210162950931138210914434554794054
411734720597084053607577528498469593125608147790845133094685638275920011425
359072297410893477964112539627617384373485189896507609719482904987236166863
214512216037987431158440731609824295297904390316061969003010867419496263918
9388136893955361540929522631505455987597889652279906433260029596117225995
306204613249278469086263107665955677243981120702897908697125747377051000528
135960639835167342576321800382063392785512940823278038723088520118817702797
128572169749471722142566028145717933794582949826489561184606348045835147113
8281953102891623502017634888989956910704152445548088085551136788665407587
258709927397931860394405433585910103498590978080158561621662670141750963923
259120304165605443338359426646106925559684611179229501232613742916447265730
244718791417931959529740628493645139335399832429879871086884520185966772855
51673714484696600436595068118886769342993430669947903484747051520530602562
20321912998546946699830546580908761941785880732807109775497247970726942289
383366341626025154761025047565584722432185448950623790928492939157177468921
37618961378758428883380546621942643471454052308003667285684581684450250445
137098596763937954305468386400959355341659071155879801739157562584227464328
139514079485012044751268544171693897957068431778916417378885079234311954767
432232684357466789686050327314206971316669671569871645035730381961814952307
353766129626604418631864636889465203714640376591570983690233224316643172415
80977772491827489067048152548250192451515412808143244999182405446266464699
129026580324854854761924476623079044724482539620524775872601392453709765647
435887114623369714227614971432096463103317879070879180828546743239024180073
182992572536924697816165954354292858591895145015196138155472176427395045683
31987498265754112345133943973423988084506913605301868844538983032278123817
391936924388537922236000195853428465015582333387343144620801475725626115639
136347387262901783622779436609091626624214776123153560918246550254914527546
294320064302750339911107456277727439595834406594994588973623698016991319555
133771140443458455119388558149890061899050233690466995391704551655460705395
430810895545218978028076584204229302164213451964139889987893498743517332732
336920193400732375316104511921995399248567483395251472334740388814831984804
214577377302789990458107957261135889446422036048380931961935065178051034850
391947327448967815468038324482492801531979820105314760626663992241636005939
270133564404281675080623651601671397928259325697252352035858129244856585192
216381989592705712077258833722968499201
16
704
154429604476239827309912369286058192314219367220524491339221861801202694258
118829207962237600453611806794634434368986144007400038912755027865911847001
152662779861465607070692698766541128843839619609694429101354133986641064525
150680688165648983587516282853279953957227157287843361006212964879819814509
136732288049243400680932496555756599946987855883679982108824156269488470064
156091820514604726589032848236699321105665101462905352374527894466878522678
124289402677135850007908611575386674914116800264446407707360223143843226951
101099649533777340974532252210804146580785832972514860849317774576857673775
173934153336217347430268368234369132285352010503102582177369951951975052364
150737247473758210844273017800681343510363497077110478949512229639887157302
138265797117448864753807279677889352390877089462977484760722899135968147833
198674949291638360787412287249540761811341100311623607031215562517105617786
76728099971117662857428070925779416226614085605408015911601263456148548985
119181601532033727603909252895690170057443800309934405812675767636161941346
145705393436005842182802771169746914524627610970176041832933563804756955720
90443701038821933967526316227199455712348634447665701777011102601904873831
156167957301182210758547909958756378460207479629906714971199595801812825655
76308442510805759568348046154656696277092334599609023837230520282184700023
187639777948957195210562475020638649922032997425293929040751256054334311792
94017592455095987680499199267569970353376205284484081744069402602142123606
140398324254867386042700041237461029341349114321693014202881799863663618935
158079415748609933292210999644100929337925576057991570633104609081276780075
186128329842350258684116975145806526603877861320496867846798434613886796146
207468880333184823834031643152664892192145688000104153543005574918695973751
172097861449094363233200411710414628229620433842398513369176312734253214767
189392637324073393226627160436216087633354110291650250631010541058570929235
120741557658047570355407684917606825186740469788039571262331428128553124717
180752671817900267789776636794275472299131342019175473918094196994936435280
205792510336075234450736147572757405718453448728497603123095321419009653100
127712187820726430282049396736322690318704186883817531308342847145726527348
173609370424971956391766026147792100890011411617612983918000004799713531961
85363746753926353154628009074251216946223915506056272283956780880461188963
88642020446894471147288300337190344080119766027325866843912873728594619208
141833617454959318119355047444556973665741770761817182702823500205786353742
157762878894140395512731002099475522796019788269310769310309684296251693132
125841439206856853533041471543505152084489784679759601425143027466279203189
203947877266174557523047595314010067721795121926648967733925593614702965626
145628931991285668351760932030409683392697417535050360861669864681190740601
99485045207613166569953316845594915409369056776153635902610995437305344838
196874452954884914090137784871003020144471175823874557638924265398571970389
97952561057942427121400790439480558359029876161138121633399834296692852016
145561076619779400863394275107352379101681002098511092581252462921802214995
94135033033530620489162419439870005083106774754998987812028045916331460194
141937143441183328964309176851221545719490712086594044956514026760728440428
179150631950328831552395522085803414763551391017186992788244502661771262021
152412429586168648419896504213990525773262258060484528440529137464092152431
156030836395717649931835817246925735036311874560009071521895448498173996112
175258854217519416895161379459670413832833015597181710254356032260328410673
210713132052934671559447840562232099657716680358905994321484013400303817081
177148453912658588662379006499018685343798641072916185929887042384870851690
193346851756435604164394326890349336108734540010895472245082782224998749035
175535062452229433569165425373840760049805089743517730107472588225705891412
201719670019033342805495516381320829167850019801895489906970897028880806993
185976484884654105327600935851661417769888954141165603519677558808680292916
76666550836941048121999914277476645431318390804593645368006217783828898404
97993995868913764160965661364951579656080114678646396099201500658269631316
141868609799974782705085218046697632929079909550213572401088894685862375490
148756015037691161999431656293801335845803286483550430588799561964314915892
171773964015547576348040287731797307604876234251095172963684247050682451256
191635055211136028418569370166163016501628162651279491584592890684248978809
90857209849612273794817557558432032732290637434606718362047238951358707810
159763550634522245073234415151389772587165889200148985966518294922481259829
152634174606139783393638047956227653633575029413890415793068240879056282932
188068097987825120299016571654661796126616171919411896515148174230339531890
180731432112809098954055129949055965003816004006283708927662537300115860279
150785699251785218445691930571376751692999250096701636373072898625812653895
211051451043390722010066213257590893890202242308209761672025639426489346906
187660297007429302743275299617038397018435052495475451575348699443777075034
187583728848015662970229534679235950426979838855536711744367022384628649025
182802732367482383600522292070065600084981129386673142047637838041185274471
87144153512924297559838741933970842421691874810476587091917373182292476725
141956907086713427550742602914479854015465405995244353440267803537929684339
159605106288216703172334997937703686777345818256233818168980995634950527540
216227654989342004277615246941982970751850637410946926002586085438802842993
216233903770684138617727610059091135428286352263791126717679998000191468113
189662319583910000080745919051163717150770457263858176700752250737202782521
195086175657035337026879073787888056436665590913299334601928781295422352171
142123598553168717732569405846054731581147260671941075907407874047935535443
198338704419712140019252609817533053364135137402237452501415167581342884660
184540169398497347002334476929100309751450919818876850994624340138392249903
178813336355455557506085530339053919165198244722096883111661973466646332748
97558001189017753601570377831563348757201093783490053882285373800211502967
200374608884917751306886694363685107309468796614701484497132038342052046929
195176411445924713291219746608961083246515256500450410049528172608853659234
95797756032876155250102361948359276952841135046208560803796331115328198968
95708414466617034326893824063948753039583358716367353324592931171092030828
214336817225958794399808522958501877569013482899693882645895643649440565331
124392559568819313257670862460818849362671324385295633741841155738656206708
117001219728316815253931665053083930813015085226943356754659963929748928359
143481873218921222193191229829634249737034772042517735546319300242630457718
124303211881737349646450795256302381980141050290027614412112132227475992176
152428180307618468921770665293811798891412977779969798434954418243869554297
159350577546117185365141810650655428562618397820980381666890602343243270734
131591345538576267106305361205066872157314615772005510727536263474264819253
94184039061557788623640422452691898996501716620863668005021186543825547889
87075275057237947107302338043534894343727672587752752608202966461998845240
212810560098794268152564625044581493183431493747084503597399918833801647690
141935935113389842993695476031193387422762137339343741587116411622196462436
124040057300251000040543609679473565149270380703788639703452738521451229267
191545552722888634354343663427711085313897570597896510516802340668367788595
92471037525142580800750683593567708236620219726819553972464028593397323895
188102256675895079547148847661036378257205985163121552142805855884803519575
117152352240845774830529205535649436710417674576674838778121774797232877941
136559499442007760439600791234593807443897863953137916598807061171600256613
99284382426539363224948653927288798579610860807379826261877426611253625172
92203512070959011546355555762177308396871715558248301723185416466946151277
131127821275370241885328138096688021420285183501504081743567596379140219218
207414388585509255335116978125102433719750470550889813514635857939026898529
131093208500917043982628504354207410052148023137631917761654579076159460449
192919078071991931891091671218875539019391367613712852961101177884563099726
101443281338934141265736016548906943926701897782454899804957248203832847446
122583303348747644817373489617395465149326464401887079023455742323377452598
188047684695447211210772681128252755249872089969593518107678722336792474220
175645492308243706654528202556802866560158536494753514658624807673184995631
127808542334491534272642263913848008793829696360728596555427208624428307048
193403005761173942493979532990177163557310104817651464537532618511817060430
124241010966937078456233032376934431717937166785496290418216308821137648449
178978898568599077888757622306528054026999945958041142566956976548009561202
182588943264965753702707350396207928946479011942022747684943427590756524629
172103927752600650638877213027111090284796831076672366285169347307435553586
115310639298593366208002724313305168691328343424653464867740778874851127603
156050760112281522082859889632790351202929994182923934250603788043374785398
214557456894775784372736671515206514787037959737713973225342828735352104297
116944550675352014876078469392788938991753961205132594721562360801324649331
92659244498174685986909082943476907136763300860061887243309549486965733177
173981065948438987714923320905909560250876364630624588014853831185053991269
88792784805789192292914506853196853027407966576125092768896531997903319383
202175019723296681640335690942423052503149323956485080676935007665398962519
182345519462974151024702638338543935246925503158853287755530771755913476685
149113722012918821691874609478602350516555189002386833612538805150198936400
142101899070249288347823308239168201300928193767659423679052958740641367110
216102068164527390114821071469106674624549308514017195926555504588168382261
85548991924461692782395022675512770212896628723309464656529352942005480530
200132970910636998011239810955980050313037351027606014954328200828421490243
136586889274219230902979449628487862564440917718456536818274572735020947266
184243609986008752661145917456558295144707599505832965308158230263319380273
143841139231187903439739394288570096332429610596458535355248201772127511859
76660591745508400951826160549541009230462581742878536107370861846065788772
118912434041545460802031092293455774089790406285044123387976234418282319944
138629891087385057167803884759516112973748834448954860125303423132260202602
126270181684886880971235330146979113781104027678850355460228369466660321641
203721852341123649376310922397599456051085856880995975294816323379857282347
216130106949293002416491849962903219771509144610702280230292506820186229616
214625363618807549118911327762710498190899720774047803672490766365326197045
200471344760309468727121593425954509208705900151339668337401339641034527562
171993848410870755683308348706348337076197338470422556795847184628185512313
85301607347721478248807297420694899099904962305871115888406193606669597036
115537049366735851780537823679641660918817020828217552513931152998410432625
143455151997509177421336110054542847046498040502289490601198295614777543002
95866805500583322227108381480200810040867793716828185748425430025159992626
133102939088872403744804808289360316168691484304647302985249122359622920280
202217271644034708899659941030787399114371494617848665184141931849349494376
159777566960379551075406991899351874906043499150303741665737253396478964808
138354461194911722751217283124614122976163173053167852755709126431190774606
214260063409247321165316619621088713707777356891864147539181266308583998777
154270057517799594568215908469522792666444279014527957031000826772467309104
76576396362616459982834012341081583663129020494996864359061173683994703730
122735594055442739019989179350693968672530337169076555376964512179803474809
89054562193780954090004850021541165626337444144688573111832956548806031471
147202884212987097103331398619379342955877789667255738426815024714949608040
209269880396376025877418054222799377980163297529491996155346198937098156650
115200215052092905907205330902185668470321690905622848934588083038857933410
124413208554243911751969546835942934088142741683128936980968505757817793395
99697893972539686723794428622238035424691325734506399360227975658130010486
178930854893382485466374800297190310190564892072305739438924830390719510072
99566113234886769653493442777090326349018680674465540855829348785251514188
187992420471262827198819524288823208727665009641683265032784207831844154953
76502254392340207935597105668360143627471456560146982960716883167607877228
134965438468075658355574196495708963717122588147385402932630992290091972167
150756636443722382111860252085640259844480605753230364358803432265496148311
208787163603178385199884827524963782600105888475315554042689464213696703282
76480931609114598029189768362622025035466738297952117884436653387398934086
129693877540013216487871957172818385678684160773775488613370073358075904564
83831641728446189067571624307683398907188010125463619084117578612875806531
214287503577144297046471813654466029580268000746987259881223726432688428366
99312496271331677436142974440087551040226973385650393467613287504271200071
152316588764453084456306031621363696532349886430794885561799506214233138024
92645274401909830861103386526780346343344686418066141265211629551141736559
76472892279311356577018585910894313682826174122436305825818111831891138158
202023400869928654395247007358528867171736108175510297630202383621162413942
188094676594959482612014109826033940984551087036876145559835166610857537392
194811933411582364558912266763114043010243990544630083650998607596401612905
101540360937246992533075809156764751633064156499780839518228271972847012149
76667895900785246222776956025578680563251749208450917293639506069036559673
214515881185447088287972967592129939161763015432216580816964146294903425144
212646052798084145410194550628890726063437899821728299268704997529539138675
191312673959896688783324242775393827861649401609207953482207861341462810985
143924419679679496685656503217369212197534580582386465978183489632175486313
128044471466707303112138432878119671779496797782626994620459817923003704694
203893204522366672783142631457571041304870443089423833427955835472883298607
88924076029724770652439808606958073037790592760605092905981554114543183696
85646959082743882061239005590310000550345594842592802969933499856669012275
187958498860065426337403754145342990721402868563193996118948372224358839909
129540176859662569406108043042500150131524526754967056100964702522511876395
119078046357033028077588201901995996395926375318443579847949052795932857670
175542264031277484606224089468109524580082889484802696551823861114786172209
122377221624932624780275240295215226596742970869481687342460397720913013872
126117537611466672629833034499759135415493609790949340972599794090273426755
88854631449597106760901340513165733510506673707353865302621836586985740152
135084087086720114400987713027434172891556728486319293586090336100040404562
214591535541729252066056194023312810561263659241276671017397283203977720932
131563008745681009699788010910977107367641786024404999423010493655941408048
97992490220301284772401633489781868403598176555344645520234433544175764034
147002058203660639395498524181357319325967249016217302321688848551365653573
85162435156637364724645568144620549813128006906056827862510106113329427029
182684191814937843129583406792155718571050072143945944615851874651084837709
76480282361679122486187966637667795043714629642165911514733662233872659011
205666412340236877549760169479750283634118046437654546323434361838469477196
156244788413882439697281534514242877447308776012010412279491487579085367617
175699924849551488094934935788817436817397341134935990517244439012625171572
194887531095125506688847445551520154477138780560426314512169255234538793298
208875781794041882054357127662776102853811185724302448087987439642633462900
186204056412981537125063918825443357552278076853621223983884029819999434341
182816077641980261551768742419931399972228735097278885397571439096960082804
147485775781230790365021874190746333731938445105150665879128910365898209859
210835907117229778241553138805355310065465624566941654663018186026402792761
184243666228489983149186872784447112244421846334999047481695154090546059875
177046735306369426233647079331325864121644010556402730359201651371637564996
119057831457746653847651040241345138859911188143498069238791336599875843127
124379479874751858670756196831238082657360566448419220651704029352435988298
117387070801726604039579338448235378579977744719712607382405596749224952164
187785960901087711053017458791254804554182557841899625096970429947867784562
147002352532615198660057536105497908461184447999392157580332729123145402994
156244976708541626490232046371451647165260025627252297878520706291006003542
175450676453786270433718135406048249536821517321796806564337130391194913101
155981848575695142198637753445774123342079103196060944430049325491870134341
125911805306954105494558912269273340737342651606124097969656233681530211917
88737727936330993044117613616291121002657470209428122306987985728721674860
173621877231657032107571375237356755287298328630995310420263075124508577393
95859710199262624757566064549527960380402971745742646302316028373116207441
96253298871317447291959415301342399170914024975167902664960515173956931960
101284890379503627381269027420357066096224004983197510988113458179444205355
205466263465855723269887113416564083806464683925821644225823372009442071651
175251956050981062312758574812042033786375048673604806227244962451111883618
159744135358696112362870924245948247827876984669343841141968083536376327498
97904545185156138797177767538645896608933181894229287690765804253452321891
184443435741546420469262680227611779047398130953525111467519973094134216788
207254598775661839805690399228962069217731989340478288765015008937306842695
101044376079589606943250274880767228778604490780421845803773831719431070763
154255524419797627861520166338839946521252764799746734675136346315199310928
159515002046322196610099860279150559672480146781079375099868590960510649677
131280500299361692442407652555977490324856903635823841593147714131765446725
200339025890448798211421985031898331765600861542071187811427967451911114826
155822923286773266115703450266352514236645877573675801742758070642482960243
89042211065377958919405562893902545393895989295914262324034778554858693480
181049803783701156220684972477325404728948825148281383234435165469090141551
157749129645191520678329281745138282126669154397091537187834400972708526150
173877645905562346348235226104225565430297684424753036756542553359598901588
214128041197596587577228035319381467374572026922284888805035308685956951851
214481400895430442183339678990075325322971310813741038207958859177673256299
205569870560279076383018003244523064234288530432817595957842097196713998455
101423299383891728555471489314998936871441889387850994936673487264854657353
99670797221051328327151969795541979158495404910095473631982619209742568263
184457513051571853472276694006733881371512083439002319114427556961399232361
211071429225397348417926918242214930137453719179203471563336968389134724946
157963405201597889107060429190568673064341619910949113253614806960159880794
196687947493310929052780239476718490153370093748125107739293856604292928082
129700237871410873565491824682476950499202988315946136053633513100747886169
154332248756072068359174133497204530213593077541087452635954935666425162872
175679921304176559254862090093059552651110335570991146958525406211830139731
172215132264937534888551981490843624687440328671127425554858983857318605167
158087527614119829805663561040157953730628736018868502673162059194768649330
133199801331680050803839748881101708768879155923224391562749994626355771208
145497637664444571558006436009672780658156847902367769703478740590917071969
182326432986997837354718256700349860725563531525663919428154563915217063540
188020216707032170833043771785616389086518283545072901389619878776920045409
117159279372076373520600365533016476302106152835091460010175625584205915186
90830009581050839711184024460052114714393727554734466625182579759160768887
124067094038127636792079086223026890736145182753984081366799950890295710264
95791318517931916073841588118481025260919064425413025345133764738722393665
178832693725121624307465486909335595817979185524684403577769791331329394764
96156295417471492991611387942301975601910296754277139540471960984695631959
127994974061086696689191235831127802741359235014190355258221596393257194356
147348461709120155006801091713370489693722748005907190801849026215951690800
177480165004146953102570345997316393966201658949586986474398793871793614165
90643066897392660165943091382619334131153432130750629087828306669931676762
139976563907678944991620627484482880631066017543033620392355140802708730455
214605656641574959913715365566192835390835700841176977986586472492861250159
85555865958430444565649238166832692007103357939311901787973450946675242356
152793939888069588808848576204766748822432717546858342847039983669188513379
146975692936581195706750129084889335933622029965731541658792509861908795755
125896786631327334529742317743110103993141669040892674739364338473928649072
148811475764276149143741920343975598908881902803338149958897694806881940790
187894657599046133973440332886098264843265083920676642457492852923666223417
212797350134253019558897113831638145884992006463130577585944043995148798276
175673099605833314552017471047638795426850514968182243924980198384165926214
172173022201026482793611408591867209116343760652313746275909476019913045848
196944173677746279028573932784946175808079008615328171024894285860152160559
87248057894936470322416753742472234913868136810677774230955166770716305526
87144095997698043735463183889208592844939081545870243894673648127027790682
179234179233866399398549514461772338354717540261536446258169427927017288816
175457664122165188180617720369394512824654171558026489297335583714208731242
99650119156241550116498780758220605833951618434200733894859345572631098457
152752586079595707771156239610357495777781825067412298306383499189229217143
145608333537329659947048079964478510598592211459549845086243510538319516022
95867529533242491962157125272001347842021107722472062034312534952781706594
186205161690154282201241915882947165626491216844495513567650354802484803186
147120358557402327034936863789574035732085791720077090367348651930535875649
119126875780410856806913909491155041685829478707716580349557292111792002377
203652213126175288067107185030074481206475659956466218123696682037674734918
208959062630101083333206761644647623783177143755138455989459177617947648835
179261469235865202156292258576386593072225465411040550263585827054392865591
155808257487102591871634636167624707286685568032061997055755232675664908615
142190945335487067533728175668023774723326988702867883897036619696055279942
185915395744464366660370470394830983673650589772490680364746905872264875313
136877543817907207849165632746802199741050243724372187692663776729805120815
124136704076968723176435073316901270207164468915276683864267036991108762694
131473697606011202389639739286147789568109104041081982833938266600194075980
191575067969826098178604767069881957139853154460053199188837767806916444525
138203732163764017682981321803206085040723263222696390436043810163016685675
97751517465081569716999214244566817558002278947948283840054370897145392690
182435159824400244331442691335704909233047898697820785602709781395091379299
133012651196336106529307736274959384644143007469534043369735679536175924558
89096646046512366566002576949149898950941011764249637267727908987701576296
83409585236156662281977557288780717535119450383820758755791447157287172463
180696381956985716491579137657390687030861285948666121436136250685161625684
90795531383784665278760386476145271182661894993891791285706843892406969197
101327189382747148183110507954173638056044691489828524709127000613247284055
87316185682968529254842633019570193935391316993372601486918664844162527827
173747776697919976857476929867496596361924783499209300709678606690404495189
196922444702553120364311957317380889425946837056074711360173120472525256051
156257969737181553175234958798429917878026789055542522381691027593563881834
193120767425758712052404417929094517192759302970773763817167949841998240357
157782122624461308391325963948906511870678059587318228688447068293278422120
117407802060773907462708978692033517472166834763435836887564154858232822082
193037000985712168799461726491131728334650470338405277217219807059007984238
88717319699751242602389459504567610266734751495596663454002490267984481894
198718267932121002585434535468410227419494131961950853667025118898307160166
212783703551066676328720060855095686414242776996648552008678596676630033989
177364318730371236110505482753824148724655623784356982068685975145964988231
205639618583259974958110426350037276690719822573362054876929841638338015048
115426216799426558047771219074880858680733460275759105006649847615774667856
150550468142151122264346764619953328200033177401507270092193594649913543019
115234419337820240720786291738867036150369070822494379773529168657651346228
186253743066903495717093893106283384179078869752968851574457913652807160684
210843425987004376117371767920989203635473484089820396237204490693355189611
193202753054701818933094066284822916680993721904954560976116582338142089268
186308150681095377172176271117193985420171855072971833600090963744081588533
187792859889976907937621121979507032111975921040362823231419468003675431221
172179814412355298014855456606131466971541846630733411983818964320335384627
196709594654425547748601350335658642175929507208105361348390684074981291369
198585707874067915574289718298975560491520837638692737158349081616210947403
143710916920783966396458354520133710824802766522766366697487312878360805712
202043215721036071882194498830974625260670347870326363086017146313979686453
149244801084389662212826508793371951013767037927904308404907859116215916898
120657712426316257416975929578132631551258088364915750556528252790498288436
157831273874767280939506341641444385648857754435852472588208564092690974284
99428753149957867958916247034811457826412249096981274839599867595436028274
208994944959899690976457328522568583384268443549645753881151288949487786600
214488493658880203258353215440963036937686892386290988026639171303247463758
119133828290166534269512154217639167027273141006265893561366945730025107567
212548991723651094031065557471589879242202779258722606411925011023834329459
205537250485961689309348775793017435020336454340789700243849314509176131400
193044550715258256310177652101485553384187068722046814285657959487620527192
95936302146042131901369029085446055319233965122020797719073805352313763152
155994571887622455975656214633014486397780783344071102220481555893283338067
88944620571234415854133525765734094604494286952861862935833595223772116300
196951127254267734036404271233301272450134777113605495137648428981050094191
136746273002418883470350910242630057217694190782831865992330595674840446519
207557495683569905129976817524901636402859317833332885915172515626838480972
99332934223298607207159948442316112204197624466153280827430100720807601236
131135052872578439461699019613675685697319513020925393484583080589350302546
120638735777414356189224816021481350799522228250341715306705031098270824274
191636919454222781355365704102593878009977246627858006556177435003769409386
159522767464990172894313624684224047143281975110898354203570984023108305249
186294073276982101643932065460189169308843846743795097229972849182537969986
172201275490362930034307333686029528760199539482650481429400565126714114632
118878414081923623548284952866796178301242556575586798538999090310041589583
195100788788593077365912469998284215720377779274287525245559997799137110126
159376615141818912764738923248810715709442834810389075817564996104351993190
216330286748309704699560082137564138783033394681728335931144605964381604931
145228957488509793814441915384826307527253457614369938896944505231265843544
172090068444055008620772908617810024824777352008992500919245293706070750827
173912177808486348600451280012456322585428750544525597635857965447538700142
189552755310562139859428623171081111953001137978541379573319725999332995905
212355826677141454522582187466456698143679302021664429487971722966562269038
203734413794200261935163264379454024048709905318240168209788482367266182473
139907576974023922015618566031815635497889982769964128992870622519443683930
83381383979650837458277118060067062333913780022779389926617874307499843887
184520812048583939476042280300339936636606314978215511398248343559401386544
129541850601184102698357409790258729665219947411125156393976415859128751941
209091538026137006457011299183303858598974655098819239374540887017233868662
175424067292031763382504176435021618407344317061852794409196657782871913079
198697373755112886790525186228938572328283722048199366144147280874609389666
195024678025991170545391532971016425382911454471507306570043111504698896433
92250718086855451095911505225601218983142218930805523163248032090526147383
136594385206560117537463393680976490443396887097551728229608803678701106753
194976959660399769522021795873697472610619862791032560928977276034614834522
88861905658339471309394527033514711265282567334527921570996611392316724562
152276497521849657674845107910291794720646086985010079866871131968933017424
85418450178922291433075023183253137353788336179799136609578550795605066566
207551157982820421052129848958119592194712365915056890982830181661780945736
154339768989222838090004902190774066763127972098889770624723300151269733751
196957974444708188096534019310992530550534662874747815556996190364667229030
118911732675666598762175925541952470965760359922168082717587266783532903769
191539567620000866724383497794462810182714393983150416356672116186369634670
141820114435401999418590276028957948130085266078102449944290402844510474338
117421337096019595859195150046510652746545610708997107677882744669031004755
134613742052492881361734653113211409437131965856147619180150168724333147204
143571291342672518908137821772343805287349215534683249377743599005370577268
147043066165443975799666149759696041339754159835396633096921896255572957299
181020764572972382690475707906948418159539851157572232257781335523738335313
92265357675230820925522773977215545616895396135314845960292814901639197765
207419540159628820329331718239029302766468642231088417823008601528391725395
182794917236201451651652416264358634073205430248558949872509447721213449302
115365343682079911035857719273503615543051868311575562242188452808803960165
198709728363679160603861558373130964240188561242371103882254092727193530713
200215576399614356300344546334025654966199195833467437609596943463540157795
139935237357287343284368959923482718286212960989938047908993369489481092195
155837609301007359037132515480896428959268378380621023421544570451545907778
92429621789287416215095306717054673830369401466297733710385804758162688825
96247852354435083092966719310158985496275291921721808412364132723889231410
157824483318538187120501668751170883778277946244099115898948465858286483810
118932169166816036696593094055771028246337554032326318663093198641711118159
92355158294899578873274419616783286067626056720848917047375924461529092434
119119970995239891963212620841482655611886587739151327040532029592374297959
199980916183320961053792672508246075497804729435266526656391864914881630313
201870456688500410312980322469423262617509266339171689283258346715111051600
191152720496712540546598462755753346595324775423829154996023048013423539025
208870175889173869582712095192486677457432731073018775792783478430929415247
126208604615469506203742385911324867072699916519638779532055926248837302064
76589845907745891632728756939699960087478696054007453951120420163659066728
118829528621643087804408879677324914689976116385653613647411325407992624983
198337438227776550465917269693421008474901390993690350435224144207537057901
124130208744364344581598060944179904128654741016702039806463035566742198360
124136919668557061172601605509199638267111867570720719626767764856512266839
207399642776983580982783867280975883446812100025163141667753791406289859663
147224395091385035867992060537259053203647976336413923974175404675664409443
140120776249134107359978199926684932836926865652247459413584110620747706733
97759416302078703842751076341919302544180108675045145817049735949469707885
83735234648745774853266795741680195532328703936066494156958678569008118116
193327037898369497259757719965871312489391901095667265369532817437319121713
177259881479409727229967129164726421076011010906216082867284078133446601322
83740896145336595243701956598027859285414397245836468859999857084678370413
216082096219903678164427956761382970056914721151507414299952769864223049545
159833727993941814742376257430519522532497575935898705000412476900691497546
181048370914123907835473168507568844279781542461923380844653154030407150667
173981330311497231484666586770029775269846400081386549379522385850975735600
140274281434463942972856547524633144223278020280977848103681419089991460980
136429500158502817360587963427467310317374259254857208638524207000057313365
125827145182606857108437681364857612666753703157733582625632287087012507961
216164777319354261197458492965558104255032477880554171840053779828455859545
171855916152231970659563802139545687557803515361713891724453294566700102995
200035643714101727036663707238079369053281344558626715962551814452475675514
138415905040537670801132643794257273270986076128432873425844460443735053879
136823086316090260911107268747267079283134944564489689338289744835285965420
152675698914071392190400619085191674550846370297868670054322236440613637432
150632806972097956062245057804163779809353255047877293746872361315932258919
207296679766791569750441665655937228765801466558267662540248025206764172657
136554022587831878541263221392226874646838502244109936404679369040518989360
140190168510418892707177931805658273689961152324171897256971095745989535316
136546372908241573552988249249590081923173641282105723696564181400063722358
148796676516270375846094721124901310760376944778741383161018482119745892678
182795701298158594809706627122062696275283748540303727614392770896686432612
129429779277327265841291459590105313021201821205979884509416074514351212907
92332730582744025025391408829451459119062316783977469716875383678303360066
208822425628354859493633499244182176204566976620488871023646633263988231506
178957222444046205792310386639559720301927987395153487315409007046595986232
186093574895040445062171551013308041124455195939627123707119758085315912783
143461214515967784996383622892684550910281913470146612690875076612785132626
205342871159995477479035788174643034046338234036969390431808978001128469857
154041567985969421185579647587818210234155878614557254100081715286230451822
193181294941008302949523942392711277117262925135597651570769758660685355112
122591522010877962117649620675261572842061805174334169128936827826206814021
120942116894809030639446062661482087245199355570192819928267473556817273653
140391697064176684903640108904330075072249318720185056229707956430711646022
150970618564710903830019624558900756678155957451277533379876997853710991955
186114006305606505788016110202849512939980714491967016157089919328624859439
92175260270775714792431883565843614593263933082691273524327733308565583668
156230930698883047461285664914717671151967188981700470938496842761529013571
191271259900296505437654099748639779191181512732177362336320248452025174347
134613203095855640617813123735212495370970470252130715089638673455351221363
186246865990759280992367033417819269394625972922567080013192404506873055289
189806906303677644466674203690551820352745816554427127718985273786223843147
177253652681914008806157870001758771329121773693754938294859062780159866952
200470342404108937081838019530549172105286425652223982520684613847902013543
214307398031249504761597221095704925398084923012759462551902939788637581927
117429500904893646817767549909032186307955007834770086129610384252674714442
129582456703139057338920868893413260212440300227470350595865071458817037670
193313798642574685385132042077467166274449339639583713508311834260087977333
177052719158125470694518791251632920276935210063303458581219829234087064113
117282706007253000936277012773592123451209273476359544340556577464970727731
155836078267192407440262653758415624592120112197380906093490418341956111472
101188262467210454254679130844033425305457490305149394024771162440224749676
189378829409099212790505180393732598407035786671156985168001259487469394529
101485361823227677456825919370057636519616124423907636482039994852257457988
216076246754860901513614307576004098591823126687399651103491903706962348632
139921542541511220661203744950614036674712830715298420856326938449140138807
203756488838012053677675873859070188541592963033525404751242015566402892366
210768479456449042942598445947982180692098355172679130541299250827815775330
76302103233716240739621655950726240724385153937935507678615355553712976470
115626849465580001487360524144584591735086357527980997877264144146719991091
147209674952741717408668887552479075108389790205574857561568452429443387223
207475456663716425827314630342857533248229843527841415769698784240177213769
136787608811978365838286197567270812779478771001161163956941613819702169953
212769259236026684744184843976427441911064517956161937488403225872760455761
133089269757149188505455059504909095391564147569982971258619029737792813111
189669945340752972060450185199758149201368476723412778617623981025777251414
149204763464416532361207532223057313439228165222443501479346340739816180547
212404301282378615775256674949484733547887166599288218842963585407625873264
212701318596436530556037163722071511679298133221961819170434159870250527566
152764664215408325876879946084540170158062745448919826155533557226122471032
201775852243721833289018567844076575328471966095318062960633178613863110229
185893585685698862255269414648179893074030457935660916221768035008864857945
148963604613371045666304488639889103652854146052338191699704197361717237865
88737591447485635062241444216521283887437435343244602088820008072689119797
150667534950404242790942122106063961780294979197400933959549875098494587763
158085883370518913952258055196977803240190889847501396726025126866152222577
92216425906764112235946974187830291095445037489916174373881535421456267128
86908150367604259421517589382511182384868912948712514636675682728794018672
158017596880510809025958348945611109434102409784235249355031064725981525367
157802854481991870790220076459412874740158273518395810501360683237313694037
196806138128896326574579076889600545732330409646505099879520297900610047059
116951391111005870786169812888484141863356019905873228696312539637508372339
193410882387517031629863085810773726891551930474918846611580658283162318901
122301220348145756916848104701186918747340987289661071554714825696356033101
178779207184030294957667589201681788070668195949864856750039208101336608565
117110967571729393935762590316031610264422815727443080727818690037265613880
136388218391358169855543871008568726617707384924758251234409704372771770740
203727511515070099299821971142728852896940460606121445848790142137804339511
124046419841133863000575467797936190720178724146950612629759924175519632691
139949061818182618007961216295118519177562020739105209979598527485748792170
124241065913212103868362465996890672124116825554373090177878349482701631536
157721088543965053585892934817818551875603903588727937922342905167666966381
180945223330245580036067076772951626937619130284763677001285936473592771657
202196642456506111949521675783974150152421576451550210408443735333739264561
200421091518026113943412724604460022579976471098802520113248691986558306154
92272310697914449793988372503210679873865133636998418335225364456626477377
150970104033584769624885544827795683943700730015622997224782279088055678054
120472603632724133591473331462839575733204159933217850601870965540119990629
214591717093620143509644688033380581832837526398720582010690373514592731727
124510232244416530120233499769330071770474269487319278849114228701550494577
205550591774906683550843912706263198519742159832532453715304994430893372749
172151614204829736821980021947685595748253830775156934342187797090480699223
99539768313671147407981207198675946810268809828412632442002334190584346466
120824699788233326528996572047659088066343185493147989220769670302260539992
97890715550704679928062807979832151556742451726957379446769195582930177653
175542260776866264755257389456197637448527818198008680015486051292808104802
207053850802717859156403800058974721785177278616617605039220121300455024742
76363599800925503017384021025466234089471861324170331177964919803901144642
150916400236957478305185060597652847001700116207967450977685788463240208743
135089214742185360250145947666799832246493986998294152339599659003060377722
96248123626120049996571131578670333824528379734666074386941947272746005314
207454157978459685678337645778491527609077864582166129654234834851158579535
138153556733332286083792755606660405148336086888133508332074449622608137080
76750180273139423806739280006970027905422572754785678326500046483298337840
180613942772253713394155596028769626125180218747943496584559197142834574929
157872822295543321786549859477348094376481500261509584888161253620160557416
179171664286491576965450909888036938824783980338585410149606854217840163375
76701891125647252587413164226719409289721482533654923838141752358915287906
185983335012802031053476564720412559587712896888389999766783332200026556485
154441892321475050238738313293751553714943579340464764273498572327243370607
155982283305683312894592428048733807259250381571012244816295931322894936673
126000553658894657262147208510495034413198412330029166031296673837298841667
175589200966783599792952723221001904519926767152664029606532700918058803576
180918208097025968307492405055494269137764854295911893103558096427773620278
129809886289687801700884802150990619171813569963545547836281211525157767733
172214190574385618330744287646240528927171102426890006668836562838607587908
136884961487931876673386254218892083764239152680683476493822317192461377882
154181082339155996565565879818477453324935067822370461492997605571530015344
92444611624916343527847689567780677376736644797233551708390536232838055471
194729166460452996543373528387922643779234925973004711714355059399425546027
172001101887824779211139097183309698366248467456099998768113695755204768332
175431268240067225219111990563269317230580577906886584084298854429042817139
148955249889818379046536169696250734670912140940623822294607616740123168327
139914822352384128894165539392043258930516463023367860237296427309262456645
172008212168589615608120193962725860499063448537419381155388288865405718607
209174386670702322515738987327409488394543118214832717998290499559602214969
117166127410411062897784948478295292234940485329537358476812174942758656628
145429051245724267104069005733220381011201993286099013466186171179814053220
117117793905854422056443879877167938117088975829280218306178919256424867383
147223501819358303387877054940858786165075509100850945375562773025518872623
136649142730825442030207874288335028853951450988613096435575884122984566119
186307635378179328097583551316704840457100010346293915068605066286574431053
156029293988613930070748853160539131300444273582774546250826638695205000264
150771275165652589768184014695670899486882666868888914972456887021538994778
133220777320814315425307835824059549082614980518359946511837008464030414690
147252056631912301368119078717427053857703172730768172804170232572111374952
175707576103477863983301321120148988703521002857793793302327912220776364650
214605658856025780653201828382764302948928039991270019166035425893628142935
214522436880944823112549694906606359657284500173567462535617642167440519471
178750358144239715640732464632321279464614729650994601204812343215694360427
156278540044483118429233696117396492158075819535384377526478137790612076153
141944426750336039801093838152034469231969896598705151864184318778578391640
136740047583164661835213935042103791419644232068874648559924277456036653362
95736291996848412924047085656893775210071114292708969314951274077797240418
159854237786966991673140975114568313932266635807945743005519565615392777081
87172196504404470611088256986986933957022017469905506362531791891000880962
87116116227372205157703747909355483109009635178843282894655678677006961006
196680586085886152713427116113920027134582234178241125653460606011940759142
126256917273513183351320306432186832567953560332363840928927613630887382101
145222862209309110767059222973027130442411980687141083463572749210054053217
202182465949330518809234752149313946889038040605938835500876860420158077299
156057255883869110512368699294495640980137729328114198279060340001976174661
97551313016368331530844195704122015464791407301939014191125946188543046703
122487647030853353685768310564383249020946956671576218629922750539570432372
212390303483530389324334785953608052422141903462840984692456144925175066957
180952856238033284716475566344209463472765552355378700960688957733101913160
151019061292409796910000111386713122464617259903320862765957550702024811307
94190435592341034602797103325965990453433353523872124894374192399343243364
149148712352223686423102335262159364707812894907070149477615645758534017621
134875363279519724789689135547007295267936797503247609690739560417924101197
145449728686068582279604253206776064676655527741176777958172228392033203028
83768258375483268297423898768550949352830952214477769816839331529440314961
171745764121024845155783017695116825963189555564876979129146129316881454644
143640987448424133447258070751715385569141578500609993308497437622069250387
157927899161646973207130858087332307476615926801879369222568165138716053353
87365469929236159990122266427056825799843514119555968502695408951877519428
185852231554614693864868876946581226798253769382508164783017635482230803796
90835406215664757484822537217498188837269232925014023091244623330937501483
172077370834047234705637296775594899196640818975632498351956054219060366961
214487468679032530961916880825819033579077847660691992889224420674100614743
182360163461780213199154588895065967940902960996575978892133333150657038408
158079926391341797517878776928422643512628821476667798237025479520575499075
122652450017961290505232865296489571702267080842409700163185087431369507399
85266609449407935767569446899651594888295154299128038056181905229158498650
210967121496105881362257894971918400443938932809847570712567286698885606192
118842635683432005899163136326880164386976686761603564925693045959238634328
211099814250998674696363131963511923769868135809372671605360342199399053394
209298215378428694729993950113050169862155295030474428739834495690452653410
138340609705718865604705506100027337909911614674572446416528175134300191046
85162007471813929074407429197855988022950972813834396522978089622151983159
126062593229426093515224042101034125775418475414241128525272255409279028787
177267076123514247951646805087953740599422635711034575755065613730888821607
143682854436807671477637898302726746555391245995410749386140123904500712801
187812189969777236751910523444197730673003324266387111115414341878256258931
196937352816227326252382087715747014491429536980927261791002496819680014162
132873914860728471442433031145240453867096263262987767816739545054171128657
133060205066578532382819378524138316041341816938937736134908004130635080309
149205252635836619211894079550852844475089251128776342811879142339815631183
90491904370376653935843366930650319673961297655428578804917734047474534227
159784577810364855306827890178084964020171208308859014796041255743404657707
180711179088508890952107096587113197200181912610603236075098231377614553964
127808757598960824690349526700935886537914646288321463001584715892945994104
127698111983096671532650935145196895616960443457769313818986919475364787281
115448515957674549431170326210659413561748474757638228157183763811893327926
87301549141690109155642632569483485253503665111014460126222495670288607346
171972821325886276350486597111693412306462637772312546013511083743690504520
216165457943599957360849792454407522244022862244217631122266497114461847922
76672665277248660982591094129485182555714673171164927276306245674205472594
149128977264461673037739598576910451475074524048636468244313895366727850575
159813153790141389018153883721380468322283284204681783265762706486258593345
152427773591599510201208273802142309055637826307464161124537846491547003766
99697167303762768989071535215686251425941878884296186318542792653725263926
201939474164729061740906444679379286280618000994285674615278496661281465461
186313970876030231186157663878650082599988102267294434854386579183459003713
214177995647476631950664338329990141245337932989703739088434177074631893830
175665443178492082042978478729665851664148465318537267285374046797545361729
76273070520228855561679850766139430483147832777396434890595871048745113936
177266782939858498222417689640719603192566663900568628764972297290685183607
196619791165487032450583301088180480555743285354645377376022823231978817910
131231133377258489478654109943935769067163530570290870077242121298697733227
191662957305387591808444745376369098767458354230157196900309335470396368739
191159562965061138413276581407757746941514209151802332567650848372566488368
201996223368181211301117436641638506065372995587680885780394755298688650610
179046271453951264187310130897120997830831577647034614344943450312408122447
195149635801992067396190457273892774407565059052340858304640463786173945944
131232810374725774344963596664171325684497233511827212183044286000133403725
216275312670735880068814714177602812968940713463432283921694553319672410163
117298344680668483638182541250695121131599110117127055129969115002482868807
95971623269180401299485953853480170566526715489058807813172690102375565924
154214896306792816170094820614680615699650883441041322200282917069072444212
186225113001359024329748663786750880330765588314681056838257743877712203890
147132705981372742484479284443371276538633674224429984646158050312482079861
117207242804241121320890812366056866145893894686240772977535513981697414761
85301040648175946676623272486771167814513464859610179989733268027612747329
186267335829659516944168529025343322110428602107050236160240519617933492564
76314155573037486589134805817551871045842577247742054169114850763820191566
147182017822630918960532372591184004339876008658190397594195609671949301559
88669005662363187458966732961597339698300855137386211051830375752661414713
179039480519167990692122980910517302893715164393164126969153763766539350873
99546591278159141316845166185753852905654059519176742379713418134910482260
189835322076770417698666222309769588678288218306606444958354305930991464056
186066452655557829432388286747266256115427141406653706282257903698238465391
134978619464401271760181012799844046631661049897159640159789693515942423858
76811402723542840909528175297850080167307065063411859915340786741176332355
118739428713186628242152690121404313785398600325168027772206495189500580404
198359113286912161541150643656352182318825585177399138406115989655748030820
184113877569978917363261135244655178482316987371057864611413537260635781238
134848354678996535982996468002706678452303008949070672643972995877984089934
149039123548475065442020710127110332896058754139706343952578101798977750905
141957500857171453251515951380576572434493436425709469396412898745311916920
99462853477276328942254783338434539093562199216621173023750037653655541297
173533342139604351960709579215944674635931498921179207128801748953307901050
214260731083910639145229719562324723343688360712006093271564282789673392206
151013265119435599954850485276497513130219858347698296440814685371140040811
202023968084745777029401213507455488762162474848009790627213941854930350187
202194996830271079426313480844216235102448505822085181096862414273306589008
101499274003226730291760921765464869020534443448408484837459797670903509840
177515619008303881140671551198414867105995564771627946318801439148306954574
173975185424039350108168079186803136595120037775474897802250290890543870539
205694018693279355801126570526002308887717728171375200741446577007182697840
90801567688118516299066759296069629196181195535356398578395006325201463096
159694476417158524805716847040043961107396748366952827786411817329419629423
150515317523762065354589355580331952080380784142094498385099878574451223906
142144356040777699489185664470733443908638904876181883636606583582493268292
147030307268239563183140618625108081561873209858156359377438137227308264515
143482351845978714940027542441765871502823913310102033337514856626888537937
126179788143149723082357510014888350229198631937655235881252289630832972393
177453154500639409927880368997559783114310469138858798290030711240106853227
179060910505467840600603363009454532817288806364450918550962152574061474888
179179210957544500969765552902982967932590265193756854191115772338748936301
83651846490860982867902454995422970198164433110206705630400787264476376685
202140431593457643524491368964216926665879545842066012129229237530831976047
2732767835466667463977609742012568800871163252657989172541
24
