1
264
448781305617844504669482776777582790194102977693094008774827009484405393938
389695051316558848801144080339178833232708040250861900464751765610689174261
300539835271143258342233981259762700753295553813812987859673119673786320730
249043782903303225343196456413297551149429733294520653581185135229484322182
37743444297103385959028318023041718348013623293940906747985307970722248246
30890685467183974301605231377428312936830384189194072305832901268816233821
270335519337615442735434519627792554362925021608684062899538898470381453667
184825695435736236577452800545381066338404807429350063019155321194257980065
451803895625947244971500055424284944992970899068898590903228352781450286144
169901742007987747184195635920433026670293660800390556631481568850845766451
32740385065923396357001436657787633308211103866927360633820570870964498911
365234166715055766963691655245600355577577666492414740721565508870900362112
336879718715892206368604098143889255377532935567492203726146807961323099610
110271933597138482773007006958375545393086986917157809122815648844668115479
27595127617102446608128476212326795449498175810650475012658034933432393148
63624677759576563522759288245603501006756169408909444378406215296720739540
390383153783420485209512368506330484195914972830215815102480833939700563799
197774102782919985192900043434460539103434126035471121122799781767904653265
376588442751538084053956648881249065438572075747974310204406695014851832798
203948897963858139810957482573997188346644729467675219348938120325963542965
114614725674789813324767292014206193490399250803933571366598190626895591787
362173011177360585513782135714821372728460676568629475428014826683280765858
86543590699207315520183491080375987174573509347275504532937712424614247021
373562528040449457299218772196154385752143729361547075378391863293846948494
9662861791459787319207001832525832893299592261655409149133297788721653356
170293482204968828029444401035306643439465188486612988666878055065864927103
225885676350065267739387715550642898706442553325864998466377175010105517253
403682099570098864681645507603309469370115071715218515688481785603976641079
64053827654705515310244359113718476975360323383610870017283214247128135697
195401929681467400482639820631549132369805352378779602732695905574310106178
85897911161651980462355898331655317930540192921852017851505627700427335776
339143021272893016764292908502933560752899394766787244311171227513769377805
207393636974841205501270187226659912565457459121025303313926230730626931487
31202019203766948480366540292431874039691460690922414879965912562260420683
114416047246120554641686684793241725533581869516216160113439476840394885866
101006033822370333292385031313362486531928172948138034059291247354475685795
67061210971071047466403860105045341380076586200780546590240449768960380787
6676191181599295625733876811290697661360518016008525402195743590958646113
53408933708264400721778186583417542553495525910765047798673223902659137832
289119040606150673138633268909538725141426775605816010693230354156709005014
353398025983159237995636233037525687607759677192890690328021128511011571063
328528489820938130156402713675675781519322843182159857206429534943748094157
294804946912416839819927600038746722090220294206778011390837749394537992957
73378533571049661474544190918565624070644780724200232801890431797142979841
302565342108403774609019556579975545420738920933353139854292495429326852182
307934096450772979900329961839099907696437151738643223908747962996442729767
238952462899087250545853819424927520712867613085307040561521790915096301838
158021677292973310994443117057199432058276849625229721937121758324032037743
35440548673695091817146512355418756081859974667521091140982805774537450906
445465496486188551804498911278752468163914129541250481616713366525756175770
241715319268147178529461149299436465653119452805062107824550104800455847673
140701734360236039143819057818202311684975217686467160336562624398111417126
439720693308504297756164723362545493532244008288529037237720881599707893488
424238763150544942833012085790679000969684634698619447370267960644885008455
2668511768321330675039201803469527369501940891703503927370360388405461420
363552087037722628108185063803459923509183653314647551441392008895838349353
79011114503482654025417780152520856983274833800305817192603531992410148993
126843125443444815597623482904370772863846877687274900376553315517417621822
118080265941710522965890470225350397764475400646652362129541983087460316535
156487796526919685653635749130887706229101843450798543380790354064232440931
284320520431439648012973435441746045016432869317755990415221472281384689848
27696943364550532727155561332412258005449330688787522178491223175555056087
222923577807034845928101391830917696828608662820309854623307693705227936755
450939166597995102293972121314005802969670527106149738586462671805408588102
363139565337944324624291783583476333951061253654684025218363512424978557020
355840937606539594547435948131633087278217972738737148291553099918361285008
228162334538832573232199614159741586071144462038783372550347449245401610870
391454560925651365878649883152807729135856647754887316729623281474148249380
283773566831968174532367333453313052049636536150662858766049527958514450112
262494230364301424345231354011897003197630529728287164177518817711011923812
35013391371024060553347335458132050901550814401185621696277418455921531640
156227589532137402822261550715197646220834456883407265130814331788456553626
268694798458494875549538897549953631575521171550249080860362304632919135358
197539238525280539639119674867980018199360873473631370742123148382657642575
390854699622978857581356757207950132347686235968161973652832183581595439176
188749761800421907310892745447680373447435560554160972383891737803700055191
268848916386970485391061924136688895996595744018890225241938702020276629951
166396275947614189235176144911074075114555311033090774602855349828849502027
319357145013267564417401679706760778900394090891929647798346038593498555945
318481586277700240139101464154222809076018008119776233602736246791580912654
329859876999722035276213269326241060838681408579642783515430375703283186973
290681614796930407671852261062799929835076232886311065506577699480038069374
393922534224691062395085817648000827930220279019310965406568602455879657867
207072571030212715504527570263667865348448060885795360941574846946521579409
420183081704222671550874461677985010546169433263322387591708796493044316900
422089304968620063441600296375570189010576753180191532836962173218543362987
361161016855609374559364951144686406055091104534311306247867206863344586779
127108110545762736671312835195583154351006670017815578168070499201556765526
239904555973010502081298947546610569007145815418614365521030586185970634404
9719269837731484332562810523089062982789188862693259281275091943479119108
19900604210617607256883557535869070771911603411964201748371288508781673482
145193163529880852890485119831947810256532307751672179068020508227434907641
339308703800540112669999440570555329366207338494495909657150623497382920983
366096340427695691925596122816251818104917003781044768088156696167600685752
417125411163441442283190073324979592213090894396499228104944082900040430563
275288033948215976284058648634892393438214806660879786146858822984917286978
347011175335752127626391835901772453954478511898856118966074744756902581121
26054224309507022046106444715588256874037257406176879404978731862646195341
365995331309427673942293909176698686441253795688526277104439741240416476881
223194488743692261886608447960016657788055151886168060438359967496182882939
9972632682201101022377573040726872040002173731710005443288099341975649392
181625635729646222654813970096434148190350639814762802376534212718949080906
39636554558420958530522991317144506201654682898085067106502432232160284795
153769580972968190198639860523310561699249099728960919993551005641070283970
349906459668446812779403160085057864767921151239194899639899640525604460292
382749596158055664804845851668504063027840274532894087834251336161190272064
325454130441807867363163228437726613511789358193798051579828666338179513236
40142138499104231873933594362158735733769811036534929219390788073598444616
313122181645112769366234407217187188724185191246230534068635243900419874558
74950831610740034762482382632807722119002839634206546505489706985434742100
56867348161431256954787343850694993406949193430961530747134690645277233298
308263043423520065016274780440508616261129858229702127779079543743560969356
423813224871145355952083776914877180106823201557956647667032543602784420256
311805330646634033699147405093440570778482121076467689510669512062644569978
80296394547288393937962622324720310023513130411630255161601436292913510981
443879042553970750500415712151203487830621969812850196034462581160161716551
288109316739485689728444112902867384990571792201565708190628612990841038910
33974497674812624083855241832896086988381983494490074088583083345858570808
127484928113650059310540533507574420332035657171209544955905654028716000782
221736672839020292474862138497817928711931856602710097253052089812878834396
101602362031499088407032517984435113043261275585566606091376845436688417175
333865938544975020020269761361881377074937023481493714228940314607644866685
309645709095435110833331962605457606606780182757761291614290670185090628956
120552451798759118964104802834443211183973371380832028648245068703342941564
249582440750093412512619089916929083641291040808857145606536618824804846541
115292922090144530978924745391724730658639702135902722065871400643370158809
49123447661496472563583548814990571292142572719095267697855925568634310282
286617919985790522154819552291709848876516175519204155302125844888158228961
210809470750338246431064508741837859824109880271990152883882351344060212639
249717515556879737597792297112634993918968718406008558664223280956178152316
55080500938366501362945449510570496870870083736730554159964679581648215998
220662535894565459533417265970325761687692708352043479035125628453086275346
359146457533100599493446480930194474974114273871904622902410963744363080727
215570815431873254665780268846043857668759146537788196621737181520293473679
323230887991249821616070576890000433365177787938246520077750370743627181871
105026932505069563111615916748458948963333388965550898347576117583095314088
28978918494504281378261556618707349885552129877427738689200084923499704827
66309986254719954363215633558765748930867706936656354734094503797649595704
303066318642924942940426596498521860878054938701027632492667446080474607246
379293432147632606670165530171986879213698744844915530212333553516318797144
374504350019318220102535789297110542320876193605303961400753693778928521276
249162471598105363938186927194017402892321040589056282835886431160294663802
383118718262916150316170034823246787883203154028564590684711821274403578307
281936397164951376456341672575769942831662810042823234183414918570932235863
257439654708720729133311587380735211882823472550916978664005565305037784154
19609605296594173453528625115827036817023070645619160238649136182398036129
127415274053220324786859349372125311633112779160889569490622929285462431960
71752404198528602386342877833946854818725066663133832942500443405503250445
136930853883367951745253998948283556218240254881229433809278275942306113904
406139119744747961743425048172373487067551239410204971651215116623788733912
432183853449170524315439405853845012385373255008125003981514065821483054182
405626948324045691234993942165255749673805305636791384261767278880561060727
298388107071226182814108588415403190518907034588280378014643950922769735036
197462923803350667415105773870547523008044271843890543623700087415944887218
210807467460989868303555452339572137599100959380598333669281581964165624280
39011469441171667771219539092843857846063621255373636184125724186928695404
15643843975406375261900693996307853705182260193058124915458988418086571884
387618926037536097871164895114195931160702145420846978461330473184010520654
26922654948008613741412133062251630949578912026320799883896813550478255738
70861238784921730676705230653678926857270460480466460457436545350132868176
94090102200589781506205709027159939901523514349073409929012759276653301724
220471818447423172118791002082532351973361637736735832069626063732878293244
405042095254222062519196186893453715499315241804343093750242123869695686658
369890987593701844238641752464409583523838561938104064584605259514777017713
80689647352159777511768447641428181692038690455698440352327080120869361796
167614494844916391612725769903802867487611342252255342004995942835343437819
429687599324911877243973702714002438928874217884695795164956681484437966107
319498616965944263774277372195066591830322678023677750552082339439981263140
163634598065041722741415372330777323870807914201872298062366201494265420913
256790730528431558353241178327411685037580736055299427035612178309723132114
17528751830578478394695890801364231102816025667146856344383646416703884769
406640975583641547209437475127014160416503885166990297153900570584421683626
54213311704119768770701385738923234760826030841202262017729456344983160534
225546685053155780962435802326812773331020306746061698771740976097119164683
192994472934278911910992849574656200295685673679547648567626306536060870273
425167254973409433843102684708772015544593176302099479843236434849813964331
338912099698422036775203051975324747811760413448301497454657256562359099686
410714497658220760138887303244850693939262147719589816468873965374571615743
203259975322661527810139754172220718278098170427202254525360046449109188003
236002969537750264547056234145567641922492231248598777429953838375510211122
257553078227524295713265203174855572400412500891782607251394389457238781612
197751728618059905048826058523101598627707005918222504286354151837543212546
306551516345448794310004274823626259638304274029355575711016865705309506673
39682669935236540312846624669421480661185702246140931491979171694798545384
242492738775100039517626862673398233982621966106278065253849271785556542513
423360471593914774404398723816241250842750123636953517019736567622191361267
110176822888020202510396602845337237774512458493207932911848969602248426082
348962965890481766382878961236184224946347436663626055469525584191548694996
32657647242529442264898645326502236930822615501962023090396862988563381243
63394928510703048704855629991422029439237448793286879626109468579938966918
373106067657195154806114612238961313319382007974590027082879958796018122651
321971431807038230043067527505321125392804075637109702275853309675802869960
362537512317862837920072804990127218059403619056187727435181038932357602235
117662448394535855980700037049743734106538802687970088319558281060487399640
87307271867734501085693586817038979240355987793164153235327230333310202561
264498651683184349448069386693645941498420091187380000144601449713855014037
69276153270492949096819067519882236519104222637765935784750303944820022133
375747053928399362917746604523153713828212519462797889545801163701825420384
220536113626379587561978707125467151710606060869843973170625682264084768814
142544154221242114380526540412763114673129665977814719244371457465273422950
59380525687154341254816770927571718702877845403968194464397542789731621302
409027085911519788287231028315200278036764221274450134653740608385607701641
247697193842358333444301466146088500295504584300958810965073230890937521329
133003265470800147171147527635693692966114623818998244491473792750199956850
113081171434259971045566128598062555995905563204857197163531598226040706025
137856525021584371823897929305779573288943799603578056103865652450919317736
443748455710371208481484134625800302333749785703055836078367706243713862664
92281503670739399686820594393782369522768925376450551590431693044447358498
141365168696167419130782709729099659371644138838675380765613888463380774484
276790877976000663185290793000463003816912109295615143821422914129863852219
409355811773872079726381708281485258104634447774150990670890390705990961315
298372918215337737797337541427309668753887368333407407561064771360115003864
405394438636255048913463206061346441049475110710827155421067705763561439570
16473011683243546688774769018122220118108694536438802522389190313228939096
101712918997002711863527719691288618424807532102934950151349612826577446273
133409374549966682914073308197082323190198929775964692717643929233031503894
180632241278357618816709586425661665494581285693100170167827862161284374682
358838890052092547331983156746035742566598581901459734222029082811254041173
371891507902009133590425489459952040635625318210395457763479986060204469653
110804777031395372444512443701982042224299417927846689346238677656698656464
92004536186210844222156279519546264470233375823689330642700122293514302309
23853933825506407367609644149037705439905568216304792402206162934213729105
78120402390878113284544316311152452541123821391022602445065538426318320195
409289486332018040587001056004516009837829022916758746206432465496381748520
255784975825715092861581148459174552622179477763660335730584386613886274810
431295937829604569879794627440741624987226586129792758762422167299968376014
24896401525245384822285319940170630944118744908003088625094751021184650860
406411539545961710299061102016956028706866124198573705249793070671575328296
175054213377897706010887060363271480470758100332799269671029603251535696272
82786550630605472103918800700068327935860871073955706897489408181194583262
142324481743923005998200355602898046820691008071755866392264903859583031114
23207592053041396408965018890510596501207594509548250570286993709471056447
310714665299110803785677860230274784301469457456985236773210048291670234287
20154451656693203936569274557621260894428008248362104487897776243054638395
119305202894645645454207290404487940598284783182653413577184752008469037799
54872339327792572009253997793260203065240553400581723042534129900075343112
246009581275310670821945983800831135266197012479990467129445365290219222499
53616061773682674963348819933010076752809080701617545890853662462999542339
262934708774373448272313804004737028762703702628610917514413585880996707802
183948993682312205403820378449935332817554327455670448736112207391304177926
53480814833787331364247012172488167570764160308577666729630996958587586513
80767597162952053448545409373586424291753089405558401293753926395327468317
392822204308950567483774577457938602249563594791533878200439820817362831136
322249372998426769677430386278826446834795650454671877498296710267228378692
363558118419811987426187751373003130763570442419366817938224214321061343554
254619884587890714048910168381827155242843739110628070133076244800746910385
203684883903013009284666500935033426570451144252937954415392686129907356191
107409524018450050722376887622800001521693166883742110721195401908502010944
15389410692536512138297922823514341602746068807570737691505453925440278267
151644899304810258622002561922721082388027145217528665957496563600710764181
198112406125087466309548763209506095299887904565493002395048427912453638930
361633569234067957471390520565663460453235703553890906067080717848313296196
399335623982819347129922695125409371075804631226150421755914740325432925284
328516424492484315639011741490741423232049747316242740663632696717117004073
54970867402246614701753368689251818394081129967115383410608385293325182789
211147963810824573903013961089932552103974539266430403210654594540091319803
249335413692388919681444650576578715693025651137426970004107039892446421151
250558112640457158277923922546947058372302783384030844054676514408989854017
327622295949341397630416038376800830583546362966895193923575924993075918550
10115416494540708227447164820053714057871710150100367777342949777735271450
190803823538811745321691411800382820212183253172627401737567557835626037015
389282905392216212562599297235808284632406618020749488488736424731423091619
36392518547923267589630761889820057748465322300426214626222543539536249645
311861450048760134684862610665552504921125107235212612689995886263403466634
38058793341410407
7
352
83754479749722307076960877190317957163016562722461780677957105045139311461
214459727618318453717072286260539048545291167378207247751605060290343031349
198704413559190679947242091018923447708513852764513922445569146799317666126
178832940034003991525567024643528898724185517821140016615237199391948629089
187840124370610158581911316208382579820745905222643429758001692396901054008
209056226606526144491225835714369573907875418101643956499558769069717081157
150723366597478537770322049642116572104057515245484132461609975348144532852
119175241624846748788873013115269974663973942157842812542736803668363073124
193147243172865524421424119609507035825451948797957728935504870853865001282
189723924431888127980051397000043109587581031433314283710833994444988500804
120705810224969514665462006544397944352258754968120408793546008553329085008
182678529588509720902440205785250166356224672403850948522945225209012179521
157714695666225978433597132037237219019413120896211944996482603207527262768
173635683126380893880043536741917378211639621204957795461221371296989275954
185858884857764330383859832650591877813586005857743702861416656746732013897
145207842035483590305616173116524896392369319838906355266123070710649943361
209270932451797353348635114161207819728137254516726080269680482490134517561
198268656270566073012914649150566972612856837105329162128688267287503655277
87026228069391892875959528906333679464706924604627950592137152476777638979
216087944628206797507325368929639097799061566216924068271018879541220356664
131197329401234652823764162413557307315511913016264647333370792837421420118
203583192909350794097745412072185024978907803494864630468674158113553732918
207324181440282395955909561587671220564678374541161626870490837190649402743
212416482230288140237781436983975516124329610702651041676903870088543547218
87150540505228700713663906207746929817567259788064887991309164587162892147
151020058708058096303715512530314818913580715278054363881147599755548320376
156229936124339176366875595564690244613325099855118099397694388498065346873
196680611673479043225397515792833881676173774048747428519602625507800673394
216110644394368722596250820949246949766555842286776526371245245405382978381
201795401352532925524357793359561491232162545229613104020430651596354185784
85258762504679384613764126528416678730256622801339990420147952879454867507
187756545704819263612542398785229000082224954998708496971002063749085884751
117222045294703856761218972028140697547072990458963292986809477380083045705
185879301232562805492747894728545831673460532552140845754843819551195682680
202010296244397670790834784852432525241038571951499740193466680048713029220
118768117865099111907197113980129479501626700485434822640056696186235343942
94142795276305685059978618844266182052889203879899915013848954459675833431
193065852563226229918587290443924964266435513010904978311490515874153379182
202161945433075884255456176783467005659673441109749090959600415773157704787
135110967418501346833150059531526923734289250074577509099122651542022869571
136559336960820547852581119670006547167029008681243414137232031166485263449
143571431111440775499054121976656176443053328968793187655569349959211699277
184431544600882976860605405968154890549002919100137888490908676778931941987
180979784386522026242967726211156492127317393944603159931094982091289031526
122584785815079246948729716457562685121317878178409437186752905183996440650
145615719178426291598105270025513422687865455297796010128204566502914272065
76583536754964265736471363711994159973553364134585076914940428960480769658
127559916994188573362404208693870694603129409355634413882335245707492353386
131452906959892953119841654877595135855776186863144938459080742346070706037
97730971782874567729470959699377674351326436862719296020422250211646657907
205432377562907778734653157014485061151912943227329776255895239664873846378
154166531524544646665345089761894460975870428755422523156617743758548419951
196494745682460990244059836787358476119657928502218964121378623670126143345
207536975484032062037484189475267278168881282539339311874439882447255990113
196963446352094054480732095633889449522129746519821793914688790935947145025
85196457858075055761620746229667838484539780008796484253875200114564295246
198690528341748438724170083501543185252117806146141538979874826967498192970
101160898527042067103700062976213386536981018973497740238207486808730190949
131487143240606838521375564212511119468917069788640158256934340099507762291
189662128116709979312413938608293873477660339631060832204102989132301156951
202161919201252361084896184872114661043925605271662483774999142751569145675
205466288130367248339254433551596942809256398454377853963854470621892269362
145691802363200683572024055449342928473628530976131645699496593674833713455
127781908867843769480464746432915329427916616580896410974093831840062721654
124129424992205372918603308234146706251096896258226095495050628224328033137
200388118264221103232640841497804262745277877396053382824941951240966974316
138658790547127735886994173015941985622190661424866986271546138061989632611
85370648394541353068187273963938259999493634295882512722600819076972885813
148789854190684712878961588435817671394109252442057162648545693562162671703
203879917666726997873359077288342238468576910988165734002352770566961051192
186115281128566875367234121170789953837460199386373961299875973925264379481
198282466276133191541954310593807599410127403393169958874221764268990743112
115461347944887144874091148442424522839619500567484717588651131027469776979
150481773151979452707800052842260911400170819044298950544960667165872712515
92230094675506150295472603038576507811339247150246786463831558954187776568
203790652661783440479782273095265295625024106678299705603628221309450601282
145270988443174545339126173568813903379437616622310713715620883002066416457
178951695337391894880860330715875755544397326669114746603886019806269615973
136525797302862031289643914041323719831300439758486039758334609887754549039
192946603140509629576227636779384386009812221414951955443034393344815354474
196668402280974155966616242775702332450799384461279226892993194755959699755
155871046678426099952930776233384564154856371512603756260606934167473761145
94432829947366144728069031905538324473296810690653070338204354561165112950
186039250899914970980357720064757753175162033405054552771478384619127263354
83886688258878128435674855889169408185706382161197112217554782508767406169
136436535883478095100533072190223955817269469026448247339045601417119018819
152476138045884468136700109532594767846583615553961011839450558617652326984
85279740834445374874524295898536955175447178234530418487655584948506478417
182560125813970930408861826913503933312631714384268497288638310444419725135
133095577249997782675603054711134506214170149220696039711060638595697238377
150646585503684659130735617432053062154678217129211678019283562651145487937
97697381889000447947870438556126369215900187058327376107090080760244483905
191332079758704495644428762797272709531773856347366750795612672294392317562
186364224304678310983042189167347724165082005563749311659003956414126698352
136574164930588919110240144175422309013523120482231907338108061546588949575
120617701026523487399048691257635739854286159662056737884275779848356854113
193043960220665976511106369291549752621154600041421366895244697218396152436
94196497896046596057470665534609003838782868119919850938391228137211844165
186115630868701519485448337071185283407160236573185360415978904639328893010
138555450341146172091849119087274003140841989484609280332885431778923921993
172186962196174805294146470504885970006050568469292774370108066249757386858
143593917479114700758196689673500639328882593366024220734131539673724317513
83859000170633656212862949324052847978228990774950824461940147759885020738
198634475558566404571617828265476313388376159878748546365302491209290310732
205480071696805383285417027132469503599015894861558438903209439022225249399
194831161125710670235434049314648969648214214111293060087691026869683569505
173506028018230527829650414197522257344804774827273172404900329787373991273
96254782091193825024023255218468249810880773300572189164150049359693230180
198393000795416189998813553930134351689160340165127116847520932315038054999
136794858525464926657166145188432072899017846395628233095400336101215664464
129789343560753029808827341467582882627192389771109073966533181576792458613
140265686171513492258806057647582974008364898618896942731158089109308058450
97868582093963595921386708210991677170802953394840476192962749501941692249
216013484330191834291620314018619792935964324706603284665163696414192333913
203907361322245016409818235044495765438638350559826158639565694457335589683
150687645280716934265314636574610161136264282453291323410698282999705846114
145207682901611459316759777511893053917855951384092585213215606020789843285
76563106372333977756069100098140245127406225649477140853945592314925828664
96156621472508825912193471617739386033159152533719442531448158137732713771
124455267663873557208204521055864853606353681006143277946147369533142282309
118712151981324120493838221347707270198719250680757641242979289329417026134
124199251899826474131343821073020368444268328356562894865704839130121724525
131445171979852072832783995970923776585176447354725936584384912074466097481
203568336820401590350186914239368020137908990288036054690974482462650355032
216399545892042345639364918280329913643060698844533967325156874617898485867
203576994678352501037689190284318433134787376513874879186125742630656698977
126014112110041243600303357045043470654434318570020281867532539224061391691
177363704256601217267857100401698144901882854329110943653284347534300693059
212514291849170848043462263803488757124745551188688098804129671340196259416
99462477309983298557303594298826444097858268975585585676683337586745111897
212837841246721424927496909581431007356990465092547797627120793105847969091
196701800587642392333855146630218097410961514265449035980922410665390520146
180965847484109731703756735680569849069099128812566230093461139547811375982
125801424867414644607824839491646686561456809126631481755302941644780369967
122474143896570430595867154004871254100847293954044706334888290004161615671
117303872637519781841270675841688089416464789101810593432418620837603195211
124433073307819030123056851524633559267587437966379886662999271574477500744
191581298459739473640076065019362649054835115661984549123471532433388692276
154338261229445681648279762946333004033157192246896248864427577271566748529
94334402982822174154556679809927243969578203947519484474393553901683499845
88861829540585246577462046253531994489373110895076557200202053157728505913
198455060063452145786127336982631829783836219531350707316797886329469100597
200256284521961490556315306279913161774406505095453898693555223770631397954
141859854569272426902764176330284916498271678124827559000363105938125771337
203769997973395324011121948666175750738821118614589632399886049118578434379
127670698786324116977460561792492624914383754726028217184136428078273476688
198668313455129019810403424818923091660663090268480099012086876730718899062
147002949566034579524423688297717453734608361364585682761809676006000575315
202182566316492126168194420465172556974515085281188139726614620795728058930
159494807769355012392173483962684932513538763987397661456926459236726565424
182588596772343845512069166058779719094574698769294321370391397904041531747
214280410576682655948402450737331625681060355911300957451588065909780866102
134889703993753373121989299008984032717436593529172917068482391934938199148
145422554834533558407029769398927745832774125024765143155899001515644115557
76300728156338449162422596104852093127277338259949274446797334489284768587
182726627916280836714194912731128741934030130014898008773843418786118592299
122757516401749165312367325842939151998477966545048166834047583685607896120
200276743249627405483393091961592999241840864890676029938393360743395439725
90490988371471899015173559312291979935804386652864449718908685731128367427
124156925837502908716369223005162630881495478755743716758952372594263356003
140197067717299000930445728616504426113377151343425513525495977884712259188
149225416974064741991500381514633123381514289025603326450556749680278332493
207192751294285418745044835981034758206188632425956878807902586032164861769
187812678498223004201587529012473831912502232240338908797270268867436294499
145353864263694282100375467061943413882071945475930626088871528402499556970
188013288198176881440629492971849744137015564786787699596770033127159592282
191366158095621439181969166791135205701913324704496575430402596946268808808
131480432934336529856999944805653042140813293303218928337579079360168686170
125833995208299707391092070385366979494705474939396884992899441517239946833
88849239749901133571089342471150753633105169299289944399240294372754744641
76674180188366384337732758482651812721478106474076547074190301773415541353
122605302747029372883210085901489500931676666674618106702422660860872972134
187881719361647755573845206078154055783240185414075852154746564422373422446
177210759312135717694857178986908652638943067464500617523466805091957832040
175734566495172626045229701805371454930984755002530502313328364626266577016
212693770226852767642888676017517635474815992010738125034256823651503858515
214122078198848763937652800427463483786740805147296040973713024286470068853
207434421625202284433928419251543155308575690127143997010684089941094720583
180586846868322794282419320137143295755398211890355951999436933480653218417
83664757135210133594454533729123377156436431258165867986888011788004964470
139934807055769471461063747359808533012707236368508275817646889527128700214
180890948422923250108530276779541473787527680980201918275197357322897149241
180758716826527198970857504512298931110112808117163124996988871511809470807
196633565804277522263128127206724819665181744009899639386169945000482582580
200015340026328409072433095863505316072884624631984084719580529282952671604
92175205607142875339503834308992353900915897073857125956369568454552271204
119167101498136411548349799198058401649354103090098772174197005130002950497
140184530091178996481935238792044327960412838025287404964871254938099794232
187847159455496537630134796722773373835308416963323003737885104249483964985
214136876473414800584282907295413286087791281719094482743929213440104352876
189793018749901483768674999696545141661626596529137709709596524755180613425
143441404414913065753326467695431696994540130728775691357366059122912343384
189731256375728007931771241973839066197811719349924969984002579670072711779
181014297863119944061572681929066856846757018568257789663389581686472989029
179179294067833641250613974326828901696769643799013315495314292112192796526
115619410427453969039386712440550050810092710792569005661489303645192350297
133027501592808518349096685313630140772513821506193385549822813373874391639
101195461507346139944329319219535462220947420673751808954608104802760671843
195135107115292342448992185751028299705424006333737806761641044394731713881
142067523669692096972537847765778520358712728810513025775937039007168878681
101224143832849286865379954967870864238441646966279340991203445987498210166
126283070418624096503624721525825620595987718781000371548341964059417540708
185984119390722185308762964851348970655652406738467415766412543366515815027
141951244759496463511551704371235760428590122773108559690054257128091824440
173539540903008845147471758792993810495257159872931167816885178733086190401
177494510540899741085311964747331016378602721923890118552044315950224733492
185997059939720226226737940902585944545166691521003259496328358564630001231
157754737205432052834687397028404181780353378859507637703973124800978643059
118920147548640888462349337345688854059535193117250617181064806688228598125
210816220044878310593484016347967129766503796076406139510547349840356988786
131204495144482395458694511802465012091608966348422006742254328028662819943
159509507674556583969141352579951478636191187750612418587260615401487358518
132972156925316224034910679349230967051253932077553842761666782939038502209
76652828424492246670137127159789128472304411664407594693145953073793552693
189654926434324747208911546436348588450904015733703272189478693608810100275
180896617499587037585356142943619779495670666873740671713864834801278282296
94224135437125944150313258541134159471958340634072248098409334705205628504
129540661939660823057135330335299968627521596153145271942197294999631197523
97868066794692020103740674896431038089239635932762516131989005676720836726
207565261734092511594099495862096932188117506125480526649112708552454072645
156284527689620999222904703569516091389065968909010724271211881128264423273
207558379873280658406729395532788209521490581312849296987772979483755244368
133227091216870225042011998449646440475337410407391128667779950077328974641
92174284349580090331722892846589138871727972796836456607682214266598746987
155994576741364620615423667845179492121189923133000900797401418859075817799
129431073773966210386235267989332238949241221075284833139397347436185990504
122536715390914276994674892063074857591871676873863753809865421047990544440
196459644457980870854711599086004036744261862474644272012593476342773265256
94370201473266989661575538913012431119057761124383636384983843668488706616
138286447153569847090640045559598680457379950345557325529952262965886481507
134875904062781731300808809295371888056699542026786348980359300842858767435
214487087970147512415389014078866669873546890340243744156071341480656595788
173733870514160802550772251149044622483681410994659922612568431197462422646
127587096815745536705711950565716016041452100855898267753213985656461217078
147209215361308344620227426729856767989239819426572380043991849815998097258
196454359801723138331742600303213721419836592942273490724591109475059320173
95908939493031043934235734856346174490484483736840856763671985128379335781
149196970218201989792321708664962006851838501724681813786172972402335238705
143413151263791147130276082235441406169815549968476418878433548704628490607
141729391893100241475733102852185830320404574699015695231979766739515699065
189738209622684019950562168526478367646707789752868547519514119678294971502
150998514446835351258625067089195501718325591631810913109611596029279497832
212418017895683848931124102967142571638777902458609272802362751807793477711
157784092910482483405042816111000185900915954972417097975806352453082904696
124440843865343115759376831724511377325479649829622168540820000943675819890
143586957386044541489049455155404119409357034169753857947216338969377850177
200249409968017654167909068835971021435592455122810984914296458211821236304
150868356247420018011629560068155887115621065306503235313583335884295731834
142096318674831544918914551533309288483264516651111436799797138427045566071
138320929051661001452341183615181116366089117870473132726943978366756744244
200262965238376951134723500595128150568447952490867488196057246406190320952
126221868913395197204589971566293453936071856616044977979395023259010758199
129278507435399161499218747027680737201756990662182046402029986626686308696
187673560660222330522017439704865820933107697434668066848050474729598112376
157927145520910296033570949361187932842961637523229518694791003803835519344
131122377991163351276105205772539121556325588803483144788895226527105107017
216136878742266266445294485770222187784014516559233367638426581464724616034
214086732972320941950216622761144913081919757967023121330015677481569568841
184210882814442457437940037261454622640804114927375641802478587535549550417
140273477897609826264694256074529767312618336969443018316969439841328516162
191497969579533330883932284959654212920584964591943343919463904711706895975
126228929067066159200154291215823766995166617908214948578170366059831968307
173926446479928733743997240400976237286840980566485644479164956981168071240
134896584561956472134685329022568922982112252356271476613099410766036105319
180758663013135045661625712712885970418281562277637428565476013138774354250
94211733539604924930834071087993647368578571609971046042023508003034719852
94453131111384038868941643828967602348176945371081680540953223858265729879
159769910018384071071225411344295244220271918430497744097579106276976782642
94003572413140855384743979634626178286029092735870391352175538637315393859
175595992479585997195505150255512522788868680637215789377004945049738835064
212596442723888943015300412952863102063365866586590085975857679345826942832
207440378938347840501353965671742145611844357204423462295475265930351957625
143565017381767848643440733192658312721860200841147615938705181229784197736
138637406597510237372577626993780729350851816062085594904943444576474724195
202169114143577021318339121994429789242516383141196968446191297887123166051
150549150480466965484881345875109431668403136824351451675883113193446799177
138286441260193931277635913775023026987644431918132814026564458301331105079
138630753914694915505946806611770634838675594848589705426972128465065429842
184265986424574993535403382765131500198665720182744458590070138037987206213
179234370691244626777346863534311455108349868582071283497999446582538289975
94016867776987290237327915211952084397943166383181061341529596448697839177
214322932967489131660984354751068643232702044228039570902285782436218561841
101444871023090317512367981259450084691306438032700218227757125994954450798
83823602196316648565646697771188563215991828086695147516226230870439380563
118974360298656319717116699492251345135309286661784308888502029583831422581
118946723717635635043858378389434107600679898089444970824571765707215427955
99726465300871882173593855285066305523024546641598174563637713786618458198
133033298300156411274702051605318444584235583899779981847664681703676526935
159751007514331122680696048081524436404505646329885162200498959211569638736
96239306473793003785821831953022632476366918399560815040676512317240727350
193209704813705685111126176466331221045813476490262386060150944781930416433
211091885063050711330342069915266847279054554782068115770319548890650980950
142137188903764955414659858818404888177943224679478986404096907293955607403
184437612384884045086550873847650104423845640648075296771209115624415981656
191436446253887426250221656395462915869279878232770640986077395461019091526
216323492937589231750620351324259401319326709363787677641512524440686457938
134752350120551303923618957581964559361271735838665963809987402710295464751
186099858119997387010156179555780821283291434531668282238232151025047581483
87315750821796196197554042721360523551695892086304769057927666757193189714
150887281580414144984382502804136465653549744588350500296304773534051236406
101168880693903538603757970332435793349791949792262791573106420093818529333
115462021099763248072592770616097245049507033149419158927428949959066923575
180820670883119401484270161046136617529972329073994407872239534366793283189
136504499780149641090156292872446409419999988534111353509775699413246237039
158079762119482123995477464628792648054076978417934386515331830492028618584
184479184749751651858264960327721616580345152458581063252253371091168553775
133073980108099714867737195265015931344895379794422849735194005440517732973
120934645295824205631598631777790782828689185008159063142486955464607491147
120720476023815263895484999341125311900649215689682919645658012287412361832
172160165559262561038233053859082150320681998371376639958345391984857080427
101258656252081568090834416401876374051276029447132921021576381906862166120
156299950990661479805259846419636385772123561622324492680015453868432184631
143475908307255105614750319810064093102138736239321166693495228035433327716
212396289214509125861922033554236160883845529566938465648170164354671850550
207489637053978599870024982401511137366189867027354554261582272548218949459
195122162571791138802096496309746278305377970700780233333078793930211481706
127961186824322593250345297952792636295800373217460226992376102052686479714
134889921454505047654751810466503846534647128306909167732011699114804857131
173892796571607572614844647075384001964355186016944575001651449983837498697
133253888776075004944135177385179205070016781391501120640332953414620769095
127953751158158706618076954859923779764724064476905771528529873735718621297
131424976114948773447329020862875193989649630465000820335204248322355053867
99332857992738782198166815738029365705659281313909660811155427326931191096
122486679637854681427823659324270084616986787459542282650295590294774113127
205708604868970369142705144794748956256713355188115464903901509151110346036
194686436537880375511016782647984836312836088145046950014636648374503109474
138616568550217981288906625324433526916847640637829934640673561192537010227
115309375760872923745598471310278893864558492758858911052318229861701798776
175251929096830388217293407418169117131297371353284773253787251431665460293
178841345642381282540430624066885459592751975886588377856361796222721489515
85404916603631293190927675088013945945886641726897405435537692085372155258
182684763314344454621481180740068689385601059481675031914814311482903443255
152641184184463598620589843116040012590283458045351297906452756192669413712
136422298167643699310324068805546068454482554663241193946882518369069067098
129816948123880086851724711093702715288611126484561690456253535940443125553
187806101347424736419336501544310646126578696948899391610819660393072514629
92589120097702537580004141199714311282923977538826530395641523883952271178
127712268256359254319269178209039272792005106951089733444550195069769044065
212568243242855707399711840521742532060038169375218717663175356136682959947
200345224559535901246413536868462542820553184929838099441903266562278908998
177045496312619909884091302758048523670025111961740834067078548334168991317
209208928246737689005747943881183771745943752189426855942873378510617986416
184528228366463735189840842698851712625157152696052360994204697435895777106
187770864384107687017768041671299958267810666804827438575264166147258805314
207322885271452787598549052203444489886096125164607578690134016070673196850
129652495903118094606282112201465776392271632192294859478164502284390839910
214398900822913224633698553513640132977947911137639092793040025972573435251
145477038691990469863408811672669245068098424223349840678814418849814952024
90594460218533034815968753093246425025363662994655317757228575845906853719
136830018933320556307517298425714115899707046856323423253917632552129285939
154173078592304073791163612147271207866888333380694360995516911385880060777
120445292374072414774919631669288976813143944223650776863069210075370564427
32334356281965090155003329853
12
