256
0
174762
3
0
1097953649
4
0
436906
3
0
1114730865
4
0
699050
3
0
1131508081
4
0
961194
3
0
1148285297
4
0
1223338
3
0
1165062513
4
0
1485482
3
0
1181839729
4
0
1747626
3
0
1198616945
4
0
2009770
3
0
1215394161
4
0
2271914
3
0
1232171377
4
0
2534058
3
0
1248948593
4
0
2796202
3
0
1265725809
4
0
3058346
3
0
1282503025
4
0
3320490
3
0
1299280241
4
0
3582634
3
0
1316057457
4
0
3844778
3
0
1332834673
4
0
4106922
3
0
1349611889
4
0
4369066
3
0
1366389105
4
0
4631210
3
0
1383166321
4
0
4893354
3
0
1399943537
4
0
5155498
3
0
1416720753
4
0
5417642
3
0
1433497969
4
0
5679786
3
0
1450275185
4
0
5941930
3
0
1467052401
4
0
6204074
3
0
1483829617
4
0
6466218
3
0
1500606833
4
0
6728362
3
0
1517384049
4
0
6990506
3
0
1634824561
4
0
7252650
3
0
1651601777
4
0
7514794
3
0
1668378993
4
0
7776938
3
0
1685156209
4
0
8039082
3
0
1701933425
4
0
8301226
3
0
1718710641
4
0
8563370
3
0
1735487857
4
0
8825514
3
0
1752265073
4
0
9087658
3
0
1769042289
4
0
9349802
3
0
1785819505
4
0
9611946
3
0
1802596721
4
0
9874090
3
0
1819373937
4
0
10136234
3
0
1836151153
4
0
10398378
3
0
1852928369
4
0
10660522
3
0
1869705585
4
0
10922666
3
0
1886482801
4
0
11184810
3
0
1903260017
4
0
11446954
3
0
1920037233
4
0
11709098
3
0
1936814449
4
0
11971242
3
0
1953591665
4
0
12233386
3
0
1970368881
4
0
12495530
3
0
1987146097
4
0
12757674
3
0
2003923313
4
0
13019818
3
0
2020700529
4
0
13281962
3
0
2037477745
4
0
13544106
3
0
2054254961
4
0
13806250
3
0
812740977
4
0
14068394
3
0
829518193
4
0
14330538
3
0
846295409
4
0
14592682
3
0
863072625
4
0
14854826
3
0
879849841
4
0
15116970
3
0
896627057
4
0
15379114
3
0
913404273
4
0
15641258
3
0
930181489
4
0
15903402
3
0
946958705
4
0
16165546
3
0
963735921
4
0
16427690
3
0
728854897
4
0
16689834
3
0
795963761
4
0
11012778
3
0
1900114289
4
0
11016874
3
0
1900179825
4
0
11020970
3
0
1900245361
4
0
11025066
3
0
1900310897
4
0
11029162
3
0
1900376433
4
0
11033258
3
0
1900441969
4
0
11037354
3
0
1900507505
4
0
11041450
3
0
1900573041
4
0
11045546
3
0
1900638577
4
0
11049642
3
0
1900704113
4
0
11053738
3
0
1900769649
4
0
11057834
3
0
1900835185
4
0
11061930
3
0
1900900721
4
0
11066026
3
0
1900966257
4
0
11070122
3
0
1901031793
4
0
11074218
3
0
1901097329
4
0
11078314
3
0
1901162865
4
0
11082410
3
0
1901228401
4
0
11086506
3
0
1901293937
4
0
11090602
3
0
1901359473
4
0
11094698
3
0
1901425009
4
0
11098794
3
0
1901490545
4
0
11102890
3
0
1901556081
4
0
11106986
3
0
1901621617
4
0
11111082
3
0
1901687153
4
0
11115178
3
0
1901752689
4
0
11119274
3
0
1902211441
4
0
11123370
3
0
1902276977
4
0
11127466
3
0
1902342513
4
0
11131562
3
0
1902408049
4
0
11135658
3
0
1902473585
4
0
11139754
3
0
1902539121
4
0
11143850
3
0
1902604657
4
0
11147946
3
0
1902670193
4
0
11152042
3
0
1902735729
4
0
11156138
3
0
1902801265
4
0
11160234
3
0
1902866801
4
0
11164330
3
0
1902932337
4
0
11168426
3
0
1902997873
4
0
11172522
3
0
1903063409
4
0
11176618
3
0
1903128945
4
0
11180714
3
0
1903194481
4
0
11184810
3
0
1903260017
4
0
11188906
3
0
1903325553
4
0
11193002
3
0
1903391089
4
0
11197098
3
0
1903456625
4
0
11201194
3
0
1903522161
4
0
11205290
3
0
1903587697
4
0
11209386
3
0
1903653233
4
0
11213482
3
0
1903718769
4
0
11217578
3
0
1903784305
4
0
11221674
3
0
1903849841
4
0
11225770
3
0
1899000177
4
0
11229866
3
0
1899065713
4
0
11233962
3
0
1899131249
4
0
11238058
3
0
1899196785
4
0
11242154
3
0
1899262321
4
0
11246250
3
0
1899327857
4
0
11250346
3
0
1899393393
4
0
11254442
3
0
1899458929
4
0
11258538
3
0
1899524465
4
0
11262634
3
0
1899590001
4
0
11266730
3
0
1898672497
4
0
11270826
3
0
1898934641
4
0
11182122
3
0
1903247729
4
0
11182186
3
0
1903247985
4
0
11182250
3
0
1903248241
4
0
11182314
3
0
1903248497
4
0
11182378
3
0
1903248753
4
0
11182442
3
0
1903249009
4
0
11182506
3
0
1903249265
4
0
11182570
3
0
1903249521
4
0
11182634
3
0
1903249777
4
0
11182698
3
0
1903250033
4
0
11182762
3
0
1903250289
4
0
11182826
3
0
1903250545
4
0
11182890
3
0
1903250801
4
0
11182954
3
0
1903251057
4
0
11183018
3
0
1903251313
4
0
11183082
3
0
1903251569
4
0
11183146
3
0
1903251825
4
0
11183210
3
0
1903252081
4
0
11183274
3
0
1903252337
4
0
11183338
3
0
1903252593
4
0
11183402
3
0
1903252849
4
0
11183466
3
0
1903253105
4
0
11183530
3
0
1903253361
4
0
11183594
3
0
1903253617
4
0
11183658
3
0
1903253873
4
0
11183722
3
0
1903254129
4
0
11183786
3
0
1903255921
4
0
11183850
3
0
1903256177
4
0
11183914
3
0
1903256433
4
0
11183978
3
0
1903256689
4
0
11184042
3
0
1903256945
4
0
11184106
3
0
1903257201
4
0
11184170
3
0
1903257457
4
0
11184234
3
0
1903257713
4
0
11184298
3
0
1903257969
4
0
11184362
3
0
1903258225
4
0
11184426
3
0
1903258481
4
0
11184490
3
0
1903258737
4
0
11184554
3
0
1903258993
4
0
11184618
3
0
1903259249
4
0
11184682
3
0
1903259505
4
0
11184746
3
0
1903259761
4
0
11184810
3
0
1903260017
4
0
11184874
3
0
1903260273
4
0
11184938
3
0
1903260529
4
0
11185002
3
0
1903260785
4
0
11185066
3
0
1903261041
4
0
11185130
3
0
1903261297
4
0
11185194
3
0
1903261553
4
0
11185258
3
0
1903261809
4
0
11185322
3
0
1903262065
4
0
11185386
3
0
1903262321
4
0
11185450
3
0
1903243377
4
0
11185514
3
0
1903243633
4
0
11185578
3
0
1903243889
4
0
11185642
3
0
1903244145
4
0
11185706
3
0
1903244401
4
0
11185770
3
0
1903244657
4
0
11185834
3
0
1903244913
4
0
11185898
3
0
1903245169
4
0
11185962
3
0
1903245425
4
0
11186026
3
0
1903245681
4
0
11186090
3
0
1903242097
4
0
11186154
3
0
1903243121
4
0
11184768
3
0
1903259969
4
0
11184769
3
0
1903259970
4
0
11184770
3
0
1903259971
4
0
11184771
3
0
1903259972
4
0
11184772
3
0
1903259973
4
0
11184773
3
0
1903259974
4
0
11184774
3
0
1903259975
4
0
11184775
3
0
1903259976
4
0
11184776
3
0
1903259977
4
0
11184777
3
0
1903259978
4
0
11184778
3
0
1903259979
4
0
11184779
3
0
1903259980
4
0
11184780
3
0
1903259981
4
0
11184781
3
0
1903259982
4
0
11184782
3
0
1903259983
4
0
11184783
3
0
1903259984
4
0
11184784
3
0
1903259985
4
0
11184785
3
0
1903259986
4
0
11184786
3
0
1903259987
4
0
11184787
3
0
1903259988
4
0
11184788
3
0
1903259989
4
0
11184789
3
0
1903259990
4
0
11184790
3
0
1903259991
4
0
11184791
3
0
1903259992
4
0
11184792
3
0
1903259993
4
0
11184793
3
0
1903259994
4
0
11184794
3
0
1903260001
4
0
11184795
3
0
1903260002
4
0
11184796
3
0
1903260003
4
0
11184797
3
0
1903260004
4
0
11184798
3
0
1903260005
4
0
11184799
3
0
1903260006
4
0
11184800
3
0
1903260007
4
0
11184801
3
0
1903260008
4
0
11184802
3
0
1903260009
4
0
11184803
3
0
1903260010
4
0
11184804
3
0
1903260011
4
0
11184805
3
0
1903260012
4
0
11184806
3
0
1903260013
4
0
11184807
3
0
1903260014
4
0
11184808
3
0
1903260015
4
0
11184809
3
0
1903260016
4
0
11184810
3
0
1903260017
4
0
11184811
3
0
1903260018
4
0
11184812
3
0
1903260019
4
0
11184813
3
0
1903260020
4
0
11184814
3
0
1903260021
4
0
11184815
3
0
1903260022
4
0
11184816
3
0
1903260023
4
0
11184817
3
0
1903260024
4
0
11184818
3
0
1903260025
4
0
11184819
3
0
1903260026
4
0
11184820
3
0
1903259952
4
0
11184821
3
0
1903259953
4
0
11184822
3
0
1903259954
4
0
11184823
3
0
1903259955
4
0
11184824
3
0
1903259956
4
0
11184825
3
0
1903259957
4
0
11184826
3
0
1903259958
4
0
11184827
3
0
1903259959
4
0
11184828
3
0
1903259960
4
0
11184829
3
0
1903259961
4
0
11184830
3
0
1903259947
4
0
11184831
3
0
1903259951
4
