256
0
0
3
0
1094795585
4
0
262144
3
0
1111572801
4
0
524288
3
0
1128350017
4
0
786432
3
0
1145127233
4
0
1048576
3
0
1161904449
4
0
1310720
3
0
1178681665
4
0
1572864
3
0
1195458881
4
0
1835008
3
0
1212236097
4
0
2097152
3
0
1229013313
4
0
2359296
3
0
1245790529
4
0
2621440
3
0
1262567745
4
0
2883584
3
0
1279344961
4
0
3145728
3
0
1296122177
4
0
3407872
3
0
1312899393
4
0
3670016
3
0
1329676609
4
0
3932160
3
0
1346453825
4
0
4194304
3
0
1363231041
4
0
4456448
3
0
1380008257
4
0
4718592
3
0
1396785473
4
0
4980736
3
0
1413562689
4
0
5242880
3
0
1430339905
4
0
5505024
3
0
1447117121
4
0
5767168
3
0
1463894337
4
0
6029312
3
0
1480671553
4
0
6291456
3
0
1497448769
4
0
6553600
3
0
1514225985
4
0
6815744
3
0
1631666497
4
0
7077888
3
0
1648443713
4
0
7340032
3
0
1665220929
4
0
7602176
3
0
1681998145
4
0
7864320
3
0
1698775361
4
0
8126464
3
0
1715552577
4
0
8388608
3
0
1732329793
4
0
8650752
3
0
1749107009
4
0
8912896
3
0
1765884225
4
0
9175040
3
0
1782661441
4
0
9437184
3
0
1799438657
4
0
9699328
3
0
1816215873
4
0
9961472
3
0
1832993089
4
0
10223616
3
0
1849770305
4
0
10485760
3
0
1866547521
4
0
10747904
3
0
1883324737
4
0
11010048
3
0
1900101953
4
0
11272192
3
0
1916879169
4
0
11534336
3
0
1933656385
4
0
11796480
3
0
1950433601
4
0
12058624
3
0
1967210817
4
0
12320768
3
0
1983988033
4
0
12582912
3
0
2000765249
4
0
12845056
3
0
2017542465
4
0
13107200
3
0
2034319681
4
0
13369344
3
0
2051096897
4
0
13631488
3
0
809582913
4
0
13893632
3
0
826360129
4
0
14155776
3
0
843137345
4
0
14417920
3
0
859914561
4
0
14680064
3
0
876691777
4
0
14942208
3
0
893468993
4
0
15204352
3
0
910246209
4
0
15466496
3
0
927023425
4
0
15728640
3
0
943800641
4
0
15990784
3
0
960577857
4
0
16252928
3
0
725696833
4
0
16515072
3
0
792805697
4
0
0
3
0
1094795585
4
0
4096
3
0
1094861121
4
0
8192
3
0
1094926657
4
0
12288
3
0
1094992193
4
0
16384
3
0
1095057729
4
0
20480
3
0
1095123265
4
0
24576
3
0
1095188801
4
0
28672
3
0
1095254337
4
0
32768
3
0
1095319873
4
0
36864
3
0
1095385409
4
0
40960
3
0
1095450945
4
0
45056
3
0
1095516481
4
0
49152
3
0
1095582017
4
0
53248
3
0
1095647553
4
0
57344
3
0
1095713089
4
0
61440
3
0
1095778625
4
0
65536
3
0
1095844161
4
0
69632
3
0
1095909697
4
0
73728
3
0
1095975233
4
0
77824
3
0
1096040769
4
0
81920
3
0
1096106305
4
0
86016
3
0
1096171841
4
0
90112
3
0
1096237377
4
0
94208
3
0
1096302913
4
0
98304
3
0
1096368449
4
0
102400
3
0
1096433985
4
0
106496
3
0
1096892737
4
0
110592
3
0
1096958273
4
0
114688
3
0
1097023809
4
0
118784
3
0
1097089345
4
0
122880
3
0
1097154881
4
0
126976
3
0
1097220417
4
0
131072
3
0
1097285953
4
0
135168
3
0
1097351489
4
0
139264
3
0
1097417025
4
0
143360
3
0
1097482561
4
0
147456
3
0
1097548097
4
0
151552
3
0
1097613633
4
0
155648
3
0
1097679169
4
0
159744
3
0
1097744705
4
0
163840
3
0
1097810241
4
0
167936
3
0
1097875777
4
0
172032
3
0
1097941313
4
0
176128
3
0
1098006849
4
0
180224
3
0
1098072385
4
0
184320
3
0
1098137921
4
0
188416
3
0
1098203457
4
0
192512
3
0
1098268993
4
0
196608
3
0
1098334529
4
0
200704
3
0
1098400065
4
0
204800
3
0
1098465601
4
0
208896
3
0
1098531137
4
0
212992
3
0
1093681473
4
0
217088
3
0
1093747009
4
0
221184
3
0
1093812545
4
0
225280
3
0
1093878081
4
0
229376
3
0
1093943617
4
0
233472
3
0
1094009153
4
0
237568
3
0
1094074689
4
0
241664
3
0
1094140225
4
0
245760
3
0
1094205761
4
0
249856
3
0
1094271297
4
0
253952
3
0
1093353793
4
0
258048
3
0
1093615937
4
0
0
3
0
1094795585
4
0
64
3
0
1094795841
4
0
128
3
0
1094796097
4
0
192
3
0
1094796353
4
0
256
3
0
1094796609
4
0
320
3
0
1094796865
4
0
384
3
0
1094797121
4
0
448
3
0
1094797377
4
0
512
3
0
1094797633
4
0
576
3
0
1094797889
4
0
640
3
0
1094798145
4
0
704
3
0
1094798401
4
0
768
3
0
1094798657
4
0
832
3
0
1094798913
4
0
896
3
0
1094799169
4
0
960
3
0
1094799425
4
0
1024
3
0
1094799681
4
0
1088
3
0
1094799937
4
0
1152
3
0
1094800193
4
0
1216
3
0
1094800449
4
0
1280
3
0
1094800705
4
0
1344
3
0
1094800961
4
0
1408
3
0
1094801217
4
0
1472
3
0
1094801473
4
0
1536
3
0
1094801729
4
0
1600
3
0
1094801985
4
0
1664
3
0
1094803777
4
0
1728
3
0
1094804033
4
0
1792
3
0
1094804289
4
0
1856
3
0
1094804545
4
0
1920
3
0
1094804801
4
0
1984
3
0
1094805057
4
0
2048
3
0
1094805313
4
0
2112
3
0
1094805569
4
0
2176
3
0
1094805825
4
0
2240
3
0
1094806081
4
0
2304
3
0
1094806337
4
0
2368
3
0
1094806593
4
0
2432
3
0
1094806849
4
0
2496
3
0
1094807105
4
0
2560
3
0
1094807361
4
0
2624
3
0
1094807617
4
0
2688
3
0
1094807873
4
0
2752
3
0
1094808129
4
0
2816
3
0
1094808385
4
0
2880
3
0
1094808641
4
0
2944
3
0
1094808897
4
0
3008
3
0
1094809153
4
0
3072
3
0
1094809409
4
0
3136
3
0
1094809665
4
0
3200
3
0
1094809921
4
0
3264
3
0
1094810177
4
0
3328
3
0
1094791233
4
0
3392
3
0
1094791489
4
0
3456
3
0
1094791745
4
0
3520
3
0
1094792001
4
0
3584
3
0
1094792257
4
0
3648
3
0
1094792513
4
0
3712
3
0
1094792769
4
0
3776
3
0
1094793025
4
0
3840
3
0
1094793281
4
0
3904
3
0
1094793537
4
0
3968
3
0
1094789953
4
0
4032
3
0
1094790977
4
0
0
3
0
1094795585
4
0
1
3
0
1094795586
4
0
2
3
0
1094795587
4
0
3
3
0
1094795588
4
0
4
3
0
1094795589
4
0
5
3
0
1094795590
4
0
6
3
0
1094795591
4
0
7
3
0
1094795592
4
0
8
3
0
1094795593
4
0
9
3
0
1094795594
4
0
10
3
0
1094795595
4
0
11
3
0
1094795596
4
0
12
3
0
1094795597
4
0
13
3
0
1094795598
4
0
14
3
0
1094795599
4
0
15
3
0
1094795600
4
0
16
3
0
1094795601
4
0
17
3
0
1094795602
4
0
18
3
0
1094795603
4
0
19
3
0
1094795604
4
0
20
3
0
1094795605
4
0
21
3
0
1094795606
4
0
22
3
0
1094795607
4
0
23
3
0
1094795608
4
0
24
3
0
1094795609
4
0
25
3
0
1094795610
4
0
26
3
0
1094795617
4
0
27
3
0
1094795618
4
0
28
3
0
1094795619
4
0
29
3
0
1094795620
4
0
30
3
0
1094795621
4
0
31
3
0
1094795622
4
0
32
3
0
1094795623
4
0
33
3
0
1094795624
4
0
34
3
0
1094795625
4
0
35
3
0
1094795626
4
0
36
3
0
1094795627
4
0
37
3
0
1094795628
4
0
38
3
0
1094795629
4
0
39
3
0
1094795630
4
0
40
3
0
1094795631
4
0
41
3
0
1094795632
4
0
42
3
0
1094795633
4
0
43
3
0
1094795634
4
0
44
3
0
1094795635
4
0
45
3
0
1094795636
4
0
46
3
0
1094795637
4
0
47
3
0
1094795638
4
0
48
3
0
1094795639
4
0
49
3
0
1094795640
4
0
50
3
0
1094795641
4
0
51
3
0
1094795642
4
0
52
3
0
1094795568
4
0
53
3
0
1094795569
4
0
54
3
0
1094795570
4
0
55
3
0
1094795571
4
0
56
3
0
1094795572
4
0
57
3
0
1094795573
4
0
58
3
0
1094795574
4
0
59
3
0
1094795575
4
0
60
3
0
1094795576
4
0
61
3
0
1094795577
4
0
62
3
0
1094795563
4
0
63
3
0
1094795567
4
