256
0
262143
3
0
1093611311
4
0
524287
3
0
1110388527
4
0
786431
3
0
1127165743
4
0
1048575
3
0
1143942959
4
0
1310719
3
0
1160720175
4
0
1572863
3
0
1177497391
4
0
1835007
3
0
1194274607
4
0
2097151
3
0
1211051823
4
0
2359295
3
0
1227829039
4
0
2621439
3
0
1244606255
4
0
2883583
3
0
1261383471
4
0
3145727
3
0
1278160687
4
0
3407871
3
0
1294937903
4
0
3670015
3
0
1311715119
4
0
3932159
3
0
1328492335
4
0
4194303
3
0
1345269551
4
0
4456447
3
0
1362046767
4
0
4718591
3
0
1378823983
4
0
4980735
3
0
1395601199
4
0
5242879
3
0
1412378415
4
0
5505023
3
0
1429155631
4
0
5767167
3
0
1445932847
4
0
6029311
3
0
1462710063
4
0
6291455
3
0
1479487279
4
0
6553599
3
0
1496264495
4
0
6815743
3
0
1513041711
4
0
7077887
3
0
1630482223
4
0
7340031
3
0
1647259439
4
0
7602175
3
0
1664036655
4
0
7864319
3
0
1680813871
4
0
8126463
3
0
1697591087
4
0
8388607
3
0
1714368303
4
0
8650751
3
0
1731145519
4
0
8912895
3
0
1747922735
4
0
9175039
3
0
1764699951
4
0
9437183
3
0
1781477167
4
0
9699327
3
0
1798254383
4
0
9961471
3
0
1815031599
4
0
10223615
3
0
1831808815
4
0
10485759
3
0
1848586031
4
0
10747903
3
0
1865363247
4
0
11010047
3
0
1882140463
4
0
11272191
3
0
1898917679
4
0
11534335
3
0
1915694895
4
0
11796479
3
0
1932472111
4
0
12058623
3
0
1949249327
4
0
12320767
3
0
1966026543
4
0
12582911
3
0
1982803759
4
0
12845055
3
0
1999580975
4
0
13107199
3
0
2016358191
4
0
13369343
3
0
2033135407
4
0
13631487
3
0
2049912623
4
0
13893631
3
0
808398639
4
0
14155775
3
0
825175855
4
0
14417919
3
0
841953071
4
0
14680063
3
0
858730287
4
0
14942207
3
0
875507503
4
0
15204351
3
0
892284719
4
0
15466495
3
0
909061935
4
0
15728639
3
0
925839151
4
0
15990783
3
0
942616367
4
0
16252927
3
0
959393583
4
0
16515071
3
0
724512559
4
0
16777215
3
0
791621423
4
0
16519167
3
0
792801071
4
0
16523263
3
0
792866607
4
0
16527359
3
0
792932143
4
0
16531455
3
0
792997679
4
0
16535551
3
0
793063215
4
0
16539647
3
0
793128751
4
0
16543743
3
0
793194287
4
0
16547839
3
0
793259823
4
0
16551935
3
0
793325359
4
0
16556031
3
0
793390895
4
0
16560127
3
0
793456431
4
0
16564223
3
0
793521967
4
0
16568319
3
0
793587503
4
0
16572415
3
0
793653039
4
0
16576511
3
0
793718575
4
0
16580607
3
0
793784111
4
0
16584703
3
0
793849647
4
0
16588799
3
0
793915183
4
0
16592895
3
0
793980719
4
0
16596991
3
0
794046255
4
0
16601087
3
0
794111791
4
0
16605183
3
0
794177327
4
0
16609279
3
0
794242863
4
0
16613375
3
0
794308399
4
0
16617471
3
0
794373935
4
0
16621567
3
0
794439471
4
0
16625663
3
0
794898223
4
0
16629759
3
0
794963759
4
0
16633855
3
0
795029295
4
0
16637951
3
0
795094831
4
0
16642047
3
0
795160367
4
0
16646143
3
0
795225903
4
0
16650239
3
0
795291439
4
0
16654335
3
0
795356975
4
0
16658431
3
0
795422511
4
0
16662527
3
0
795488047
4
0
16666623
3
0
795553583
4
0
16670719
3
0
795619119
4
0
16674815
3
0
795684655
4
0
16678911
3
0
795750191
4
0
16683007
3
0
795815727
4
0
16687103
3
0
795881263
4
0
16691199
3
0
795946799
4
0
16695295
3
0
796012335
4
0
16699391
3
0
796077871
4
0
16703487
3
0
796143407
4
0
16707583
3
0
796208943
4
0
16711679
3
0
796274479
4
0
16715775
3
0
796340015
4
0
16719871
3
0
796405551
4
0
16723967
3
0
796471087
4
0
16728063
3
0
796536623
4
0
16732159
3
0
791686959
4
0
16736255
3
0
791752495
4
0
16740351
3
0
791818031
4
0
16744447
3
0
791883567
4
0
16748543
3
0
791949103
4
0
16752639
3
0
792014639
4
0
16756735
3
0
792080175
4
0
16760831
3
0
792145711
4
0
16764927
3
0
792211247
4
0
16769023
3
0
792276783
4
0
16773119
3
0
791359279
4
0
16777215
3
0
791621423
4
0
16773183
3
0
791626031
4
0
16773247
3
0
791626287
4
0
16773311
3
0
791626543
4
0
16773375
3
0
791626799
4
0
16773439
3
0
791627055
4
0
16773503
3
0
791627311
4
0
16773567
3
0
791627567
4
0
16773631
3
0
791627823
4
0
16773695
3
0
791628079
4
0
16773759
3
0
791628335
4
0
16773823
3
0
791628591
4
0
16773887
3
0
791628847
4
0
16773951
3
0
791629103
4
0
16774015
3
0
791629359
4
0
16774079
3
0
791629615
4
0
16774143
3
0
791629871
4
0
16774207
3
0
791630127
4
0
16774271
3
0
791630383
4
0
16774335
3
0
791630639
4
0
16774399
3
0
791630895
4
0
16774463
3
0
791631151
4
0
16774527
3
0
791631407
4
0
16774591
3
0
791631663
4
0
16774655
3
0
791631919
4
0
16774719
3
0
791632175
4
0
16774783
3
0
791632431
4
0
16774847
3
0
791634223
4
0
16774911
3
0
791634479
4
0
16774975
3
0
791634735
4
0
16775039
3
0
791634991
4
0
16775103
3
0
791635247
4
0
16775167
3
0
791635503
4
0
16775231
3
0
791635759
4
0
16775295
3
0
791636015
4
0
16775359
3
0
791636271
4
0
16775423
3
0
791636527
4
0
16775487
3
0
791636783
4
0
16775551
3
0
791637039
4
0
16775615
3
0
791637295
4
0
16775679
3
0
791637551
4
0
16775743
3
0
791637807
4
0
16775807
3
0
791638063
4
0
16775871
3
0
791638319
4
0
16775935
3
0
791638575
4
0
16775999
3
0
791638831
4
0
16776063
3
0
791639087
4
0
16776127
3
0
791639343
4
0
16776191
3
0
791639599
4
0
16776255
3
0
791639855
4
0
16776319
3
0
791640111
4
0
16776383
3
0
791640367
4
0
16776447
3
0
791640623
4
0
16776511
3
0
791621679
4
0
16776575
3
0
791621935
4
0
16776639
3
0
791622191
4
0
16776703
3
0
791622447
4
0
16776767
3
0
791622703
4
0
16776831
3
0
791622959
4
0
16776895
3
0
791623215
4
0
16776959
3
0
791623471
4
0
16777023
3
0
791623727
4
0
16777087
3
0
791623983
4
0
16777151
3
0
791620399
4
0
16777215
3
0
791621423
4
0
16777152
3
0
791621441
4
0
16777153
3
0
791621442
4
0
16777154
3
0
791621443
4
0
16777155
3
0
791621444
4
0
16777156
3
0
791621445
4
0
16777157
3
0
791621446
4
0
16777158
3
0
791621447
4
0
16777159
3
0
791621448
4
0
16777160
3
0
791621449
4
0
16777161
3
0
791621450
4
0
16777162
3
0
791621451
4
0
16777163
3
0
791621452
4
0
16777164
3
0
791621453
4
0
16777165
3
0
791621454
4
0
16777166
3
0
791621455
4
0
16777167
3
0
791621456
4
0
16777168
3
0
791621457
4
0
16777169
3
0
791621458
4
0
16777170
3
0
791621459
4
0
16777171
3
0
791621460
4
0
16777172
3
0
791621461
4
0
16777173
3
0
791621462
4
0
16777174
3
0
791621463
4
0
16777175
3
0
791621464
4
0
16777176
3
0
791621465
4
0
16777177
3
0
791621466
4
0
16777178
3
0
791621473
4
0
16777179
3
0
791621474
4
0
16777180
3
0
791621475
4
0
16777181
3
0
791621476
4
0
16777182
3
0
791621477
4
0
16777183
3
0
791621478
4
0
16777184
3
0
791621479
4
0
16777185
3
0
791621480
4
0
16777186
3
0
791621481
4
0
16777187
3
0
791621482
4
0
16777188
3
0
791621483
4
0
16777189
3
0
791621484
4
0
16777190
3
0
791621485
4
0
16777191
3
0
791621486
4
0
16777192
3
0
791621487
4
0
16777193
3
0
791621488
4
0
16777194
3
0
791621489
4
0
16777195
3
0
791621490
4
0
16777196
3
0
791621491
4
0
16777197
3
0
791621492
4
0
16777198
3
0
791621493
4
0
16777199
3
0
791621494
4
0
16777200
3
0
791621495
4
0
16777201
3
0
791621496
4
0
16777202
3
0
791621497
4
0
16777203
3
0
791621498
4
0
16777204
3
0
791621424
4
0
16777205
3
0
791621425
4
0
16777206
3
0
791621426
4
0
16777207
3
0
791621427
4
0
16777208
3
0
791621428
4
0
16777209
3
0
791621429
4
0
16777210
3
0
791621430
4
0
16777211
3
0
791621431
4
0
16777212
3
0
791621432
4
0
16777213
3
0
791621433
4
0
16777214
3
0
791621419
4
0
16777215
3
0
791621423
4
