64
4
0
0
0
1329227995784915872903807060280344576
0
0
5
115295431991813000957906158479851623934781694290236468482915792900036051265
115295431991813000957906158479851623934781694290236468482915792900036051265
115295431991813000957906158479851623934781694290236468482915792900036051265
115295431991813000957906158479851623934781694290236468482915792900036051265
115295431991813000957906158479851623934781694290236544040779518814359470401
5170025977401406186496358169917
13
4
0
0
0
338953138925153547590470800371487866880
0
0
5
115295431991813000957906158479851623934781694290236468482915792900036051265
115295431991813000957906158479851623934781694290236468482915792900036051265
115295431991813000957906158479851623934781694290236468482915792900036051265
115295431991813000957906158479851623934781694290236468482915792900036051265
115295431991813000957906158479851623934781694290214962825952804535732879681
5170025977401406186496358169917
13
4
0
0
0
5192296858534827628530496329220096
0
0
5
115295431991813000957906158479851623934781694290236468482915792900036051265
115295431991813000957906158479851623934781694290236468482915792900036051265
115295431991813000957906158479851623934781694290236468482915792900036051265
115295431991813000957906158479851623934781694290236468482915792900036051265
115295431991813000957906158479851623934781694290236468556702769194874257729
5170025977401406186496358169917
13
4
0
0
0
1324035698926381045275276563951124480
0
0
5
115295431991813000957906158479851623934781694290236468482915792900036051265
115295431991813000957906158479851623934781694290236468482915792900036051265
115295431991813000957906158479851623934781694290236468482915792900036051265
115295431991813000957906158479851623934781694290236468482915792900036051265
115295431991813000957906158479851623934781694290236539152392339281328292161
5170025977401406186496358169917
13
4
0
0
0
20282409603651670423947251286016
0
0
5
115295431991813000957906158479851623934781694290236468482915792900036051265
115295431991813000957906158479851623934781694290236468482915792900036051265
115295431991813000957906158479851623934781694290236468482915792900036051265
115295431991813000957906158479851623934781694290236468482915792900036051265
115295431991813000957906158479851623934781694290236468482987850494073979201
5170025977401406186496358169917
13
4
0
0
0
5172014448931175958106549077934080
0
0
5
115295431991813000957906158479851623934781694290236468482915792900036051265
115295431991813000957906158479851623934781694290236468482915792900036051265
115295431991813000957906158479851623934781694290236468482915792900036051265
115295431991813000957906158479851623934781694290236468482915792900036051265
115295431991813000957906158479851623934781694290236468536958988428482003265
5170025977401406186496358169917
13
4
0
0
0
79228162514264337593543950336
0
0
5
115295431991813000957906158479851623934781694290236468482915792900036051265
115295431991813000957906158479851623934781694290236468482915792900036051265
115295431991813000957906158479851623934781694290236468482915792900036051265
115295431991813000957906158479851623934781694290236468482915792900036051265
115295431991813000957906158479851623934781694290236468482915810492222095681
5170025977401406186496358169917
13
4
0
0
0
20203181441137406086353707335680
0
0
5
115295431991813000957906158479851623934781694290236468482915792900036051265
115295431991813000957906158479851623934781694290236468482915792900036051265
115295431991813000957906158479851623934781694290236468482915792900036051265
115295431991813000957906158479851623934781694290236468482915792900036051265
115295431991813000957906158479851623934781694290236468482910785724083159361
5170025977401406186496358169917
13
4
0
0
0
309485009821345068724781056
0
0
5
115295431991813000957906158479851623934781694290236468482915792900036051265
115295431991813000957906158479851623934781694290236468482915792900036051265
115295431991813000957906158479851623934781694290236468482915792900036051265
115295431991813000957906158479851623934781694290236468482915792900036051265
115295431991813000957906158479851623934781694290236468482915792917215920449
5170025977401406186496358169917
13
4
0
0
0
78918677504442992524819169280
0
0
5
115295431991813000957906158479851623934781694290236468482915792900036051265
115295431991813000957906158479851623934781694290236468482915792900036051265
115295431991813000957906158479851623934781694290236468482915792900036051265
115295431991813000957906158479851623934781694290236468482915792900036051265
115295431991813000957906158479851623934781694290236468482915809354055762241
5170025977401406186496358169917
13
4
0
0
0
1208925819614629174706176
0
0
5
115295431991813000957906158479851623934781694290236468482915792900036051265
115295431991813000957906158479851623934781694290236468482915792900036051265
115295431991813000957906158479851623934781694290236468482915792900036051265
115295431991813000957906158479851623934781694290236468482915792900036051265
115295431991813000957906158479851623934781694290236468482915792900052828481
5170025977401406186496358169917
13
4
0
0
0
308276084001730439550074880
0
0
5
115295431991813000957906158479851623934781694290236468482915792900036051265
115295431991813000957906158479851623934781694290236468482915792900036051265
115295431991813000957906158479851623934781694290236468482915792900036051265
115295431991813000957906158479851623934781694290236468482915792900036051265
115295431991813000957906158479851623934781694290236468482915792912618963265
5170025977401406186496358169917
13
4
0
0
0
4722366482869645213696
0
0
5
115295431991813000957906158479851623934781694290236468482915792900036051265
115295431991813000957906158479851623934781694290236468482915792900036051265
115295431991813000957906158479851623934781694290236468482915792900036051265
115295431991813000957906158479851623934781694290236468482915792900036051265
115295431991813000957906158479851623934781694290236468482915792900036055361
5170025977401406186496358169917
13
4
0
0
0
1204203453131759529492480
0
0
5
115295431991813000957906158479851623934781694290236468482915792900036051265
115295431991813000957906158479851623934781694290236468482915792900036051265
115295431991813000957906158479851623934781694290236468482915792900036051265
115295431991813000957906158479851623934781694290236468482915792900036051265
115295431991813000957906158479851623934781694290236468482915792900034885441
5170025977401406186496358169917
13
4
0
0
0
18446744073709551616
0
0
5
115295431991813000957906158479851623934781694290236468482915792900036051265
115295431991813000957906158479851623934781694290236468482915792900036051265
115295431991813000957906158479851623934781694290236468482915792900036051265
115295431991813000957906158479851623934781694290236468482915792900036051265
115295431991813000957906158479851623934781694290236468482915792900036051269
5170025977401406186496358169917
13
4
0
0
0
4703919738795935662080
0
0
5
115295431991813000957906158479851623934781694290236468482915792900036051265
115295431991813000957906158479851623934781694290236468482915792900036051265
115295431991813000957906158479851623934781694290236468482915792900036051265
115295431991813000957906158479851623934781694290236468482915792900036051265
115295431991813000957906158479851623934781694290236468482915792900036055096
5170025977401406186496358169917
13
4
0
0
0
72057594037927936
0
0
5
115295431991813000957906158479851623934781694290236468482915792900036051265
115295431991813000957906158479851623934781694290236468482915792900036051265
115295431991813000957906158479851623934781694290236468482915792900036051265
115295431991813000957906158479851623934781694290236468482915792900036051265
115295431991813000957906158479851623934781694290236468482915792900036051265
5249254139915670524089902120253
13
4
0
0
0
18374686479671623680
0
0
5
115295431991813000957906158479851623934781694290236468482915792900036051265
115295431991813000957906158479851623934781694290236468482915792900036051265
115295431991813000957906158479851623934781694290236468482915792900036051265
115295431991813000957906158479851623934781694290236468482915792900036051265
115295431991813000957906158479851623934781694290236468482915792900036051268
3743919052144648109812567063869
13
4
0
0
0
281474976710656
0
0
5
115295431991813000957906158479851623934781694290236468482915792900036051265
115295431991813000957906158479851623934781694290236468482915792900036051265
115295431991813000957906158479851623934781694290236468482915792900036051265
115295431991813000957906158479851623934781694290236468482915792900036051265
115295431991813000957906158479851623934781694290236468482915792900036051265
5170045320214520020563153468733
13
4
0
0
0
71776119061217280
0
0
5
115295431991813000957906158479851623934781694290236468482915792900036051265
115295431991813000957906158479851623934781694290236468482915792900036051265
115295431991813000957906158479851623934781694290236468482915792900036051265
115295431991813000957906158479851623934781694290236468482915792900036051265
115295431991813000957906158479851623934781694290236468482915792900036051265
5164520529218881165234746244413
13
4
0
0
0
1099511627776
0
0
5
115295431991813000957906158479851623934781694290236468482915792900036051265
115295431991813000957906158479851623934781694290236468482915792900036051265
115295431991813000957906158479851623934781694290236468482915792900036051265
115295431991813000957906158479851623934781694290236468482915792900036051265
115295431991813000957906158479851623934781694290236468482915792900036051265
5170025996290872117974939024701
13
4
0
0
0
280375465082880
0
0
5
115295431991813000957906158479851623934781694290236468482915792900036051265
115295431991813000957906158479851623934781694290236468482915792900036051265
115295431991813000957906158479851623934781694290236468482915792900036051265
115295431991813000957906158479851623934781694290236468482915792900036051265
115295431991813000957906158479851623934781694290236468482915792900036051265
5170044068787402060107171839293
13
4
0
0
0
4294967296
0
0
5
115295431991813000957906158479851623934781694290236468482915792900036051265
115295431991813000957906158479851623934781694290236468482915792900036051265
115295431991813000957906158479851623934781694290236468482915792900036051265
115295431991813000957906158479851623934781694290236468482915792900036051265
115295431991813000957906158479851623934781694290236468482915792900036051265
5170025977419852930570067721533
13
4
0
0
0
1095216660480
0
0
5
115295431991813000957906158479851623934781694290236468482915792900036051265
115295431991813000957906158479851623934781694290236468482915792900036051265
115295431991813000957906158479851623934781694290236468482915792900036051265
115295431991813000957906158479851623934781694290236468482915792900036051265
115295431991813000957906158479851623934781694290236468482915792900036051265
5170025991236464241778521881917
13
4
0
0
0
16777216
0
0
5
115295431991813000957906158479851623934781694290236468482915792900036051265
115295431991813000957906158479851623934781694290236468482915792900036051265
115295431991813000957906158479851623934781694290236468482915792900036051265
115295431991813000957906158479851623934781694290236468482915792900036051265
115295431991813000957906158479851623934781694290236468482915792900036051265
5170025977401410690095985540413
13
4
0
0
0
4278190080
0
0
5
115295431991813000957906158479851623934781694290236468482915792900036051265
115295431991813000957906158479851623934781694290236468482915792900036051265
115295431991813000957906158479851623934781694290236468482915792900036051265
115295431991813000957906158479851623934781694290236468482915792900036051265
115295431991813000957906158479851623934781694290236468482915792900036051265
5170025977400124349452417842493
13
4
0
0
0
65536
0
0
5
115295431991813000957906158479851623934781694290236468482915792900036051265
115295431991813000957906158479851623934781694290236468482915792900036051265
115295431991813000957906158479851623934781694290236468482915792900036051265
115295431991813000957906158479851623934781694290236468482915792900036051265
115295431991813000957906158479851623934781694290236468482915792900036051265
5170025977401406190894404681021
13
4
0
0
0
16711680
0
0
5
115295431991813000957906158479851623934781694290236468482915792900036051265
115295431991813000957906158479851623934781694290236468482915792900036051265
115295431991813000957906158479851623934781694290236468482915792900036051265
115295431991813000957906158479851623934781694290236468482915792900036051265
115295431991813000957906158479851623934781694290236468482915792900036051265
5170025977401410398725404179773
13
4
0
0
0
256
0
0
5
115295431991813000957906158479851623934781694290236468482915792900036051265
115295431991813000957906158479851623934781694290236468482915792900036051265
115295431991813000957906158479851623934781694290236468482915792900036051265
115295431991813000957906158479851623934781694290236468482915792900036051265
115295431991813000957906158479851623934781694290236468482915792900036051265
5170025977401406186500653137213
13
4
0
0
0
65280
0
0
5
115295431991813000957906158479851623934781694290236468482915792900036051265
115295431991813000957906158479851623934781694290236468482915792900036051265
115295431991813000957906158479851623934781694290236468482915792900036051265
115295431991813000957906158479851623934781694290236468482915792900036051265
115295431991813000957906158479851623934781694290236468482915792900036051265
5170025977401406189717583641917
13
4
0
0
0
1
0
0
5
115295431991813000957906158479851623934781694290236468482915792900036051265
115295431991813000957906158479851623934781694290236468482915792900036051265
115295431991813000957906158479851623934781694290236468482915792900036051265
115295431991813000957906158479851623934781694290236468482915792900036051265
115295431991813000957906158479851623934781694290236468482915792900036051265
5170025977401406186496359218493
13
4
0
0
0
255
0
0
5
115295431991813000957906158479851623934781694290236468482915792900036051265
115295431991813000957906158479851623934781694290236468482915792900036051265
115295431991813000957906158479851623934781694290236468482915792900036051265
115295431991813000957906158479851623934781694290236468482915792900036051265
115295431991813000957906158479851623934781694290236468482915792900036051265
5170025977401406186496059718973
13
4
1766847064778384329583297500742918515827483896875618958121606201292619776
0
0
0
0
1
5
115405859933361649978505114573648056342020912033791194667798393287616840001
115295431991813000957906158479851623934781694290236468482915792900036051265
115295431991813000957906158479851623934781694290236468482915792900036051265
115295431991813000957906158479851623934781694290236468482915792900036051265
115295431991813000957906158479851623934781694290236468482915792900036051265
5170025977401406186496358170941
13
4
450546001518488004043740862689444221536008393703282834321009581329618042880
0
0
0
0
1
5
83864879128528773469928280283042050024319344030972528110705657584854057281
115295431991813000957906158479851623934781694290236468482915792900036051265
115295431991813000957906158479851623934781694290236468482915792900036051265
115295431991813000957906158479851623934781694290236468482915792900036051265
115295431991813000957906158479851623934781694290236468482915792900036051265
5170025977401406186496358170941
13
4
6901746346790563787434755862277025452451108972170386555162524223799296
0
0
0
0
1
5
115295539831599669560465337147911972013304388838814158645205717314477048129
115295431991813000957906158479851623934781694290236468482915792900036051265
115295431991813000957906158479851623934781694290236468482915792900036051265
115295431991813000957906158479851623934781694290236468482915792900036051265
115295431991813000957906158479851623934781694290236468482915792900036051265
5170025977401406186496358170941
13
4
1759945318431593765795862744880641490375032787903448571566443677068820480
0
0
0
0
1
5
115398715547494855058959527814649996139892398190519221416090900830900797761
115295431991813000957906158479851623934781694290236468482915792900036051265
115295431991813000957906158479851623934781694290236468482915792900036051265
115295431991813000957906158479851623934781694290236468482915792900036051265
115295431991813000957906158479851623934781694290236468482915792900036051265
5170025977401406186496358170941
13
4
26959946667150639794667015087019630673637144422540572481103610249216
0
0
0
0
1
5
115295432097125292626463345177769651618452126609131563883464904154347028801
115295431991813000957906158479851623934781694290236468482915792900036051265
115295431991813000957906158479851623934781694290236468482915792900036051265
115295431991813000957906158479851623934781694290236468482915792900036051265
115295431991813000957906158479851623934781694290236468482915792900036051265
5170025977401406186496358170941
13
4
6874786400123413147640088847190005821777471827747845982681420613550080
0
0
0
0
1
5
115295510976031752375796181918372386687605933461558018894749233633269203265
115295431991813000957906158479851623934781694290236468482915792900036051265
115295431991813000957906158479851623934781694290236468482915792900036051265
115295431991813000957906158479851623934781694290236468482915792900036051265
115295431991813000957906158479851623934781694290236468482915792900036051265
5170025977401406186496358170941
13
4
105312291668557186697918027683670432318895095400549111254310977536
0
0
0
0
1
5
115295431991838711966614302324260295328259152891876823730816317585400873281
115295431991813000957906158479851623934781694290236468482915792900036051265
115295431991813000957906158479851623934781694290236468482915792900036051265
115295431991813000957906158479851623934781694290236468482915792900036051265
115295431991813000957906158479851623934781694290236468482915792900036051265
5170025977401406186496358170941
13
4
26854634375482082607969097059335960241318249327140023369849299271680
0
0
0
0
1
5
115295431984495005104350716765033528566260039798350356049228954328073584961
115295431991813000957906158479851623934781694290236468482915792900036051265
115295431991813000957906158479851623934781694290236468482915792900036051265
115295431991813000957906158479851623934781694290236468482915792900036051265
115295431991813000957906158479851623934781694290236468482915792900036051265
5170025977401406186496358170941
13
4
411376139330301510538742295639337626245683966408394965837152256
0
0
0
0
1
5
115295431991813026066313100026574679277939387120902132892337570756174102849
115295431991813000957906158479851623934781694290236468482915792900036051265
115295431991813000957906158479851623934781694290236468482915792900036051265
115295431991813000957906158479851623934781694290236468482915792900036051265
115295431991813000957906158479851623934781694290236468482915792900036051265
5170025977401406186496358170941
13
4
104900915529226885187379285388031094692649411434140716288473825280
0
0
0
0
1
5
115295431991837048534654424853857878844062002860276556606623534616254955841
115295431991813000957906158479851623934781694290236468482915792900036051265
115295431991813000957906158479851623934781694290236468482915792900036051265
115295431991813000957906158479851623934781694290236468482915792900036051265
115295431991813000957906158479851623934781694290236468482915792900036051265
5170025977401406186496358170941
13
4
1606938044258990275541962092341162602522202993782792835301376
0
0
0
0
1
5
115295431991813000982426087133705845668515246724641415420815618854973686081
115295431991813000957906158479851623934781694290236468482915792900036051265
115295431991813000957906158479851623934781694290236468482915792900036051265
115295431991813000957906158479851623934781694290236468482915792900036051265
115295431991813000957906158479851623934781694290236468482915792900036051265
5170025977401406186496358170941
13
4
409769201286042520263200333546996463643161763414612173001850880
0
0
0
0
1
5
115295431991813019347852648870517924234946020093946671907785259103262163265
115295431991813000957906158479851623934781694290236468482915792900036051265
115295431991813000957906158479851623934781694290236468482915792900036051265
115295431991813000957906158479851623934781694290236468482915792900036051265
115295431991813000957906158479851623934781694290236468482915792900036051265
5170025977401406186496358170941
13
4
6277101735386680763835789423207666416102355444464034512896
0
0
0
0
1
5
115295431991813000957912144790558131313134656583311274378164303599732080961
115295431991813000957906158479851623934781694290236468482915792900036051265
115295431991813000957906158479851623934781694290236468482915792900036051265
115295431991813000957906158479851623934781694290236468482915792900036051265
115295431991813000957906158479851623934781694290236468482915792900036051265
5170025977401406186496358170941
13
4
1600660942523603594778126302917954936106100638338328800788480
0
0
0
0
1
5
115295431991813000956202304795011961371069801623819840547808434999053599041
115295431991813000957906158479851623934781694290236468482915792900036051265
115295431991813000957906158479851623934781694290236468482915792900036051265
115295431991813000957906158479851623934781694290236468482915792900036051265
115295431991813000957906158479851623934781694290236468482915792900036051265
5170025977401406186496358170941
13
4
24519928653854221733733552434404946937899825954937634816
0
0
0
0
1
5
115295431991813000957906164325858173258393367104975799348047871523766223169
115295431991813000957906158479851623934781694290236468482915792900036051265
115295431991813000957906158479851623934781694290236468482915792900036051265
115295431991813000957906158479851623934781694290236468482915792900036051265
115295431991813000957906158479851623934781694290236468482915792900036051265
5170025977401406186496358170941
13
4
6252581806732826542102055870773261469164455618509096878080
0
0
0
0
1
5
115295431991813000957911757492624238623861332606830604563164094777608192321
115295431991813000957906158479851623934781694290236468482915792900036051265
115295431991813000957906158479851623934781694290236468482915792900036051265
115295431991813000957906158479851623934781694290236468482915792900036051265
115295431991813000957906158479851623934781694290236468482915792900036051265
5170025977401406186496358170941
13
4
95780971304118053647396689196894323976171195136475136
0
0
0
0
1
5
115295431991813000957906158485560614705605533814469612360713773445567037761
115295431991813000957906158479851623934781694290236468482915792900036051265
115295431991813000957906158479851623934781694290236468482915792900036051265
115295431991813000957906158479851623934781694290236468482915792900036051265
115295431991813000957906158479851623934781694290236468482915792900036051265
5170025977401406186496358170941
13
4
24424147682550103680086155745208052613923654759801159680
0
0
0
0
1
5
115295431991813000957906162761594702052661337465094376831401202048275923265
115295431991813000957906158479851623934781694290236468482915792900036051265
115295431991813000957906158479851623934781694290236468482915792900036051265
115295431991813000957906158479851623934781694290236468482915792900036051265
115295431991813000957906158479851623934781694290236468482915792900036051265
5170025977401406186496358170941
13
4
374144419156711147060143317175368453031918731001856
0
0
0
0
1
5
115295431991813000957906158479853017731356602454182814465307833422630175041
115295431991813000957906158479851623934781694290236468482915792900036051265
115295431991813000957906158479851623934781694290236468482915792900036051265
115295431991813000957906158479851623934781694290236468482915792900036051265
115295431991813000957906158479851623934781694290236468482915792900036051265
5170025977401406186496358170941
13
4
95406826884961342500336545879718955523139276405473280
0
0
0
0
1
5
115295431991813000957906158479454914584648458127007743244581259156683571521
115295431991813000957906158479851623934781694290236468482915792900036051265
115295431991813000957906158479851623934781694290236468482915792900036051265
115295431991813000957906158479851623934781694290236468482915792900036051265
115295431991813000957906158479851623934781694290236468482915792900036051265
5170025977401406186496358170941
13
4
1461501637330902918203684832716283019655932542976
0
0
0
0
1
5
115295431991813000957906158479851625295911161973990322336414222627108897089
115295431991813000957906158479851623934781694290236468482915792900036051265
115295431991813000957906158479851623934781694290236468482915792900036051265
115295431991813000957906158479851623934781694290236468482915792900036051265
115295431991813000957906158479851623934781694290236468482915792900036051265
5170025977401406186496358170941
13
4
372682917519380244141939632342652170012262798458880
0
0
0
0
1
5
115295431991813000957906158479852927556529368405489996671036864004054139201
115295431991813000957906158479851623934781694290236468482915792900036051265
115295431991813000957906158479851623934781694290236468482915792900036051265
115295431991813000957906158479851623934781694290236468482915792900036051265
115295431991813000957906158479851623934781694290236468482915792900036051265
5170025977401406186496358170941
13
4
5708990770823839524233143877797980545530986496
0
0
0
0
1
5
115295431991813000957906158479851623936110922286021384355819599960316395841
115295431991813000957906158479851623934781694290236468482915792900036051265
115295431991813000957906158479851623934781694290236468482915792900036051265
115295431991813000957906158479851623934781694290236468482915792900036051265
115295431991813000957906158479851623934781694290236468482915792900036051265
5170025977401406186496358170941
13
4
1455792646560079078679451688838485039110401556480
0
0
0
0
1
5
115295431991813000957906158479851624931702691128923373160771088110294483265
115295431991813000957906158479851623934781694290236468482915792900036051265
115295431991813000957906158479851623934781694290236468482915792900036051265
115295431991813000957906158479851623934781694290236468482915792900036051265
115295431991813000957906158479851623934781694290236468482915792900036051265
5170025977401406186496358170941
13
4
22300745198530623141535718272648361505980416
0
0
0
0
1
5
115295431991813000957906158479851623934782018808790126909642576056056627521
115295431991813000957906158479851623934781694290236468482915792900036051265
115295431991813000957906158479851623934781694290236468482915792900036051265
115295431991813000957906158479851623934781694290236468482915792900036051265
115295431991813000957906158479851623934781694290236468482915792900036051265
5170025977401406186496358170941
13
4
5686690025625308901091608159525332184025006080
0
0
0
0
1
5
115295431991813000957906158479851623934689328196901438775805137117679534401
115295431991813000957906158479851623934781694290236468482915792900036051265
115295431991813000957906158479851623934781694290236468482915792900036051265
115295431991813000957906158479851623934781694290236468482915792900036051265
115295431991813000957906158479851623934781694290236468482915792900036051265
5170025977401406186496358170941
13
4
87112285931760246646623899502532662132736
0
0
0
0
1
5
115295431991813000957906158479851623934781694607149118539973143274211852609
115295431991813000957906158479851623934781694290236468482915792900036051265
115295431991813000957906158479851623934781694290236468482915792900036051265
115295431991813000957906158479851623934781694290236468482915792900036051265
115295431991813000957906158479851623934781694290236468482915792900036051265
5170025977401406186496358170941
13
4
22213632912598862894889094373145828843847680
0
0
0
0
1
5
115295431991813000957906158479851623934781997813327060629593113766909788481
115295431991813000957906158479851623934781694290236468482915792900036051265
115295431991813000957906158479851623934781694290236468482915792900036051265
115295431991813000957906158479851623934781694290236468482915792900036051265
115295431991813000957906158479851623934781694290236468482915792900036051265
5170025977401406186496358170941
13
4
340282366920938463463374607431768211456
0
0
0
0
1
5
115295431991813000957906158479851623934781694290545953492737137968760832321
115295431991813000957906158479851623934781694290236468482915792900036051265
115295431991813000957906158479851623934781694290236468482915792900036051265
115295431991813000957906158479851623934781694290236468482915792900036051265
115295431991813000957906158479851623934781694290236468482915792900036051265
5170025977401406186496358170941
13
4
86772003564839308183160524895100893921280
0
0
0
0
1
5
115295431991813000957906158479851623934781694522350225848924594443621843265
115295431991813000957906158479851623934781694290236468482915792900036051265
115295431991813000957906158479851623934781694290236468482915792900036051265
115295431991813000957906158479851623934781694290236468482915792900036051265
115295431991813000957906158479851623934781694290236468482915792900036051265
5170025977401406186496358170941
13
4
1329227995784915872903807060280344576
0
0
0
0
1
5
115295431991813000957906158479851623934781694290236544040779518814359470401
115295431991813000957906158479851623934781694290236468482915792900036051265
115295431991813000957906158479851623934781694290236468482915792900036051265
115295431991813000957906158479851623934781694290236468482915792900036051265
115295431991813000957906158479851623934781694290236468482915792900036051265
5170025977401406186496358170941
13
4
338953138925153547590470800371487866880
0
0
0
0
1
5
115295431991813000957906158479851623934781694290214962825952804535732879681
115295431991813000957906158479851623934781694290236468482915792900036051265
115295431991813000957906158479851623934781694290236468482915792900036051265
115295431991813000957906158479851623934781694290236468482915792900036051265
115295431991813000957906158479851623934781694290236468482915792900036051265
5170025977401406186496358170941
13
