64
2
0
105312291668557186697918027683670432318895095400549111254310977536
0
30
4
115295431991813000957906158479851623934781694290236468482915792900036051265
115295431991813000957906158479851623940098606273376131974531021141157429569
115295431991813000957906158479851623934781694290236468482915792900036051265
115295431991813000957906158479851623934781694290236468482915792900036051261
0
0
2
0
26854634375482082607969097059335960241318249327140023369849299271680
0
30
4
115295431991813000957906158479851623934781694290236468482915792900036051265
115295431991813000957906158479851629027054146142249177577400640834036121921
115295431991813000957906158479851623934781694290236468482915792900036051265
115295431991813000957906158479851623934781694290236468482915792900036051261
0
0
2
0
411376139330301510538742295639337626245683966408394965837152256
0
30
4
115295431991813000957906158479851623934781694290236468482915792900036051265
115295431991813000957906158479851623934786886587095003310544323396365271361
115295431991813000957906158479851623934781694290236468482915792900036051265
115295431991813000957906158479851623934781694290236468482915792900036051261
0
0
2
0
104900915529226885187379285388031094692649411434140716288473825280
0
30
4
115295431991813000957906158479851623934781694290236468482915792900036051265
115295431991813000957906158479851623938675916934137589204313665146951123265
115295431991813000957906158479851623934781694290236468482915792900036051265
115295431991813000957906158479851623934781694290236468482915792900036051261
0
0
2
0
1606938044258990275541962092341162602522202993782792835301376
0
30
4
115295431991813000957906158479851623934781694290236468482915792900036051265
115295431991813000957906158479851623934781695557887068711145194396739256641
115295431991813000957906158479851623934781694290236468482915792900036051265
115295431991813000957906158479851623934781694290236468482915792900036051261
0
0
2
0
409769201286042520263200333546996463643161763414612173001850880
0
30
4
115295431991813000957906158479851623934781694290236468482915792900036051265
115295431991813000957906158479851623934781333485184378523122391900886221121
115295431991813000957906158479851623934781694290236468482915792900036051265
115295431991813000957906158479851623934781694290236468482915792900036051261
0
0
2
0
6277101735386680763835789423207666416102355444464034512896
0
30
4
115295431991813000957906158479851623934781694290236468482915792900036051265
115295431991813000957906158479851623934781694291474408522201173174935175489
115295431991813000957906158479851623934781694290236468482915792900036051265
115295431991813000957906158479851623934781694290236468482915792900036051261
0
0
2
0
1600660942523603594778126302917954936106100638338328800788480
0
30
4
115295431991813000957906158479851623934781694290236468482915792900036051265
115295431991813000957906158479851623934781695475873541108488751184672276801
115295431991813000957906158479851623934781694290236468482915792900036051265
115295431991813000957906158479851623934781694290236468482915792900036051261
0
0
2
0
24519928653854221733733552434404946937899825954937634816
0
30
4
115295431991813000957906158479851623934781694290236468482915792900036051265
115295431991813000957906158479851623934781694290237677408735407529210757441
115295431991813000957906158479851623934781694290236468482915792900036051265
115295431991813000957906158479851623934781694290236468482915792900036051261
0
0
2
0
6252581806732826542102055870773261469164455618509096878080
0
30
4
115295431991813000957906158479851623934781694290236468482915792900036051265
115295431991813000957906158479851623934781694291143162847626764781065683265
115295431991813000957906158479851623934781694290236468482915792900036051265
115295431991813000957906158479851623934781694290236468482915792900036051261
0
0
2
0
95780971304118053647396689196894323976171195136475136
0
30
4
115295431991813000957906158479851623934781694290236468482915792900036051265
115295431991813000957906158479851623934781694290236468778063698079388877121
115295431991813000957906158479851623934781694290236468482915792900036051265
115295431991813000957906158479851623934781694290236468482915792900036051261
0
0
2
0
24424147682550103680086155745208052613923654759801159680
0
30
4
115295431991813000957906158479851623934781694290236468482915792900036051265
115295431991813000957906158479851623934781694290236384476443281226737992001
115295431991813000957906158479851623934781694290236468482915792900036051265
115295431991813000957906158479851623934781694290236468482915792900036051261
0
0
2
0
374144419156711147060143317175368453031918731001856
0
30
4
115295431991813000957906158479851623934781694290236468482915792900036051265
115295431991813000957906158479851623934781694290236468483204023276187763009
115295431991813000957906158479851623934781694290236468482915792900036051265
115295431991813000957906158479851623934781694290236468482915792900036051261
0
0
2
0
95406826884961342500336545879718955523139276405473280
0
30
4
115295431991813000957906158479851623934781694290236468482915792900036051265
115295431991813000957906158479851623934781694290236468758968435659337974081
115295431991813000957906158479851623934781694290236468482915792900036051265
115295431991813000957906158479851623934781694290236468482915792900036051261
0
0
2
0
1461501637330902918203684832716283019655932542976
0
30
4
115295431991813000957906158479851623934781694290236468482915792900036051265
115295431991813000957906158479851623934781694290236468482916074375012761921
115295431991813000957906158479851623934781694290236468482915792900036051265
115295431991813000957906158479851623934781694290236468482915792900036051261
0
0
2
0
372682917519380244141939632342652170012262798458880
0
30
4
115295431991813000957906158479851623934781694290236468482915792900036051265
115295431991813000957906158479851623934781694290236468483126899132569043265
115295431991813000957906158479851623934781694290236468482915792900036051265
115295431991813000957906158479851623934781694290236468482915792900036051261
0
0
2
0
5708990770823839524233143877797980545530986496
0
30
4
115295431991813000957906158479851623934781694290236468482915792900036051265
115295431991813000957906158479851623934781694290236468482915792968755528001
115295431991813000957906158479851623934781694290236468482915792900036051265
115295431991813000957906158479851623934781694290236468482915792900036051261
0
0
2
0
1455792646560079078679451688838485039110401556480
0
30
4
115295431991813000957906158479851623934781694290236468482915792900036051265
115295431991813000957906158479851623934781694290236468482915773340754985281
115295431991813000957906158479851623934781694290236468482915792900036051265
115295431991813000957906158479851623934781694290236468482915792900036051261
0
0
2
0
22300745198530623141535718272648361505980416
0
30
4
115295431991813000957906158479851623934781694290236468482915792900036051265
115295431991813000957906158479851623934781694290236468482915792900103160129
115295431991813000957906158479851623934781694290236468482915792900036051265
115295431991813000957906158479851623934781694290236468482915792900036051261
0
0
2
0
5686690025625308901091608159525332184025006080
0
30
4
115295431991813000957906158479851623934781694290236468482915792900036051265
115295431991813000957906158479851623934781694290236468482915792964309565761
115295431991813000957906158479851623934781694290236468482915792900036051265
115295431991813000957906158479851623934781694290236468482915792900036051261
0
0
2
0
87112285931760246646623899502532662132736
0
30
4
115295431991813000957906158479851623934781694290236468482915792900036051265
115295431991813000957906158479851623934781694290236468482915792900036116801
115295431991813000957906158479851623934781694290236468482915792900036051265
115295431991813000957906158479851623934781694290236468482915792900036051261
0
0
2
0
22213632912598862894889094373145828843847680
0
30
4
115295431991813000957906158479851623934781694290236468482915792900036051265
115295431991813000957906158479851623934781694290236468482915792900085203265
115295431991813000957906158479851623934781694290236468482915792900036051265
115295431991813000957906158479851623934781694290236468482915792900036051261
0
0
2
0
340282366920938463463374607431768211456
0
30
4
115295431991813000957906158479851623934781694290236468482915792900036051265
115295431991813000957906158479851623934781694290236468482915792900036051281
115295431991813000957906158479851623934781694290236468482915792900036051265
115295431991813000957906158479851623934781694290236468482915792900036051261
0
0
2
0
86772003564839308183160524895100893921280
0
30
4
115295431991813000957906158479851623934781694290236468482915792900036051265
115295431991813000957906158479851623934781694290236468482915792900036046711
115295431991813000957906158479851623934781694290236468482915792900036051265
115295431991813000957906158479851623934781694290236468482915792900036051261
0
0
2
0
1329227995784915872903807060280344576
0
30
4
115295431991813000957906158479851623934781694290236468482915792900036051265
115295431991813000957906158479851623934781694290236468482915792900036051265
122362820250926538276239348482823297998091629877738944315402217705206530369
115295431991813000957906158479851623934781694290236468482915792900036051261
0
0
2
0
338953138925153547590470800371487866880
0
30
4
115295431991813000957906158479851623934781694290236468482915792900036051265
115295431991813000957906158479851623934781694290236468482915792900036051280
99393808408807541991656480973165357292334339218355897859821337088402473281
115295431991813000957906158479851623934781694290236468482915792900036051261
0
0
2
0
5192296858534827628530496329220096
0
30
4
115295431991813000957906158479851623934781694290236468482915792900036051265
115295431991813000957906158479851623934781694290236468482915792900036051265
115302333738159791521693593235713900960234145399208638869470955424259850561
115295431991813000957906158479851623934781694290236468482915792900036051261
0
0
2
0
1324035698926381045275276563951124480
0
30
4
115295431991813000957906158479851623934781694290236468482915792900036051265
115295431991813000957906158479851623934781694290236468482915792900036051265
120471741751905923798482225376559393024120026019364258399287686067885523265
115295431991813000957906158479851623934781694290236468482915792900036051261
0
0
2
0
20282409603651670423947251286016
0
30
4
115295431991813000957906158479851623934781694290236468482915792900036051265
115295431991813000957906158479851623934781694290236468482915792900036051265
115295433676809667654821145646540066873508611392557994891701572969011691841
115295431991813000957906158479851623934781694290236468482915792900036051261
0
0
2
0
5172014448931175958106549077934080
0
30
4
115295431991813000957906158479851623934781694290236468482915792900036051265
115295431991813000957906158479851623934781694290236468482915792900036051265
115294952399636742348477936161153552499632914041972014382263140767844352321
115295431991813000957906158479851623934781694290236468482915792900036051261
0
0
2
0
79228162514264337593543950336
0
30
4
115295431991813000957906158479851623934781694290236468482915792900036051265
115295431991813000957906158479851623934781694290236468482915792900036051265
115295431993458505515227364522006593117339044795219204348549372763384660289
115295431991813000957906158479851623934781694290236468482915792900036051261
0
0
2
0
20203181441137406086353707335680
0
30
4
115295431991813000957906158479851623934781694290236468482915792900036051265
115295431991813000957906158479851623934781694290236468482915792900036051265
115295433567794990732291245353773358529084140437451743793476907022166344001
115295431991813000957906158479851623934781694290236468482915792900036051261
0
0
2
0
309485009821345068724781056
0
30
4
115295431991813000957906158479851623934781694290236468482915792900036051265
115295431991813000957906158479851623934781694290236468482915792900036051265
115295431991814607895950417470127165896874035452838990685909575692871352641
115295431991813000957906158479851623934781694290236468482915792900036051261
0
0
2
0
78918677504442992524819169280
0
30
4
115295431991813000957906158479851623934781694290236468482915792900036051265
115295431991813000957906158479851623934781694290236468482915792900036051265
115295431993018204491100401186508095504037566242128120728252887526512083265
115295431991813000957906158479851623934781694290236468482915792900036051261
0
0
2
0
1208925819614629174706176
0
30
4
115295431991813000957906158479851623934781694290236468482915792900036051265
115295431991813000957906158479851623934781694290236468482915792900036051265
115295431991813001350225016941519171674518533240715619489313008179038208321
115295431991813000957906158479851623934781694290236468482915792900036051261
0
0
2
0
308276084001730439550074880
0
30
4
115295431991813000957906158479851623934781694290236468482915792900036051265
115295431991813000957906158479851623934781694290236468482915792900036051265
115295431991812889294151068827725848512183908010108113287108394114047099201
115295431991813000957906158479851623934781694290236468482915792900036051261
0
0
2
0
4722366482869645213696
0
30
4
115295431991813000957906158479851623934781694290236468482915792900036051265
115295431991813000957906158479851623934781694290236468482915792900036051265
115295431991813000958289282365068096149371281047024045778820477680581951809
115295431991813000957906158479851623934781694290236468482915792900036051261
0
0
2
0
1204203453131759529492480
0
30
4
115295431991813000957906158479851623934781694290236468482915792900036051265
115295431991813000957906158479851623934781694290236468482915792900036051265
115295431991813001324843059545927887457958410603538623635627641467872297281
115295431991813000957906158479851623934781694290236468482915792900036051261
0
0
2
0
18446744073709551616
0
30
4
115295431991813000957906158479851623934781694290236468482915792900036051265
115295431991813000957906158479851623934781694290236468482915792900036051265
115295431991813000957906532624270780645928754433553643851368824818767053121
115295431991813000957906158479851623934781694290236468482915792900036051261
0
0
2
0
4703919738795935662080
0
30
4
115295431991813000957906158479851623934781694290236468482915792900036051265
115295431991813000957906158479851623934781694290236468482915792900036051265
115295431991813000958186766794219157295076801778117994822689731948287443265
115295431991813000957906158479851623934781694290236468482915792900036051261
0
0
2
0
72057594037927936
0
30
4
115295431991813000957906158479851623934781694290236468482915792900036051265
115295431991813000957906158479851623934781694290236468482915792900036051265
115295431991813000957906158571195476267963126677966770527683481628531835201
115295431991813000957906158479851623934781694290236468482915792900036051261
0
0
2
0
18374686479671623680
0
30
4
115295431991813000957906158479851623934781694290236468482915792900036051265
115295431991813000957906158479851623934781694290236468482915792900036051265
115295431991813000957906132481107653603016500932499248990912388551923548481
115295431991813000957906158479851623934781694290236468482915792900036051261
0
0
2
0
281474976710656
0
30
4
115295431991813000957906158479851623934781694290236468482915792900036051265
115295431991813000957906158479851623934781694290236468482915792900036051265
115295431991813000957906158479940826915575816782802611356006386346059972929
115295431991813000957906158479851623934781694290236468482915792900036051261
0
0
2
0
71776119061217280
0
30
4
115295431991813000957906158479851623934781694290236468482915792900036051265
115295431991813000957906158479851623934781694290236468482915792900036051265
115295431991813000957906158565285778790352511545459805185431665829447024961
115295431991813000957906158479851623934781694290236468482915792900036051261
0
0
2
0
1099511627776
0
30
4
115295431991813000957906158479851623934781694290236468482915792900036051265
115295431991813000957906158479851623934781694290236468482915792900036051265
115295431991813000957906158479851711047067626050483115106815295432698184001
115295431991813000957906158479851623934781694290236468482915792900036051261
0
0
2
0
280375465082880
0
30
4
115295431991813000957906158479851623934781694290236468482915792900036051265
115295431991813000957906158479851623934781694290236468482915792900036051265
115295431991813000957906158479916958149230514475221436407542692396635603265
115295431991813000957906158479851623934781694290236468482915792900036051261
0
0
2
0
4294967296
0
30
4
115295431991813000957906158479851623934781694290236468482915792900036051265
115295431991813000957906158479851623934781694290236468482915792900036051265
115295431991813000957906158479851623956049342222795122449376705864521564481
115295431991813000957906158479851623934781694290236468482915792900036051261
0
0
2
0
1095216660480
0
30
4
115295431991813000957906158479851623934781694290236468482915792900036051265
115295431991813000957906158479851623934781694290236468482915792900036051265
115295431991813000957906158479851617881477401485729583278978440383346852161
115295431991813000957906158479851623934781694290236468482915792900036051261
0
0
2
0
16777216
0
30
4
115295431991813000957906158479851623934781694290236468482915792900036051265
115295431991813000957906158479851623934781694290236468482915792900036051265
115295431991813000957906158479851623934802463477670607793429914885352931649
115295431991813000957906158479851623934781694290236468482915792900036051261
0
0
2
0
4278190080
0
30
4
115295431991813000957906158479851623934781694290236468482915792900036051265
115295431991813000957906158479851623934781694290236468482915792900036051265
115295431991813000957906158479851623954673383555283393127816124337278239041
115295431991813000957906158479851623934781694290236468482915792900036051261
0
0
2
0
65536
0
30
4
115295431991813000957906158479851623934781694290236468482915792900036051265
115295431991813000957906158479851623934781694290236468482915792900036051265
115295431991813000957906158479851623934781714572646072134586216847287337281
115295431991813000957906158479851623934781694290236468482915792900036051261
0
0
2
0
16711680
0
30
4
115295431991813000957906158479851623934781694290236468482915792900036051265
115295431991813000957906158479851623934781694290236468482915792900036051265
115295431991813000957906158479851623934796906097439207235733753338500563265
115295431991813000957906158479851623934781694290236468482915792900036051261
0
0
2
0
256
0
30
4
115295431991813000957906158479851623934781694290236468482915792900036051265
115295431991813000957906158479851623934781694290236468482915792900036051265
115295431991813000957906158479851623934781694295188228640057313999632548161
115295431991813000957906158479851623934781694290236468482915792900036051261
0
0
2
0
65280
0
30
4
115295431991813000957906158479851623934781694290236468482915792900036051265
115295431991813000957906158479851623934781694290236468482915792900036051265
115295431991813000957906158479851623934781692880841733756510349927383122241
115295431991813000957906158479851623934781694290236468482915792900036051261
0
0
2
0
1
0
30
4
115295431991813000957906158479851623934781694290236468482915792900036051265
115295431991813000957906158479851623934781694290236468482915792900036051265
115295431991813000957906158479851623934781694290241304186194251416734875969
115295431991813000957906158479851623934781694290236468482915792900036051261
0
0
2
0
255
0
30
4
115295431991813000957906158479851623934781694290236468482915792900036051265
115295431991813000957906158479851623934781694290236468482915792900036051265
115295431991813000957906158479851623934781694294867863297859437268335411521
115295431991813000957906158479851623934781694290236468482915792900036051261
0
0
2
0
0
6901746346790563787434755862277025452451108972170386555162524223799296
30
4
115295431991813000957906158479851623934781694290236468482915792900036051265
115295431991813000957906158479851623934781694290236468482915792900036051265
115295431991813000957906158479851623934781694290236473205282275769681264961
115295431991813000957906158479851623934781694290236468482915792900036051261
0
0
2
0
0
1759945318431593765795862744880641490375032787903448571566443677068820480
30
4
115295431991813000957906158479851623934781694290236468482915792900036051265
115295431991813000957906158479851623934781694290236468482915792900036051265
115295431991813000957906158479851623934781694290240010257777945133946323265
115295431991813000957906158479851623934781694290236468482915792900036051261
0
0
2
0
0
26959946667150639794667015087019630673637144422540572481103610249216
30
4
115295431991813000957906158479851623934781694290236468482915792900036051265
115295431991813000957906158479851623934781694290236468482915792900036051265
115295431991813000957906158479851623934781694290236468484068714404642898241
115295431991813000957906158479851623934781694290236468482915792900036051261
0
0
2
0
0
6874786400123413147640088847190005821777471827747845982681420613550080
30
4
115295431991813000957906158479851623934781694290236468482915792900036051265
115295431991813000957906158479851623934781694290236468482915792900036051265
115295431991813000957906158479851623934781694290236468154765509651312230721
115295431991813000957906158479851623934781694290236468482915792900036051261
0
0
2
0
0
105312291668557186697918027683670432318895095400549111254310977536
30
4
115295431991813000957906158479851623934781694290236468482915792900036051265
115295431991813000957906158479851623934781694290236468482915792900036051265
115295431991813000957906158479851623934781694290236468482916918799942893889
115295431991813000957906158479851623934781694290236468482915792900036051261
0
0
2
0
0
26854634375482082607969097059335960241318249327140023369849299271680
30
4
115295431991813000957906158479851623934781694290236468482915792900036051265
115295431991813000957906158479851623934781694290236468482915792900036051265
115295431991813000957906158479851623934781694290236468483994123535814574401
115295431991813000957906158479851623934781694290236468482915792900036051261
0
0
2
0
0
411376139330301510538742295639337626245683966408394965837152256
30
4
115295431991813000957906158479851623934781694290236468482915792900036051265
115295431991813000957906158479851623934781694290236468482915792900036051265
115295431991813000957906158479851623934781694290236468482915793999547679041
115295431991813000957906158479851623934781694290236468482915792900036051261
0
0
2
0
0
104900915529226885187379285388031094692649411434140716288473825280
30
4
115295431991813000957906158479851623934781694290236468482915792900036051265
115295431991813000957906158479851623934781694290236468482915792900036051265
115295431991813000957906158479851623934781694290236468482916617533756883265
115295431991813000957906158479851623934781694290236468482915792900036051261
0
0
