64
0
72057594037927936
25
1
115295431991813000957906158479851623934781694290236468482987850494073979201
280267668797
5
0
18374686479671623680
25
1
115295431991813000957906158479851623934781694290236468536958988428482003265
280267668797
5
0
281474976710656
25
1
115295431991813000957906158479851623934781694290236468482915810492222095681
280267668797
5
0
71776119061217280
25
1
115295431991813000957906158479851623934781694290236468482910785724083159361
280267668797
5
0
1099511627776
25
1
115295431991813000957906158479851623934781694290236468482915792917215920449
280267668797
5
0
280375465082880
25
1
115295431991813000957906158479851623934781694290236468482915809354055762241
280267668797
5
0
4294967296
25
1
115295431991813000957906158479851623934781694290236468482915792900052828481
280267668797
5
0
1095216660480
25
1
115295431991813000957906158479851623934781694290236468482915792912618963265
280267668797
5
0
16777216
25
1
115295431991813000957906158479851623934781694290236468482915792900036055361
280267668797
5
0
4278190080
25
1
115295431991813000957906158479851623934781694290236468482915792900034885441
280267668797
5
0
65536
25
1
115295431991813000957906158479851623934781694290236468482915792900036051269
280267668797
5
0
16711680
25
1
115295431991813000957906158479851623934781694290236468482915792900036055096
280267668797
5
0
256
25
1
115295431991813000957906158479851623934781694290236468482915792900036051265
284562636093
5
0
65280
25
1
115295431991813000957906158479851623934781694290236468482915792900036051268
202958257469
5
0
1
25
1
115295431991813000957906158479851623934781694290236468482915792900036051265
280268717373
5
0
255
25
1
115295431991813000957906158479851623934781694290236468482915792900036051265
279969217853
5
0
6901746346790563787434755862277025452451108972170386555162524223799296
30
1
115405859933361649978505114573648056342020912033791194667798393287616840001
1203740476025595838785
9
0
1759945318431593765795862744880641490375032787903448571566443677068820480
30
1
83864879128528773469928280283042050024319344030972528110705657584854057281
1203740476025595838785
9
0
26959946667150639794667015087019630673637144422540572481103610249216
30
1
115295539831599669560465337147911972013304388838814158645205717314477048129
1203740476025595838785
9
0
6874786400123413147640088847190005821777471827747845982681420613550080
30
1
115398715547494855058959527814649996139892398190519221416090900830900797761
1203740476025595838785
9
0
105312291668557186697918027683670432318895095400549111254310977536
30
1
115295432097125292626463345177769651618452126609131563883464904154347028801
1203740476025595838785
9
0
26854634375482082607969097059335960241318249327140023369849299271680
30
1
115295510976031752375796181918372386687605933461558018894749233633269203265
1203740476025595838785
9
0
411376139330301510538742295639337626245683966408394965837152256
30
1
115295431991838711966614302324260295328259152891876823730816317585400873281
1203740476025595838785
9
0
104900915529226885187379285388031094692649411434140716288473825280
30
1
115295431984495005104350716765033528566260039798350356049228954328073584961
1203740476025595838785
9
0
1606938044258990275541962092341162602522202993782792835301376
30
1
115295431991813026066313100026574679277939387120902132892337570756174102849
1203740476025595838785
9
0
409769201286042520263200333546996463643161763414612173001850880
30
1
115295431991837048534654424853857878844062002860276556606623534616254955841
1203740476025595838785
9
0
6277101735386680763835789423207666416102355444464034512896
30
1
115295431991813000982426087133705845668515246724641415420815618854973686081
1203740476025595838785
9
0
1600660942523603594778126302917954936106100638338328800788480
30
1
115295431991813019347852648870517924234946020093946671907785259103262163265
1203740476025595838785
9
0
24519928653854221733733552434404946937899825954937634816
30
1
115295431991813000957912144790558131313134656583311274378164303599732080961
1203740476025595838785
9
0
6252581806732826542102055870773261469164455618509096878080
30
1
115295431991813000956202304795011961371069801623819840547808434999053599041
1203740476025595838785
9
0
95780971304118053647396689196894323976171195136475136
30
1
115295431991813000957906164325858173258393367104975799348047871523766223169
1203740476025595838785
9
0
24424147682550103680086155745208052613923654759801159680
30
1
115295431991813000957911757492624238623861332606830604563164094777608192321
1203740476025595838785
9
0
374144419156711147060143317175368453031918731001856
30
1
115295431991813000957906158485560614705605533814469612360713773445567037761
1203740476025595838785
9
0
95406826884961342500336545879718955523139276405473280
30
1
115295431991813000957906162761594702052661337465094376831401202048275923265
1203740476025595838785
9
0
1461501637330902918203684832716283019655932542976
30
1
115295431991813000957906158479853017731356602454182814465307833422630175041
1203740476025595838785
9
0
372682917519380244141939632342652170012262798458880
30
1
115295431991813000957906158479454914584648458127007743244581259156683571521
1203740476025595838785
9
0
5708990770823839524233143877797980545530986496
30
1
115295431991813000957906158479851625295911161973990322336414222627108897089
1203740476025595838785
9
0
1455792646560079078679451688838485039110401556480
30
1
115295431991813000957906158479852927556529368405489996671036864004054139201
1203740476025595838785
9
0
22300745198530623141535718272648361505980416
30
1
115295431991813000957906158479851623936110922286021384355819599960316395841
1203740476025595838785
9
0
5686690025625308901091608159525332184025006080
30
1
115295431991813000957906158479851624931702691128923373160771088110294483265
1203740476025595838785
9
0
87112285931760246646623899502532662132736
30
1
115295431991813000957906158479851623934782018808790126909642576056056627521
1203740476025595838785
9
0
22213632912598862894889094373145828843847680
30
1
115295431991813000957906158479851623934689328196901438775805137117679534401
1203740476025595838785
9
0
340282366920938463463374607431768211456
30
1
115295431991813000957906158479851623934781694607149118539973143274211852609
1203740476025595838785
9
0
86772003564839308183160524895100893921280
30
1
115295431991813000957906158479851623934781997813327060629593113766909788481
1203740476025595838785
9
0
1329227995784915872903807060280344576
30
1
115295431991813000957906158479851623934781694290545953492737137968760832321
1203740476025595838785
9
0
338953138925153547590470800371487866880
30
1
115295431991813000957906158479851623934781694522350225848924594443621843265
1203740476025595838785
9
0
5192296858534827628530496329220096
30
1
115295431991813000957906158479851623934781694290236544040779518814359470401
1203740476025595838785
9
0
1324035698926381045275276563951124480
30
1
115295431991813000957906158479851623934781694290214962825952804535732879681
1203740476025595838785
9
0
20282409603651670423947251286016
30
1
115295431991813000957906158479851623934781694290236468556702769194874257729
1203740476025595838785
9
0
5172014448931175958106549077934080
30
1
115295431991813000957906158479851623934781694290236539152392339281328292161
1203740476025595838785
9
0
79228162514264337593543950336
30
1
115295431991813000957906158479851623934781694290236468482987850494073979201
1203740476025595838785
9
0
20203181441137406086353707335680
30
1
115295431991813000957906158479851623934781694290236468536958988428482003265
1203740476025595838785
9
0
309485009821345068724781056
30
1
115295431991813000957906158479851623934781694290236468482915810492222095681
1203740476025595838785
9
0
78918677504442992524819169280
30
1
115295431991813000957906158479851623934781694290236468482910785724083159361
1203740476025595838785
9
0
1208925819614629174706176
30
1
115295431991813000957906158479851623934781694290236468482915792917215920449
1203740476025595838785
9
0
308276084001730439550074880
30
1
115295431991813000957906158479851623934781694290236468482915809354055762241
1203740476025595838785
9
0
4722366482869645213696
30
1
115295431991813000957906158479851623934781694290236468482915792900052828481
1203740476025595838785
9
0
1204203453131759529492480
30
1
115295431991813000957906158479851623934781694290236468482915792912618963265
1203740476025595838785
9
0
18446744073709551616
30
1
115295431991813000957906158479851623934781694290236468482915792900036055361
1203740476025595838785
9
0
4703919738795935662080
30
1
115295431991813000957906158479851623934781694290236468482915792900034885441
1203740476025595838785
9
0
72057594037927936
30
1
115295431991813000957906158479851623934781694290236468482915792900036051269
1203740476025595838785
9
0
18374686479671623680
30
1
115295431991813000957906158479851623934781694290236468482915792900036055096
1203740476025595838785
9
0
281474976710656
30
1
115295431991813000957906158479851623934781694290236468482915792900036051265
1222187220099305390401
9
0
71776119061217280
30
1
115295431991813000957906158479851623934781694290236468482915792900036051268
871699082698823909697
9
