64
2
0
0
1606938044258990275541962092341162602522202993782792835301376
30
4
115295431991813000957906158479851623934781694290236468482915792900036051265
115295431991813000957906158479851623934781694290236468482915792900036051265
115295431991813000957906158479851623934781694290236468482915792900304486721
115295431991813000957906158479851623934781694290236468482915792900036051261
0
0
2
0
0
409769201286042520263200333546996463643161763414612173001850880
30
4
115295431991813000957906158479851623934781694290236468482915792900036051265
115295431991813000957906158479851623934781694290236468482915792900036051265
115295431991813000957906158479851623934781694290236468482915792823632609601
115295431991813000957906158479851623934781694290236468482915792900036051261
0
0
2
0
0
6277101735386680763835789423207666416102355444464034512896
30
4
115295431991813000957906158479851623934781694290236468482915792900036051265
115295431991813000957906158479851623934781694290236468482915792900036051265
115295431991813000957906158479851623934781694290236468482915792900036313409
115295431991813000957906158479851623934781694290236468482915792900036051261
0
0
2
0
0
1600660942523603594778126302917954936106100638338328800788480
30
4
115295431991813000957906158479851623934781694290236468482915792900036051265
115295431991813000957906158479851623934781694290236468482915792900036051265
115295431991813000957906158479851623934781694290236468482915792900287119681
115295431991813000957906158479851623934781694290236468482915792900036051261
0
0
2
0
0
24519928653854221733733552434404946937899825954937634816
30
4
115295431991813000957906158479851623934781694290236468482915792900036051265
115295431991813000957906158479851623934781694290236468482915792900036051265
115295431991813000957906158479851623934781694290236468482915792900036051521
115295431991813000957906158479851623934781694290236468482915792900036051261
0
0
2
0
0
6252581806732826542102055870773261469164455618509096878080
30
4
115295431991813000957906158479851623934781694290236468482915792900036051265
115295431991813000957906158479851623934781694290236468482915792900036051265
115295431991813000957906158479851623934781694290236468482915792900036243265
115295431991813000957906158479851623934781694290236468482915792900036051261
0
0
2
0
0
95780971304118053647396689196894323976171195136475136
30
4
115295431991813000957906158479851623934781694290236468482915792900036051265
115295431991813000957906158479851623934781694290236468482915792900036051265
115295431991813000957906158479851623934781694290236468482915792900036051265
143564985028267150231238918491738320188021436640246371812861492120717967677
0
0
2
0
0
24424147682550103680086155745208052613923654759801159680
30
4
115295431991813000957906158479851623934781694290236468482915792900036051265
115295431991813000957906158479851623934781694290236468482915792900036051265
115295431991813000957906158479851623934781694290236468482915792900036051247
210705173489845754755404223519969223789465824721519892221482527769837519165
0
0
2
0
0
374144419156711147060143317175368453031918731001856
30
4
115295431991813000957906158479851623934781694290236468482915792900036051265
115295431991813000957906158479851623934781694290236468482915792900036051265
115295431991813000957906158479851623934781694290236468482915792900036051265
115323038977200163213055897503300732036591498726125150029136442996931248445
0
0
2
0
0
95406826884961342500336545879718955523139276405473280
30
4
115295431991813000957906158479851623934781694290236468482915792900036051265
115295431991813000957906158479851623934781694290236468482915792900036051265
115295431991813000957906158479851623934781694290236468482915792900036051265
141736022246367650827568708188234908443121892762621219375743423201411154237
0
0
2
0
0
1461501637330902918203684832716283019655932542976
30
4
115295431991813000957906158479851623934781694290236468482915792900036051265
115295431991813000957906158479851623934781694290236468482915792900036051265
115295431991813000957906158479851623934781694290236468482915792900036051265
115295458951759668108545953146866710954412367927380891023488274003646300477
0
0
2
0
0
372682917519380244141939632342652170012262798458880
30
4
115295431991813000957906158479851623934781694290236468482915792900036051265
115295431991813000957906158479851623934781694290236468482915792900036051265
115295431991813000957906158479851623934781694290236468482915792900036051265
115315651951813363937752158741166888657786922148553373912276620607722963261
0
0
2
0
0
5708990770823839524233143877797980545530986496
30
4
115295431991813000957906158479851623934781694290236468482915792900036051265
115295431991813000957906158479851623934781694290236468482915792900036051265
115295431991813000957906158479851623934781694290236468482915792900036051265
115295431998395019187190982648471500665011096310167411945450112353430487357
0
0
2
0
0
1455792646560079078679451688838485039110401556480
30
4
115295431991813000957906158479851623934781694290236468482915792900036051265
115295431991813000957906158479851623934781694290236468482915792900036051265
115295431991813000957906158479851623934781694290236468482915792900036051265
115295430118406062447713079486419209593238144367391685459085118477644677437
0
0
2
0
0
22300745198530623141535718272648361505980416
30
4
115295431991813000957906158479851623934781694290236468482915792900036051265
115295431991813000957906158479851623934781694290236468482915792900036051265
115295431991813000957906158479851623934781694290236468482915792900036051265
115295431991819428710083194440953791783151058940646557294890924071377256765
0
0
2
0
0
5686690025625308901091608159525332184025006080
30
4
115295431991813000957906158479851623934781694290236468482915792900036051265
115295431991813000957906158479851623934781694290236468482915792900036051265
115295431991813000957906158479851623934781694290236468482915792900036051265
115295431997969180605462350225452880710540688220499028152097672252075622717
0
0
2
0
0
87112285931760246646623899502532662132736
30
4
115295431991813000957906158479851623934781694290236468482915792900036051265
115295431991813000957906158479851623934781694290236468482915792900036051265
115295431991813000957906158479851623934781694290236468482915792900036051265
115295431991813007235007893866532387770571117497902884585271237364070564157
0
0
2
0
0
22213632912598862894889094373145828843847680
30
4
115295431991813000957906158479851623934781694290236468482915792900036051265
115295431991813000957906158479851623934781694290236468482915792900036051265
115295431991813000957906158479851623934781694290236468482915792900036051265
115295431991817708784207698490424500776849100040048545249499140925920723261
0
0
2
0
0
340282366920938463463374607431768211456
30
4
115295431991813000957906158479851623934781694290236468482915792900036051265
115295431991813000957906158479851623934781694290236468482915792900036051265
115295431991813000957906158479851623934781694290236468482915792900036051265
115295431991813000959438654020717512793140041317386777666534532022219653437
0
0
2
0
0
86772003564839308183160524895100893921280
30
4
115295431991813000957906158479851623934781694290236468482915792900036051265
115295431991813000957906158479851623934781694290236468482915792900036051265
115295431991813000957906158479851623934781694290236468482915792900036051265
115295431991813000521719615160898007624537171687579717095432170248528281917
0
0
2
0
0
1329227995784915872903807060280344576
30
4
115295431991813000957906158479851623934781694290236468482915792900036051265
115295431991813000957906158479851623934781694290236468482915792900036051265
115295431991813000957906158479851623934781694290236468482915792900036051265
115295431991813000957907655057528250779369934863505169956727920574960058685
0
0
2
0
0
338953138925153547590470800371487866880
30
4
115295431991813000957906158479851623934781694290236468482915792900036051265
115295431991813000957906158479851623934781694290236468482915792900036051265
115295431991813000957906158479851623934781694290236468482915792900036051265
115295431991813000959339505749640984339169103338335305026481073558504161597
0
0
2
0
0
5192296858534827628530496329220096
30
4
115295431991813000957906158479851623934781694290236468482915792900036051265
115295431991813000957906158479851623934781694290236468482915792900036051265
115295431991813000957906158479851623934781694290236468482915792900036051265
115295431991813000957906159941353261265684612493921301199198812555968594237
0
0
2
0
0
1324035698926381045275276563951124480
30
4
115295431991813000957906158479851623934781694290236468482915792900036051265
115295431991813000957906158479851623934781694290236468482915792900036051265
115295431991813000957906158479851623934781694290236468482915792900036051265
115295431991813000957907254606079622111970347053861005695180534849443283261
0
0
2
0
0
20282409603651670423947251286016
30
4
115295431991813000957906158479851623934781694290236468482915792900036051265
115295431991813000957906158479851623934781694290236468482915792900036051265
115295431991813000957906158479851623934781694290236468482915792900036051265
115295431991813000957906158480208435857958184260501039975278166684131737917
0
0
2
0
0
5172014448931175958106549077934080
30
4
115295431991813000957906158479851623934781694290236468482915792900036051265
115295431991813000957906158479851623934781694290236468482915792900036051265
115295431991813000957906158479851623934781694290236468482915792900036051265
115295431991813000957906158378294030300673236503682807469275154601801236797
0
0
2
0
0
79228162514264337593543950336
30
4
115295431991813000957906158479851623934781694290236468482915792900036051265
115295431991813000957906158479851623934781694290236468482915792900036051265
115295431991813000957906158479851623934781694290236468482915792900036051265
115295431991813000957906158479851972383925421331223054978513803030684582205
0
0
2
0
0
20203181441137406086353707335680
30
4
115295431991813000957906158479851623934781694290236468482915792900036051265
115295431991813000957906158479851623934781694290236468482915792900036051265
115295431991813000957906158479851623934781694290236468482915792900036051265
115295431991813000957906158480185351102186267795139684641909995528666562877
0
0
2
0
0
309485009821345068724781056
30
4
115295431991813000957906158479851623934781694290236468482915792900036051265
115295431991813000957906158479851623934781694290236468482915792900036051265
115295431991813000957906158479851623934781694290236468482915792900036051265
115295431991813000957906158479851624275064061211174931946290400331804262717
0
0
2
0
0
78918677504442992524819169280
30
4
115295431991813000957906158479851623934781694290236468482915792900036051265
115295431991813000957906158479851623934781694290236468482915792900036051265
115295431991813000957906158479851623934781694290236468482915792900036051265
115295431991813000957906158479851879146556884994084066013871366726194643261
0
0
2
0
0
1208925819614629174706176
30
4
115295431991813000957906158479851623934781694290236468482915792900036051265
115295431991813000957906158479851623934781694290236468482915792900036051265
115295431991813000957906158479851623934781694290236468482915792900036051265
115295431991813000957906158479851623934864771039973025724972280841303572797
0
0
2
0
0
308276084001730439550074880
30
4
115295431991813000957906158479851623934781694290236468482915792900036051265
115295431991813000957906158479851623934781694290236468482915792900036051265
115295431991813000957906158479851623934781694290236468482915792900036051265
115295431991813000957906158479851623911135974396468863462587912616767734077
0
0
2
0
0
4722366482869645213696
30
4
115295431991813000957906158479851623934781694290236468482915792900036051265
115295431991813000957906158479851623934781694290236468482915792900036051265
115295431991813000957906158479851623934781694290236468482915792900036051265
115295431991813000957906158479851623934781775419874883089597488689041195325
0
0
2
0
0
1204203453131759529492480
30
4
115295431991813000957906158479851623934781694290236468482915792900036051265
115295431991813000957906158479851623934781694290236468482915792900036051265
115295431991813000957906158479851623934781694290236468482915792900036051265
115295431991813000957906158479851623934859396201428058032309934819712778557
0
0
2
0
0
18446744073709551616
30
4
115295431991813000957906158479851623934781694290236468482915792900036051265
115295431991813000957906158479851623934781694290236468482915792900036051265
115295431991813000957906158479851623934781694290236468482915792900036051265
115295431991813000957906158479851623934781694369464630997180130493580001597
0
0
2
0
0
4703919738795935662080
30
4
115295431991813000957906158479851623934781694290236468482915792900036051265
115295431991813000957906158479851623934781694290236468482915792900036051265
115295431991813000957906158479851623934781694290236468482915792900036051265
115295431991813000957906158479851623934781753711358354181168988057998803261
0
0
2
0
0
72057594037927936
30
4
115295431991813000957906158479851623934781694290236468482915792900036051265
115295431991813000957906158479851623934781694290236468482915792900036051265
115295431991813000957906158479851623934781694290236468482915792900036051265
115295431991813000957906158479851623934781694290255811296029626966831350077
0
0
2
0
0
18374686479671623680
30
4
115295431991813000957906158479851623934781694290236468482915792900036051265
115295431991813000957906158479851623934781694290236468482915792900036051265
115295431991813000957906158479851623934781694290236468482915792900036051265
115295431991813000957906158479851623934781694284731020300390771638424125757
0
0
2
0
0
281474976710656
30
4
115295431991813000957906158479851623934781694290236468482915792900036051265
115295431991813000957906158479851623934781694290236468482915792900036051265
115295431991813000957906158479851623934781694290236468482915792900036051265
115295431991813000957906158479851623934781694290236487372381724378616906045
0
0
2
0
0
71776119061217280
30
4
115295431991813000957906158479851623934781694290236468482915792900036051265
115295431991813000957906158479851623934781694290236468482915792900036051265
115295431991813000957906158479851623934781694290236468482915792900036051265
115295431991813000957906158479851623934781694290254559868911666510849720637
0
0
2
0
0
1099511627776
30
4
115295431991813000957906158479851623934781694290236468482915792900036051265
115295431991813000957906158479851623934781694290236468482915792900036051265
115295431991813000957906158479851623934781694290236468482915792900036051265
115295431991813000957906158479851623934781694290236468501362536973745602877
0
0
2
0
0
280375465082880
30
4
115295431991813000957906158479851623934781694290236468482915792900036051265
115295431991813000957906158479851623934781694290236468482915792900036051265
115295431991813000957906158479851623934781694290236468482915792900036051265
115295431991813000957906158479851623934781694290236482317973848182199763261
0
0
2
0
0
4294967296
30
4
115295431991813000957906158479851623934781694290236468482915792900036051265
115295431991813000957906158479851623934781694290236468482915792900036051265
115295431991813000957906158479851623934781694290236468482915792900036051265
115295431991813000957906158479851623934781694290236468482920296499663421757
0
0
2
0
0
1095216660480
30
4
115295431991813000957906158479851623934781694290236468482915792900036051265
115295431991813000957906158479851623934781694290236468482915792900036051265
115295431991813000957906158479851623934781694290236468482915792900036051265
115295431991813000957906158479851623934781694290236468481633955856095723837
0
0
2
0
0
16777216
30
4
115295431991813000957906158479851623934781694290236468482915792900036051265
115295431991813000957906158479851623934781694290236468482915792900036051265
115295431991813000957906158479851623934781694290236468482915792900036051265
115295431991813000957906158479851623934781694290236468482915797298082562365
0
0
2
0
0
4278190080
30
4
115295431991813000957906158479851623934781694290236468482915792900036051265
115295431991813000957906158479851623934781694290236468482915792900036051265
115295431991813000957906158479851623934781694290236468482915792900036051265
115295431991813000957906158479851623934781694290236468482920005129082061117
0
0
2
0
0
65536
30
4
115295431991813000957906158479851623934781694290236468482915792900036051265
115295431991813000957906158479851623934781694290236468482915792900036051265
115295431991813000957906158479851623934781694290236468482915792900036051265
115295431991813000957906158479851623934781694290236468482915792904331018557
0
0
2
0
0
16711680
30
4
115295431991813000957906158479851623934781694290236468482915792900036051265
115295431991813000957906158479851623934781694290236468482915792900036051265
115295431991813000957906158479851623934781694290236468482915792900036051265
115295431991813000957906158479851623934781694290236468482915796121261523261
0
0
2
0
0
256
30
4
115295431991813000957906158479851623934781694290236468482915792900036051265
115295431991813000957906158479851623934781694290236468482915792900036051265
115295431991813000957906158479851623934781694290236468482915792900036051265
115295431991813000957906158479851623934781694290236468482915792900037099837
0
0
2
0
0
65280
30
4
115295431991813000957906158479851623934781694290236468482915792900036051265
115295431991813000957906158479851623934781694290236468482915792900036051265
115295431991813000957906158479851623934781694290236468482915792900036051265
115295431991813000957906158479851623934781694290236468482915792899737600317
0
0
2
0
0
1
30
4
115295431991813000957906158479851623934781694290236468482915792900036051265
115295431991813000957906158479851623934781694290236468482915792900036051265
115295431991813000957906158479851623934781694290236468482915792900036051265
115295431991813000957906158479851623934781694290236468482915792900036052285
0
0
2
0
0
255
30
4
115295431991813000957906158479851623934781694290236468482915792900036051265
115295431991813000957906158479851623934781694290236468482915792900036051265
115295431991813000957906158479851623934781694290236468482915792900036051265
115295431991813000957906158479851623934781694290236468482915792900037031997
0
0
3
1766847064778384329583297500742918515827483896875618958121606201292619776
0
0
0
0
4
115405859933361649978505114573648056342020912033791194667798393287616840001
115295431991813000957906158479851623934781694290236468482915792900036051265
115295431991813000957906158479851623934781694290236468482915792900036051265
115295431991813000957906158479851623934781694290236468482915792900036051265
0
0
3
450546001518488004043740862689444221536008393703282834321009581329618042880
0
0
0
0
4
83864879128528773469928280283042050024319344030972528110705657584854057281
115295431991813000957906158479851623934781694290236468482915792900036051265
115295431991813000957906158479851623934781694290236468482915792900036051265
115295431991813000957906158479851623934781694290236468482915792900036051265
0
0
3
6901746346790563787434755862277025452451108972170386555162524223799296
0
0
0
0
4
115295539831599669560465337147911972013304388838814158645205717314477048129
115295431991813000957906158479851623934781694290236468482915792900036051265
115295431991813000957906158479851623934781694290236468482915792900036051265
115295431991813000957906158479851623934781694290236468482915792900036051265
0
0
3
1759945318431593765795862744880641490375032787903448571566443677068820480
0
0
0
0
4
115398715547494855058959527814649996139892398190519221416090900830900797761
115295431991813000957906158479851623934781694290236468482915792900036051265
115295431991813000957906158479851623934781694290236468482915792900036051265
115295431991813000957906158479851623934781694290236468482915792900036051265
0
0
3
26959946667150639794667015087019630673637144422540572481103610249216
0
0
0
0
4
115295432097125292626463345177769651618452126609131563883464904154347028801
115295431991813000957906158479851623934781694290236468482915792900036051265
115295431991813000957906158479851623934781694290236468482915792900036051265
115295431991813000957906158479851623934781694290236468482915792900036051265
0
0
3
6874786400123413147640088847190005821777471827747845982681420613550080
0
0
0
0
4
115295510976031752375796181918372386687605933461558018894749233633269203265
115295431991813000957906158479851623934781694290236468482915792900036051265
115295431991813000957906158479851623934781694290236468482915792900036051265
115295431991813000957906158479851623934781694290236468482915792900036051265
0
0
3
105312291668557186697918027683670432318895095400549111254310977536
0
0
0
0
4
115295431991838711966614302324260295328259152891876823730816317585400873281
115295431991813000957906158479851623934781694290236468482915792900036051265
115295431991813000957906158479851623934781694290236468482915792900036051265
115295431991813000957906158479851623934781694290236468482915792900036051265
0
0
3
26854634375482082607969097059335960241318249327140023369849299271680
0
0
0
0
4
115295431984495005104350716765033528566260039798350356049228954328073584961
115295431991813000957906158479851623934781694290236468482915792900036051265
115295431991813000957906158479851623934781694290236468482915792900036051265
115295431991813000957906158479851623934781694290236468482915792900036051265
0
0
3
411376139330301510538742295639337626245683966408394965837152256
0
0
0
0
4
115295431991813026066313100026574679277939387120902132892337570756174102849
115295431991813000957906158479851623934781694290236468482915792900036051265
115295431991813000957906158479851623934781694290236468482915792900036051265
115295431991813000957906158479851623934781694290236468482915792900036051265
0
0
3
104900915529226885187379285388031094692649411434140716288473825280
0
0
0
0
4
115295431991837048534654424853857878844062002860276556606623534616254955841
115295431991813000957906158479851623934781694290236468482915792900036051265
115295431991813000957906158479851623934781694290236468482915792900036051265
115295431991813000957906158479851623934781694290236468482915792900036051265
0
0
3
1606938044258990275541962092341162602522202993782792835301376
0
0
0
0
4
115295431991813000982426087133705845668515246724641415420815618854973686081
115295431991813000957906158479851623934781694290236468482915792900036051265
115295431991813000957906158479851623934781694290236468482915792900036051265
115295431991813000957906158479851623934781694290236468482915792900036051265
0
0
3
409769201286042520263200333546996463643161763414612173001850880
0
0
0
0
4
115295431991813019347852648870517924234946020093946671907785259103262163265
115295431991813000957906158479851623934781694290236468482915792900036051265
115295431991813000957906158479851623934781694290236468482915792900036051265
115295431991813000957906158479851623934781694290236468482915792900036051265
0
0
