64
2
0
105312291668557186697918027683670432318895095400549111254310977536
0
2
2
115295431991813000957906158479851623934781694290236468482915792900036051265
115295431991813000957906158479851623940098606273376131974531021141157429569
104860584535174894843208820457086061592037089476649697174175037
26
2
0
26854634375482082607969097059335960241318249327140023369849299271680
0
2
2
115295431991813000957906158479851623934781694290236468482915792900036051265
115295431991813000957906158479851629027054146142249177577400640834036121921
104860584535174894843208820457086061592037089476649697174175037
26
2
0
411376139330301510538742295639337626245683966408394965837152256
0
2
2
115295431991813000957906158479851623934781694290236468482915792900036051265
115295431991813000957906158479851623934786886587095003310544323396365271361
104860584535174894843208820457086061592037089476649697174175037
26
2
0
104900915529226885187379285388031094692649411434140716288473825280
0
2
2
115295431991813000957906158479851623934781694290236468482915792900036051265
115295431991813000957906158479851623938675916934137589204313665146951123265
104860584535174894843208820457086061592037089476649697174175037
26
2
0
1606938044258990275541962092341162602522202993782792835301376
0
2
2
115295431991813000957906158479851623934781694290236468482915792900036051265
115295431991813000957906158479851623934781695557887068711145194396739256641
104860584535174894843208820457086061592037089476649697174175037
26
2
0
409769201286042520263200333546996463643161763414612173001850880
0
2
2
115295431991813000957906158479851623934781694290236468482915792900036051265
115295431991813000957906158479851623934781333485184378523122391900886221121
104860584535174894843208820457086061592037089476649697174175037
26
2
0
6277101735386680763835789423207666416102355444464034512896
0
2
2
115295431991813000957906158479851623934781694290236468482915792900036051265
115295431991813000957906158479851623934781694291474408522201173174935175489
104860584535174894843208820457086061592037089476649697174175037
26
2
0
1600660942523603594778126302917954936106100638338328800788480
0
2
2
115295431991813000957906158479851623934781694290236468482915792900036051265
115295431991813000957906158479851623934781695475873541108488751184672276801
104860584535174894843208820457086061592037089476649697174175037
26
2
0
24519928653854221733733552434404946937899825954937634816
0
2
2
115295431991813000957906158479851623934781694290236468482915792900036051265
115295431991813000957906158479851623934781694290237677408735407529210757441
104860584535174894843208820457086061592037089476649697174175037
26
2
0
6252581806732826542102055870773261469164455618509096878080
0
2
2
115295431991813000957906158479851623934781694290236468482915792900036051265
115295431991813000957906158479851623934781694291143162847626764781065683265
104860584535174894843208820457086061592037089476649697174175037
26
2
0
95780971304118053647396689196894323976171195136475136
0
2
2
115295431991813000957906158479851623934781694290236468482915792900036051265
115295431991813000957906158479851623934781694290236468778063698079388877121
104860584535174894843208820457086061592037089476649697174175037
26
2
0
24424147682550103680086155745208052613923654759801159680
0
2
2
115295431991813000957906158479851623934781694290236468482915792900036051265
115295431991813000957906158479851623934781694290236384476443281226737992001
104860584535174894843208820457086061592037089476649697174175037
26
2
0
374144419156711147060143317175368453031918731001856
0
2
2
115295431991813000957906158479851623934781694290236468482915792900036051265
115295431991813000957906158479851623934781694290236468483204023276187763009
104860584535174894843208820457086061592037089476649697174175037
26
2
0
95406826884961342500336545879718955523139276405473280
0
2
2
115295431991813000957906158479851623934781694290236468482915792900036051265
115295431991813000957906158479851623934781694290236468758968435659337974081
104860584535174894843208820457086061592037089476649697174175037
26
2
0
1461501637330902918203684832716283019655932542976
0
2
2
115295431991813000957906158479851623934781694290236468482915792900036051265
115295431991813000957906158479851623934781694290236468482916074375012761921
104860584535174894843208820457086061592037089476649697174175037
26
2
0
372682917519380244141939632342652170012262798458880
0
2
2
115295431991813000957906158479851623934781694290236468482915792900036051265
115295431991813000957906158479851623934781694290236468483126899132569043265
104860584535174894843208820457086061592037089476649697174175037
26
2
0
5708990770823839524233143877797980545530986496
0
2
2
115295431991813000957906158479851623934781694290236468482915792900036051265
115295431991813000957906158479851623934781694290236468482915792968755528001
104860584535174894843208820457086061592037089476649697174175037
26
2
0
1455792646560079078679451688838485039110401556480
0
2
2
115295431991813000957906158479851623934781694290236468482915792900036051265
115295431991813000957906158479851623934781694290236468482915773340754985281
104860584535174894843208820457086061592037089476649697174175037
26
2
0
22300745198530623141535718272648361505980416
0
2
2
115295431991813000957906158479851623934781694290236468482915792900036051265
115295431991813000957906158479851623934781694290236468482915792900103160129
104860584535174894843208820457086061592037089476649697174175037
26
2
0
5686690025625308901091608159525332184025006080
0
2
2
115295431991813000957906158479851623934781694290236468482915792900036051265
115295431991813000957906158479851623934781694290236468482915792964309565761
104860584535174894843208820457086061592037089476649697174175037
26
2
0
87112285931760246646623899502532662132736
0
2
2
115295431991813000957906158479851623934781694290236468482915792900036051265
115295431991813000957906158479851623934781694290236468482915792900036116801
104860584535174894843208820457086061592037089476649697174175037
26
2
0
22213632912598862894889094373145828843847680
0
2
2
115295431991813000957906158479851623934781694290236468482915792900036051265
115295431991813000957906158479851623934781694290236468482915792900085203265
104860584535174894843208820457086061592037089476649697174175037
26
2
0
340282366920938463463374607431768211456
0
2
2
115295431991813000957906158479851623934781694290236468482915792900036051265
115295431991813000957906158479851623934781694290236468482915792900036051281
104860584535174894843208820457086061592037089476649697174175037
26
2
0
86772003564839308183160524895100893921280
0
2
2
115295431991813000957906158479851623934781694290236468482915792900036051265
115295431991813000957906158479851623934781694290236468482915792900036046711
104860584535174894843208820457086061592037089476649697174175037
26
2
0
1329227995784915872903807060280344576
0
2
2
115295431991813000957906158479851623934781694290236468482915792900036051265
115295431991813000957906158479851623934781694290236468482915792900036051265
111288336712210855945376668826450712002125901451780868515380541
26
2
0
338953138925153547590470800371487866880
0
2
2
115295431991813000957906158479851623934781694290236468482915792900036051265
115295431991813000957906158479851623934781694290236468482915792900036051280
90398142136843982363331161626015598169337262532604561656462653
26
2
0
5192296858534827628530496329220096
0
2
2
115295431991813000957906158479851623934781694290236468482915792900036051265
115295431991813000957906158479851623934781694290236468482915792900036051265
104866861636910281523972656246509269258453191832094161208687933
26
2
0
1324035698926381045275276563951124480
0
2
2
115295431991813000957906158479851623934781694290236468482915792900036051265
115295431991813000957906158479851623934781694290236468482915792900036051265
109568410836714905416085662524491811404113856059997723058847037
26
2
0
20282409603651670423947251286016
0
2
2
115295431991813000957906158479851623934781694290236468482915792900036051265
115295431991813000957906158479851623934781694290236468482915792900036051265
104860586067670435709097678815433088742346273095388819357777213
26
2
0
5172014448931175958106549077934080
0
2
2
115295431991813000957906158479851623934781694290236468482915792900036051265
115295431991813000957906158479851623934781694290236468482915792900036051265
104860148348631575889592510212563458935285701993027045666405693
26
2
0
79228162514264337593543950336
0
2
2
115295431991813000957906158479851623934781694290236468482915792900036051265
115295431991813000957906158479851623934781694290236468482915792900036051265
104860584536671472519835665045326634860738563288777372098182461
26
2
0
20203181441137406086353707335680
0
2
2
115295431991813000957906158479851623934781694290236468482915792900036051265
115295431991813000957906158479851623934781694290236468482915792900036051265
104860585968522164632569224844495109690873633041930355642285373
26
2
0
309485009821345068724781056
0
2
2
115295431991813000957906158479851623934781694290236468482915792900036051265
115295431991813000957906158479851623934781694290236468482915792900036051265
104860584535176356344846151360004265276869805759669353106718013
26
2
0
78918677504442992524819169280
0
2
2
115295431991813000957906158479851623934781694290236468482915792900036051265
115295431991813000957906158479851623934781694290236468482915792900036051265
104860584536271021071206997645738825216574301741391646581407037
26
2
0
1208925819614629174706176
0
2
2
115295431991813000957906158479851623934781694290236468482915792900036051265
115295431991813000957906158479851623934781694290236468482915792900036051265
104860584535174895200020743633576031856608581839023481269861693
26
2
0
308276084001730439550074880
0
2
2
115295431991813000957906158479851623934781694290236468482915792900036051265
115295431991813000957906158479851623934781694290236468482915792900036051265
104860584535174793285615186348628275038376075836011398939360573
26
2
0
4722366482869645213696
0
2
2
115295431991813000957906158479851623934781694290236468482915792900036051265
115295431991813000957906158479851623934781694290236468482915792900036051265
104860584535174894843557269600813102578623585074659827822705981
26
2
0
1204203453131759529492480
0
2
2
115295431991813000957906158479851623934781694290236468482915792900036051265
115295431991813000957906158479851623934781694290236468482915792900036051265
104860584535174895176935987861659566495253248470852325804686653
26
2
0
18446744073709551616
0
2
2
115295431991813000957906158479851623934781694290236468482915792900036051265
115295431991813000957906158479851623934781694290236468482915792900036051265
104860584535174894843209160739452982530500552851257128942386493
26
2
0
4703919738795935662080
0
2
2
115295431991813000957906158479851623934781694290236468482915792900036051265
115295431991813000957906158479851623934781694290236468482915792900036051265
104860584535174894843464032232276765439634620432223523332767037
26
2
0
72057594037927936
0
2
2
115295431991813000957906158479851623934781694290236468482915792900036051265
115295431991813000957906158479851623934781694290236468482915792900036051265
104860584535174894843208820540162811328594331533137638441696573
26
2
0
18374686479671623680
0
2
2
115295431991813000957906158479851623934781694290236468482915792900036051265
115295431991813000957906158479851623934781694290236468482915792900036051265
104860584535174894843208796811366167824432069148769413905857853
26
2
0
281474976710656
0
2
2
115295431991813000957906158479851623934781694290236468482915792900036051265
115295431991813000957906158479851623934781694290236468482915792900036051265
104860584535174894843208820457167191230451696158345486179319101
26
2
0
71776119061217280
0
2
2
115295431991813000957906158479851623934781694290236468482915792900036051265
115295431991813000957906158479851623934781694290236468482915792900036051265
104860584535174894843208820534787972783626638870791616850902333
26
2
0
1099511627776
0
2
2
115295431991813000957906158479851623934781694290236468482915792900036051265
115295431991813000957906158479851623934781694290236468482915792900036051265
104860584535174894843208820457086140820199603740987290718125373
26
2
0
280375465082880
0
2
2
115295431991813000957906158479851623934781694290236468482915792900036051265
115295431991813000957906158479851623934781694290236468482915792900036051265
104860584535174894843208820457145482713922787729844855136927037
26
2
0
4294967296
0
2
2
115295431991813000957906158479851623934781694290236468482915792900036051265
115295431991813000957906158479851623934781694290236468482915792900036051265
104860584535174894843208820457086061611379902590483763969473853
26
2
0
1095216660480
0
2
2
115295431991813000957906158479851623934781694290236468482915792900036051265
115295431991813000957906158479851623934781694290236468482915792900036051265
104860584535174894843208820457086056086588906951628435562249533
26
2
0
16777216
0
2
2
115295431991813000957906158479851623934781694290236468482915792900036051265
115295431991813000957906158479851623934781694290236468482915792900036051265
104860584535174894843208820457086061592055978942581175755029821
26
2
0
4278190080
0
2
2
115295431991813000957906158479851623934781694290236468482915792900036051265
115295431991813000957906158479851623934781694290236468482915792900036051265
104860584535174894843208820457086061610128475472523307987844413
26
2
0
65536
0
2
2
115295431991813000957906158479851623934781694290236468482915792900036051265
115295431991813000957906158479851623934781694290236468482915792900036051265
104860584535174894843208820457086061592037107923393770883726653
26
2
0
16711680
0
2
2
115295431991813000957906158479851623934781694290236468482915792900036051265
115295431991813000957906158479851623934781694290236468482915792900036051265
104860584535174894843208820457086061592050924534704979337887037
26
2
0
256
0
2
2
115295431991813000957906158479851623934781694290236468482915792900036051265
115295431991813000957906158479851623934781694290236468482915792900036051265
104860584535174894843208820457086061592037089481153296801545533
26
2
0
65280
0
2
2
115295431991813000957906158479851623934781694290236468482915792900036051265
115295431991813000957906158479851623934781694290236468482915792900036051265
104860584535174894843208820457086061592037088194812653233847613
26
2
0
1
0
2
2
115295431991813000957906158479851623934781694290236468482915792900036051265
115295431991813000957906158479851623934781694290236468482915792900036051265
104860584535174894843208820457086061592037089476654095220686141
26
2
0
255
0
2
2
115295431991813000957906158479851623934781694290236468482915792900036051265
115295431991813000957906158479851623934781694290236468482915792900036051265
104860584535174894843208820457086061592037089480861926220184893
26
2
0
0
256
2
2
115295431991813000957906158479851623934781694290236468482915792900036051265
115295431991813000957906158479851623934781694290236468482915792900036051265
104860584535174894843208820457086061592037089476649701469142333
26
2
0
0
65280
2
2
115295431991813000957906158479851623934781694290236468482915792900036051265
115295431991813000957906158479851623934781694290236468482915792900036051265
104860584535174894843208820457086061592037089476652918399647037
26
2
0
0
1
2
2
115295431991813000957906158479851623934781694290236468482915792900036051265
115295431991813000957906158479851623934781694290236468482915792900036051265
104860584535174894843208820457086061592037089476649697175223613
26
2
0
0
255
2
2
115295431991813000957906158479851623934781694290236468482915792900036051265
115295431991813000957906158479851623934781694290236468482915792900036051265
104860584535174894843208820457086061592037089476649696875724093
26
2
1766847064778384329583297500742918515827483896875618958121606201292619776
0
0
30
4
115405859933361649978505114573648056342020912033791194667798393287616840001
115295431991813000957906158479851623934781694290236468482915792900036051265
115295431991813000957906158479851623934781694290236468482915792900036051265
115295431991813000957906158479851623934781694290236468482915792900036051261
0
0
2
450546001518488004043740862689444221536008393703282834321009581329618042880
0
0
30
4
83864879128528773469928280283042050024319344030972528110705657584854057281
115295431991813000957906158479851623934781694290236468482915792900036051265
115295431991813000957906158479851623934781694290236468482915792900036051265
115295431991813000957906158479851623934781694290236468482915792900036051261
0
0
2
6901746346790563787434755862277025452451108972170386555162524223799296
0
0
30
4
115295539831599669560465337147911972013304388838814158645205717314477048129
115295431991813000957906158479851623934781694290236468482915792900036051265
115295431991813000957906158479851623934781694290236468482915792900036051265
115295431991813000957906158479851623934781694290236468482915792900036051261
0
0
2
1759945318431593765795862744880641490375032787903448571566443677068820480
0
0
30
4
115398715547494855058959527814649996139892398190519221416090900830900797761
115295431991813000957906158479851623934781694290236468482915792900036051265
115295431991813000957906158479851623934781694290236468482915792900036051265
115295431991813000957906158479851623934781694290236468482915792900036051261
0
0
