64
3
0
0
340282366920938463463374607431768211456
0
3
4
115295431991813000957906158479851623934781694290236468482915792900036051265
115295431991813000957906158479851623934781694290236468482915792900036051265
115295431991813000957906158479851623934781694290236468482915792900036051265
115295431991813000957907655057528250779369934863505169956727920574960058689
1094795585
4
3
0
0
86772003564839308183160524895100893921280
0
3
4
115295431991813000957906158479851623934781694290236468482915792900036051265
115295431991813000957906158479851623934781694290236468482915792900036051265
115295431991813000957906158479851623934781694290236468482915792900036051265
115295431991813000959339505749640984339169103338335305026481073558504161601
1094795585
4
3
0
0
1329227995784915872903807060280344576
0
3
4
115295431991813000957906158479851623934781694290236468482915792900036051265
115295431991813000957906158479851623934781694290236468482915792900036051265
115295431991813000957906158479851623934781694290236468482915792900036051265
115295431991813000957906159941353261265684612493921301199198812555968594241
1094795585
4
3
0
0
338953138925153547590470800371487866880
0
3
4
115295431991813000957906158479851623934781694290236468482915792900036051265
115295431991813000957906158479851623934781694290236468482915792900036051265
115295431991813000957906158479851623934781694290236468482915792900036051265
115295431991813000957907254606079622111970347053861005695180534849443283265
1094795585
4
3
0
0
5192296858534827628530496329220096
0
3
4
115295431991813000957906158479851623934781694290236468482915792900036051265
115295431991813000957906158479851623934781694290236468482915792900036051265
115295431991813000957906158479851623934781694290236468482915792900036051265
115295431991813000957906158480208435857958184260501039975278166684131737921
1094795585
4
3
0
0
1324035698926381045275276563951124480
0
3
4
115295431991813000957906158479851623934781694290236468482915792900036051265
115295431991813000957906158479851623934781694290236468482915792900036051265
115295431991813000957906158479851623934781694290236468482915792900036051265
115295431991813000957906158378294030300673236503682807469275154601801236801
1094795585
4
3
0
0
20282409603651670423947251286016
0
3
4
115295431991813000957906158479851623934781694290236468482915792900036051265
115295431991813000957906158479851623934781694290236468482915792900036051265
115295431991813000957906158479851623934781694290236468482915792900036051265
115295431991813000957906158479851972383925421331223054978513803030684582209
1094795585
4
3
0
0
5172014448931175958106549077934080
0
3
4
115295431991813000957906158479851623934781694290236468482915792900036051265
115295431991813000957906158479851623934781694290236468482915792900036051265
115295431991813000957906158479851623934781694290236468482915792900036051265
115295431991813000957906158480185351102186267795139684641909995528666562881
1094795585
4
3
0
0
79228162514264337593543950336
0
3
4
115295431991813000957906158479851623934781694290236468482915792900036051265
115295431991813000957906158479851623934781694290236468482915792900036051265
115295431991813000957906158479851623934781694290236468482915792900036051265
115295431991813000957906158479851624275064061211174931946290400331804262721
1094795585
4
3
0
0
20203181441137406086353707335680
0
3
4
115295431991813000957906158479851623934781694290236468482915792900036051265
115295431991813000957906158479851623934781694290236468482915792900036051265
115295431991813000957906158479851623934781694290236468482915792900036051265
115295431991813000957906158479851879146556884994084066013871366726194643265
1094795585
4
3
0
0
309485009821345068724781056
0
3
4
115295431991813000957906158479851623934781694290236468482915792900036051265
115295431991813000957906158479851623934781694290236468482915792900036051265
115295431991813000957906158479851623934781694290236468482915792900036051265
115295431991813000957906158479851623934864771039973025724972280841303572801
1094795585
4
3
0
0
78918677504442992524819169280
0
3
4
115295431991813000957906158479851623934781694290236468482915792900036051265
115295431991813000957906158479851623934781694290236468482915792900036051265
115295431991813000957906158479851623934781694290236468482915792900036051265
115295431991813000957906158479851623911135974396468863462587912616767734081
1094795585
4
3
0
0
1208925819614629174706176
0
3
4
115295431991813000957906158479851623934781694290236468482915792900036051265
115295431991813000957906158479851623934781694290236468482915792900036051265
115295431991813000957906158479851623934781694290236468482915792900036051265
115295431991813000957906158479851623934781775419874883089597488689041195329
1094795585
4
3
0
0
308276084001730439550074880
0
3
4
115295431991813000957906158479851623934781694290236468482915792900036051265
115295431991813000957906158479851623934781694290236468482915792900036051265
115295431991813000957906158479851623934781694290236468482915792900036051265
115295431991813000957906158479851623934859396201428058032309934819712778561
1094795585
4
3
0
0
4722366482869645213696
0
3
4
115295431991813000957906158479851623934781694290236468482915792900036051265
115295431991813000957906158479851623934781694290236468482915792900036051265
115295431991813000957906158479851623934781694290236468482915792900036051265
115295431991813000957906158479851623934781694369464630997180130493580001601
1094795585
4
3
0
0
1204203453131759529492480
0
3
4
115295431991813000957906158479851623934781694290236468482915792900036051265
115295431991813000957906158479851623934781694290236468482915792900036051265
115295431991813000957906158479851623934781694290236468482915792900036051265
115295431991813000957906158479851623934781753711358354181168988057998803265
1094795585
4
3
0
0
18446744073709551616
0
3
4
115295431991813000957906158479851623934781694290236468482915792900036051265
115295431991813000957906158479851623934781694290236468482915792900036051265
115295431991813000957906158479851623934781694290236468482915792900036051265
115295431991813000957906158479851623934781694290255811296029626966831350081
1094795585
4
3
0
0
4703919738795935662080
0
3
4
115295431991813000957906158479851623934781694290236468482915792900036051265
115295431991813000957906158479851623934781694290236468482915792900036051265
115295431991813000957906158479851623934781694290236468482915792900036051265
115295431991813000957906158479851623934781694284731020300390771638424125761
1094795585
4
3
0
0
72057594037927936
0
3
4
115295431991813000957906158479851623934781694290236468482915792900036051265
115295431991813000957906158479851623934781694290236468482915792900036051265
115295431991813000957906158479851623934781694290236468482915792900036051265
115295431991813000957906158479851623934781694290236487372381724378616906049
1094795585
4
3
0
0
18374686479671623680
0
3
4
115295431991813000957906158479851623934781694290236468482915792900036051265
115295431991813000957906158479851623934781694290236468482915792900036051265
115295431991813000957906158479851623934781694290236468482915792900036051265
115295431991813000957906158479851623934781694290254559868911666510849720641
1094795585
4
3
0
0
281474976710656
0
3
4
115295431991813000957906158479851623934781694290236468482915792900036051265
115295431991813000957906158479851623934781694290236468482915792900036051265
115295431991813000957906158479851623934781694290236468482915792900036051265
115295431991813000957906158479851623934781694290236468501362536973745602881
1094795585
4
3
0
0
71776119061217280
0
3
4
115295431991813000957906158479851623934781694290236468482915792900036051265
115295431991813000957906158479851623934781694290236468482915792900036051265
115295431991813000957906158479851623934781694290236468482915792900036051265
115295431991813000957906158479851623934781694290236482317973848182199763265
1094795585
4
3
0
0
1099511627776
0
3
4
115295431991813000957906158479851623934781694290236468482915792900036051265
115295431991813000957906158479851623934781694290236468482915792900036051265
115295431991813000957906158479851623934781694290236468482915792900036051265
115295431991813000957906158479851623934781694290236468482920296499663421761
1094795585
4
3
0
0
280375465082880
0
3
4
115295431991813000957906158479851623934781694290236468482915792900036051265
115295431991813000957906158479851623934781694290236468482915792900036051265
115295431991813000957906158479851623934781694290236468482915792900036051265
115295431991813000957906158479851623934781694290236468481633955856095723841
1094795585
4
3
0
0
4294967296
0
3
4
115295431991813000957906158479851623934781694290236468482915792900036051265
115295431991813000957906158479851623934781694290236468482915792900036051265
115295431991813000957906158479851623934781694290236468482915792900036051265
115295431991813000957906158479851623934781694290236468482915797298082562369
1094795585
4
3
0
0
1095216660480
0
3
4
115295431991813000957906158479851623934781694290236468482915792900036051265
115295431991813000957906158479851623934781694290236468482915792900036051265
115295431991813000957906158479851623934781694290236468482915792900036051265
115295431991813000957906158479851623934781694290236468482920005129082061121
1094795585
4
3
0
0
16777216
0
3
4
115295431991813000957906158479851623934781694290236468482915792900036051265
115295431991813000957906158479851623934781694290236468482915792900036051265
115295431991813000957906158479851623934781694290236468482915792900036051265
115295431991813000957906158479851623934781694290236468482915792904331018561
1094795585
4
3
0
0
4278190080
0
3
4
115295431991813000957906158479851623934781694290236468482915792900036051265
115295431991813000957906158479851623934781694290236468482915792900036051265
115295431991813000957906158479851623934781694290236468482915792900036051265
115295431991813000957906158479851623934781694290236468482915796121261523265
1094795585
4
3
0
0
65536
0
3
4
115295431991813000957906158479851623934781694290236468482915792900036051265
115295431991813000957906158479851623934781694290236468482915792900036051265
115295431991813000957906158479851623934781694290236468482915792900036051265
115295431991813000957906158479851623934781694290236468482915792900037099841
1094795585
4
3
0
0
16711680
0
3
4
115295431991813000957906158479851623934781694290236468482915792900036051265
115295431991813000957906158479851623934781694290236468482915792900036051265
115295431991813000957906158479851623934781694290236468482915792900036051265
115295431991813000957906158479851623934781694290236468482915792899737600321
1094795585
4
3
0
0
256
0
3
4
115295431991813000957906158479851623934781694290236468482915792900036051265
115295431991813000957906158479851623934781694290236468482915792900036051265
115295431991813000957906158479851623934781694290236468482915792900036051265
115295431991813000957906158479851623934781694290236468482915792900036052289
1094795585
4
3
0
0
65280
0
3
4
115295431991813000957906158479851623934781694290236468482915792900036051265
115295431991813000957906158479851623934781694290236468482915792900036051265
115295431991813000957906158479851623934781694290236468482915792900036051265
115295431991813000957906158479851623934781694290236468482915792900037032001
1094795585
4
3
0
0
1
0
3
4
115295431991813000957906158479851623934781694290236468482915792900036051265
115295431991813000957906158479851623934781694290236468482915792900036051265
115295431991813000957906158479851623934781694290236468482915792900036051265
115295431991813000957906158479851623934781694290236468482915792900036051266
1094795585
4
3
0
0
255
0
3
4
115295431991813000957906158479851623934781694290236468482915792900036051265
115295431991813000957906158479851623934781694290236468482915792900036051265
115295431991813000957906158479851623934781694290236468482915792900036051265
115295431991813000957906158479851623934781694290236468482915792900036052015
1094795585
4
3
0
0
0
65536
3
4
115295431991813000957906158479851623934781694290236468482915792900036051265
115295431991813000957906158479851623934781694290236468482915792900036051265
115295431991813000957906158479851623934781694290236468482915792900036051265
115295431991813000957906158479851623934781694290236468482915792900036051265
1095844161
4
3
0
0
0
16711680
3
4
115295431991813000957906158479851623934781694290236468482915792900036051265
115295431991813000957906158479851623934781694290236468482915792900036051265
115295431991813000957906158479851623934781694290236468482915792900036051265
115295431991813000957906158479851623934781694290236468482915792900036051265
796344641
4
3
0
0
0
256
3
4
115295431991813000957906158479851623934781694290236468482915792900036051265
115295431991813000957906158479851623934781694290236468482915792900036051265
115295431991813000957906158479851623934781694290236468482915792900036051265
115295431991813000957906158479851623934781694290236468482915792900036051265
1094796609
4
3
0
0
0
65280
3
4
115295431991813000957906158479851623934781694290236468482915792900036051265
115295431991813000957906158479851623934781694290236468482915792900036051265
115295431991813000957906158479851623934781694290236468482915792900036051265
115295431991813000957906158479851623934781694290236468482915792900036051265
1095776321
4
3
0
0
0
1
3
4
115295431991813000957906158479851623934781694290236468482915792900036051265
115295431991813000957906158479851623934781694290236468482915792900036051265
115295431991813000957906158479851623934781694290236468482915792900036051265
115295431991813000957906158479851623934781694290236468482915792900036051265
1094795586
4
3
0
0
0
255
3
4
115295431991813000957906158479851623934781694290236468482915792900036051265
115295431991813000957906158479851623934781694290236468482915792900036051265
115295431991813000957906158479851623934781694290236468482915792900036051265
115295431991813000957906158479851623934781694290236468482915792900036051265
1094796335
4
4
1766847064778384329583297500742918515827483896875618958121606201292619776
0
0
0
0
0
5
115405859933361649978505114573648056342020912033791194667798393287616840001
115295431991813000957906158479851623934781694290236468482915792900036051265
115295431991813000957906158479851623934781694290236468482915792900036051265
115295431991813000957906158479851623934781694290236468482915792900036051265
115295431991813000957906158479851623934781694290236468482915792900036051265
5170025977401406186496358169917
13
4
450546001518488004043740862689444221536008393703282834321009581329618042880
0
0
0
0
0
5
83864879128528773469928280283042050024319344030972528110705657584854057281
115295431991813000957906158479851623934781694290236468482915792900036051265
115295431991813000957906158479851623934781694290236468482915792900036051265
115295431991813000957906158479851623934781694290236468482915792900036051265
115295431991813000957906158479851623934781694290236468482915792900036051265
5170025977401406186496358169917
13
4
6901746346790563787434755862277025452451108972170386555162524223799296
0
0
0
0
0
5
115295539831599669560465337147911972013304388838814158645205717314477048129
115295431991813000957906158479851623934781694290236468482915792900036051265
115295431991813000957906158479851623934781694290236468482915792900036051265
115295431991813000957906158479851623934781694290236468482915792900036051265
115295431991813000957906158479851623934781694290236468482915792900036051265
5170025977401406186496358169917
13
4
1759945318431593765795862744880641490375032787903448571566443677068820480
0
0
0
0
0
5
115398715547494855058959527814649996139892398190519221416090900830900797761
115295431991813000957906158479851623934781694290236468482915792900036051265
115295431991813000957906158479851623934781694290236468482915792900036051265
115295431991813000957906158479851623934781694290236468482915792900036051265
115295431991813000957906158479851623934781694290236468482915792900036051265
5170025977401406186496358169917
13
4
26959946667150639794667015087019630673637144422540572481103610249216
0
0
0
0
0
5
115295432097125292626463345177769651618452126609131563883464904154347028801
115295431991813000957906158479851623934781694290236468482915792900036051265
115295431991813000957906158479851623934781694290236468482915792900036051265
115295431991813000957906158479851623934781694290236468482915792900036051265
115295431991813000957906158479851623934781694290236468482915792900036051265
5170025977401406186496358169917
13
4
6874786400123413147640088847190005821777471827747845982681420613550080
0
0
0
0
0
5
115295510976031752375796181918372386687605933461558018894749233633269203265
115295431991813000957906158479851623934781694290236468482915792900036051265
115295431991813000957906158479851623934781694290236468482915792900036051265
115295431991813000957906158479851623934781694290236468482915792900036051265
115295431991813000957906158479851623934781694290236468482915792900036051265
5170025977401406186496358169917
13
4
105312291668557186697918027683670432318895095400549111254310977536
0
0
0
0
0
5
115295431991838711966614302324260295328259152891876823730816317585400873281
115295431991813000957906158479851623934781694290236468482915792900036051265
115295431991813000957906158479851623934781694290236468482915792900036051265
115295431991813000957906158479851623934781694290236468482915792900036051265
115295431991813000957906158479851623934781694290236468482915792900036051265
5170025977401406186496358169917
13
4
26854634375482082607969097059335960241318249327140023369849299271680
0
0
0
0
0
5
115295431984495005104350716765033528566260039798350356049228954328073584961
115295431991813000957906158479851623934781694290236468482915792900036051265
115295431991813000957906158479851623934781694290236468482915792900036051265
115295431991813000957906158479851623934781694290236468482915792900036051265
115295431991813000957906158479851623934781694290236468482915792900036051265
5170025977401406186496358169917
13
4
411376139330301510538742295639337626245683966408394965837152256
0
0
0
0
0
5
115295431991813026066313100026574679277939387120902132892337570756174102849
115295431991813000957906158479851623934781694290236468482915792900036051265
115295431991813000957906158479851623934781694290236468482915792900036051265
115295431991813000957906158479851623934781694290236468482915792900036051265
115295431991813000957906158479851623934781694290236468482915792900036051265
5170025977401406186496358169917
13
4
104900915529226885187379285388031094692649411434140716288473825280
0
0
0
0
0
5
115295431991837048534654424853857878844062002860276556606623534616254955841
115295431991813000957906158479851623934781694290236468482915792900036051265
115295431991813000957906158479851623934781694290236468482915792900036051265
115295431991813000957906158479851623934781694290236468482915792900036051265
115295431991813000957906158479851623934781694290236468482915792900036051265
5170025977401406186496358169917
13
4
1606938044258990275541962092341162602522202993782792835301376
0
0
0
0
0
5
115295431991813000982426087133705845668515246724641415420815618854973686081
115295431991813000957906158479851623934781694290236468482915792900036051265
115295431991813000957906158479851623934781694290236468482915792900036051265
115295431991813000957906158479851623934781694290236468482915792900036051265
115295431991813000957906158479851623934781694290236468482915792900036051265
5170025977401406186496358169917
13
4
409769201286042520263200333546996463643161763414612173001850880
0
0
0
0
0
5
115295431991813019347852648870517924234946020093946671907785259103262163265
115295431991813000957906158479851623934781694290236468482915792900036051265
115295431991813000957906158479851623934781694290236468482915792900036051265
115295431991813000957906158479851623934781694290236468482915792900036051265
115295431991813000957906158479851623934781694290236468482915792900036051265
5170025977401406186496358169917
13
4
6277101735386680763835789423207666416102355444464034512896
0
0
0
0
0
5
115295431991813000957912144790558131313134656583311274378164303599732080961
115295431991813000957906158479851623934781694290236468482915792900036051265
115295431991813000957906158479851623934781694290236468482915792900036051265
115295431991813000957906158479851623934781694290236468482915792900036051265
115295431991813000957906158479851623934781694290236468482915792900036051265
5170025977401406186496358169917
13
4
1600660942523603594778126302917954936106100638338328800788480
0
0
0
0
0
5
115295431991813000956202304795011961371069801623819840547808434999053599041
115295431991813000957906158479851623934781694290236468482915792900036051265
115295431991813000957906158479851623934781694290236468482915792900036051265
115295431991813000957906158479851623934781694290236468482915792900036051265
115295431991813000957906158479851623934781694290236468482915792900036051265
5170025977401406186496358169917
13
4
24519928653854221733733552434404946937899825954937634816
0
0
0
0
0
5
115295431991813000957906164325858173258393367104975799348047871523766223169
115295431991813000957906158479851623934781694290236468482915792900036051265
115295431991813000957906158479851623934781694290236468482915792900036051265
115295431991813000957906158479851623934781694290236468482915792900036051265
115295431991813000957906158479851623934781694290236468482915792900036051265
5170025977401406186496358169917
13
4
6252581806732826542102055870773261469164455618509096878080
0
0
0
0
0
5
115295431991813000957911757492624238623861332606830604563164094777608192321
115295431991813000957906158479851623934781694290236468482915792900036051265
115295431991813000957906158479851623934781694290236468482915792900036051265
115295431991813000957906158479851623934781694290236468482915792900036051265
115295431991813000957906158479851623934781694290236468482915792900036051265
5170025977401406186496358169917
13
4
95780971304118053647396689196894323976171195136475136
0
0
0
0
0
5
115295431991813000957906158485560614705605533814469612360713773445567037761
115295431991813000957906158479851623934781694290236468482915792900036051265
115295431991813000957906158479851623934781694290236468482915792900036051265
115295431991813000957906158479851623934781694290236468482915792900036051265
115295431991813000957906158479851623934781694290236468482915792900036051265
5170025977401406186496358169917
13
4
24424147682550103680086155745208052613923654759801159680
0
0
0
0
0
5
115295431991813000957906162761594702052661337465094376831401202048275923265
115295431991813000957906158479851623934781694290236468482915792900036051265
115295431991813000957906158479851623934781694290236468482915792900036051265
115295431991813000957906158479851623934781694290236468482915792900036051265
115295431991813000957906158479851623934781694290236468482915792900036051265
5170025977401406186496358169917
13
4
374144419156711147060143317175368453031918731001856
0
0
0
0
0
5
115295431991813000957906158479853017731356602454182814465307833422630175041
115295431991813000957906158479851623934781694290236468482915792900036051265
115295431991813000957906158479851623934781694290236468482915792900036051265
115295431991813000957906158479851623934781694290236468482915792900036051265
115295431991813000957906158479851623934781694290236468482915792900036051265
5170025977401406186496358169917
13
4
95406826884961342500336545879718955523139276405473280
0
0
0
0
0
5
115295431991813000957906158479454914584648458127007743244581259156683571521
115295431991813000957906158479851623934781694290236468482915792900036051265
115295431991813000957906158479851623934781694290236468482915792900036051265
115295431991813000957906158479851623934781694290236468482915792900036051265
115295431991813000957906158479851623934781694290236468482915792900036051265
5170025977401406186496358169917
13
4
1461501637330902918203684832716283019655932542976
0
0
0
0
0
5
115295431991813000957906158479851625295911161973990322336414222627108897089
115295431991813000957906158479851623934781694290236468482915792900036051265
115295431991813000957906158479851623934781694290236468482915792900036051265
115295431991813000957906158479851623934781694290236468482915792900036051265
115295431991813000957906158479851623934781694290236468482915792900036051265
5170025977401406186496358169917
13
4
372682917519380244141939632342652170012262798458880
0
0
0
0
0
5
115295431991813000957906158479852927556529368405489996671036864004054139201
115295431991813000957906158479851623934781694290236468482915792900036051265
115295431991813000957906158479851623934781694290236468482915792900036051265
115295431991813000957906158479851623934781694290236468482915792900036051265
115295431991813000957906158479851623934781694290236468482915792900036051265
5170025977401406186496358169917
13
4
5708990770823839524233143877797980545530986496
0
0
0
0
0
5
115295431991813000957906158479851623936110922286021384355819599960316395841
115295431991813000957906158479851623934781694290236468482915792900036051265
115295431991813000957906158479851623934781694290236468482915792900036051265
115295431991813000957906158479851623934781694290236468482915792900036051265
115295431991813000957906158479851623934781694290236468482915792900036051265
5170025977401406186496358169917
13
4
1455792646560079078679451688838485039110401556480
0
0
0
0
0
5
115295431991813000957906158479851624931702691128923373160771088110294483265
115295431991813000957906158479851623934781694290236468482915792900036051265
115295431991813000957906158479851623934781694290236468482915792900036051265
115295431991813000957906158479851623934781694290236468482915792900036051265
115295431991813000957906158479851623934781694290236468482915792900036051265
5170025977401406186496358169917
13
