64
2
0
26959946667150639794667015087019630673637144422540572481103610249216
0
1
2
115295431991813000957906158479851623934781694290236468482915792900036051265
115295431991813000957906158479851629379299565025251883896909511808327434561
24414757391245778380708959991365219837063245819101505
22
2
0
6874786400123413147640088847190005821777471827747845982681420613550080
0
1
2
115295431991813000957906158479851623934781694290236468482915792900036051265
115295431991813000957906158479850074288882736336473856274953548627601080641
24414757391245778380708959991365219837063245819101505
22
2
0
105312291668557186697918027683670432318895095400549111254310977536
0
1
2
115295431991813000957906158479851623934781694290236468482915792900036051265
115295431991813000957906158479851623940098606273376131974531021141157429569
24414757391245778380708959991365219837063245819101505
22
2
0
26854634375482082607969097059335960241318249327140023369849299271680
0
1
2
115295431991813000957906158479851623934781694290236468482915792900036051265
115295431991813000957906158479851629027054146142249177577400640834036121921
24414757391245778380708959991365219837063245819101505
22
2
0
411376139330301510538742295639337626245683966408394965837152256
0
1
2
115295431991813000957906158479851623934781694290236468482915792900036051265
115295431991813000957906158479851623934786886587095003310544323396365271361
24414757391245778380708959991365219837063245819101505
22
2
0
104900915529226885187379285388031094692649411434140716288473825280
0
1
2
115295431991813000957906158479851623934781694290236468482915792900036051265
115295431991813000957906158479851623938675916934137589204313665146951123265
24414757391245778380708959991365219837063245819101505
22
2
0
1606938044258990275541962092341162602522202993782792835301376
0
1
2
115295431991813000957906158479851623934781694290236468482915792900036051265
115295431991813000957906158479851623934781695557887068711145194396739256641
24414757391245778380708959991365219837063245819101505
22
2
0
409769201286042520263200333546996463643161763414612173001850880
0
1
2
115295431991813000957906158479851623934781694290236468482915792900036051265
115295431991813000957906158479851623934781333485184378523122391900886221121
24414757391245778380708959991365219837063245819101505
22
2
0
6277101735386680763835789423207666416102355444464034512896
0
1
2
115295431991813000957906158479851623934781694290236468482915792900036051265
115295431991813000957906158479851623934781694291474408522201173174935175489
24414757391245778380708959991365219837063245819101505
22
2
0
1600660942523603594778126302917954936106100638338328800788480
0
1
2
115295431991813000957906158479851623934781694290236468482915792900036051265
115295431991813000957906158479851623934781695475873541108488751184672276801
24414757391245778380708959991365219837063245819101505
22
2
0
24519928653854221733733552434404946937899825954937634816
0
1
2
115295431991813000957906158479851623934781694290236468482915792900036051265
115295431991813000957906158479851623934781694290237677408735407529210757441
24414757391245778380708959991365219837063245819101505
22
2
0
6252581806732826542102055870773261469164455618509096878080
0
1
2
115295431991813000957906158479851623934781694290236468482915792900036051265
115295431991813000957906158479851623934781694291143162847626764781065683265
24414757391245778380708959991365219837063245819101505
22
2
0
95780971304118053647396689196894323976171195136475136
0
1
2
115295431991813000957906158479851623934781694290236468482915792900036051265
115295431991813000957906158479851623934781694290236468778063698079388877121
24414757391245778380708959991365219837063245819101505
22
2
0
24424147682550103680086155745208052613923654759801159680
0
1
2
115295431991813000957906158479851623934781694290236468482915792900036051265
115295431991813000957906158479851623934781694290236384476443281226737992001
24414757391245778380708959991365219837063245819101505
22
2
0
374144419156711147060143317175368453031918731001856
0
1
2
115295431991813000957906158479851623934781694290236468482915792900036051265
115295431991813000957906158479851623934781694290236468483204023276187763009
24414757391245778380708959991365219837063245819101505
22
2
0
95406826884961342500336545879718955523139276405473280
0
1
2
115295431991813000957906158479851623934781694290236468482915792900036051265
115295431991813000957906158479851623934781694290236468758968435659337974081
24414757391245778380708959991365219837063245819101505
22
2
0
1461501637330902918203684832716283019655932542976
0
1
2
115295431991813000957906158479851623934781694290236468482915792900036051265
115295431991813000957906158479851623934781694290236468482916074375012761921
24414757391245778380708959991365219837063245819101505
22
2
0
372682917519380244141939632342652170012262798458880
0
1
2
115295431991813000957906158479851623934781694290236468482915792900036051265
115295431991813000957906158479851623934781694290236468483126899132569043265
24414757391245778380708959991365219837063245819101505
22
2
0
5708990770823839524233143877797980545530986496
0
1
2
115295431991813000957906158479851623934781694290236468482915792900036051265
115295431991813000957906158479851623934781694290236468482915792968755528001
24414757391245778380708959991365219837063245819101505
22
2
0
1455792646560079078679451688838485039110401556480
0
1
2
115295431991813000957906158479851623934781694290236468482915792900036051265
115295431991813000957906158479851623934781694290236468482915773340754985281
24414757391245778380708959991365219837063245819101505
22
2
0
22300745198530623141535718272648361505980416
0
1
2
115295431991813000957906158479851623934781694290236468482915792900036051265
115295431991813000957906158479851623934781694290236468482915792900103160129
24414757391245778380708959991365219837063245819101505
22
2
0
5686690025625308901091608159525332184025006080
0
1
2
115295431991813000957906158479851623934781694290236468482915792900036051265
115295431991813000957906158479851623934781694290236468482915792964309565761
24414757391245778380708959991365219837063245819101505
22
2
0
87112285931760246646623899502532662132736
0
1
2
115295431991813000957906158479851623934781694290236468482915792900036051265
115295431991813000957906158479851623934781694290236468482915792900036116801
24414757391245778380708959991365219837063245819101505
22
2
0
22213632912598862894889094373145828843847680
0
1
2
115295431991813000957906158479851623934781694290236468482915792900036051265
115295431991813000957906158479851623934781694290236468482915792900085203265
24414757391245778380708959991365219837063245819101505
22
2
0
340282366920938463463374607431768211456
0
1
2
115295431991813000957906158479851623934781694290236468482915792900036051265
115295431991813000957906158479851623934781694290236468482915792900036051281
24414757391245778380708959991365219837063245819101505
22
2
0
86772003564839308183160524895100893921280
0
1
2
115295431991813000957906158479851623934781694290236468482915792900036051265
115295431991813000957906158479851623934781694290236468482915792900036046711
24414757391245778380708959991365219837063245819101505
22
2
0
1329227995784915872903807060280344576
0
1
2
115295431991813000957906158479851623934781694290236468482915792900036051265
115295431991813000957906158479851623934781694290236468482915792900036051265
25911335067872622968949533260066693649190920743108929
22
2
0
338953138925153547590470800371487866880
0
1
2
115295431991813000957906158479851623934781694290236468482915792900036051265
115295431991813000957906158479851623934781694290236468482915792900036051280
21047457618835378057167670136786903759775977240084801
22
2
0
5192296858534827628530496329220096
0
1
2
115295431991813000957906158479851623934781694290236468482915792900036051265
115295431991813000957906158479851623934781694290236468482915792900036051265
24416218892883109283627163676197936120082901751644481
22
2
0
1324035698926381045275276563951124480
0
1
2
115295431991813000957906158479851623934781694290236468482915792900036051265
115295431991813000957906158479851623934781694290236468482915792900036051265
25510883619243955569361723615902432101805195226333505
22
2
0
20282409603651670423947251286016
0
1
2
115295431991813000957906158479851623934781694290236468482915792900036051265
115295431991813000957906158479851623934781694290236468482915792900036051265
24414757748057701557198930255936712199437029914788161
22
2
0
5172014448931175958106549077934080
0
1
2
115295431991813000957906158479851623934781694290236468482915792900036051265
115295431991813000957906158479851623934781694290236468482915792900036051265
24414655833652144272251173437704206196424947584287041
22
2
0
79228162514264337593543950336
0
1
2
115295431991813000957906158479851623934781694290236468482915792900036051265
115295431991813000957906158479851623934781694290236468482915792900036051265
24414757391594227524436000977951715435073376467632449
22
2
0
20203181441137406086353707335680
0
1
2
115295431991813000957906158479851623934781694290236468482915792900036051265
115295431991813000957906158479851623934781694290236468482915792900036051265
24414757724972945785282464894581378831265874449613121
22
2
0
309485009821345068724781056
0
1
2
115295431991813000957906158479851623934781694290236468482915792900036051265
115295431991813000957906158479851623934781694290236468482915792900036051265
24414757391246118663075880929828683211670677587312961
22
2
0
78918677504442992524819169280
0
1
2
115295431991813000957906158479851623934781694290236468482915792900036051265
115295431991813000957906158479851623934781694290236468482915792900036051265
24414757391500990155899663838962750792637071977693505
22
2
0
1208925819614629174706176
0
1
2
115295431991813000957906158479851623934781694290236468482915792900036051265
115295431991813000957906158479851623934781694290236468482915792900036051265
24414757391245778463785709727922461893551187086623041
22
2
0
308276084001730439550074880
0
1
2
115295431991813000957906158479851623934781694290236468482915792900036051265
115295431991813000957906158479851623934781694290236468482915792900036051265
24414757391245754734989066223760199509182962550784321
22
2
0
4722366482869645213696
0
1
2
115295431991813000957906158479851623934781694290236468482915792900036051265
115295431991813000957906158479851623934781694290236468482915792900036051265
24414757391245778380790089629779826518759034824245569
22
2
0
1204203453131759529492480
0
1
2
115295431991813000957906158479851623934781694290236468482915792900036051265
115295431991813000957906158479851623934781694290236468482915792900036051265
24414757391245778458410871182954769231205165495828801
22
2
0
18446744073709551616
0
1
2
115295431991813000957906158479851623934781694290236468482915792900036051265
115295431991813000957906158479851623934781694290236468482915792900036051265
24414757391245778380709039219527734101400839363051841
22
2
0
4703919738795935662080
0
1
2
115295431991813000957906158479851623934781694290236468482915792900036051265
115295431991813000957906158479851623934781694290236468482915792900036051265
24414757391245778380768381113250918090258403781853505
22
2
0
72057594037927936
0
1
2
115295431991813000957906158479851623934781694290236468482915792900036051265
115295431991813000957906158479851623934781694290236468482915792900036051265
24414757391245778380708960010708032950897312614400321
22
2
0
18374686479671623680
0
1
2
115295431991813000957906158479851623934781694290236468482915792900036051265
115295431991813000957906158479851623934781694290236468482915792900036051265
24414757391245778380708954485917037312041984207176001
22
2
0
281474976710656
0
1
2
115295431991813000957906158479851623934781694290236468482915792900036051265
115295431991813000957906158479851623934781694290236468482915792900036051265
24414757391245778380708959991384109302994724399956289
22
2
0
71776119061217280
0
1
2
115295431991813000957906158479851623934781694290236468482915792900036051265
115295431991813000957906158479851623934781694290236468482915792900036051265
24414757391245778380708960009456605832936856632770881
22
2
0
1099511627776
0
1
2
115295431991813000957906158479851623934781694290236468482915792900036051265
115295431991813000957906158479851623934781694290236468482915792900036051265
24414757391245778380708959991365238283807319528653121
22
2
0
280375465082880
0
1
2
115295431991813000957906158479851623934781694290236468482915792900036051265
115295431991813000957906158479851623934781694290236468482915792900036051265
24414757391245778380708959991379054895118527982813505
22
2
0
4294967296
0
1
2
115295431991813000957906158479851623934781694290236468482915792900036051265
115295431991813000957906158479851623934781694290236468482915792900036051265
24414757391245778380708959991365219841566845446472001
22
2
0
1095216660480
0
1
2
115295431991813000957906158479851623934781694290236468482915792900036051265
115295431991813000957906158479851623934781694290236468482915792900036051265
24414757391245778380708959991365218555226201878774081
22
2
0
16777216
0
1
2
115295431991813000957906158479851623934781694290236468482915792900036051265
115295431991813000957906158479851623934781694290236468482915792900036051265
24414757391245778380708959991365219837067643865612609
22
2
0
4278190080
0
1
2
115295431991813000957906158479851623934781694290236468482915792900036051265
115295431991813000957906158479851623934781694290236468482915792900036051265
24414757391245778380708959991365219841275474865111361
22
2
0
65536
0
1
2
115295431991813000957906158479851623934781694290236468482915792900036051265
115295431991813000957906158479851623934781694290236468482915792900036051265
24414757391245778380708959991365219837063250114068801
22
2
0
16711680
0
1
2
115295431991813000957906158479851623934781694290236468482915792900036051265
115295431991813000957906158479851623934781694290236468482915792900036051265
24414757391245778380708959991365219837066467044573505
22
2
0
256
0
1
2
115295431991813000957906158479851623934781694290236468482915792900036051265
115295431991813000957906158479851623934781694290236468482915792900036051265
24414757391245778380708959991365219837063245820150081
22
2
0
65280
0
1
2
115295431991813000957906158479851623934781694290236468482915792900036051265
115295431991813000957906158479851623934781694290236468482915792900036051265
24414757391245778380708959991365219837063245520650561
22
2
0
1
0
1
2
115295431991813000957906158479851623934781694290236468482915792900036051265
115295431991813000957906158479851623934781694290236468482915792900036051265
24414757391245778380708959991365219837063245819102529
22
2
0
255
0
1
2
115295431991813000957906158479851623934781694290236468482915792900036051265
115295431991813000957906158479851623934781694290236468482915792900036051265
24414757391245778380708959991365219837063245820082241
22
2
0
0
1
1
2
115295431991813000957906158479851623934781694290236468482915792900036051265
115295431991813000957906158479851623934781694290236468482915792900036051265
24414757391245778380708959991365219837063245819101506
22
2
0
0
255
1
2
115295431991813000957906158479851623934781694290236468482915792900036051265
115295431991813000957906158479851623934781694290236468482915792900036051265
24414757391245778380708959991365219837063245819102255
22
2
1766847064778384329583297500742918515827483896875618958121606201292619776
0
0
2
2
115405859933361649978505114573648056342020912033791194667798393287616840001
115295431991813000957906158479851623934781694290236468482915792900036051265
104860584535174894843208820457086061592037089476649697174175037
26
2
450546001518488004043740862689444221536008393703282834321009581329618042880
0
0
2
2
83864879128528773469928280283042050024319344030972528110705657584854057281
115295431991813000957906158479851623934781694290236468482915792900036051265
104860584535174894843208820457086061592037089476649697174175037
26
2
6901746346790563787434755862277025452451108972170386555162524223799296
0
0
2
2
115295539831599669560465337147911972013304388838814158645205717314477048129
115295431991813000957906158479851623934781694290236468482915792900036051265
104860584535174894843208820457086061592037089476649697174175037
26
2
1759945318431593765795862744880641490375032787903448571566443677068820480
0
0
2
2
115398715547494855058959527814649996139892398190519221416090900830900797761
115295431991813000957906158479851623934781694290236468482915792900036051265
104860584535174894843208820457086061592037089476649697174175037
26
