22
4
0
0
0
18446744073709551616
0
2
5
115295431991813000957906158479851623934781694290236468482915792900036051265
115295431991813000957906158479851623934781694290236468482915792900036051265
115295431991813000957906158479851623934781694290236468482915792900036051265
115295431991813000957906158479851623934781694290236468482915792900036051265
115295431991813000957906158479851623934781694290236468482915792900036051269
5170025977401406186496358170945
13
4
0
0
0
4703919738795935662080
0
2
5
115295431991813000957906158479851623934781694290236468482915792900036051265
115295431991813000957906158479851623934781694290236468482915792900036051265
115295431991813000957906158479851623934781694290236468482915792900036051265
115295431991813000957906158479851623934781694290236468482915792900036051265
115295431991813000957906158479851623934781694290236468482915792900036055096
5170025977401406186496358170945
13
4
0
0
0
72057594037927936
0
2
5
115295431991813000957906158479851623934781694290236468482915792900036051265
115295431991813000957906158479851623934781694290236468482915792900036051265
115295431991813000957906158479851623934781694290236468482915792900036051265
115295431991813000957906158479851623934781694290236468482915792900036051265
115295431991813000957906158479851623934781694290236468482915792900036051265
5249254139915670524089902121281
13
4
0
0
0
18374686479671623680
0
2
5
115295431991813000957906158479851623934781694290236468482915792900036051265
115295431991813000957906158479851623934781694290236468482915792900036051265
115295431991813000957906158479851623934781694290236468482915792900036051265
115295431991813000957906158479851623934781694290236468482915792900036051265
115295431991813000957906158479851623934781694290236468482915792900036051268
3743919052144648109812567064897
13
4
0
0
0
281474976710656
0
2
5
115295431991813000957906158479851623934781694290236468482915792900036051265
115295431991813000957906158479851623934781694290236468482915792900036051265
115295431991813000957906158479851623934781694290236468482915792900036051265
115295431991813000957906158479851623934781694290236468482915792900036051265
115295431991813000957906158479851623934781694290236468482915792900036051265
5170045320214520020563153469761
13
4
0
0
0
71776119061217280
0
2
5
115295431991813000957906158479851623934781694290236468482915792900036051265
115295431991813000957906158479851623934781694290236468482915792900036051265
115295431991813000957906158479851623934781694290236468482915792900036051265
115295431991813000957906158479851623934781694290236468482915792900036051265
115295431991813000957906158479851623934781694290236468482915792900036051265
5164520529218881165234746245441
13
4
0
0
0
1099511627776
0
2
5
115295431991813000957906158479851623934781694290236468482915792900036051265
115295431991813000957906158479851623934781694290236468482915792900036051265
115295431991813000957906158479851623934781694290236468482915792900036051265
115295431991813000957906158479851623934781694290236468482915792900036051265
115295431991813000957906158479851623934781694290236468482915792900036051265
5170025996290872117974939025729
13
4
0
0
0
280375465082880
0
2
5
115295431991813000957906158479851623934781694290236468482915792900036051265
115295431991813000957906158479851623934781694290236468482915792900036051265
115295431991813000957906158479851623934781694290236468482915792900036051265
115295431991813000957906158479851623934781694290236468482915792900036051265
115295431991813000957906158479851623934781694290236468482915792900036051265
5170044068787402060107171840321
13
4
0
0
0
4294967296
0
2
5
115295431991813000957906158479851623934781694290236468482915792900036051265
115295431991813000957906158479851623934781694290236468482915792900036051265
115295431991813000957906158479851623934781694290236468482915792900036051265
115295431991813000957906158479851623934781694290236468482915792900036051265
115295431991813000957906158479851623934781694290236468482915792900036051265
5170025977419852930570067722561
13
4
0
0
0
1095216660480
0
2
5
115295431991813000957906158479851623934781694290236468482915792900036051265
115295431991813000957906158479851623934781694290236468482915792900036051265
115295431991813000957906158479851623934781694290236468482915792900036051265
115295431991813000957906158479851623934781694290236468482915792900036051265
115295431991813000957906158479851623934781694290236468482915792900036051265
5170025991236464241778521882945
13
4
0
0
0
16777216
0
2
5
115295431991813000957906158479851623934781694290236468482915792900036051265
115295431991813000957906158479851623934781694290236468482915792900036051265
115295431991813000957906158479851623934781694290236468482915792900036051265
115295431991813000957906158479851623934781694290236468482915792900036051265
115295431991813000957906158479851623934781694290236468482915792900036051265
5170025977401410690095985541441
13
4
0
0
0
4278190080
0
2
5
115295431991813000957906158479851623934781694290236468482915792900036051265
115295431991813000957906158479851623934781694290236468482915792900036051265
115295431991813000957906158479851623934781694290236468482915792900036051265
115295431991813000957906158479851623934781694290236468482915792900036051265
115295431991813000957906158479851623934781694290236468482915792900036051265
5170025977400124349452417843521
13
4
0
0
0
65536
0
2
5
115295431991813000957906158479851623934781694290236468482915792900036051265
115295431991813000957906158479851623934781694290236468482915792900036051265
115295431991813000957906158479851623934781694290236468482915792900036051265
115295431991813000957906158479851623934781694290236468482915792900036051265
115295431991813000957906158479851623934781694290236468482915792900036051265
5170025977401406190894404682049
13
4
0
0
0
16711680
0
2
5
115295431991813000957906158479851623934781694290236468482915792900036051265
115295431991813000957906158479851623934781694290236468482915792900036051265
115295431991813000957906158479851623934781694290236468482915792900036051265
115295431991813000957906158479851623934781694290236468482915792900036051265
115295431991813000957906158479851623934781694290236468482915792900036051265
5170025977401410398725404180801
13
4
0
0
0
256
0
2
5
115295431991813000957906158479851623934781694290236468482915792900036051265
115295431991813000957906158479851623934781694290236468482915792900036051265
115295431991813000957906158479851623934781694290236468482915792900036051265
115295431991813000957906158479851623934781694290236468482915792900036051265
115295431991813000957906158479851623934781694290236468482915792900036051265
5170025977401406186500653138241
13
4
0
0
0
65280
0
2
5
115295431991813000957906158479851623934781694290236468482915792900036051265
115295431991813000957906158479851623934781694290236468482915792900036051265
115295431991813000957906158479851623934781694290236468482915792900036051265
115295431991813000957906158479851623934781694290236468482915792900036051265
115295431991813000957906158479851623934781694290236468482915792900036051265
5170025977401406189717583642945
13
4
0
0
0
1
0
2
5
115295431991813000957906158479851623934781694290236468482915792900036051265
115295431991813000957906158479851623934781694290236468482915792900036051265
115295431991813000957906158479851623934781694290236468482915792900036051265
115295431991813000957906158479851623934781694290236468482915792900036051265
115295431991813000957906158479851623934781694290236468482915792900036051265
5170025977401406186496359219521
13
4
0
0
0
255
0
2
5
115295431991813000957906158479851623934781694290236468482915792900036051265
115295431991813000957906158479851623934781694290236468482915792900036051265
115295431991813000957906158479851623934781694290236468482915792900036051265
115295431991813000957906158479851623934781694290236468482915792900036051265
115295431991813000957906158479851623934781694290236468482915792900036051265
5170025977401406186496059720001
13
4
0
0
0
0
256
2
5
115295431991813000957906158479851623934781694290236468482915792900036051265
115295431991813000957906158479851623934781694290236468482915792900036051265
115295431991813000957906158479851623934781694290236468482915792900036051265
115295431991813000957906158479851623934781694290236468482915792900036051265
115295431991813000957906158479851623934781694290236468482915792900036051265
5170025977401406186496358171969
13
4
0
0
0
0
65280
2
5
115295431991813000957906158479851623934781694290236468482915792900036051265
115295431991813000957906158479851623934781694290236468482915792900036051265
115295431991813000957906158479851623934781694290236468482915792900036051265
115295431991813000957906158479851623934781694290236468482915792900036051265
115295431991813000957906158479851623934781694290236468482915792900036051265
5170025977401406186496359151681
13
4
0
0
0
0
1
2
5
115295431991813000957906158479851623934781694290236468482915792900036051265
115295431991813000957906158479851623934781694290236468482915792900036051265
115295431991813000957906158479851623934781694290236468482915792900036051265
115295431991813000957906158479851623934781694290236468482915792900036051265
115295431991813000957906158479851623934781694290236468482915792900036051265
5170025977401406186496358170946
13
4
0
0
0
0
255
2
5
115295431991813000957906158479851623934781694290236468482915792900036051265
115295431991813000957906158479851623934781694290236468482915792900036051265
115295431991813000957906158479851623934781694290236468482915792900036051265
115295431991813000957906158479851623934781694290236468482915792900036051265
115295431991813000957906158479851623934781694290236468482915792900036051265
5170025977401406186496358171695
13
