64
4
0
87112285931760246646623899502532662132736
0
0
0
0
5
115295431991813000957906158479851623934781694290236468482915792900036051265
115295431991813000957906158479851623934781694290236468482915792900036116801
115295431991813000957906158479851623934781694290236468482915792900036051265
115295431991813000957906158479851623934781694290236468482915792900036051265
115295431991813000957906158479851623934781694290236468482915792900036051265
5170025977401406186496358169917
13
4
0
22213632912598862894889094373145828843847680
0
0
0
0
5
115295431991813000957906158479851623934781694290236468482915792900036051265
115295431991813000957906158479851623934781694290236468482915792900085203265
115295431991813000957906158479851623934781694290236468482915792900036051265
115295431991813000957906158479851623934781694290236468482915792900036051265
115295431991813000957906158479851623934781694290236468482915792900036051265
5170025977401406186496358169917
13
4
0
340282366920938463463374607431768211456
0
0
0
0
5
115295431991813000957906158479851623934781694290236468482915792900036051265
115295431991813000957906158479851623934781694290236468482915792900036051281
115295431991813000957906158479851623934781694290236468482915792900036051265
115295431991813000957906158479851623934781694290236468482915792900036051265
115295431991813000957906158479851623934781694290236468482915792900036051265
5170025977401406186496358169917
13
4
0
86772003564839308183160524895100893921280
0
0
0
0
5
115295431991813000957906158479851623934781694290236468482915792900036051265
115295431991813000957906158479851623934781694290236468482915792900036046711
115295431991813000957906158479851623934781694290236468482915792900036051265
115295431991813000957906158479851623934781694290236468482915792900036051265
115295431991813000957906158479851623934781694290236468482915792900036051265
5170025977401406186496358169917
13
4
0
1329227995784915872903807060280344576
0
0
0
0
5
115295431991813000957906158479851623934781694290236468482915792900036051265
115295431991813000957906158479851623934781694290236468482915792900036051265
122362820250926538276239348482823297998091629877738944315402217705206530369
115295431991813000957906158479851623934781694290236468482915792900036051265
115295431991813000957906158479851623934781694290236468482915792900036051265
5170025977401406186496358169917
13
4
0
338953138925153547590470800371487866880
0
0
0
0
5
115295431991813000957906158479851623934781694290236468482915792900036051265
115295431991813000957906158479851623934781694290236468482915792900036051280
99393808408807541991656480973165357292334339218355897859821337088402473281
115295431991813000957906158479851623934781694290236468482915792900036051265
115295431991813000957906158479851623934781694290236468482915792900036051265
5170025977401406186496358169917
13
4
0
5192296858534827628530496329220096
0
0
0
0
5
115295431991813000957906158479851623934781694290236468482915792900036051265
115295431991813000957906158479851623934781694290236468482915792900036051265
115302333738159791521693593235713900960234145399208638869470955424259850561
115295431991813000957906158479851623934781694290236468482915792900036051265
115295431991813000957906158479851623934781694290236468482915792900036051265
5170025977401406186496358169917
13
4
0
1324035698926381045275276563951124480
0
0
0
0
5
115295431991813000957906158479851623934781694290236468482915792900036051265
115295431991813000957906158479851623934781694290236468482915792900036051265
120471741751905923798482225376559393024120026019364258399287686067885523265
115295431991813000957906158479851623934781694290236468482915792900036051265
115295431991813000957906158479851623934781694290236468482915792900036051265
5170025977401406186496358169917
13
4
0
20282409603651670423947251286016
0
0
0
0
5
115295431991813000957906158479851623934781694290236468482915792900036051265
115295431991813000957906158479851623934781694290236468482915792900036051265
115295433676809667654821145646540066873508611392557994891701572969011691841
115295431991813000957906158479851623934781694290236468482915792900036051265
115295431991813000957906158479851623934781694290236468482915792900036051265
5170025977401406186496358169917
13
4
0
5172014448931175958106549077934080
0
0
0
0
5
115295431991813000957906158479851623934781694290236468482915792900036051265
115295431991813000957906158479851623934781694290236468482915792900036051265
115294952399636742348477936161153552499632914041972014382263140767844352321
115295431991813000957906158479851623934781694290236468482915792900036051265
115295431991813000957906158479851623934781694290236468482915792900036051265
5170025977401406186496358169917
13
4
0
79228162514264337593543950336
0
0
0
0
5
115295431991813000957906158479851623934781694290236468482915792900036051265
115295431991813000957906158479851623934781694290236468482915792900036051265
115295431993458505515227364522006593117339044795219204348549372763384660289
115295431991813000957906158479851623934781694290236468482915792900036051265
115295431991813000957906158479851623934781694290236468482915792900036051265
5170025977401406186496358169917
13
4
0
20203181441137406086353707335680
0
0
0
0
5
115295431991813000957906158479851623934781694290236468482915792900036051265
115295431991813000957906158479851623934781694290236468482915792900036051265
115295433567794990732291245353773358529084140437451743793476907022166344001
115295431991813000957906158479851623934781694290236468482915792900036051265
115295431991813000957906158479851623934781694290236468482915792900036051265
5170025977401406186496358169917
13
4
0
309485009821345068724781056
0
0
0
0
5
115295431991813000957906158479851623934781694290236468482915792900036051265
115295431991813000957906158479851623934781694290236468482915792900036051265
115295431991814607895950417470127165896874035452838990685909575692871352641
115295431991813000957906158479851623934781694290236468482915792900036051265
115295431991813000957906158479851623934781694290236468482915792900036051265
5170025977401406186496358169917
13
4
0
78918677504442992524819169280
0
0
0
0
5
115295431991813000957906158479851623934781694290236468482915792900036051265
115295431991813000957906158479851623934781694290236468482915792900036051265
115295431993018204491100401186508095504037566242128120728252887526512083265
115295431991813000957906158479851623934781694290236468482915792900036051265
115295431991813000957906158479851623934781694290236468482915792900036051265
5170025977401406186496358169917
13
4
0
1208925819614629174706176
0
0
0
0
5
115295431991813000957906158479851623934781694290236468482915792900036051265
115295431991813000957906158479851623934781694290236468482915792900036051265
115295431991813001350225016941519171674518533240715619489313008179038208321
115295431991813000957906158479851623934781694290236468482915792900036051265
115295431991813000957906158479851623934781694290236468482915792900036051265
5170025977401406186496358169917
13
4
0
308276084001730439550074880
0
0
0
0
5
115295431991813000957906158479851623934781694290236468482915792900036051265
115295431991813000957906158479851623934781694290236468482915792900036051265
115295431991812889294151068827725848512183908010108113287108394114047099201
115295431991813000957906158479851623934781694290236468482915792900036051265
115295431991813000957906158479851623934781694290236468482915792900036051265
5170025977401406186496358169917
13
4
0
4722366482869645213696
0
0
0
0
5
115295431991813000957906158479851623934781694290236468482915792900036051265
115295431991813000957906158479851623934781694290236468482915792900036051265
115295431991813000958289282365068096149371281047024045778820477680581951809
115295431991813000957906158479851623934781694290236468482915792900036051265
115295431991813000957906158479851623934781694290236468482915792900036051265
5170025977401406186496358169917
13
4
0
1204203453131759529492480
0
0
0
0
5
115295431991813000957906158479851623934781694290236468482915792900036051265
115295431991813000957906158479851623934781694290236468482915792900036051265
115295431991813001324843059545927887457958410603538623635627641467872297281
115295431991813000957906158479851623934781694290236468482915792900036051265
115295431991813000957906158479851623934781694290236468482915792900036051265
5170025977401406186496358169917
13
4
0
18446744073709551616
0
0
0
0
5
115295431991813000957906158479851623934781694290236468482915792900036051265
115295431991813000957906158479851623934781694290236468482915792900036051265
115295431991813000957906532624270780645928754433553643851368824818767053121
115295431991813000957906158479851623934781694290236468482915792900036051265
115295431991813000957906158479851623934781694290236468482915792900036051265
5170025977401406186496358169917
13
4
0
4703919738795935662080
0
0
0
0
5
115295431991813000957906158479851623934781694290236468482915792900036051265
115295431991813000957906158479851623934781694290236468482915792900036051265
115295431991813000958186766794219157295076801778117994822689731948287443265
115295431991813000957906158479851623934781694290236468482915792900036051265
115295431991813000957906158479851623934781694290236468482915792900036051265
5170025977401406186496358169917
13
4
0
72057594037927936
0
0
0
0
5
115295431991813000957906158479851623934781694290236468482915792900036051265
115295431991813000957906158479851623934781694290236468482915792900036051265
115295431991813000957906158571195476267963126677966770527683481628531835201
115295431991813000957906158479851623934781694290236468482915792900036051265
115295431991813000957906158479851623934781694290236468482915792900036051265
5170025977401406186496358169917
13
4
0
18374686479671623680
0
0
0
0
5
115295431991813000957906158479851623934781694290236468482915792900036051265
115295431991813000957906158479851623934781694290236468482915792900036051265
115295431991813000957906132481107653603016500932499248990912388551923548481
115295431991813000957906158479851623934781694290236468482915792900036051265
115295431991813000957906158479851623934781694290236468482915792900036051265
5170025977401406186496358169917
13
4
0
281474976710656
0
0
0
0
5
115295431991813000957906158479851623934781694290236468482915792900036051265
115295431991813000957906158479851623934781694290236468482915792900036051265
115295431991813000957906158479940826915575816782802611356006386346059972929
115295431991813000957906158479851623934781694290236468482915792900036051265
115295431991813000957906158479851623934781694290236468482915792900036051265
5170025977401406186496358169917
13
4
0
71776119061217280
0
0
0
0
5
115295431991813000957906158479851623934781694290236468482915792900036051265
115295431991813000957906158479851623934781694290236468482915792900036051265
115295431991813000957906158565285778790352511545459805185431665829447024961
115295431991813000957906158479851623934781694290236468482915792900036051265
115295431991813000957906158479851623934781694290236468482915792900036051265
5170025977401406186496358169917
13
4
0
1099511627776
0
0
0
0
5
115295431991813000957906158479851623934781694290236468482915792900036051265
115295431991813000957906158479851623934781694290236468482915792900036051265
115295431991813000957906158479851711047067626050483115106815295432698184001
115295431991813000957906158479851623934781694290236468482915792900036051265
115295431991813000957906158479851623934781694290236468482915792900036051265
5170025977401406186496358169917
13
4
0
280375465082880
0
0
0
0
5
115295431991813000957906158479851623934781694290236468482915792900036051265
115295431991813000957906158479851623934781694290236468482915792900036051265
115295431991813000957906158479916958149230514475221436407542692396635603265
115295431991813000957906158479851623934781694290236468482915792900036051265
115295431991813000957906158479851623934781694290236468482915792900036051265
5170025977401406186496358169917
13
4
0
4294967296
0
0
0
0
5
115295431991813000957906158479851623934781694290236468482915792900036051265
115295431991813000957906158479851623934781694290236468482915792900036051265
115295431991813000957906158479851623956049342222795122449376705864521564481
115295431991813000957906158479851623934781694290236468482915792900036051265
115295431991813000957906158479851623934781694290236468482915792900036051265
5170025977401406186496358169917
13
4
0
1095216660480
0
0
0
0
5
115295431991813000957906158479851623934781694290236468482915792900036051265
115295431991813000957906158479851623934781694290236468482915792900036051265
115295431991813000957906158479851617881477401485729583278978440383346852161
115295431991813000957906158479851623934781694290236468482915792900036051265
115295431991813000957906158479851623934781694290236468482915792900036051265
5170025977401406186496358169917
13
4
0
16777216
0
0
0
0
5
115295431991813000957906158479851623934781694290236468482915792900036051265
115295431991813000957906158479851623934781694290236468482915792900036051265
115295431991813000957906158479851623934802463477670607793429914885352931649
115295431991813000957906158479851623934781694290236468482915792900036051265
115295431991813000957906158479851623934781694290236468482915792900036051265
5170025977401406186496358169917
13
4
0
4278190080
0
0
0
0
5
115295431991813000957906158479851623934781694290236468482915792900036051265
115295431991813000957906158479851623934781694290236468482915792900036051265
115295431991813000957906158479851623954673383555283393127816124337278239041
115295431991813000957906158479851623934781694290236468482915792900036051265
115295431991813000957906158479851623934781694290236468482915792900036051265
5170025977401406186496358169917
13
4
0
65536
0
0
0
0
5
115295431991813000957906158479851623934781694290236468482915792900036051265
115295431991813000957906158479851623934781694290236468482915792900036051265
115295431991813000957906158479851623934781714572646072134586216847287337281
115295431991813000957906158479851623934781694290236468482915792900036051265
115295431991813000957906158479851623934781694290236468482915792900036051265
5170025977401406186496358169917
13
4
0
16711680
0
0
0
0
5
115295431991813000957906158479851623934781694290236468482915792900036051265
115295431991813000957906158479851623934781694290236468482915792900036051265
115295431991813000957906158479851623934796906097439207235733753338500563265
115295431991813000957906158479851623934781694290236468482915792900036051265
115295431991813000957906158479851623934781694290236468482915792900036051265
5170025977401406186496358169917
13
4
0
256
0
0
0
0
5
115295431991813000957906158479851623934781694290236468482915792900036051265
115295431991813000957906158479851623934781694290236468482915792900036051265
115295431991813000957906158479851623934781694295188228640057313999632548161
115295431991813000957906158479851623934781694290236468482915792900036051265
115295431991813000957906158479851623934781694290236468482915792900036051265
5170025977401406186496358169917
13
4
0
65280
0
0
0
0
5
115295431991813000957906158479851623934781694290236468482915792900036051265
115295431991813000957906158479851623934781694290236468482915792900036051265
115295431991813000957906158479851623934781692880841733756510349927383122241
115295431991813000957906158479851623934781694290236468482915792900036051265
115295431991813000957906158479851623934781694290236468482915792900036051265
5170025977401406186496358169917
13
4
0
1
0
0
0
0
5
115295431991813000957906158479851623934781694290236468482915792900036051265
115295431991813000957906158479851623934781694290236468482915792900036051265
115295431991813000957906158479851623934781694290241304186194251416734875969
115295431991813000957906158479851623934781694290236468482915792900036051265
115295431991813000957906158479851623934781694290236468482915792900036051265
5170025977401406186496358169917
13
4
0
255
0
0
0
0
5
115295431991813000957906158479851623934781694290236468482915792900036051265
115295431991813000957906158479851623934781694290236468482915792900036051265
115295431991813000957906158479851623934781694294867863297859437268335411521
115295431991813000957906158479851623934781694290236468482915792900036051265
115295431991813000957906158479851623934781694290236468482915792900036051265
5170025977401406186496358169917
13
4
0
0
1766847064778384329583297500742918515827483896875618958121606201292619776
0
0
0
5
115295431991813000957906158479851623934781694290236468482915792900036051265
115295431991813000957906158479851623934781694290236468482915792900036051265
115295431991813000957906158479851623934781694290236473205282275769681264961
115295431991813000957906158479851623934781694290236468482915792900036051265
115295431991813000957906158479851623934781694290236468482915792900036051265
5170025977401406186496358169917
13
4
0
0
450546001518488004043740862689444221536008393703282834321009581329618042880
0
0
0
5
115295431991813000957906158479851623934781694290236468482915792900036051265
115295431991813000957906158479851623934781694290236468482915792900036051265
115295431991813000957906158479851623934781694290240010257777945133946323265
115295431991813000957906158479851623934781694290236468482915792900036051265
115295431991813000957906158479851623934781694290236468482915792900036051265
5170025977401406186496358169917
13
4
0
0
6901746346790563787434755862277025452451108972170386555162524223799296
0
0
0
5
115295431991813000957906158479851623934781694290236468482915792900036051265
115295431991813000957906158479851623934781694290236468482915792900036051265
115295431991813000957906158479851623934781694290236468484068714404642898241
115295431991813000957906158479851623934781694290236468482915792900036051265
115295431991813000957906158479851623934781694290236468482915792900036051265
5170025977401406186496358169917
13
4
0
0
1759945318431593765795862744880641490375032787903448571566443677068820480
0
0
0
5
115295431991813000957906158479851623934781694290236468482915792900036051265
115295431991813000957906158479851623934781694290236468482915792900036051265
115295431991813000957906158479851623934781694290236468154765509651312230721
115295431991813000957906158479851623934781694290236468482915792900036051265
115295431991813000957906158479851623934781694290236468482915792900036051265
5170025977401406186496358169917
13
4
0
0
26959946667150639794667015087019630673637144422540572481103610249216
0
0
0
5
115295431991813000957906158479851623934781694290236468482915792900036051265
115295431991813000957906158479851623934781694290236468482915792900036051265
115295431991813000957906158479851623934781694290236468482916918799942893889
115295431991813000957906158479851623934781694290236468482915792900036051265
115295431991813000957906158479851623934781694290236468482915792900036051265
5170025977401406186496358169917
13
4
0
0
6874786400123413147640088847190005821777471827747845982681420613550080
0
0
0
5
115295431991813000957906158479851623934781694290236468482915792900036051265
115295431991813000957906158479851623934781694290236468482915792900036051265
115295431991813000957906158479851623934781694290236468483994123535814574401
115295431991813000957906158479851623934781694290236468482915792900036051265
115295431991813000957906158479851623934781694290236468482915792900036051265
5170025977401406186496358169917
13
4
0
0
105312291668557186697918027683670432318895095400549111254310977536
0
0
0
5
115295431991813000957906158479851623934781694290236468482915792900036051265
115295431991813000957906158479851623934781694290236468482915792900036051265
115295431991813000957906158479851623934781694290236468482915793999547679041
115295431991813000957906158479851623934781694290236468482915792900036051265
115295431991813000957906158479851623934781694290236468482915792900036051265
5170025977401406186496358169917
13
4
0
0
26854634375482082607969097059335960241318249327140023369849299271680
0
0
0
5
115295431991813000957906158479851623934781694290236468482915792900036051265
115295431991813000957906158479851623934781694290236468482915792900036051265
115295431991813000957906158479851623934781694290236468482916617533756883265
115295431991813000957906158479851623934781694290236468482915792900036051265
115295431991813000957906158479851623934781694290236468482915792900036051265
5170025977401406186496358169917
13
4
0
0
411376139330301510538742295639337626245683966408394965837152256
0
0
0
5
115295431991813000957906158479851623934781694290236468482915792900036051265
115295431991813000957906158479851623934781694290236468482915792900036051265
115295431991813000957906158479851623934781694290236468482915792900304486721
115295431991813000957906158479851623934781694290236468482915792900036051265
115295431991813000957906158479851623934781694290236468482915792900036051265
5170025977401406186496358169917
13
4
0
0
104900915529226885187379285388031094692649411434140716288473825280
0
0
0
5
115295431991813000957906158479851623934781694290236468482915792900036051265
115295431991813000957906158479851623934781694290236468482915792900036051265
115295431991813000957906158479851623934781694290236468482915792823632609601
115295431991813000957906158479851623934781694290236468482915792900036051265
115295431991813000957906158479851623934781694290236468482915792900036051265
5170025977401406186496358169917
13
4
0
0
1606938044258990275541962092341162602522202993782792835301376
0
0
0
5
115295431991813000957906158479851623934781694290236468482915792900036051265
115295431991813000957906158479851623934781694290236468482915792900036051265
115295431991813000957906158479851623934781694290236468482915792900036313409
115295431991813000957906158479851623934781694290236468482915792900036051265
115295431991813000957906158479851623934781694290236468482915792900036051265
5170025977401406186496358169917
13
4
0
0
409769201286042520263200333546996463643161763414612173001850880
0
0
0
5
115295431991813000957906158479851623934781694290236468482915792900036051265
115295431991813000957906158479851623934781694290236468482915792900036051265
115295431991813000957906158479851623934781694290236468482915792900287119681
115295431991813000957906158479851623934781694290236468482915792900036051265
115295431991813000957906158479851623934781694290236468482915792900036051265
5170025977401406186496358169917
13
4
0
0
6277101735386680763835789423207666416102355444464034512896
0
0
0
5
115295431991813000957906158479851623934781694290236468482915792900036051265
115295431991813000957906158479851623934781694290236468482915792900036051265
115295431991813000957906158479851623934781694290236468482915792900036051521
115295431991813000957906158479851623934781694290236468482915792900036051265
115295431991813000957906158479851623934781694290236468482915792900036051265
5170025977401406186496358169917
13
4
0
0
1600660942523603594778126302917954936106100638338328800788480
0
0
0
5
115295431991813000957906158479851623934781694290236468482915792900036051265
115295431991813000957906158479851623934781694290236468482915792900036051265
115295431991813000957906158479851623934781694290236468482915792900036243265
115295431991813000957906158479851623934781694290236468482915792900036051265
115295431991813000957906158479851623934781694290236468482915792900036051265
5170025977401406186496358169917
13
4
0
0
24519928653854221733733552434404946937899825954937634816
0
0
0
5
115295431991813000957906158479851623934781694290236468482915792900036051265
115295431991813000957906158479851623934781694290236468482915792900036051265
115295431991813000957906158479851623934781694290236468482915792900036051265
143564985028267150231238918491738320188021436640246371812861492120717967681
115295431991813000957906158479851623934781694290236468482915792900036051265
5170025977401406186496358169917
13
4
0
0
6252581806732826542102055870773261469164455618509096878080
0
0
0
5
115295431991813000957906158479851623934781694290236468482915792900036051265
115295431991813000957906158479851623934781694290236468482915792900036051265
115295431991813000957906158479851623934781694290236468482915792900036051247
210705173489845754755404223519969223789465824721519892221482527769837519169
115295431991813000957906158479851623934781694290236468482915792900036051265
5170025977401406186496358169917
13
4
0
0
95780971304118053647396689196894323976171195136475136
0
0
0
5
115295431991813000957906158479851623934781694290236468482915792900036051265
115295431991813000957906158479851623934781694290236468482915792900036051265
115295431991813000957906158479851623934781694290236468482915792900036051265
115323038977200163213055897503300732036591498726125150029136442996931248449
115295431991813000957906158479851623934781694290236468482915792900036051265
5170025977401406186496358169917
13
4
0
0
24424147682550103680086155745208052613923654759801159680
0
0
0
5
115295431991813000957906158479851623934781694290236468482915792900036051265
115295431991813000957906158479851623934781694290236468482915792900036051265
115295431991813000957906158479851623934781694290236468482915792900036051265
141736022246367650827568708188234908443121892762621219375743423201411154241
115295431991813000957906158479851623934781694290236468482915792900036051265
5170025977401406186496358169917
13
4
0
0
374144419156711147060143317175368453031918731001856
0
0
0
5
115295431991813000957906158479851623934781694290236468482915792900036051265
115295431991813000957906158479851623934781694290236468482915792900036051265
115295431991813000957906158479851623934781694290236468482915792900036051265
115295458951759668108545953146866710954412367927380891023488274003646300481
115295431991813000957906158479851623934781694290236468482915792900036051265
5170025977401406186496358169917
13
4
0
0
95406826884961342500336545879718955523139276405473280
0
0
0
5
115295431991813000957906158479851623934781694290236468482915792900036051265
115295431991813000957906158479851623934781694290236468482915792900036051265
115295431991813000957906158479851623934781694290236468482915792900036051265
115315651951813363937752158741166888657786922148553373912276620607722963265
115295431991813000957906158479851623934781694290236468482915792900036051265
5170025977401406186496358169917
13
4
0
0
1461501637330902918203684832716283019655932542976
0
0
0
5
115295431991813000957906158479851623934781694290236468482915792900036051265
115295431991813000957906158479851623934781694290236468482915792900036051265
115295431991813000957906158479851623934781694290236468482915792900036051265
115295431998395019187190982648471500665011096310167411945450112353430487361
115295431991813000957906158479851623934781694290236468482915792900036051265
5170025977401406186496358169917
13
4
0
0
372682917519380244141939632342652170012262798458880
0
0
0
5
115295431991813000957906158479851623934781694290236468482915792900036051265
115295431991813000957906158479851623934781694290236468482915792900036051265
115295431991813000957906158479851623934781694290236468482915792900036051265
115295430118406062447713079486419209593238144367391685459085118477644677441
115295431991813000957906158479851623934781694290236468482915792900036051265
5170025977401406186496358169917
13
4
0
0
5708990770823839524233143877797980545530986496
0
0
0
5
115295431991813000957906158479851623934781694290236468482915792900036051265
115295431991813000957906158479851623934781694290236468482915792900036051265
115295431991813000957906158479851623934781694290236468482915792900036051265
115295431991819428710083194440953791783151058940646557294890924071377256769
115295431991813000957906158479851623934781694290236468482915792900036051265
5170025977401406186496358169917
13
4
0
0
1455792646560079078679451688838485039110401556480
0
0
0
5
115295431991813000957906158479851623934781694290236468482915792900036051265
115295431991813000957906158479851623934781694290236468482915792900036051265
115295431991813000957906158479851623934781694290236468482915792900036051265
115295431997969180605462350225452880710540688220499028152097672252075622721
115295431991813000957906158479851623934781694290236468482915792900036051265
5170025977401406186496358169917
13
4
0
0
22300745198530623141535718272648361505980416
0
0
0
5
115295431991813000957906158479851623934781694290236468482915792900036051265
115295431991813000957906158479851623934781694290236468482915792900036051265
115295431991813000957906158479851623934781694290236468482915792900036051265
115295431991813007235007893866532387770571117497902884585271237364070564161
115295431991813000957906158479851623934781694290236468482915792900036051265
5170025977401406186496358169917
13
4
0
0
5686690025625308901091608159525332184025006080
0
0
0
5
115295431991813000957906158479851623934781694290236468482915792900036051265
115295431991813000957906158479851623934781694290236468482915792900036051265
115295431991813000957906158479851623934781694290236468482915792900036051265
115295431991817708784207698490424500776849100040048545249499140925920723265
115295431991813000957906158479851623934781694290236468482915792900036051265
5170025977401406186496358169917
13
4
0
0
87112285931760246646623899502532662132736
0
0
0
5
115295431991813000957906158479851623934781694290236468482915792900036051265
115295431991813000957906158479851623934781694290236468482915792900036051265
115295431991813000957906158479851623934781694290236468482915792900036051265
115295431991813000959438654020717512793140041317386777666534532022219653441
115295431991813000957906158479851623934781694290236468482915792900036051265
5170025977401406186496358169917
13
4
0
0
22213632912598862894889094373145828843847680
0
0
0
5
115295431991813000957906158479851623934781694290236468482915792900036051265
115295431991813000957906158479851623934781694290236468482915792900036051265
115295431991813000957906158479851623934781694290236468482915792900036051265
115295431991813000521719615160898007624537171687579717095432170248528281921
115295431991813000957906158479851623934781694290236468482915792900036051265
5170025977401406186496358169917
13
