64
1
0
16777216
18
2
115295431991813000957906158479851623934781694290236468482915792900036051265
115295431991813000957906158479851623934781694290236468482915792900036051281
71748523474237
6
1
0
4278190080
18
2
115295431991813000957906158479851623934781694290236468482915792900036051265
115295431991813000957906158479851623934781694290236468482915792900036046711
71748523474237
6
1
0
65536
18
2
115295431991813000957906158479851623934781694290236468482915792900036051265
115295431991813000957906158479851623934781694290236468482915792900036051265
76146569985341
6
1
0
16711680
18
2
115295431991813000957906158479851623934781694290236468482915792900036051265
115295431991813000957906158479851623934781694290236468482915792900036051280
61852918824253
6
1
0
256
18
2
115295431991813000957906158479851623934781694290236468482915792900036051265
115295431991813000957906158479851623934781694290236468482915792900036051265
71752818441533
6
1
0
65280
18
2
115295431991813000957906158479851623934781694290236468482915792900036051265
115295431991813000957906158479851623934781694290236468482915792900036051265
74969748946237
6
1
0
1
18
2
115295431991813000957906158479851623934781694290236468482915792900036051265
115295431991813000957906158479851623934781694290236468482915792900036051265
71748524522813
6
1
0
255
18
2
115295431991813000957906158479851623934781694290236468482915792900036051265
115295431991813000957906158479851623934781694290236468482915792900036051265
71748225023293
6
1
1766847064778384329583297500742918515827483896875618958121606201292619776
0
30
2
115405859933361649978505114573648056342020912033791194667798393287616840001
115295431991813000957906158479851623934781694290236468482915792900036051265
24414757391245778380708959991365219837063245819100477
22
1
450546001518488004043740862689444221536008393703282834321009581329618042880
0
30
2
83864879128528773469928280283042050024319344030972528110705657584854057281
115295431991813000957906158479851623934781694290236468482915792900036051265
24414757391245778380708959991365219837063245819100477
22
1
6901746346790563787434755862277025452451108972170386555162524223799296
0
30
2
115295539831599669560465337147911972013304388838814158645205717314477048129
115295431991813000957906158479851623934781694290236468482915792900036051265
24414757391245778380708959991365219837063245819100477
22
1
1759945318431593765795862744880641490375032787903448571566443677068820480
0
30
2
115398715547494855058959527814649996139892398190519221416090900830900797761
115295431991813000957906158479851623934781694290236468482915792900036051265
24414757391245778380708959991365219837063245819100477
22
1
26959946667150639794667015087019630673637144422540572481103610249216
0
30
2
115295432097125292626463345177769651618452126609131563883464904154347028801
115295431991813000957906158479851623934781694290236468482915792900036051265
24414757391245778380708959991365219837063245819100477
22
1
6874786400123413147640088847190005821777471827747845982681420613550080
0
30
2
115295510976031752375796181918372386687605933461558018894749233633269203265
115295431991813000957906158479851623934781694290236468482915792900036051265
24414757391245778380708959991365219837063245819100477
22
1
105312291668557186697918027683670432318895095400549111254310977536
0
30
2
115295431991838711966614302324260295328259152891876823730816317585400873281
115295431991813000957906158479851623934781694290236468482915792900036051265
24414757391245778380708959991365219837063245819100477
22
1
26854634375482082607969097059335960241318249327140023369849299271680
0
30
2
115295431984495005104350716765033528566260039798350356049228954328073584961
115295431991813000957906158479851623934781694290236468482915792900036051265
24414757391245778380708959991365219837063245819100477
22
1
411376139330301510538742295639337626245683966408394965837152256
0
30
2
115295431991813026066313100026574679277939387120902132892337570756174102849
115295431991813000957906158479851623934781694290236468482915792900036051265
24414757391245778380708959991365219837063245819100477
22
1
104900915529226885187379285388031094692649411434140716288473825280
0
30
2
115295431991837048534654424853857878844062002860276556606623534616254955841
115295431991813000957906158479851623934781694290236468482915792900036051265
24414757391245778380708959991365219837063245819100477
22
1
1606938044258990275541962092341162602522202993782792835301376
0
30
2
115295431991813000982426087133705845668515246724641415420815618854973686081
115295431991813000957906158479851623934781694290236468482915792900036051265
24414757391245778380708959991365219837063245819100477
22
1
409769201286042520263200333546996463643161763414612173001850880
0
30
2
115295431991813019347852648870517924234946020093946671907785259103262163265
115295431991813000957906158479851623934781694290236468482915792900036051265
24414757391245778380708959991365219837063245819100477
22
1
6277101735386680763835789423207666416102355444464034512896
0
30
2
115295431991813000957912144790558131313134656583311274378164303599732080961
115295431991813000957906158479851623934781694290236468482915792900036051265
24414757391245778380708959991365219837063245819100477
22
1
1600660942523603594778126302917954936106100638338328800788480
0
30
2
115295431991813000956202304795011961371069801623819840547808434999053599041
115295431991813000957906158479851623934781694290236468482915792900036051265
24414757391245778380708959991365219837063245819100477
22
1
24519928653854221733733552434404946937899825954937634816
0
30
2
115295431991813000957906164325858173258393367104975799348047871523766223169
115295431991813000957906158479851623934781694290236468482915792900036051265
24414757391245778380708959991365219837063245819100477
22
1
6252581806732826542102055870773261469164455618509096878080
0
30
2
115295431991813000957911757492624238623861332606830604563164094777608192321
115295431991813000957906158479851623934781694290236468482915792900036051265
24414757391245778380708959991365219837063245819100477
22
1
95780971304118053647396689196894323976171195136475136
0
30
2
115295431991813000957906158485560614705605533814469612360713773445567037761
115295431991813000957906158479851623934781694290236468482915792900036051265
24414757391245778380708959991365219837063245819100477
22
1
24424147682550103680086155745208052613923654759801159680
0
30
2
115295431991813000957906162761594702052661337465094376831401202048275923265
115295431991813000957906158479851623934781694290236468482915792900036051265
24414757391245778380708959991365219837063245819100477
22
1
374144419156711147060143317175368453031918731001856
0
30
2
115295431991813000957906158479853017731356602454182814465307833422630175041
115295431991813000957906158479851623934781694290236468482915792900036051265
24414757391245778380708959991365219837063245819100477
22
1
95406826884961342500336545879718955523139276405473280
0
30
2
115295431991813000957906158479454914584648458127007743244581259156683571521
115295431991813000957906158479851623934781694290236468482915792900036051265
24414757391245778380708959991365219837063245819100477
22
1
1461501637330902918203684832716283019655932542976
0
30
2
115295431991813000957906158479851625295911161973990322336414222627108897089
115295431991813000957906158479851623934781694290236468482915792900036051265
24414757391245778380708959991365219837063245819100477
22
1
372682917519380244141939632342652170012262798458880
0
30
2
115295431991813000957906158479852927556529368405489996671036864004054139201
115295431991813000957906158479851623934781694290236468482915792900036051265
24414757391245778380708959991365219837063245819100477
22
1
5708990770823839524233143877797980545530986496
0
30
2
115295431991813000957906158479851623936110922286021384355819599960316395841
115295431991813000957906158479851623934781694290236468482915792900036051265
24414757391245778380708959991365219837063245819100477
22
1
1455792646560079078679451688838485039110401556480
0
30
2
115295431991813000957906158479851624931702691128923373160771088110294483265
115295431991813000957906158479851623934781694290236468482915792900036051265
24414757391245778380708959991365219837063245819100477
22
1
22300745198530623141535718272648361505980416
0
30
2
115295431991813000957906158479851623934782018808790126909642576056056627521
115295431991813000957906158479851623934781694290236468482915792900036051265
24414757391245778380708959991365219837063245819100477
22
1
5686690025625308901091608159525332184025006080
0
30
2
115295431991813000957906158479851623934689328196901438775805137117679534401
115295431991813000957906158479851623934781694290236468482915792900036051265
24414757391245778380708959991365219837063245819100477
22
1
87112285931760246646623899502532662132736
0
30
2
115295431991813000957906158479851623934781694607149118539973143274211852609
115295431991813000957906158479851623934781694290236468482915792900036051265
24414757391245778380708959991365219837063245819100477
22
1
22213632912598862894889094373145828843847680
0
30
2
115295431991813000957906158479851623934781997813327060629593113766909788481
115295431991813000957906158479851623934781694290236468482915792900036051265
24414757391245778380708959991365219837063245819100477
22
1
340282366920938463463374607431768211456
0
30
2
115295431991813000957906158479851623934781694290545953492737137968760832321
115295431991813000957906158479851623934781694290236468482915792900036051265
24414757391245778380708959991365219837063245819100477
22
1
86772003564839308183160524895100893921280
0
30
2
115295431991813000957906158479851623934781694522350225848924594443621843265
115295431991813000957906158479851623934781694290236468482915792900036051265
24414757391245778380708959991365219837063245819100477
22
1
1329227995784915872903807060280344576
0
30
2
115295431991813000957906158479851623934781694290236544040779518814359470401
115295431991813000957906158479851623934781694290236468482915792900036051265
24414757391245778380708959991365219837063245819100477
22
1
338953138925153547590470800371487866880
0
30
2
115295431991813000957906158479851623934781694290214962825952804535732879681
115295431991813000957906158479851623934781694290236468482915792900036051265
24414757391245778380708959991365219837063245819100477
22
1
5192296858534827628530496329220096
0
30
2
115295431991813000957906158479851623934781694290236468556702769194874257729
115295431991813000957906158479851623934781694290236468482915792900036051265
24414757391245778380708959991365219837063245819100477
22
1
1324035698926381045275276563951124480
0
30
2
115295431991813000957906158479851623934781694290236539152392339281328292161
115295431991813000957906158479851623934781694290236468482915792900036051265
24414757391245778380708959991365219837063245819100477
22
1
20282409603651670423947251286016
0
30
2
115295431991813000957906158479851623934781694290236468482987850494073979201
115295431991813000957906158479851623934781694290236468482915792900036051265
24414757391245778380708959991365219837063245819100477
22
1
5172014448931175958106549077934080
0
30
2
115295431991813000957906158479851623934781694290236468536958988428482003265
115295431991813000957906158479851623934781694290236468482915792900036051265
24414757391245778380708959991365219837063245819100477
22
1
79228162514264337593543950336
0
30
2
115295431991813000957906158479851623934781694290236468482915810492222095681
115295431991813000957906158479851623934781694290236468482915792900036051265
24414757391245778380708959991365219837063245819100477
22
1
20203181441137406086353707335680
0
30
2
115295431991813000957906158479851623934781694290236468482910785724083159361
115295431991813000957906158479851623934781694290236468482915792900036051265
24414757391245778380708959991365219837063245819100477
22
1
309485009821345068724781056
0
30
2
115295431991813000957906158479851623934781694290236468482915792917215920449
115295431991813000957906158479851623934781694290236468482915792900036051265
24414757391245778380708959991365219837063245819100477
22
1
78918677504442992524819169280
0
30
2
115295431991813000957906158479851623934781694290236468482915809354055762241
115295431991813000957906158479851623934781694290236468482915792900036051265
24414757391245778380708959991365219837063245819100477
22
1
1208925819614629174706176
0
30
2
115295431991813000957906158479851623934781694290236468482915792900052828481
115295431991813000957906158479851623934781694290236468482915792900036051265
24414757391245778380708959991365219837063245819100477
22
1
308276084001730439550074880
0
30
2
115295431991813000957906158479851623934781694290236468482915792912618963265
115295431991813000957906158479851623934781694290236468482915792900036051265
24414757391245778380708959991365219837063245819100477
22
1
4722366482869645213696
0
30
2
115295431991813000957906158479851623934781694290236468482915792900036055361
115295431991813000957906158479851623934781694290236468482915792900036051265
24414757391245778380708959991365219837063245819100477
22
1
1204203453131759529492480
0
30
2
115295431991813000957906158479851623934781694290236468482915792900034885441
115295431991813000957906158479851623934781694290236468482915792900036051265
24414757391245778380708959991365219837063245819100477
22
1
18446744073709551616
0
30
2
115295431991813000957906158479851623934781694290236468482915792900036051269
115295431991813000957906158479851623934781694290236468482915792900036051265
24414757391245778380708959991365219837063245819100477
22
1
4703919738795935662080
0
30
2
115295431991813000957906158479851623934781694290236468482915792900036055096
115295431991813000957906158479851623934781694290236468482915792900036051265
24414757391245778380708959991365219837063245819100477
22
1
72057594037927936
0
30
2
115295431991813000957906158479851623934781694290236468482915792900036051265
117062279056591385287489455980594542450609178187112087441037399101328671041
24414757391245778380708959991365219837063245819100477
22
1
18374686479671623680
0
30
2
115295431991813000957906158479851623934781694290236468482915792900036051268
83492184825802083025406803466479090649886984146475327236726881276768895297
24414757391245778380708959991365219837063245819100477
22
1
281474976710656
0
30
2
115295431991813000957906158479851623934781694290236468482915792900036051265
115295863350959675368142873152093016248872472484547229132075490557800038721
24414757391245778380708959991365219837063245819100477
22
1
71776119061217280
0
30
2
115295431991813000957906158479851623934781694290236468482915792900036051265
115172656394690796944281244893145336536693950734536218715836847058961121601
24414757391245778380708959991365219837063245819100477
22
1
1099511627776
0
30
2
115295431991813000957906158479851623934781694290236468482915792900036051265
115295432413062167632134905271523734669463423565816850085112237917279961409
24414757391245778380708959991365219837063245819100477
22
1
280375465082880
0
30
2
115295431991813000957906158479851623934781694290236468482915792900036051265
115295835443202383200488398203815680076207907977346947986561008165390991681
24414757391245778380708959991365219837063245819100477
22
1
4294967296
0
30
2
115295431991813000957906158479851623934781694290236468482915792900036051265
115295431992224377097236459990390366230421031916482152449324187865873203521
24414757391245778380708959991365219837063245819100477
22
1
1095216660480
0
30
2
115295431991813000957906158479851623934781694290236468482915792900036051265
115295432300345105455632291383908345664284913974499443289212017277900243265
24414757391245778380708959991365219837063245819100477
22
1
16777216
0
30
2
115295431991813000957906158479851623934781694290236468482915792900036051265
115295431991813101391533924666743845307412465612899126120602904324588257601
24414757391245778380708959991365219837063245819100477
22
1
4278190080
0
30
2
115295431991813000957906158479851623934781694290236468482915792900036051265
115295431991784415036603207535653115749748406577377538356221703686864322881
24414757391245778380708959991365219837063245819100477
22
